"x";"y";"vx";"vy";"t"
-5.34785333333333;49.0492383333333;-9.34312325066965;-5.61391482004816;0
-5.38270666666667;49.0359816666667;-9.2574070110745;-5.56241130726431;526
-5.41563333333333;49.02343;-9.17168995402091;-5.51090730330187;1029
-5.4436;49.0127766666667;-9.44589300392595;-5.23594399113053;1457
-5.44705;49.0115033333333;-9.35307452605317;-5.40000009536744;1508
-5.45097833333333;49.0100316666667;-9.4396765708879;-5.44999980926514;1571
-5.45158666666667;49.009815;-9.4396765708879;-5.44999980926514;1579
-5.45901666666667;49.00699;-9.4396765708879;-5.44999980926514;1688
-5.46549333333333;49.0044916666667;-9.2574070110745;-5.56241130726431;1786
-5.48292833333333;48.99778;-9.17986961047752;-5.30000019073487;2057
-5.48363666666667;48.99751;-9.17986961047752;-5.30000019073487;2069
-5.48292833333333;48.99778;-9.17986961047752;-5.30000019073487;2082
-5.786135;48.88169;-6.3190577430965;-8.38567285549658;6693
-5.78673333333333;48.88115;-5.96519471924883;-8.51918094812381;6713
-5.79416166666667;48.8697783333333;-5.1641871906448;-9.7124235214482;6960
-5.854285;48.7891283333333;-6.09407153868186;-9.7525531057989;8667
-5.85461833333333;48.7887016666667;-5.92293786146562;-9.85742395807429;8676
-5.854285;48.7891283333333;-6.09407153868186;-9.7525531057989;8716
-5.89423166666667;48.7327583333333;-5.53976453041811;-10.4187817641442;9830
-5.89523333333333;48.7312616666667;-5.53976453041811;-10.4187817641442;9863
-5.89423166666667;48.7327583333333;-5.53976453041811;-10.4187817641442;9875
-5.928955;48.6565933333333;2.08377813200316;-11.8176930361465;11316
-5.92780333333333;48.6533283333333;1.68399457470712;-11.9822440095303;11378
-5.927445;48.6521716666667;1.68399457470712;-11.9822440095303;11398
-5.9265;48.6488966666667;2.11850773441579;-12.0146543989118;11457
-5.92589666666667;48.6471933333333;3.97193142228012;-11.5353264419683;11490
-5.92464833333333;48.6451016666667;5.1559427126285;-11.0569548289826;11531
-5.92431333333333;48.6446416666667;5.30429104337316;-10.8754083030826;11539
-5.92352;48.6436533333333;5.49328522003215;-10.7811792825713;11559
-5.92023166666667;48.6396583333333;4.80599295494412;-11.3222098730374;11638
-5.91947333333333;48.6386283333333;4.80599295494412;-11.3222098730374;11657
-5.912115;48.6288183333333;4.4437624376552;-11.5763969324326;11847
-5.90818;48.62306;5.62948202358675;-11.0484805600437;11960
-5.90366833333333;48.6173433333333;5.67488124674434;-11.1375815523546;12069
-5.89480333333333;48.60749;5.91534187019142;-11.1251400068403;12269
-5.8885;48.60028;6.15708208465839;-11.1076701138499;12408
-5.88314333333333;48.594215;5.96228875783622;-11.2134342608995;12530
-5.88273166666667;48.59376;5.96228875783622;-11.2134342608995;12538
-5.882195;48.5931616666667;5.96228875783622;-11.2134342608995;12552
-5.87782666666667;48.5881616666667;5.72028046990192;-11.2266825446654;12649
-5.87743833333333;48.5876966666667;5.91534187019142;-11.1251400068403;12657
-5.87336333333333;48.58312;5.91534187019142;-11.1251400068403;12752
-5.872965;48.5826683333333;5.72028046990192;-11.2266825446654;12758
-5.87036166666667;48.579635;5.72028046990192;-11.2266825446654;12820
-5.86729;48.5760666666667;5.96228875783622;-11.2134342608995;12890
-5.86498833333333;48.57349;5.96228875783622;-11.2134342608995;12936
-5.86412833333333;48.5725383333333;5.96228875783622;-11.2134342608995;12960
-5.86317166666667;48.5714833333333;5.76567926010043;-11.3157826872463;12981
-5.86233333333333;48.57051;5.96228875783622;-11.2134342608995;13001
-5.86185833333333;48.56995;5.76567926010043;-11.3157826872463;13010
-5.86052333333333;48.5684316666667;5.76567926010043;-11.3157826872463;13040
-5.85963666666667;48.5674133333333;5.96228875783622;-11.2134342608995;13058
-5.85829;48.56589;5.96228875783622;-11.2134342608995;13090
-5.85028833333333;48.55677;5.76567926010043;-11.3157826872463;13269
-5.83619833333333;48.5405433333333;5.76567926010043;-11.3157826872463;13587
-5.8287;48.5318216666667;5.76567926010043;-11.3157826872463;13757
-5.82747166666667;48.53039;5.96228875783622;-11.2134342608995;13790
-5.825155;48.5277533333333;5.76567926010043;-11.3157826872463;13839
-5.82432166666667;48.5267883333333;5.76567926010043;-11.3157826872463;13861
-5.817305;48.5186916666667;5.72028046990192;-11.2266825446654;14020
-5.81642666666667;48.5176666666667;5.72028046990192;-11.2266825446654;14042
-5.76286333333333;48.477065;10.6945843697073;-7.21358824145747;14980
-5.745165;48.4689733333333;10.6945843697073;-7.21358824145747;15219
-5.73303166666667;48.46354;10.7774884432155;-7.26950774511971;15380
-5.72477666666667;48.4598583333333;10.7774884432155;-7.26950774511971;15488
-5.71892833333333;48.4572566666667;10.7774884432155;-7.26950774511971;15570
-5.71817333333333;48.45692;10.7774884432155;-7.26950774511971;15579
-5.71734166666667;48.4565566666667;10.9027173832905;-7.08030745519535;15588
-5.71367666666667;48.454935;10.7774884432155;-7.26950774511971;15637
-5.70085333333333;48.4492133333333;10.7774884432155;-7.26950774511971;15812
-5.699435;48.448575;10.7774884432155;-7.26950774511971;15832
-5.69779;48.447835;10.7774884432155;-7.26950774511971;15850
-5.69635833333333;48.4472033333333;10.7774884432155;-7.26950774511971;15872
-5.69486333333333;48.44653;10.7774884432155;-7.26950774511971;15889
-5.69028833333333;48.4445116666667;10.7774884432155;-7.26950774511971;15950
-5.68878166666667;48.4438483333333;10.7774884432155;-7.26950774511971;15970
-5.687355;48.4432116666667;10.7774884432155;-7.26950774511971;15990
-5.68436166666667;48.4418533333333;10.7774884432155;-7.26950774511971;16029
-5.67988;48.439855;10.7774884432155;-7.26950774511971;16088
-5.66727833333333;48.4341766666667;10.6945843697073;-7.21358824145747;16258
-5.657655;48.42983;10.5670610588463;-7.39913581012644;16389
-5.65698666666667;48.4295183333333;10.5670610588463;-7.39913581012644;16401
-5.657655;48.42983;10.5670610588463;-7.39913581012644;16413
-5.65553833333333;48.4288266666667;10.6945843697073;-7.21358824145747;16418
-5.650325;48.4264183333333;10.6116810868309;-7.15766927108314;16489
-5.63402166666667;48.4191283333333;10.9717416124787;-6.59248745708441;16713
-5.62351166666667;48.4146;10.8188500065685;-7.02584334393055;16848
-5.62205833333333;48.41391;10.7349834296651;-6.971379752074;16868
-5.621325;48.4135633333333;10.7349834296651;-6.971379752074;16880
-5.61764;48.4118983333333;10.9717416124787;-6.59248745708441;16930
-5.61546833333333;48.41097;10.9717416124787;-6.59248745708441;16960
-5.61457333333333;48.4105866666667;10.9717416124787;-6.59248745708441;16968
-5.61316;48.4099683333333;10.8550157925546;-6.7829666832591;16990
-5.61242666666667;48.4096416666667;10.8550157925546;-6.7829666832591;16998
-5.61093666666667;48.4089883333333;10.8550157925546;-6.7829666832591;17019
-5.608045;48.4077266666667;10.8550157925546;-6.7829666832591;17059
-5.60649333333333;48.4070416666667;10.8550157925546;-6.7829666832591;17079
-5.60574833333333;48.4067116666667;10.8860245554251;-6.54098345312197;17091
-5.604205;48.4060333333333;10.7702106594343;-6.72997455468762;17110
-5.60353333333333;48.4057366666667;10.7702106594343;-6.72997455468762;17118
-5.60287333333333;48.4054466666667;10.7702106594343;-6.72997455468762;17130
-5.60204833333333;48.4050866666667;10.8550157925546;-6.7829666832591;17136
-5.60132;48.4047633333333;10.7702106594343;-6.72997455468762;17148
-5.59912;48.40379;10.8860245554251;-6.54098345312197;17179
-5.59836833333333;48.4034683333333;10.7702106594343;-6.72997455468762;17191
-5.59764166666667;48.4031466666667;10.8860245554251;-6.54098345312197;17199
-5.59688666666667;48.402835;10.8860245554251;-6.54098345312197;17211
-5.59532666666667;48.4021616666667;10.8860245554251;-6.54098345312197;17228
-5.592435;48.40091;10.8860245554251;-6.54098345312197;17271
-5.59027666666667;48.3999816666667;10.8550157925546;-6.7829666832591;17299
-5.58946833333333;48.3996066666667;10.8550157925546;-6.7829666832591;17313
-5.58873166666667;48.399285;10.9717416124787;-6.59248745708441;17319
-5.592435;48.40091;10.8860245554251;-6.54098345312197;17340
-5.58356333333333;48.3969883333333;10.9717416124787;-6.59248745708441;17387
-5.58141;48.3960333333333;10.9717416124787;-6.59248745708441;17416
-5.580595;48.3956816666667;10.9717416124787;-6.59248745708441;17431
-5.57910833333333;48.3950333333333;10.9717416124787;-6.59248745708441;17449
-5.57838;48.3947133333333;10.9717416124787;-6.59248745708441;17458
-5.57747833333333;48.394315;10.8550157925546;-6.7829666832591;17471
-5.57615333333333;48.393725;10.9717416124787;-6.59248745708441;17487
-5.57467666666667;48.39307;10.9717416124787;-6.59248745708441;17508
-5.573935;48.3927383333333;10.9717416124787;-6.59248745708441;17522
-5.57244833333333;48.392095;11.0851253336221;-6.40000009536743;17540
-5.57169;48.3917766666667;11.0851253336221;-6.40000009536743;17550
-5.57017833333333;48.3911483333333;10.9717416124787;-6.59248745708441;17570
-5.568535;48.3904416666667;10.9717416124787;-6.59248745708441;17591
-5.56188666666667;48.38754;10.9717416124787;-6.59248745708441;17679
-5.55895666666667;48.3862783333333;11.0574578520739;-6.64399096986827;17721
-5.55829;48.3859866666667;11.0574578520739;-6.64399096986827;17726
-5.55747;48.3856233333333;11.0574578520739;-6.64399096986827;17737
-5.55598333333333;48.3849666666667;11.0574578520739;-6.64399096986827;17758
-5.55449;48.3843166666667;11.0574578520739;-6.64399096986827;17780
-5.55074333333333;48.3826916666667;11.0574578520739;-6.64399096986827;17827
-5.55007333333333;48.3823933333333;10.9717416124787;-6.59248745708441;17840
-5.54932833333333;48.38207;10.9717416124787;-6.59248745708441;17852
-5.54850333333333;48.38171;10.9717416124787;-6.59248745708441;17860
-5.54701333333333;48.3810533333333;11.1717273784568;-6.44999980926513;17881
-5.544765;48.38009;11.0851253336221;-6.40000009536743;17912
-5.54334833333333;48.3794666666667;11.0851253336221;-6.40000009536743;17929
-5.54109833333333;48.3785116666667;10.9717416124787;-6.59248745708441;17959
-5.54035333333333;48.3781916666667;10.8550157925546;-6.7829666832591;17967
-5.54109833333333;48.3785116666667;10.9717416124787;-6.59248745708441;17980
-5.53589166666667;48.3762216666667;11.0851253336221;-6.40000009536743;18027
-5.53440166666667;48.3755733333333;10.9717416124787;-6.59248745708441;18046
-5.53366333333333;48.3752566666667;11.0851253336221;-6.40000009536743;18061
-5.53217666666667;48.3746033333333;10.9717416124787;-6.59248745708441;18080
-5.53135666666667;48.3742533333333;10.9717416124787;-6.59248745708441;18088
-5.53061166666667;48.373925;10.9717416124787;-6.59248745708441;18099
-5.52994833333333;48.37363;10.9717416124787;-6.59248745708441;18112
-5.52840333333333;48.37293;10.9717416124787;-6.59248745708441;18130
-5.52700833333333;48.372295;10.9717416124787;-6.59248745708441;18147
-5.5262;48.3719283333333;11.0851253336221;-6.40000009536743;18160
-5.523255;48.37061;10.9717416124787;-6.59248745708441;18199
-5.52251833333333;48.3702716666667;11.0851253336221;-6.40000009536743;18206
-5.52111833333333;48.3696466666667;10.9717416124787;-6.59248745708441;18226
-5.52031166666667;48.3692866666667;11.0851253336221;-6.40000009536743;18238
-5.51815833333333;48.3683416666667;11.0851253336221;-6.40000009536743;18267
-5.51733833333333;48.3679883333333;10.9717416124787;-6.59248745708441;18279
-5.51585;48.3673433333333;11.0851253336221;-6.40000009536743;18298
-5.51288333333333;48.3660483333333;11.0851253336221;-6.40000009536743;18339
-5.510665;48.3650866666667;10.9985224628811;-6.34999990463257;18369
-5.50918666666667;48.3644383333333;10.8860245554251;-6.54098345312197;18386
-5.50845666666667;48.3641116666667;10.8860245554251;-6.54098345312197;18399
-5.506975;48.3634666666667;10.9985224628811;-6.34999990463257;18418
-5.50615;48.36311;10.8860245554251;-6.54098345312197;18431
-5.505495;48.3628216666667;10.9985224628811;-6.34999990463257;18436
-5.50172833333333;48.3611666666667;10.9985224628811;-6.34999990463257;18488
-5.50033;48.360555;10.9985224628811;-6.34999990463257;18506
-5.498785;48.3598733333333;10.9985224628811;-6.34999990463257;18527
-5.49739;48.3592583333333;10.9985224628811;-6.34999990463257;18549
-5.49598833333333;48.3586416666667;10.9985224628811;-6.34999990463257;18566
-5.49436833333333;48.3579383333333;10.8860245554251;-6.54098345312197;18592
-5.492905;48.3572916666667;10.8860245554251;-6.54098345312197;18609
-5.49077333333333;48.3563466666667;10.9985224628811;-6.34999990463257;18638
-5.49004666666667;48.35602;10.8860245554251;-6.54098345312197;18649
-5.48784666666667;48.3550416666667;10.9985224628811;-6.34999990463257;18679
-5.48726833333333;48.35478;10.9985224628811;-6.34999990463257;18686
-5.48558;48.354025;10.9985224628811;-6.34999990463257;18709
-5.482795;48.352785;10.8860245554251;-6.54098345312197;18750
-5.48125333333333;48.3520983333333;11.1076701138499;-6.15708208465838;18768
-5.482795;48.352785;10.8860245554251;-6.54098345312197;18775
-5.47898;48.3511066666667;10.9985224628811;-6.34999990463257;18798
-5.47839;48.3508433333333;10.9985224628811;-6.34999990463257;18810
-5.47766;48.3505266666667;11.1076701138499;-6.15708208465838;18816
-5.476185;48.349885;10.9985224628811;-6.34999990463257;18838
-5.47463666666667;48.3492183333333;11.1076701138499;-6.15708208465838;18857
-5.47397666666667;48.3489333333333;10.9985224628811;-6.34999990463257;18872
-5.472425;48.3482666666667;11.1076701138499;-6.15708208465838;18891
-5.47168666666667;48.3479583333333;10.9985224628811;-6.34999990463257;18898
-5.470875;48.3476116666667;10.9119204180464;-6.30000019073486;18909
-5.47020333333333;48.3473283333333;10.9119204180464;-6.30000019073486;18918
-5.46954;48.3470516666667;10.9119204180464;-6.30000019073486;18927
-5.46880833333333;48.34673;10.9119204180464;-6.30000019073486;18942
-5.46800666666667;48.3463883333333;10.80030831583;-6.48947994033812;18947
-5.46734666666667;48.3460883333333;10.9119204180464;-6.30000019073486;18958
-5.46654666666667;48.3457333333333;10.9119204180464;-6.30000019073486;18972
-5.46588666666667;48.3454483333333;10.9119204180464;-6.30000019073486;18978
-5.46515666666667;48.3451283333333;10.9119204180464;-6.30000019073486;18986
-5.46441833333333;48.3448133333333;10.9119204180464;-6.30000019073486;19002
-5.46361333333333;48.34446;10.9119204180464;-6.30000019073486;19011
-5.46295833333333;48.3441716666667;11.0202086435973;-6.10860140004404;19017
-5.46141333333333;48.343505;10.9119204180464;-6.30000019073486;19038
-5.46075166666667;48.3432166666667;10.9119204180464;-6.30000019073486;19047
-5.45920333333333;48.34255;10.9119204180464;-6.30000019073486;19071
-5.45772166666667;48.3419066666667;10.9985224628811;-6.34999990463257;19089
-5.45705166666667;48.3416233333333;10.9985224628811;-6.34999990463257;19099
-5.45624333333333;48.3412633333333;10.9985224628811;-6.34999990463257;19106
-5.4555;48.3409433333333;11.1076701138499;-6.15708208465838;19119
-5.45474833333333;48.340635;10.9985224628811;-6.34999990463257;19132
-5.45408833333333;48.34034;10.9985224628811;-6.34999990463257;19138
-5.45319666666667;48.3399566666667;10.9985224628811;-6.34999990463257;19149
-5.451865;48.3393833333333;10.9985224628811;-6.34999990463257;19170
-5.45111666666667;48.3390633333333;11.1076701138499;-6.15708208465838;19179
-5.44963666666667;48.3384266666667;11.1076701138499;-6.15708208465838;19200
-5.44873;48.3380466666667;11.1076701138499;-6.15708208465838;19208
-5.445905;48.3368416666667;10.9985224628811;-6.34999990463257;19248
-5.44142666666667;48.3349316666667;11.0851253336221;-6.40000009536743;19306
-5.44066;48.3346116666667;11.0851253336221;-6.40000009536743;19318
-5.43841666666667;48.333635;11.1717273784568;-6.44999980926513;19349
-5.43766166666667;48.3333233333333;11.2825938884573;-6.25404391623755;19358
-5.43689666666667;48.333;11.1717273784568;-6.44999980926513;19366
-5.43622333333333;48.3327066666667;11.1717273784568;-6.44999980926513;19379
-5.43237333333333;48.3310566666667;11.1717273784568;-6.44999980926513;19430
-5.43162333333333;48.3307283333333;11.1717273784568;-6.44999980926513;19437
-5.43079333333333;48.3303633333333;11.1717273784568;-6.44999980926513;19449
-5.42935666666667;48.32974;11.1717273784568;-6.44999980926513;19467
-5.42718333333333;48.3287833333333;11.1717273784568;-6.44999980926513;19499
-5.42628;48.3283866666667;11.1717273784568;-6.44999980926513;19508
-5.42486;48.3277683333333;11.1717273784568;-6.44999980926513;19527
-5.42628;48.3283866666667;11.1717273784568;-6.44999980926513;19552
-5.421785;48.3264333333333;11.1717273784568;-6.44999980926513;19571
-5.42110333333333;48.32613;11.1717273784568;-6.44999980926513;19576
-5.420425;48.325845;11.1717273784568;-6.44999980926513;19586
-5.41966833333333;48.325515;11.1717273784568;-6.44999980926513;19597
-5.41884333333333;48.325155;11.1717273784568;-6.44999980926513;19605
-5.41724833333333;48.3244766666667;11.1717273784568;-6.44999980926513;19628
-5.41656333333333;48.3241866666667;11.2583302491977;-6.5;19636
-5.41580166666667;48.32387;11.2583302491977;-6.5;19647
-5.415045;48.323545;11.2583302491977;-6.5;19658
-5.414285;48.3232183333333;11.2583302491977;-6.5;19668
-5.41352166666667;48.322895;11.2583302491977;-6.5;19677
-5.41124166666667;48.3219116666667;11.2583302491977;-6.5;19707
-5.41048166666667;48.3215783333333;11.2583302491977;-6.5;19716
-5.40896333333333;48.3209183333333;11.3449331199386;-6.55000019073486;19737
-5.40812;48.3205583333333;11.3449331199386;-6.55000019073486;19749
-5.40517;48.3192716666667;11.3449331199386;-6.55000019073486;19787
-5.40349166666667;48.3185416666667;11.3449331199386;-6.55000019073486;19810
-5.40204333333333;48.3179166666667;11.3449331199386;-6.55000019073486;19828
-5.40136;48.3176233333333;11.3449331199386;-6.55000019073486;19837
-5.400595;48.3172916666667;11.3449331199386;-6.55000019073486;19851
-5.39985166666667;48.3169616666667;11.3449331199386;-6.55000019073486;19857
-5.39900833333333;48.3165933333333;11.3449331199386;-6.55000019073486;19867
-5.39749666666667;48.31593;11.3449331199386;-6.55000019073486;19890
-5.39673666666667;48.3156;11.3449331199386;-6.55000019073486;19897
-5.39597833333333;48.3152766666667;11.3449331199386;-6.55000019073486;19906
-5.392955;48.31396;11.1431749091275;-6.69549497383071;19947
-5.3922;48.3136266666667;11.1431749091275;-6.69549497383071;19957
-5.39152833333333;48.3133216666667;11.2583302491977;-6.5;19971
-5.392955;48.31396;11.1431749091275;-6.69549497383071;19980
-5.38994833333333;48.31262;11.2583302491977;-6.5;19987
-5.38925666666667;48.3123316666667;11.3700561928121;-6.30252506320238;19997
-5.38834666666667;48.311945;11.2583302491977;-6.5;20013
-5.38690166666667;48.3113333333333;11.2583302491977;-6.5;20028
-5.3854;48.3106783333333;11.1431749091275;-6.69549497383071;20050
-5.383895;48.3100116666667;11.2583302491977;-6.5;20069
-5.38314;48.30968;11.2583302491977;-6.5;20077
-5.38246333333333;48.3093766666667;11.2583302491977;-6.5;20086
-5.38088833333333;48.308675;11.2583302491977;-6.5;20113
-5.37938166666667;48.3080233333333;11.2583302491977;-6.5;20129
-5.37635666666667;48.3067266666667;11.2583302491977;-6.5;20169
-5.37490666666667;48.3061183333333;11.2583302491977;-6.5;20189
-5.37333;48.305435;11.2583302491977;-6.5;20208
-5.37174333333333;48.3047516666667;11.1717273784568;-6.44999980926513;20232
-5.37106;48.3044616666667;11.1717273784568;-6.44999980926513;20240
-5.370295;48.3041383333333;11.1717273784568;-6.44999980926513;20249
-5.36961666666667;48.303845;11.1717273784568;-6.44999980926513;20255
-5.36877666666667;48.30349;11.2583302491977;-6.5;20267
-5.36719333333333;48.3028116666667;11.2583302491977;-6.5;20289
-5.36581166666667;48.3022316666667;11.2583302491977;-6.5;20307
-5.365045;48.301905;11.2583302491977;-6.5;20316
-5.363445;48.301215;11.2583302491977;-6.5;20338
-5.362615;48.30086;11.2583302491977;-6.5;20351
-5.363445;48.301215;11.2583302491977;-6.5;20360
-5.36124666666667;48.3002716666667;11.2583302491977;-6.5;20366
-5.35811666666667;48.298935;11.1431749091275;-6.69549497383071;20409
-5.35660666666667;48.2982816666667;11.2583302491977;-6.5;20429
-5.35592666666667;48.2979883333333;11.2583302491977;-6.5;20436
-5.35508833333333;48.2976366666667;11.2583302491977;-6.5;20449
-5.35433166666667;48.29733;11.2583302491977;-6.5;20458
-5.35348166666667;48.2969816666667;11.1431749091275;-6.69549497383071;20468
-5.35288666666667;48.296725;11.2583302491977;-6.5;20476
-5.351455;48.29611;11.0574578520739;-6.64399096986827;20500
-5.34898833333333;48.2950283333333;11.1717273784568;-6.44999980926513;20528
-5.34838666666667;48.2947666666667;11.1717273784568;-6.44999980926513;20536
-5.34614666666667;48.2938;11.1717273784568;-6.44999980926513;20568
-5.34531;48.2934466666667;11.1717273784568;-6.44999980926513;20580
-5.34449166666667;48.2930966666667;11.1717273784568;-6.44999980926513;20589
-5.34389;48.292835;11.1717273784568;-6.44999980926513;20596
-5.34240333333333;48.2921966666667;10.9717416124787;-6.59248745708441;20617
-5.34158;48.2918266666667;11.0851253336221;-6.40000009536743;20627
-5.34085666666667;48.291515;10.9717416124787;-6.59248745708441;20639
-5.34012;48.2911683333333;10.9717416124787;-6.59248745708441;20649
-5.33947;48.2908666666667;11.0851253336221;-6.40000009536743;20656
-5.33793166666667;48.2901583333333;11.0851253336221;-6.40000009536743;20678
-5.33727333333333;48.289865;11.0851253336221;-6.40000009536743;20687
-5.33580166666667;48.2892133333333;11.1951324182047;-6.20556323162321;20707
-5.334335;48.2885766666667;11.0851253336221;-6.40000009536743;20726
-5.33352833333333;48.2882266666667;11.0851253336221;-6.40000009536743;20739
-5.33135666666667;48.2873166666667;11.1951324182047;-6.20556323162321;20767
-5.32990666666667;48.286745;10.9717416124787;-6.59248745708441;20786
-5.327475;48.285665;10.9717416124787;-6.59248745708441;20819
-5.32682333333333;48.2853683333333;10.9717416124787;-6.59248745708441;20827
-5.32608166666667;48.2850283333333;10.9717416124787;-6.59248745708441;20837
-5.32386833333333;48.2840616666667;11.0851253336221;-6.40000009536743;20867
-5.32173166666667;48.2831466666667;10.8860245554251;-6.54098345312197;20900
-5.32106666666667;48.2828466666667;10.8860245554251;-6.54098345312197;20909
-5.31797333333333;48.281395;10.8860245554251;-6.54098345312197;20948
-5.31732;48.281085;10.9985224628811;-6.34999990463257;20957
-5.31668166666667;48.2807816666667;10.9985224628811;-6.34999990463257;20967
-5.31587833333333;48.2804133333333;10.9985224628811;-6.34999990463257;20980
-5.31516166666667;48.2800866666667;11.1076701138499;-6.15708208465838;20988
-5.314515;48.27979;10.9119204180464;-6.30000019073486;20996
-5.31372;48.2794216666667;11.1076701138499;-6.15708208465838;21010
-5.31241833333333;48.2788316666667;11.1076701138499;-6.15708208465838;21027
-5.31155666666667;48.2784433333333;11.1076701138499;-6.15708208465838;21041
-5.31089;48.278155;11.0202086435973;-6.10860140004404;21049
-5.31015333333333;48.277845;11.0202086435973;-6.10860140004404;21060
-5.30928666666667;48.2774483333333;11.1076701138499;-6.15708208465838;21068
-5.308055;48.2768916666667;11.1076701138499;-6.15708208465838;21091
-5.30578;48.275875;11.1076701138499;-6.15708208465838;21118
-5.30490833333333;48.2754816666667;11.1076701138499;-6.15708208465838;21128
-5.30350666666667;48.2748766666667;11.1076701138499;-6.15708208465838;21152
-5.302765;48.2745533333333;11.1076701138499;-6.15708208465838;21159
-5.30046333333333;48.2735533333333;11.1076701138499;-6.15708208465838;21187
-5.299945;48.2733233333333;11.1951324182047;-6.20556323162321;21199
-5.29904833333333;48.2729266666667;11.1951324182047;-6.20556323162321;21208
-5.29831166666667;48.272605;11.1951324182047;-6.20556323162321;21218
-5.297635;48.2723083333333;11.1951324182047;-6.20556323162321;21229
-5.29682;48.2719483333333;11.1951324182047;-6.20556323162321;21237
-5.29600833333333;48.2715733333333;11.1951324182047;-6.20556323162321;21248
-5.29460833333333;48.2709366666667;11.3900236110624;-6.0561829808488;21273
-5.29386333333333;48.2706183333333;11.2825938884573;-6.25404391623755;21281
-5.29246;48.2699883333333;11.2825938884573;-6.25404391623755;21298
-5.29162833333333;48.269635;11.2825938884573;-6.25404391623755;21310
-5.29016833333333;48.26905;11.2825938884573;-6.25404391623755;21327
-5.28926666666667;48.26866;11.2825938884573;-6.25404391623755;21341
-5.28866333333333;48.2684016666667;11.2825938884573;-6.25404391623755;21349
-5.28709166666667;48.2677116666667;11.3700561928121;-6.30252506320238;21367
-5.28649666666667;48.2674516666667;11.3700561928121;-6.30252506320238;21380
-5.28557666666667;48.267045;11.3700561928121;-6.30252506320238;21390
-5.28421833333333;48.2664266666667;11.3700561928121;-6.30252506320238;21407
-5.28264166666667;48.265735;11.3700561928121;-6.30252506320238;21428
-5.28108;48.26501;11.4783187071661;-6.10313031621658;21447
-5.27963833333333;48.2643816666667;11.3700561928121;-6.30252506320238;21469
-5.27804333333333;48.263695;11.3700561928121;-6.30252506320238;21488
-5.276515;48.2630516666667;11.3700561928121;-6.30252506320238;21509
-5.27514833333333;48.2624616666667;11.3700561928121;-6.30252506320238;21529
-5.27423833333333;48.2620616666667;11.3700561928121;-6.30252506320238;21538
-5.27347333333333;48.2617333333333;11.3700561928121;-6.30252506320238;21548
-5.27269833333333;48.2614266666667;11.3700561928121;-6.30252506320238;21559
-5.27195333333333;48.2610866666667;11.3700561928121;-6.30252506320238;21567
-5.27118666666667;48.260755;11.3700561928121;-6.30252506320238;21580
-5.27050166666667;48.2604533333333;11.457518497167;-6.35100621016721;21588
-5.268975;48.2597916666667;11.457518497167;-6.35100621016721;21610
-5.26821166666667;48.2594683333333;11.457518497167;-6.35100621016721;21618
-5.26752166666667;48.25917;11.457518497167;-6.35100621016721;21630
-5.268975;48.2597916666667;11.457518497167;-6.35100621016721;21642
-5.26432833333333;48.2577883333333;11.457518497167;-6.35100621016721;21668
-5.262885;48.25716;11.5666138032697;-6.15007765158435;21690
-5.25975833333333;48.255845;11.3700561928121;-6.30252506320238;21730
-5.259075;48.255555;11.3700561928121;-6.30252506320238;21739
-5.25831;48.2552333333333;11.3700561928121;-6.30252506320238;21750
-5.25383;48.2533466666667;11.2583302491977;-6.5;21810
-5.252245;48.2526566666667;11.1717273784568;-6.44999980926513;21829
-5.251345;48.2522633333333;11.1717273784568;-6.44999980926513;21839
-5.25067166666667;48.2519666666667;11.2825938884573;-6.25404391623755;21848
-5.24924;48.2513433333333;11.2825938884573;-6.25404391623755;21869
-5.247735;48.2506983333333;11.2825938884573;-6.25404391623755;21886
-5.24691166666667;48.2503466666667;11.2825938884573;-6.25404391623755;21899
-5.24615833333333;48.2500316666667;11.2825938884573;-6.25404391623755;21909
-5.242305;48.2484066666667;11.1717273784568;-6.44999980926513;21958
-5.24162833333333;48.2481066666667;11.2825938884573;-6.25404391623755;21969
-5.24095833333333;48.2478216666667;11.1717273784568;-6.44999980926513;21977
-5.24021;48.24749;11.2825938884573;-6.25404391623755;21989
-5.23939833333333;48.2471366666667;11.2825938884573;-6.25404391623755;21999
-5.23717166666667;48.2461616666667;11.0851253336221;-6.40000009536743;22028
-5.236575;48.2458983333333;11.0851253336221;-6.40000009536743;22039
-5.235775;48.2455333333333;11.1951324182047;-6.20556323162321;22046
-5.23431666666667;48.2448633333333;11.1951324182047;-6.20556323162321;22070
-5.231445;48.2436;11.1076701138499;-6.15708208465838;22106
-5.23056833333333;48.243205;11.1076701138499;-6.15708208465838;22120
-5.22989666666667;48.2429166666667;11.1076701138499;-6.15708208465838;22129
-5.23056833333333;48.243205;11.1076701138499;-6.15708208465838;22145
-5.22825666666667;48.242235;11.1076701138499;-6.15708208465838;22152
-5.22692833333333;48.24166;10.9985224628811;-6.34999990463257;22168
-5.22627166666667;48.2413666666667;11.1076701138499;-6.15708208465838;22179
-5.22545666666667;48.241015;11.1076701138499;-6.15708208465838;22189
-5.22472666666667;48.2406933333333;10.9985224628811;-6.34999990463257;22197
-5.22384333333333;48.2403066666667;11.1076701138499;-6.15708208465838;22211
-5.22332666666667;48.2400833333333;10.9985224628811;-6.34999990463257;22216
-5.21941666666667;48.2383783333333;11.1076701138499;-6.15708208465838;22272
-5.21815833333333;48.2378383333333;10.9985224628811;-6.34999990463257;22286
-5.21742333333333;48.237515;11.1076701138499;-6.15708208465838;22299
-5.21941666666667;48.2383783333333;11.1076701138499;-6.15708208465838;22304
-5.21660333333333;48.237165;11.1076701138499;-6.15708208465838;22309
-5.215055;48.236495;11.1076701138499;-6.15708208465838;22332
-5.21446333333333;48.2362416666667;10.9985224628811;-6.34999990463257;22339
-5.21364833333333;48.235885;10.9985224628811;-6.34999990463257;22346
-5.212175;48.2352366666667;10.9985224628811;-6.34999990463257;22369
-5.21144666666667;48.2349083333333;10.9985224628811;-6.34999990463257;22376
-5.21057;48.23451;11.1076701138499;-6.15708208465838;22389
-5.21005333333333;48.2342833333333;11.1076701138499;-6.15708208465838;22396
-5.209245;48.2339266666667;11.1076701138499;-6.15708208465838;22407
-5.20777833333333;48.23327;11.1076701138499;-6.15708208465838;22429
-5.21005333333333;48.2342833333333;11.1076701138499;-6.15708208465838;22440
-5.205575;48.232295;11.0202086435973;-6.10860140004404;22456
-5.20476;48.2319383333333;11.1076701138499;-6.15708208465838;22469
-5.20123833333333;48.2303733333333;11.1076701138499;-6.15708208465838;22516
-5.20042833333333;48.2300183333333;11.1076701138499;-6.15708208465838;22529
-5.19740666666667;48.228705;11.1076701138499;-6.15708208465838;22569
-5.19673333333333;48.2284316666667;11.1076701138499;-6.15708208465838;22579
-5.19599833333333;48.2281166666667;11.1076701138499;-6.15708208465838;22588
-5.195255;48.2277916666667;11.1076701138499;-6.15708208465838;22599
-5.19459333333333;48.227505;11.1076701138499;-6.15708208465838;22610
-5.19303166666667;48.22684;11.1076701138499;-6.15708208465838;22629
-5.19155166666667;48.2261916666667;11.1076701138499;-6.15708208465838;22649
-5.190815;48.2258766666667;11.1076701138499;-6.15708208465838;22656
-5.188525;48.2248766666667;10.9985224628811;-6.34999990463257;22689
-5.18779;48.2245483333333;11.1076701138499;-6.15708208465838;22701
-5.18712666666667;48.2242633333333;11.1076701138499;-6.15708208465838;22707
-5.18638666666667;48.223935;11.1076701138499;-6.15708208465838;22717
-5.18572666666667;48.2236533333333;11.1076701138499;-6.15708208465838;22726
-5.184175;48.2229783333333;11.1076701138499;-6.15708208465838;22749
-5.18262333333333;48.2223033333333;11.1076701138499;-6.15708208465838;22769
-5.18189333333333;48.22199;11.1076701138499;-6.15708208465838;22777
-5.1813;48.22173;11.1076701138499;-6.15708208465838;22786
-5.18189333333333;48.22199;11.1076701138499;-6.15708208465838;22801
-5.17967666666667;48.2210283333333;11.1076701138499;-6.15708208465838;22809
-5.17827166666667;48.220425;11.1076701138499;-6.15708208465838;22827
-5.175225;48.2191516666667;11.1076701138499;-6.15708208465838;22867
-5.17455333333333;48.21887;11.1076701138499;-6.15708208465838;22881
-5.17381;48.21856;11.1076701138499;-6.15708208465838;22887
-5.17224333333333;48.2179066666667;10.9985224628811;-6.34999990463257;22910
-5.17075166666667;48.217275;11.1076701138499;-6.15708208465838;22929
-5.16777;48.21601;10.9985224628811;-6.34999990463257;22969
-5.16620166666667;48.2153516666667;11.1951324182047;-6.20556323162321;22989
-5.16559666666667;48.2150983333333;11.1951324182047;-6.20556323162321;22999
-5.16485;48.2147883333333;11.0851253336221;-6.40000009536743;23006
-5.16326833333333;48.2141316666667;11.0851253336221;-6.40000009536743;23029
-5.162585;48.2138483333333;11.1951324182047;-6.20556323162321;23042
-5.16326833333333;48.2141316666667;11.0851253336221;-6.40000009536743;23048
-5.16033;48.2129066666667;11.0851253336221;-6.40000009536743;23067
-5.158745;48.2122516666667;11.0851253336221;-6.40000009536743;23089
-5.15806833333333;48.21197;11.0851253336221;-6.40000009536743;23099
-5.15724166666667;48.2116266666667;11.0851253336221;-6.40000009536743;23108
-5.15589333333333;48.21106;10.9717416124787;-6.59248745708441;23128
-5.15271333333333;48.2096416666667;11.0851253336221;-6.40000009536743;23169
-5.15212333333333;48.2093833333333;11.0851253336221;-6.40000009536743;23180
-5.15138166666667;48.209055;11.0851253336221;-6.40000009536743;23188
-5.15055833333333;48.208705;11.1951324182047;-6.20556323162321;23199
-5.149805;48.2083916666667;11.1951324182047;-6.20556323162321;23209
-5.14829;48.20778;11.1951324182047;-6.20556323162321;23229
-5.14760333333333;48.20751;11.1951324182047;-6.20556323162321;23238
-5.14690833333333;48.207245;11.1951324182047;-6.20556323162321;23251
-5.145305;48.2066116666667;11.0851253336221;-6.40000009536743;23268
-5.14453833333333;48.2063016666667;10.9717416124787;-6.59248745708441;23276
-5.143645;48.2059183333333;10.8550157925546;-6.7829666832591;23291
-5.14304333333333;48.2056583333333;10.8550157925546;-6.7829666832591;23301
-5.14230666666667;48.205325;10.8550157925546;-6.7829666832591;23308
-5.14089666666667;48.20468;10.9398201169132;-6.83595830646018;23327
-5.14008833333333;48.2043;11.0574578520739;-6.64399096986827;23338
-5.13926333333333;48.2039283333333;11.1717273784568;-6.44999980926513;23348
-5.13775833333333;48.2032716666667;11.3700561928121;-6.30252506320238;23368
-5.13699666666667;48.2029533333333;11.3700561928121;-6.30252506320238;23377
-5.13630666666667;48.2026666666667;11.3700561928121;-6.30252506320238;23387
-5.13400166666667;48.2017366666667;11.3700561928121;-6.30252506320238;23421
-5.13323333333333;48.2014316666667;11.2583302491977;-6.5;23427
-5.13253;48.20115;11.2583302491977;-6.5;23437
-5.13098833333333;48.20054;11.1431749091275;-6.69549497383071;23456
-5.12938333333333;48.1998783333333;11.1431749091275;-6.69549497383071;23478
-5.128625;48.19956;11.1431749091275;-6.69549497383071;23488
-5.12787;48.1992433333333;11.1431749091275;-6.69549497383071;23497
-5.12635833333333;48.1986083333333;11.0574578520739;-6.64399096986827;23516
-5.12560833333333;48.198285;11.0574578520739;-6.64399096986827;23527
-5.12485166666667;48.1979666666667;11.0574578520739;-6.64399096986827;23537
-5.12183666666667;48.1966783333333;11.0574578520739;-6.64399096986827;23577
-5.121005;48.1963283333333;11.0574578520739;-6.64399096986827;23589
-5.11881333333333;48.1953866666667;11.0574578520739;-6.64399096986827;23621
-5.11731;48.194735;11.0574578520739;-6.64399096986827;23638
-5.115055;48.1937633333333;11.0574578520739;-6.64399096986827;23667
-5.11430333333333;48.19344;11.1717273784568;-6.44999980926513;23676
-5.115055;48.1937633333333;11.0574578520739;-6.64399096986827;23686
-5.11197333333333;48.1924433333333;11.0574578520739;-6.64399096986827;23708
-5.11130833333333;48.1921566666667;11.0574578520739;-6.64399096986827;23717
-5.10607666666667;48.189815;10.9717416124787;-6.59248745708441;23787
-5.10533333333333;48.1894866666667;10.9717416124787;-6.59248745708441;23799
-5.10607666666667;48.189815;10.9717416124787;-6.59248745708441;23805
-5.103115;48.1885216666667;10.9717416124787;-6.59248745708441;23827
-5.10252166666667;48.1882633333333;10.9717416124787;-6.59248745708441;23839
-5.10170666666667;48.1879133333333;10.9717416124787;-6.59248745708441;23847
-5.10096666666667;48.18759;10.9717416124787;-6.59248745708441;23858
-5.099415;48.186915;10.9717416124787;-6.59248745708441;23877
-5.09868;48.1865866666667;10.9717416124787;-6.59248745708441;23890
-5.09506833333333;48.1850183333333;10.8860245554251;-6.54098345312197;23937
-5.09432833333333;48.1846966666667;10.8860245554251;-6.54098345312197;23948
-5.09365833333333;48.1844133333333;10.9985224628811;-6.34999990463257;23957
-5.09506833333333;48.1850183333333;10.8860245554251;-6.54098345312197;23965
-5.09145666666667;48.1834666666667;10.8860245554251;-6.54098345312197;23987
-5.09064166666667;48.1831083333333;10.8860245554251;-6.54098345312197;23999
-5.089175;48.182475;10.8860245554251;-6.54098345312197;24016
-5.08779;48.181865;10.80030831583;-6.48947994033812;24036
-5.08698666666667;48.1815066666667;10.80030831583;-6.48947994033812;24048
-5.08552333333333;48.18088;10.80030831583;-6.48947994033812;24069
-5.08399666666667;48.1802166666667;10.80030831583;-6.48947994033812;24088
-5.08188833333333;48.1793083333333;10.7145912587764;-6.43797593637568;24118
-5.08117166666667;48.1789983333333;10.7145912587764;-6.43797593637568;24127
-5.07971833333333;48.17838;10.7145912587764;-6.43797593637568;24148
-5.077555;48.17745;10.6288742017228;-6.38647193241324;24176
-5.07676166666667;48.1771083333333;10.6288742017228;-6.38647193241324;24189
-5.07611666666667;48.176825;10.6288742017228;-6.38647193241324;24199
-5.07389666666667;48.1758466666667;10.6288742017228;-6.38647193241324;24231
-5.07254;48.175255;10.6288742017228;-6.38647193241324;24247
-5.07045833333333;48.1743666666667;10.5431579621277;-6.33496841962938;24280
-5.06959666666667;48.173995;10.5431579621277;-6.33496841962938;24291
-5.068235;48.17341;10.5431579621277;-6.33496841962938;24309
-5.06615666666667;48.1725133333333;10.5431579621277;-6.33496841962938;24337
-5.06537;48.1721733333333;10.5431579621277;-6.33496841962938;24349
-5.06329166666667;48.17128;10.5431579621277;-6.33496841962938;24378
-5.06243833333333;48.1709066666667;10.5431579621277;-6.33496841962938;24387
-5.06107833333333;48.17032;10.6521126317298;-6.15000009536743;24406
-5.05965166666667;48.1697016666667;10.9593804174629;-5.58408323338824;24427
-5.05899666666667;48.1694333333333;10.9593804174629;-5.58408323338824;24438
-5.05819833333333;48.1691083333333;11.236609303249;-5.0028607874112;24449
-5.05671333333333;48.1685683333333;11.4830394239819;-4.40792584776046;24467
-5.055185;48.1680983333333;11.7273925071014;-3.36277568839373;24488
-5.05441666666667;48.1678866666667;11.8376076754979;-2.95144708017301;24497
-5.05363166666667;48.167695;11.8776892941778;-2.30878891684405;24507
-5.05205166666667;48.1674016666667;11.8832168248988;-1.67007721152078;24530
-5.05046833333333;48.16719;11.8348101755025;-1.24388867301063;24547
-5.04966166666667;48.167095;11.7353585550356;-1.23343588649553;24558
-5.04725;48.1668583333333;11.7838287005774;-0.617564293649026;24586
-5.04644333333333;48.1668033333333;11.8710118175514;-0.830102010945108;24597
-5.04483;48.1666616666667;11.7712559833362;-0.82312640348567;24617
-5.03578;48.16589;11.9342627444193;-1.25434155921184;24729
-5.03412166666667;48.1657433333333;12.0539562269282;-1.05458452049394;24750
-5.03578;48.16589;11.9342627444193;-1.25434155921184;24765
-5.02995833333333;48.1653633333333;12.0337153133361;-1.26479444541305;24797
-5.02912833333333;48.1652766666667;12.0337153133361;-1.26479444541305;24808
-5.02581;48.1649966666667;12.0337153133361;-1.26479444541305;24848
-5.02331833333333;48.16476;12.0098088134863;-1.47461910169175;24881
-5.02248833333333;48.16468;12.0098088134863;-1.47461910169175;24887
-5.020825;48.164525;12.0098088134863;-1.47461910169175;24907
-5.02331833333333;48.16476;12.0098088134863;-1.47461910169175;24912
-5.01998666666667;48.1644383333333;12.0337153133361;-1.26479444541305;24921
-5.01915833333333;48.1643633333333;12.0098088134863;-1.47461910169175;24928
-5.01748666666667;48.164195;12.109062860711;-1.48680596629807;24947
-5.01506833333333;48.1639583333333;12.109062860711;-1.48680596629807;24976
-5.01422666666667;48.163865;12.0812702497685;-1.69791180516763;24991
-5.01005;48.1634166666667;12.0812702497685;-1.69791180516763;25041
-5.009135;48.1633183333333;12.0812702497685;-1.69791180516763;25047
-5.01005;48.1634166666667;12.0812702497685;-1.69791180516763;25058
-5.00586833333333;48.1629383333333;12.109062860711;-1.48680596629807;25088
-5.00495166666667;48.1628433333333;12.2083178545014;-1.49899294712805;25096
-5.00411166666667;48.1627533333333;12.2083178545014;-1.49899294712805;25107
-5.00076833333333;48.1624083333333;12.2083178545014;-1.49899294712805;25149
-5.00000666666667;48.16232;12.2083178545014;-1.49899294712805;25156
-4.99825833333333;48.1621466666667;12.1802974344;-1.71182916835397;25178
-4.99750166666667;48.162055;12.109062860711;-1.48680596629807;25187
-4.995755;48.1618816666667;12.109062860711;-1.48680596629807;25207
-4.99319166666667;48.1616333333333;12.0812702497685;-1.69791180516763;25238
-4.99244833333333;48.1615583333333;11.9510292979744;-1.89285708666181;25248
-4.99161833333333;48.1614633333333;11.9822440095303;-1.68399457470712;25258
-4.99079333333333;48.1613766666667;11.9822440095303;-1.68399457470712;25271
-4.99004666666667;48.1612966666667;11.9822440095303;-1.68399457470712;25278
-4.98839;48.1611183333333;12.0098088134863;-1.47461910169175;25297
-4.987475;48.1610216666667;11.9510292979744;-1.89285708666181;25308
-4.986555;48.1609066666667;11.9822440095303;-1.68399457470712;25320
-4.98582;48.1608383333333;12.0812702497685;-1.69791180516763;25327
-4.98498666666667;48.16074;12.0497975668741;-1.90850044365331;25338
-4.984245;48.1606533333333;12.0098088134863;-1.47461910169175;25347
-4.98334333333333;48.160565;11.9822440095303;-1.68399457470712;25357
-4.98170166666667;48.1603666666667;11.9822440095303;-1.68399457470712;25378
-4.97925166666667;48.1600883333333;11.8832168248988;-1.67007721152078;25407
-4.97679166666667;48.1598116666667;11.8522600871417;-1.87721358048277;25437
-4.97441;48.15953;11.8832168248988;-1.67007721152078;25474
-4.971855;48.159225;11.9822440095303;-1.68399457470712;25497
-4.97102666666667;48.1591333333333;11.9822440095303;-1.68399457470712;25509
-4.96854666666667;48.1588533333333;11.9822440095303;-1.68399457470712;25539
-4.96688833333333;48.15866;11.9822440095303;-1.68399457470712;25560
-4.96854666666667;48.1588533333333;11.9822440095303;-1.68399457470712;25566
-4.96440333333333;48.15838;12.0812702497685;-1.69791180516763;25587
-4.96365333333333;48.15829;12.0497975668741;-1.90850044365331;25599
-4.96265833333333;48.1581683333333;12.0497975668741;-1.90850044365331;25611
-4.96183166666667;48.1580716666667;12.0812702497685;-1.69791180516763;25618
-4.96108666666667;48.1579866666667;12.0497975668741;-1.90850044365331;25629
-4.95943666666667;48.1577816666667;12.0812702497685;-1.69791180516763;25649
-4.95696333333333;48.1574916666667;11.9822440095303;-1.68399457470712;25677
-4.95614;48.1573983333333;11.9822440095303;-1.68399457470712;25688
-4.95696333333333;48.1574916666667;11.9822440095303;-1.68399457470712;25693
-4.95449;48.1572;11.9822440095303;-1.68399457470712;25709
-4.95275666666667;48.1569983333333;11.9510292979744;-1.89285708666181;25728
-4.95119;48.15681;11.9822440095303;-1.68399457470712;25747
-4.94953833333333;48.1566116666667;11.9822440095303;-1.68399457470712;25767
-4.94788;48.156395;11.9510292979744;-1.89285708666181;25793
-4.942075;48.1556783333333;12.0497975668741;-1.90850044365331;25857
-4.94124666666667;48.1555733333333;12.0812702497685;-1.69791180516763;25870
-4.942075;48.1556783333333;12.0497975668741;-1.90850044365331;25881
-4.93701;48.15505;12.0812702497685;-1.69791180516763;25919
-4.93205833333333;48.1544383333333;11.9822440095303;-1.68399457470712;25979
-4.93131833333333;48.1543533333333;11.9822440095303;-1.68399457470712;25987
-4.92795333333333;48.15393;11.9822440095303;-1.68399457470712;26029
-4.92557833333333;48.15363;11.9822440095303;-1.68399457470712;26060
-4.92467333333333;48.15352;11.9510292979744;-1.89285708666181;26069
-4.92312333333333;48.1533016666667;11.9822440095303;-1.68399457470712;26092
-4.922295;48.1532;11.9822440095303;-1.68399457470712;26098
-4.919075;48.1528233333333;11.9822440095303;-1.68399457470712;26136
-4.917255;48.1526016666667;12.0098088134863;-1.47461910169175;26158
-4.919075;48.1528233333333;11.9822440095303;-1.68399457470712;26175
-4.91485166666667;48.15235;11.9822440095303;-1.68399457470712;26191
-4.90906833333333;48.1517083333333;11.9822440095303;-1.68399457470712;26257
-4.90833166666667;48.151625;11.9822440095303;-1.68399457470712;26266
-4.907425;48.1515266666667;11.9822440095303;-1.68399457470712;26281
-4.90652166666667;48.1514283333333;11.9822440095303;-1.68399457470712;26293
-4.90586166666667;48.1513533333333;11.9822440095303;-1.68399457470712;26301
-4.9025;48.1509733333333;11.8832168248988;-1.67007721152078;26337
-4.90085833333333;48.1507933333333;11.8832168248988;-1.67007721152078;26361
-4.89995833333333;48.150695;11.8832168248988;-1.67007721152078;26369
-4.89757;48.15045;11.8832168248988;-1.67007721152078;26398
-4.896665;48.1503583333333;11.8832168248988;-1.67007721152078;26410
-4.89354833333333;48.15002;11.8522600871417;-1.87721358048277;26446
-4.89267;48.1499333333333;11.8832168248988;-1.67007721152078;26457
-4.89024333333333;48.149675;11.7841896402674;-1.65615984833445;26491
-4.88943833333333;48.1495916666667;11.7534908763089;-1.86157007430374;26497
-4.88695833333333;48.1493416666667;11.6547226074092;-1.84592671731223;26530
-4.885435;48.149165;11.6127897848903;-1.42587129459549;26550
-4.88462333333333;48.1490866666667;11.6359059861188;-1.22298300029432;26557
-4.88391166666667;48.1490333333333;11.6359059861188;-1.22298300029432;26566
-4.87104333333333;48.147535;11.5222505224057;-2.03168364558232;26731
-4.86240333333333;48.1464233333333;11.6207316733812;-2.04904852959054;26840
-4.860715;48.1462016666667;11.6207316733812;-2.04904852959054;26858
-4.85588666666667;48.1455866666667;11.583200951913;-2.25154618183716;26923
-4.855245;48.145505;11.6207316733812;-2.04904852959054;26928
-4.852755;48.14518;11.6207316733812;-2.04904852959054;26958
-4.85186666666667;48.1450633333333;11.6207316733812;-2.04904852959054;26967
-4.851065;48.144955;11.6813631085661;-2.27062697219303;26977
-4.85026;48.14485;11.7192118851709;-2.06641324799495;26988
-4.84703166666667;48.1444483333333;11.6813631085661;-2.27062697219303;27029
-4.846145;48.144335;11.6813631085661;-2.27062697219303;27040
-4.845335;48.1442316666667;11.6813631085661;-2.27062697219303;27051
-4.84307666666667;48.143925;11.6813631085661;-2.27062697219303;27081
-4.84218;48.143815;11.7192118851709;-2.06641324799495;27088
-4.84136833333333;48.1437083333333;11.6813631085661;-2.27062697219303;27098
-4.84056;48.1435933333333;11.7192118851709;-2.06641324799495;27109
-4.839755;48.14349;11.7192118851709;-2.06641324799495;27119
-4.83814;48.14328;11.7192118851709;-2.06641324799495;27138
-4.83723833333333;48.1431616666667;11.779526201372;-2.28970794451854;27149
-4.835685;48.1429733333333;11.779526201372;-2.28970794451854;27167
-4.83242666666667;48.1425483333333;11.779526201372;-2.28970794451854;27208
-4.83160666666667;48.1424416666667;11.779526201372;-2.28970794451854;27222
-4.830795;48.1423333333333;11.8176930361465;-2.08377813200316;27231
-4.82989666666667;48.14222;11.779526201372;-2.28970794451854;27238
-4.82907666666667;48.14211;11.779526201372;-2.28970794451854;27249
-4.82989666666667;48.14222;11.779526201372;-2.28970794451854;27256
-4.82751833333333;48.1419033333333;11.779526201372;-2.28970794451854;27267
-4.82587833333333;48.14168;11.9161741871221;-2.10114301601138;27287
-4.82505666666667;48.1415633333333;11.8776892941778;-2.30878891684405;27298
-4.82350333333333;48.14136;11.8776892941778;-2.30878891684405;27318
-4.8226;48.1412383333333;11.8776892941778;-2.30878891684405;27327
-4.82169833333333;48.1411083333333;11.8776892941778;-2.30878891684405;27339
-4.81923333333333;48.1407683333333;11.9161741871221;-2.10114301601138;27369
-4.81775666666667;48.1405716666667;11.9161741871221;-2.10114301601138;27391
-4.81685333333333;48.1404483333333;11.9161741871221;-2.10114301601138;27399
-4.81602166666667;48.1403366666667;11.9161741871221;-2.10114301601138;27407
-4.81923333333333;48.1407683333333;11.9161741871221;-2.10114301601138;27428
-4.813635;48.14003;11.9161741871221;-2.10114301601138;27437
-4.81190166666667;48.139795;11.9161741871221;-2.10114301601138;27460
-4.81116;48.1397016666667;11.9161741871221;-2.10114301601138;27467
-4.80868166666667;48.1393766666667;11.975851450831;-2.32786970719992;27496
-4.80702833333333;48.139155;12.0146543989118;-2.11850773441579;27520
-4.80619833333333;48.1390483333333;11.975851450831;-2.32786970719992;27531
-4.804385;48.1388033333333;11.975851450831;-2.32786970719992;27548
-4.80372;48.1387133333333;11.975851450831;-2.32786970719992;27558
-4.80289333333333;48.138605;12.0146543989118;-2.11850773441579;27566
-4.80198166666667;48.138485;11.975851450831;-2.32786970719992;27578
-4.79940666666667;48.138135;11.975851450831;-2.32786970719992;27610
-4.796165;48.1377066666667;11.975851450831;-2.32786970719992;27651
-4.79451166666667;48.1374833333333;11.975851450831;-2.32786970719992;27669
-4.79376;48.1373783333333;11.975851450831;-2.32786970719992;27676
-4.796165;48.1377066666667;11.975851450831;-2.32786970719992;27685
-4.79127666666667;48.1370466666667;12.0146543989118;-2.11850773441579;27714
-4.79035666666667;48.136925;12.0146543989118;-2.11850773441579;27720
-4.78961333333333;48.1368266666667;12.0146543989118;-2.11850773441579;27731
-4.78878166666667;48.1367166666667;11.975851450831;-2.32786970719992;27739
-4.78786666666667;48.1365983333333;12.0146543989118;-2.11850773441579;27750
-4.78703833333333;48.1364933333333;11.975851450831;-2.32786970719992;27757
-4.785295;48.1362583333333;11.975851450831;-2.32786970719992;27778
-4.780555;48.1356183333333;12.1131355498873;-2.135872618424;27838
-4.778725;48.1353833333333;12.1131355498873;-2.135872618424;27859
-4.77788833333333;48.135275;12.1131355498873;-2.135872618424;27869
-4.77715;48.13518;12.1131355498873;-2.135872618424;27877
-4.767935;48.13399;12.0146543989118;-2.11850773441579;27991
-4.76561;48.1336966666667;12.0146543989118;-2.11850773441579;28016
-4.7647;48.13358;11.975851450831;-2.32786970719992;28028
-4.76054833333333;48.1330683333333;11.975851450831;-2.32786970719992;28077
-4.75879833333333;48.132845;11.975851450831;-2.32786970719992;28098
-4.75805333333333;48.1327533333333;12.0146543989118;-2.11850773441579;28110
-4.75306;48.1321333333333;11.975851450831;-2.32786970719992;28167
-4.74712833333333;48.1313733333333;12.1131355498873;-2.135872618424;28240
-4.74629166666667;48.131275;12.1131355498873;-2.135872618424;28251
-4.74378333333333;48.1309816666667;12.1131355498873;-2.135872618424;28282
-4.738755;48.13041;12.1131355498873;-2.135872618424;28339
-4.73623666666667;48.13013;12.1131355498873;-2.135872618424;28371
-4.72201;48.1284566666667;12.1131355498873;-2.135872618424;28542
-4.71541833333333;48.1276733333333;12.0497975668741;-1.90850044365331;28619
-4.69765333333333;48.12612;12.2326195027198;-1.28570011812936;28827
-4.69680333333333;48.1260716666667;12.2326195027198;-1.28570011812936;28838
-4.69604666666667;48.1260316666667;12.2083178545014;-1.49899294712805;28852
-4.69418833333333;48.12592;12.2083178545014;-1.49899294712805;28869
-4.68919;48.1255983333333;12.1131355498873;-2.135872618424;28927
-4.688445;48.1255433333333;12.0740145436368;-2.34695067952543;28938
-4.68752333333333;48.125445;11.8873146045335;-2.74440282008914;28951
-4.68686333333333;48.1253733333333;11.8873146045335;-2.74440282008914;28958
-4.68603166666667;48.1252716666667;11.8873146045335;-2.74440282008914;28965
-4.68503833333333;48.12514;11.789878155594;-2.72190784337278;28977
-4.68006833333333;48.1244533333333;11.9334005423856;-2.53652258832065;29041
-4.67848833333333;48.124245;12.0312156755927;-2.55731383671445;29056
-4.67757;48.1241283333333;12.0312156755927;-2.55731383671445;29073
-4.676825;48.1240333333333;12.0312156755927;-2.55731383671445;29080
-4.675075;48.12381;12.0312156755927;-2.55731383671445;29098
-4.67349333333333;48.1236066666667;12.0312156755927;-2.55731383671445;29119
-4.67015333333333;48.1231766666667;12.0312156755927;-2.55731383671445;29157
-4.669325;48.1230766666667;12.0312156755927;-2.55731383671445;29171
-4.66682;48.1227633333333;12.0312156755927;-2.55731383671445;29195
-4.66590166666667;48.1226483333333;12.0312156755927;-2.55731383671445;29207
-4.66682;48.1227633333333;12.0312156755927;-2.55731383671445;29222
-4.66423;48.122445;12.0312156755927;-2.55731383671445;29231
-4.66263833333333;48.1222433333333;12.0312156755927;-2.55731383671445;29247
-4.66096;48.1220383333333;12.0312156755927;-2.55731383671445;29271
-4.6592;48.1218233333333;12.0312156755927;-2.55731383671445;29288
-4.657605;48.1216283333333;12.0312156755927;-2.55731383671445;29308
-4.656765;48.1215266666667;12.0312156755927;-2.55731383671445;29318
-4.65425;48.12121;12.0312156755927;-2.55731383671445;29347
-4.65257333333333;48.1209966666667;12.0312156755927;-2.55731383671445;29367
-4.64913666666667;48.1205716666667;12.0312156755927;-2.55731383671445;29407
-4.64510833333333;48.1200883333333;12.0312156755927;-2.55731383671445;29456
-4.64418333333333;48.1199733333333;12.1290298759655;-2.5781048868282;29468
-4.64326;48.1198616666667;12.0312156755927;-2.55731383671445;29477
-4.63906833333333;48.1193533333333;12.1290298759655;-2.5781048868282;29527
-4.63822;48.1192516666667;12.1290298759655;-2.5781048868282;29540
-4.637465;48.1191616666667;12.1290298759655;-2.5781048868282;29552
-4.63662333333333;48.1190566666667;12.1290298759655;-2.5781048868282;29557
-4.634945;48.11885;12.1290298759655;-2.5781048868282;29577
-4.63318333333333;48.118635;12.1290298759655;-2.5781048868282;29599
-4.62899333333333;48.1181166666667;12.0312156755927;-2.55731383671445;29649
-4.62823333333333;48.1180216666667;12.0312156755927;-2.55731383671445;29657
-4.62647166666667;48.1178033333333;12.0312156755927;-2.55731383671445;29682
-4.62563666666667;48.1177;12.0312156755927;-2.55731383671445;29688
-4.62387166666667;48.1174766666667;12.0312156755927;-2.55731383671445;29708
-4.61554833333333;48.1164483333333;12.211615761677;-2.15323733682841;29810
-4.61300833333333;48.1161683333333;12.2793236746382;-1.72574639881449;29840
-4.610555;48.1159483333333;12.2793236746382;-1.72574639881449;29867
-4.58832166666667;48.1191616666667;10.8756934444398;5.07141914088839;30149
-4.57434166666667;48.1236083333333;11.3288473379581;5.28272827175874;30327
-4.56812333333333;48.1255333333333;11.5106731147867;5.1248818579128;30405
-4.56343333333333;48.1269533333333;11.5983615046455;4.92321236801695;30469
-4.55865333333333;48.1283766666667;11.5983615046455;4.92321236801695;30529
-4.54907833333333;48.131195;11.5983615046455;4.92321236801695;30648
-4.49297666666667;48.147325;11.6904114632736;4.96228525728773;31350
-4.49216833333333;48.1475566666667;11.6904114632736;4.96228525728773;31358
-4.47057166666667;48.1538716666667;8.34465469110109;3.37145934074321;31676
-4.45987166666667;48.15695;7.13931550331798;2.88447069785198;31886
-4.44826833333333;48.15991;4.88806394140826;-0.34180672799871;32192
