"x";"y";"vx";"vy";"t"
-6.28453666666667;47.7249466666667;3.2870018234362;12.2672578096354;0
-6.282705;47.7313433333333;3.2870018234362;12.2672578096354;113
-6.26205166666667;47.8091616666667;3.36464758633277;12.5570357417579;1419
-6.26148166666667;47.8115166666667;3.36464758633277;12.5570357417579;1459
-6.25603833333333;47.8376016666667;3.33876558309089;12.4604427906575;1901
-6.255445;47.8399483333333;3.14498464279568;12.613844441588;1940
-6.25530333333333;47.8405466666667;3.16917692464153;12.710874384354;1950
-6.253585;47.848795;3.77159487939235;12.3363309871218;2087
-6.25329333333333;47.8499666666667;3.77159487939235;12.3363309871218;2111
-6.253585;47.848795;3.77159487939235;12.3363309871218;2120
-6.25243333333333;47.8535333333333;4.30945393637376;11.8401273803667;2171
-6.25209666666667;47.8546783333333;4.27525179157086;11.7461577598239;2188
-6.235235;47.9012233333333;4.88413910611592;11.5063106681555;3021
-6.23428166666667;47.90346;4.88413910611592;11.5063106681555;3060
-6.23382666666667;47.90458;4.92321236801695;11.5983615046455;3078
-6.22984833333333;47.914135;4.92321236801695;11.5983615046455;3252
-6.22084666666667;47.930365;6.06012025307921;10.9327463392424;3552
-6.22028833333333;47.9313433333333;6.06012025307921;10.9327463392424;3568
-6.20123333333333;47.962925;5.81107848325801;11.4048836795571;4153
-6.19996666666667;47.9652633333333;5.56731348060862;11.4146842165681;4191
-6.19969333333333;47.9657633333333;5.56731348060862;11.4146842165681;4197
-6.19793166666667;47.969085;5.56731348060862;11.4146842165681;4264
-6.19680166666667;47.9712433333333;5.5234766167677;11.3248053262322;4298
-6.193145;47.9778483333333;5.5234766167677;11.3248053262322;4418
-6.19252166666667;47.97899;5.5234766167677;11.3248053262322;4440
-6.19221666666667;47.9795383333333;5.76567926010043;11.3157826872463;4450
-6.19194333333333;47.9800216666667;5.56731348060862;11.4146842165681;4462
-6.191315;47.9811216666667;5.56731348060862;11.4146842165681;4478
-6.19095333333333;47.9818033333333;5.40951383088899;11.6007398469336;4489
-6.19065666666667;47.9823583333333;5.56731348060862;11.4146842165681;4499
-6.19035666666667;47.98291;5.81107848325801;11.4048836795571;4512
-6.18914166666667;47.9850783333333;5.65498762635378;11.5944428543965;4548
-6.187905;47.9872983333333;5.65498762635378;11.5944428543965;4590
-6.18725333333333;47.9884816666667;5.65498762635378;11.5944428543965;4612
-6.186975;47.9889866666667;5.65498762635378;11.5944428543965;4620
-6.18094;47.99965;5.90187649661411;11.5830848144488;4812
-6.17993333333333;48.0013433333333;5.53629939001924;11.8726323559091;4838
-6.17900666666667;48.0030583333333;5.78649905400316;11.8640812397176;4871
-6.178035;48.004835;5.94727571977169;11.6721858067596;4898
-6.175185;48.0098633333333;5.74266219016224;11.7742023493818;4989
-6.17202;48.015535;5.94727571977169;11.6721858067596;5089
-6.156895;48.0432383333333;5.87417319974832;12.0438398775461;5569
-6.15561666666667;48.0455533333333;5.83033633590739;11.9539609872103;5610
-6.15302833333333;48.0502533333333;6.08347252332629;11.9394870842321;5689
-6.15238666666667;48.0513416666667;6.08347252332629;11.9394870842321;5712
-6.14837833333333;48.058355;6.08347252332629;11.9394870842321;5833
-6.14807666666667;48.0588816666667;6.12887174648388;12.028588076543;5838
-6.14354166666667;48.0664866666667;6.12887174648388;12.028588076543;5968
-6.14142166666667;48.069885;6.29091876224175;11.8314974074918;6027
-6.137045;48.07689;6.3848134329773;12.0080875996992;6147
-6.13557833333333;48.07927;6.3848134329773;12.0080875996992;6189
-6.13451333333333;48.08095;6.3848134329773;12.0080875996992;6222
-6.132725;48.0837916666667;6.17427096964147;12.1176890688538;6268
-6.13232833333333;48.084435;6.43176032062211;12.0963818537584;6278
-6.13119166666667;48.08618;6.43176032062211;12.0963818537584;6312
-6.13082666666667;48.086765;6.43176032062211;12.0963818537584;6321
-6.13045166666667;48.08735;6.43176032062211;12.0963818537584;6329
-6.12898166666667;48.0896566666667;6.43176032062211;12.0963818537584;6369
-6.12361666666667;48.0977833333333;6.75;11.6913429510899;6508
-6.11928833333333;48.104035;6.69999980926514;11.604740080349;6623
-6.118925;48.1045283333333;6.69999980926514;11.604740080349;6629
-6.11576833333333;48.1090116666667;6.65000009536743;11.5181380355143;6711
-6.11418333333333;48.1112183333333;7.0479263153757;11.2790398406328;6748
-6.11244;48.1133783333333;6.35100621016721;11.457518497167;6789
-6.1103;48.1174183333333;3.88854372857788;12.718853436709;6863
-6.10577666666667;48.1306966666667;4.10992608412711;12.6490518481252;7080
-6.10533833333333;48.1319483333333;3.88854372857788;12.718853436709;7102
-6.10457;48.1343016666667;3.88854372857788;12.718853436709;7141
-6.103975;48.1360416666667;3.88854372857788;12.718853436709;7166
-6.10269333333333;48.1396133333333;3.85930644657465;12.6232225963114;7229
-6.10047666666667;48.146285;4.54886797146656;12.4979120356847;7340
-6.100035;48.1474166666667;4.48046400803659;12.3099736907597;7359
-6.07836833333333;48.1871733333333;6.03807373312779;11.8503869416513;8047
-6.07512666666667;48.1923033333333;6.03807373312779;11.8503869416513;8141
-6.04045;48.24366;6.29091876224175;11.8314974074918;9048
-5.93892833333333;48.3593816666667;8.0874279713518;11.5500441369565;11164
-5.93166333333333;48.366985;8.03007010891464;11.4681286200459;11300
-5.87549833333333;48.4301366666667;7.51601878708903;11.5736539976106;12430
-5.85856166666667;48.45;7.62494649021038;11.7413879512359;12783
-5.844615;48.4660766666667;7.62494649021038;11.7413879512359;13072
-5.82616833333333;48.48725;7.67941060147519;11.8252553279579;13447
-5.82506;48.48856;7.62494649021038;11.7413879512359;13472
-5.82417833333333;48.4895766666667;7.62494649021038;11.7413879512359;13491
-5.81972833333333;48.494675;7.82870064859046;11.6065260157706;13577
-5.819105;48.4953383333333;7.82870064859046;11.6065260157706;13590
-5.81852166666667;48.4959416666667;7.62494649021038;11.7413879512359;13603
-5.81723833333333;48.497405;7.31354056548705;12.1717755064783;13627
-5.81705;48.4976333333333;7.52485345103743;12.0422828036689;13632
-5.81474166666667;48.5004633333333;7.82870064859046;11.6065260157706;13682
-5.78776333333333;48.5311533333333;7.67941060147519;11.8252553279579;14220
-5.78690833333333;48.5321116666667;7.67941060147519;11.8252553279579;14237
-5.78776333333333;48.5311533333333;7.67941060147519;11.8252553279579;14255
-5.72694833333333;48.59913;7.68382933138147;12.2966973942682;15413
-5.72351666666667;48.6029133333333;7.84280189645309;12.0768558584867;15481
-5.71621666666667;48.6107483333333;7.78833830459654;11.9929892815833;15618
-5.71589333333333;48.6110883333333;7.84280189645309;12.0768558584867;15627
-5.71016333333333;48.6171466666667;7.89726600771789;12.1607232352086;15732
-5.70789333333333;48.6196116666667;7.89726600771789;12.1607232352086;15779
-5.70532166666667;48.6223266666667;7.84280189645309;12.0768558584867;15826
-5.69989166666667;48.6280233333333;8.05237759666359;11.9381407285399;15928
-5.69891;48.6290283333333;7.84280189645309;12.0768558584867;15945
-5.69989166666667;48.6280233333333;8.05237759666359;11.9381407285399;15953
-5.69725333333333;48.630775;7.84280189645309;12.0768558584867;15977
-5.69508;48.6331166666667;7.89726600771789;12.1607232352086;16015
-5.694695;48.6335133333333;7.84280189645309;12.0768558584867;16020
-5.69178833333333;48.6365766666667;7.84280189645309;12.0768558584867;16073
-5.69146;48.636915;7.89726600771789;12.1607232352086;16080
-5.69112833333333;48.6372533333333;7.89726600771789;12.1607232352086;16087
-5.69178833333333;48.6365766666667;7.84280189645309;12.0768558584867;16096
-5.68568833333333;48.642955;7.84280189645309;12.0768558584867;16188
-5.6843;48.644355;7.89726600771789;12.1607232352086;16212
-5.68241833333333;48.6463266666667;8.05237759666359;11.9381407285399;16250
-5.67733;48.651765;6.71344343738283;12.6261507462915;16344
-5.670615;48.6597816666667;6.71344343738283;12.6261507462915;16480
-5.66476166666667;48.66683;6.71344343738283;12.6261507462915;16604
-5.66425;48.6674733333333;6.71344343738283;12.6261507462915;16613
-5.66311333333333;48.6688583333333;6.66649610201506;12.5378556501879;16640
-5.66250666666667;48.6696266666667;6.93277766199272;12.5070619789138;16649
-5.66227833333333;48.6699116666667;6.61954921437025;12.4495613961286;16656
-5.66476166666667;48.66683;6.71344343738283;12.6261507462915;16664
-5.660835;48.6717066666667;6.61954921437025;12.4495613961286;16687
-5.658095;48.6751266666667;6.61954921437025;12.4495613961286;16747
-5.65617333333333;48.67755;6.83581583041355;12.3321382043064;16789
-5.65047;48.6848333333333;6.78733468344872;12.2446758999515;16914
-5.64938833333333;48.6862266666667;6.57260187900247;12.361266300025;16938
-5.64827333333333;48.687685;6.57260187900247;12.361266300025;16964
-5.64774333333333;48.6883783333333;6.57260187900247;12.361266300025;16973
-5.64747833333333;48.6887283333333;6.57260187900247;12.361266300025;16979
-5.64673333333333;48.6897283333333;6.83581583041355;12.3321382043064;16997
-5.64373166666667;48.6936166666667;6.57260187900247;12.361266300025;17066
-5.6386;48.700235;6.61954921437025;12.4495613961286;17179
-5.63779;48.7011983333333;6.40126621951124;12.563192330948;17195
-5.63644;48.7029866666667;6.40126621951124;12.563192330948;17225
-5.63363333333333;48.7065316666667;6.93277766199272;12.5070619789138;17291
-5.63278666666667;48.707585;6.71344343738283;12.6261507462915;17303
-5.63226333333333;48.70824;6.44666500970975;12.6522924735288;17317
-5.63199333333333;48.7085983333333;6.49206423286733;12.7413934658397;17327
-5.63226333333333;48.70824;6.44666500970975;12.6522924735288;17333
-5.62869666666667;48.7128666666667;6.88429651502789;12.4195996745589;17397
-5.62763333333333;48.71422;6.66649610201506;12.5378556501879;17419
-5.626555;48.7156133333333;6.66649610201506;12.5378556501879;17449
-5.62432166666667;48.7184966666667;6.71344343738283;12.6261507462915;17490
-5.62378833333333;48.7192083333333;6.71344343738283;12.6261507462915;17502
-5.626555;48.7156133333333;6.66649610201506;12.5378556501879;17511
-5.618905;48.7255883333333;6.71344343738283;12.6261507462915;17610
-5.61869;48.72589;6.71344343738283;12.6261507462915;17616
-5.61789833333333;48.72695;6.93277766199272;12.5070619789138;17633
-5.61762833333333;48.7273066666667;6.71344343738283;12.6261507462915;17640
-5.61625833333333;48.7291433333333;6.71344343738283;12.6261507462915;17670
-5.61361666666667;48.7326166666667;6.61954921437025;12.4495613961286;17729
-5.61215833333333;48.7344883333333;6.44666500970975;12.6522924735288;17761
-5.61037833333333;48.73691;6.66649610201506;12.5378556501879;17801
-5.61019166666667;48.7371383333333;6.71344343738283;12.6261507462915;17808
-5.60822833333333;48.7396433333333;6.66649610201506;12.5378556501879;17851
-5.60742;48.7407016666667;6.66649610201506;12.5378556501879;17866
-5.60683666666667;48.7414616666667;6.61954921437025;12.4495613961286;17881
-5.60210166666667;48.7477783333333;6.88429651502789;12.4195996745589;17987
-5.60097833333333;48.7491683333333;7.62494649021038;11.7413879512359;18013
-5.59798666666667;48.752125;8.93474752943888;10.648017467131;18065
-5.59655166666667;48.7533233333333;9.11922025270139;10.4904628771977;18097
-5.58876666666667;48.758525;11.4407186593859;7.71686217455389;18205
-5.58832833333333;48.75877;11.4897866208886;7.46155467582422;18215
-5.58876666666667;48.758525;11.4407186593859;7.71686217455389;18220
-5.58562;48.7600983333333;11.7431918561273;7.05602152803203;18251
-5.58245166666667;48.761585;12.0003422098296;7.21053304874076;18285
-5.58173833333333;48.7619283333333;11.914625152776;7.15902904477832;18293
-5.580215;48.7626483333333;12.0003422098296;7.21053304874076;18313
-5.576155;48.7644866666667;12.0860592668832;7.2620370527032;18365
-5.57468166666667;48.7651383333333;12.1270879367892;7.57784557960891;18382
-5.573695;48.7655833333333;12.0422828036689;7.52485345103743;18394
-5.57133166666667;48.7667033333333;12.2574925635319;7.36504456944949;18424
-5.56400333333333;48.7701466666667;12.2574925635319;7.36504456944949;18515
-5.56048833333333;48.7718033333333;12.2574925635319;7.36504456944949;18554
-5.55802;48.7729266666667;12.3841634392987;7.15000009536743;18585
-5.55416666666667;48.7747283333333;12.2574925635319;7.36504456944949;18637
-5.54717333333333;48.7779783333333;12.343208803127;7.41654808223335;18717
-5.54172166666667;48.7805066666667;12.343208803127;7.41654808223335;18786
-5.54032666666667;48.781175;12.343208803127;7.41654808223335;18801
-5.53833333333333;48.7820816666667;12.5945234491664;6.98125834660706;18825
-5.52170333333333;48.7893166666667;12.5945234491664;6.98125834660706;19024
-5.51258;48.7932916666667;12.5945234491664;6.98125834660706;19133
-5.50994666666667;48.79438;12.5945234491664;6.98125834660706;19160
-5.50799166666667;48.7952166666667;12.5945234491664;6.98125834660706;19183
-5.50535333333333;48.7963366666667;12.6819857535212;7.02973949357189;19215
-5.50434;48.7967783333333;12.5945234491664;6.98125834660706;19227
-5.50125;48.79808;12.6819857535212;7.02973949357189;19263
-5.49570333333333;48.800415;12.5945234491664;6.98125834660706;19327
-5.48997333333333;48.8028416666667;12.6819857535212;7.02973949357189;19395
-5.48954333333333;48.8030166666667;12.6819857535212;7.02973949357189;19400
-5.48844333333333;48.803485;12.6819857535212;7.02973949357189;19414
-5.469835;48.8113083333333;12.7694480578761;7.07822064053672;19629
-5.46621833333333;48.812825;12.7694480578761;7.07822064053672;19670
-5.46517333333333;48.8132566666667;12.8910351925581;6.8542849957632;19683
-5.46046833333333;48.81518;12.7694480578761;7.07822064053672;19737
-5.453775;48.8179783333333;12.7694480578761;7.07822064053672;19816
-5.45117666666667;48.819055;12.7694480578761;7.07822064053672;19848
-5.450035;48.819525;12.8569095281286;7.12670132515106;19860
-5.44742166666667;48.82061;12.8569095281286;7.12670132515106;19887
-5.44637833333333;48.8210383333333;12.7694480578761;7.07822064053672;19900
-5.44532833333333;48.8214716666667;12.8569095281286;7.12670132515106;19912
-5.44481;48.8216933333333;12.8910351925581;6.8542849957632;19917
-5.44427833333333;48.8219033333333;12.8569095281286;7.12670132515106;19924
-5.44174;48.8229466666667;12.73057327045;7.34999990463257;19953
-5.44077166666667;48.82335;12.8569095281286;7.12670132515106;19966
-5.43797833333333;48.8245133333333;12.8569095281286;7.12670132515106;19995
-5.43648166666667;48.825125;12.8569095281286;7.12670132515106;20012
-5.420055;48.8318616666667;12.8569095281286;7.12670132515106;20199
-5.4169;48.8331566666667;12.8569095281286;7.12670132515106;20235
-5.40701833333333;48.8371966666667;12.8569095281286;7.12670132515106;20349
-5.40586166666667;48.837655;12.9443718324835;7.17518247211589;20361
-5.40701833333333;48.8371966666667;12.8569095281286;7.12670132515106;20371
-5.40213833333333;48.8391416666667;12.9793294466173;6.901231883408;20404
-5.396785;48.8412816666667;12.8569095281286;7.12670132515106;20464
-5.388265;48.844725;12.8569095281286;7.12670132515106;20560
-5.38664833333333;48.84535;12.9443718324835;7.17518247211589;20578
-5.388265;48.844725;12.8569095281286;7.12670132515106;20593
-5.37862833333333;48.8485616666667;12.9443718324835;7.17518247211589;20671
-5.37543;48.8498583333333;13.0318333027361;7.22366315673023;20704
-5.37223666666667;48.8511266666667;12.9443718324835;7.17518247211589;20740
-5.36646666666667;48.8534433333333;12.9443718324835;7.17518247211589;20805
-5.36584833333333;48.8536916666667;12.9443718324835;7.17518247211589;20814
-5.36381333333333;48.8545083333333;12.9443718324835;7.17518247211589;20834
-5.36124166666667;48.8555483333333;12.8569095281286;7.12670132515106;20867
-5.35733666666667;48.8571283333333;12.9443718324835;7.17518247211589;20910
-5.35518;48.8579666666667;12.9443718324835;7.17518247211589;20931
-5.35200333333333;48.8593;12.7717924534781;7.67406711968838;20966
-5.35095333333333;48.8597483333333;12.7717924534781;7.67406711968838;20981
-5.34988166666667;48.8602233333333;12.7717924534781;7.67406711968838;20990
-5.347875;48.8610916666667;12.7717924534781;7.67406711968838;21018
-5.34622333333333;48.861825;12.9903810567666;7.5;21032
-5.34569333333333;48.862055;12.9037781860257;7.44999980926514;21041
-5.3442;48.8626933333333;12.9903810567666;7.5;21059
-5.343075;48.86318;12.9903810567666;7.5;21070
-5.341505;48.8638483333333;12.7717924534781;7.67406711968838;21089
-5.33948;48.8647333333333;12.6359163092261;7.8957968349266;21110
-5.33789;48.8654333333333;12.8575095105317;7.72557112365082;21129
-5.33729;48.865695;12.9903810567666;7.5;21138
-5.33948;48.8647333333333;12.6359163092261;7.8957968349266;21144
-5.336315;48.86611;12.8575095105317;7.72557112365082;21150
-5.3348;48.8667683333333;12.8575095105317;7.72557112365082;21165
-5.3341;48.8670733333333;12.8575095105317;7.72557112365082;21172
-5.33357166666667;48.8673;12.8575095105317;7.72557112365082;21180
-5.33250666666667;48.8677666666667;12.8575095105317;7.72557112365082;21189
-5.33095333333333;48.86848;12.8575095105317;7.72557112365082;21211
-5.32955333333333;48.8690783333333;12.9037781860257;7.44999980926514;21226
-5.32830166666667;48.869605;12.6860762138829;7.62256360690452;21239
-5.32417333333333;48.8714116666667;12.8575095105317;7.72557112365082;21284
-5.32144666666667;48.8726033333333;12.9432265675853;7.77707512761326;21314
-5.31835833333333;48.873915;12.8575095105317;7.72557112365082;21351
-5.31669666666667;48.874645;12.8575095105317;7.72557112365082;21371
-5.31616666666667;48.8748733333333;12.9903810567666;7.5;21381
-5.31413833333333;48.8757533333333;12.8575095105317;7.72557112365082;21399
-5.31299666666667;48.8762583333333;12.8575095105317;7.72557112365082;21410
-5.31247333333333;48.8764966666667;12.8575095105317;7.72557112365082;21416
-5.31194166666667;48.8767266666667;12.8575095105317;7.72557112365082;21424
-5.31151;48.8769216666667;12.8575095105317;7.72557112365082;21431
-5.30843666666667;48.8782666666667;12.8575095105317;7.72557112365082;21465
-5.30089166666667;48.88155;12.8575095105317;7.72557112365082;21554
-5.299935;48.8819666666667;12.7717924534781;7.67406711968838;21560
-5.29932;48.8822316666667;12.9037781860257;7.44999980926514;21566
-5.29512666666667;48.884055;12.8575095105317;7.72557112365082;21614
-5.29416333333333;48.884475;12.8575095105317;7.72557112365082;21631
-5.29312333333333;48.8849383333333;12.7717924534781;7.67406711968838;21640
-5.286835;48.8877016666667;12.6860762138829;7.62256360690452;21711
-5.28518333333333;48.8884266666667;12.6860762138829;7.62256360690452;21729
-5.286835;48.8877016666667;12.6860762138829;7.62256360690452;21745
-5.27789333333333;48.89164;12.7717924534781;7.67406711968838;21814
-5.27694833333333;48.8920516666667;12.6003591568294;7.57105960294208;21825
-5.27182666666667;48.8942966666667;12.6003591568294;7.57105960294208;21885
-5.267505;48.8961683333333;12.6860762138829;7.62256360690452;21936
-5.23994333333333;48.90788;12.6003591568294;7.57105960294208;22251
-5.23785;48.9087466666667;12.6003591568294;7.57105960294208;22274
-5.2322;48.9111133333333;12.6003591568294;7.57105960294208;22339
-5.22644666666667;48.9135233333333;12.6003591568294;7.57105960294208;22410
-5.20226333333333;48.923585;12.5146429172342;7.51955609015823;22684
-5.20120333333333;48.924025;12.6003591568294;7.57105960294208;22698
-5.19974666666667;48.9246333333333;12.5146429172342;7.51955609015823;22716
-5.18144166666667;48.932195;12.5146429172342;7.51955609015823;22929
-5.173065;48.93565;12.6003591568294;7.57105960294208;23018
-5.164575;48.93913;12.6439712256153;7.30000019073487;23115
-5.15351;48.9434766666667;12.5573683548744;7.25;23241
-5.144535;48.9469783333333;12.6439712256153;7.30000019073487;23343
-5.12294;48.9554066666667;12.5573683548744;7.25;23589
-5.121885;48.95581;12.4707654841334;7.19999980926514;23602
-5.12135666666667;48.95602;12.5573683548744;7.25;23607
-5.11302666666667;48.959265;12.5573683548744;7.25;23704
-5.0741;48.9744766666667;12.4707654841334;7.19999980926514;24147
-5.06034833333333;48.979865;12.5573683548744;7.25;24302
-5.04672;48.9851266666667;12.6819857535212;7.02973949357189;24461
-5.01933166666667;48.9957316666667;12.4707654841334;7.19999980926514;24771
-5.01035;48.9992416666667;12.4707654841334;7.19999980926514;24873
-5.004685;49.00142;12.5945234491664;6.98125834660706;24942
-5.00196833333333;49.002445;12.2574925635319;7.36504456944949;24971
-4.98381166666667;49.0094866666667;12.3841634392987;7.15000009536743;25179
-4.979565;49.0111083333333;12.3841634392987;7.15000009536743;25228
-4.96182166666667;49.0179016666667;12.343208803127;7.41654808223335;25431
-4.96130666666667;49.018115;12.343208803127;7.41654808223335;25438
-4.947175;49.0235716666667;12.4707654841334;7.19999980926514;25599
