"x";"y";"vx";"vy";"t"
-5.57773166666667;48.9527266666667;-7.54307240967027;-4.5323351574442;0
-5.58734666666667;48.9489583333333;-7.78411505989968;-4.3148054352522;177
-5.64318;48.9270466666667;-7.79422863405995;-4.5;1209
-5.64644666666667;48.9257466666667;-7.87157736425456;-4.36328658221703;1269
-5.65039333333333;48.9242166666667;-7.88083150480086;-4.55000019073487;1341
-5.65251333333333;48.92336;-8.05403642037651;-4.65000009536744;1380
-5.65367166666667;48.92291;-8.05403642037651;-4.65000009536744;1400
-5.65429;48.9226733333333;-7.88593900296774;-4.73835019093678;1414
-5.65709;48.9215583333333;-8.14063846521125;-4.69999980926514;1458
-5.65816333333333;48.9211316666667;-7.97165178036573;-4.98124088164397;1478
-5.66263;48.9193183333333;-8.04650113886197;-4.4602484137962;1560
-5.66427333333333;48.9186583333333;-7.71576906513419;-5.0106790182566;1589
-5.76246166666667;48.8755516666667;-5.50633400777209;-7.86385993765603;3411
-5.769475;48.86745;-5.44897614533494;-7.78194442074542;3624
-5.77048666666667;48.8663566666667;-5.17407083264276;-7.96737039548153;3649
-5.90257333333333;48.603785;6.4278760968654;-7.66044443118978;10138
-5.88705333333333;48.58911;6.75178350445701;-7.24040136704049;10528
-5.88631333333333;48.5884566666667;7.00035686400699;-7.00035686400699;10548
-5.88580333333333;48.5880333333333;7.04953018052196;-6.80765216299374;10560
-5.87976333333333;48.5831566666667;6.61538396252537;-7.0941307662113;10699
-5.87414166666667;48.5785683333333;6.80765216299374;-7.04953018052196;10831
-5.86627833333333;48.5721883333333;7.00035686400699;-7.00035686400699;11008
-5.86584;48.5718433333333;6.80765216299374;-7.04953018052196;11018
-5.86627833333333;48.5721883333333;7.00035686400699;-7.00035686400699;11042
-5.82761333333333;48.5404716666667;6.92964659049808;-6.92964659049808;11909
-5.82340666666667;48.53698;6.92964659049808;-6.92964659049808;12006
-5.82289833333333;48.5365483333333;7.00035686400699;-7.00035686400699;12024
-5.81777666666667;48.53227;6.92964659049808;-6.92964659049808;12139
-5.81519666666667;48.530125;6.92964659049808;-6.92964659049808;12199
-5.81485333333333;48.5298383333333;6.80765216299374;-7.04953018052196;12206
-5.81006333333333;48.5259066666667;7.35713348873895;-6.62439274769963;12316
-5.79899;48.5170316666667;7.35713348873895;-6.62439274769963;12568
-5.79587666666667;48.514565;7.16726641536252;-6.68358405869335;12638
-5.78975833333333;48.50971;7.24040136704049;-6.75178350445701;12777
-5.78881166666667;48.5089566666667;7.12146374894629;-6.87711760255293;12797
-5.78165;48.5033483333333;7.19339800338651;-6.94658370458997;12959
-5.77900833333333;48.501265;7.12146374894629;-6.87711760255293;13018
-5.77445333333333;48.497715;7.04953018052196;-6.80765216299374;13117
-5.77176333333333;48.4956083333333;7.00035686400699;-7.00035686400699;13181
-5.769615;48.49393;7.12146374894629;-6.87711760255293;13226
-5.76728333333333;48.492125;7.00035686400699;-7.00035686400699;13278
-5.75480833333333;48.482355;7.04953018052196;-6.80765216299374;13560
-5.74220833333333;48.472875;7.2085046653871;-6.49056675405439;13839
-5.740765;48.4718266666667;6.8589356426396;-6.8589356426396;13866
-5.74220833333333;48.472875;7.2085046653871;-6.49056675405439;13871
-5.73418333333333;48.4667333333333;7.28281943142209;-6.55748006994335;14019
-5.733175;48.465995;7.04953018052196;-6.80765216299374;14038
-5.73282166666667;48.4657333333333;6.8589356426396;-6.8589356426396;14049
-5.73012;48.463645;7.04953018052196;-6.80765216299374;14109
-5.72488;48.4595583333333;7.09413076621131;-6.61538396252537;14227
-5.72356;48.45854;6.97759592608174;-6.7381860609567;14259
-5.719515;48.4554383333333;6.78822536913069;-6.78822536913069;14349
-5.710655;48.448695;6.97759592608174;-6.7381860609567;14550
-5.709745;48.4479783333333;6.90566235765741;-6.66872062139751;14568
-5.70882;48.44728;7.02099581453333;-6.54718451676171;14590
-5.70837166666667;48.44695;6.90566235765741;-6.66872062139751;14598
-5.7075;48.446285;6.90566235765741;-6.66872062139751;14618
-5.706675;48.44564;7.13419060807024;-6.42365407629811;14639
-5.70353;48.4432866666667;7.02099581453333;-6.54718451676171;14711
-5.702635;48.4426366666667;6.83372810321719;-6.59925451936047;14731
-5.70353;48.4432866666667;7.02099581453333;-6.54718451676171;14746
-5.69651833333333;48.4380683333333;6.94786016538212;-6.47898442059373;14867
-5.692105;48.434815;6.94786016538212;-6.47898442059373;14966
-5.691585;48.4344116666667;6.94786016538212;-6.47898442059373;14982
-5.69034;48.4334983333333;6.83372810321719;-6.59925451936047;15008
-5.68990666666667;48.4331583333333;6.90566235765741;-6.66872062139751;15017
-5.68897333333333;48.432455;6.90566235765741;-6.66872062139751;15039
-5.68858333333333;48.4321483333333;7.02099581453333;-6.54718451676171;15047
-5.688035;48.4317566666667;7.02099581453333;-6.54718451676171;15058
-5.68723;48.4311516666667;6.90566235765741;-6.66872062139751;15077
-5.68678166666667;48.43082;6.90566235765741;-6.66872062139751;15086
-5.68452;48.4291483333333;6.97759592608174;-6.7381860609567;15137
-5.683535;48.4283966666667;7.09413076621131;-6.61538396252537;15162
-5.68260833333333;48.4277283333333;7.04953018052196;-6.80765216299374;15178
-5.68223833333333;48.42746;7.04953018052196;-6.80765216299374;15188
-5.68178666666667;48.42712;7.04953018052196;-6.80765216299374;15203
-5.68134333333333;48.4267783333333;7.16726641536252;-6.68358405869335;15209
-5.67713166666667;48.4237;6.92964659049808;-6.92964659049808;15300
-5.676725;48.4234;6.8589356426396;-6.8589356426396;15308
-5.67713166666667;48.4237;6.92964659049808;-6.92964659049808;15334
-5.67213333333333;48.4200083333333;6.8589356426396;-6.8589356426396;15407
-5.67038666666667;48.4187266666667;7.16726641536252;-6.68358405869335;15448
-5.667575;48.4166766666667;7.16726641536252;-6.68358405869335;15509
-5.66705;48.4163183333333;7.04953018052196;-6.80765216299374;15518
-5.657;48.4089383333333;7.16726641536252;-6.68358405869335;15740
-5.65607166666667;48.4082733333333;6.8589356426396;-6.8589356426396;15759
-5.65571;48.408005;6.97759592608174;-6.7381860609567;15767
-5.653345;48.4063066666667;6.78822536913069;-6.78822536913069;15821
-5.65252;48.4056566666667;7.13419060807024;-6.42365407629811;15845
-5.65206166666667;48.40532;7.09413076621131;-6.61538396252537;15850
-5.65062833333333;48.404305;6.8589356426396;-6.8589356426396;15879
-5.64932;48.4033316666667;7.2085046653871;-6.49056675405439;15908
-5.64843333333333;48.4027133333333;6.8589356426396;-6.8589356426396;15927
-5.64709833333333;48.4017116666667;7.02099581453333;-6.54718451676171;15961
-5.64608666666667;48.400995;6.90566235765741;-6.66872062139751;15978
-5.64518166666667;48.4003316666667;6.97759592608174;-6.7381860609567;16002
-5.644835;48.4000616666667;7.02099581453333;-6.54718451676171;16007
-5.64388166666667;48.3993683333333;7.09413076621131;-6.61538396252537;16027
-5.643415;48.399055;6.97759592608174;-6.7381860609567;16050
-5.64255166666667;48.398425;6.97759592608174;-6.7381860609567;16057
-5.64201833333333;48.398025;6.97759592608174;-6.7381860609567;16068
-5.6371;48.3944733333333;6.90566235765741;-6.66872062139751;16177
-5.63654166666667;48.394085;6.90566235765741;-6.66872062139751;16190
-5.63612833333333;48.3937933333333;6.97759592608174;-6.7381860609567;16200
-5.63063666666667;48.3898966666667;7.09413076621131;-6.61538396252537;16319
-5.63013833333333;48.3895233333333;7.2085046653871;-6.49056675405439;16331
-5.62735833333333;48.38756;7.2085046653871;-6.49056675405439;16387
-5.62693166666667;48.38728;7.02099581453333;-6.54718451676171;16400
-5.62650333333333;48.38699;6.8589356426396;-6.8589356426396;16411
-5.62464166666667;48.3856416666667;7.09413076621131;-6.61538396252537;16452
-5.61791333333333;48.3808066666667;7.02099581453333;-6.54718451676171;16596
-5.61602;48.3794983333333;6.78822536913069;-6.78822536913069;16637
-5.61250833333333;48.3768783333333;7.13419060807024;-6.42365407629811;16716
-5.60882666666667;48.3742083333333;7.09413076621131;-6.61538396252537;16798
-5.60252333333333;48.3696566666667;6.83372810321719;-6.59925451936047;16938
-5.60076166666667;48.3683466666667;7.02099581453333;-6.54718451676171;16982
-5.598095;48.3663783333333;7.02099581453333;-6.54718451676171;17040
-5.59767833333333;48.366095;6.90566235765741;-6.66872062139751;17051
-5.59682333333333;48.3654766666667;6.90566235765741;-6.66872062139751;17066
-5.598095;48.3663783333333;7.02099581453333;-6.54718451676171;17104
-5.59361333333333;48.363105;7.13419060807024;-6.42365407629811;17142
-5.59097;48.36117;7.02099581453333;-6.54718451676171;17197
-5.590025;48.3604916666667;6.83372810321719;-6.59925451936047;17219
-5.58824333333333;48.3591883333333;6.94786016538212;-6.47898442059373;17267
-5.58738333333333;48.35859;6.64680347341372;-6.64680347341372;17281
-5.58693166666667;48.358265;6.90566235765741;-6.66872062139751;17290
-5.57981666666667;48.3530833333333;6.76179384877697;-6.52978841732343;17448
-5.578985;48.3524683333333;6.57609319990481;-6.57609319990481;17472
-5.577675;48.35147;6.80158956455293;-6.3425848786621;17497
-5.57666666666667;48.35077;6.83372810321719;-6.59925451936047;17517
-5.57500833333333;48.3495416666667;6.87472451623091;-6.41078432442576;17560
-5.57402;48.34884;6.64680347341372;-6.64680347341372;17578
-5.57315833333333;48.348185;6.87472451623091;-6.41078432442576;17598
-5.57280333333333;48.34792;7.05987584203524;-6.35674076040915;17606
-5.571825;48.3472066666667;6.76179384877697;-6.52978841732343;17631
-5.569145;48.3453066666667;6.68986028035264;-6.46032297776424;17691
-5.56783333333333;48.3443366666667;6.87472451623091;-6.41078432442576;17717
-5.56747666666667;48.3440833333333;6.80158956455293;-6.3425848786621;17727
-5.56783333333333;48.3443366666667;6.87472451623091;-6.41078432442576;17736
-5.56605666666667;48.3430666666667;6.76179384877697;-6.52978841732343;17761
-5.56519333333333;48.3424133333333;6.80158956455293;-6.3425848786621;17790
-5.563415;48.3411516666667;6.64680347341372;-6.64680347341372;17818
-5.56175666666667;48.3399283333333;6.80158956455293;-6.3425848786621;17861
-5.56078666666667;48.339225;6.68986028035264;-6.46032297776424;17878
-5.56175666666667;48.3399283333333;6.80158956455293;-6.3425848786621;17886
-5.55909;48.3379816666667;6.87472451623091;-6.41078432442576;17921
-5.55195;48.3328133333333;6.91124701868339;-6.22291476676392;18078
-5.55113166666667;48.332265;6.57609319990481;-6.57609319990481;18106
-5.55018;48.3315583333333;6.80158956455293;-6.3425848786621;18123
-5.54930333333333;48.330925;6.80158956455293;-6.3425848786621;18140
-5.548495;48.3303683333333;6.57609319990481;-6.57609319990481;18158
-5.545295;48.32771;6.03574294157934;-6.94332799410007;18239
-5.54483333333333;48.3273016666667;5.91364588651416;-7.04760873058321;18255
-5.54447166666667;48.3269566666667;6.03574294157934;-6.94332799410007;18267
-5.545295;48.32771;6.03574294157934;-6.94332799410007;18276
-5.54331333333333;48.3259833333333;6.15600145087496;-6.8369322526484;18287
-5.54210333333333;48.324935;6.10134909474505;-7.01879924002121;18318
-5.53973833333333;48.32289;6.10134909474505;-7.01879924002121;18382
-5.539435;48.3226116666667;6.22291476676392;-6.91124701868339;18389
-5.53973833333333;48.32289;6.10134909474505;-7.01879924002121;18396
-5.53858666666667;48.321905;6.10134909474505;-7.01879924002121;18410
-5.53815166666667;48.321525;6.16695462224411;-7.0942697661952;18419
-5.53777;48.3211783333333;6.2898274445202;-6.98556107600025;18429
-5.534665;48.3185233333333;6.27438478249412;-6.72845391540172;18507
-5.53340666666667;48.317485;6.10134909474505;-7.01879924002121;18538
-5.532275;48.3165066666667;6.3425848786621;-6.80158956455293;18566
-5.53095666666667;48.31544;6.03574294157934;-6.94332799410007;18603
-5.51938;48.3062116666667;5.91364588651416;-7.04760873058321;18879
-5.51906333333333;48.3059466666667;6.15600145087496;-6.8369322526484;18888
-5.518655;48.3056183333333;6.27438478249412;-6.72845391540172;18900
-5.517385;48.3046566666667;5.91364588651416;-7.04760873058321;18930
-5.51691333333333;48.3042583333333;5.97013741408027;-6.86785746792608;18938
-5.514425;48.3023116666667;5.97013741408027;-6.86785746792608;19000
-5.51410333333333;48.302045;6.15600145087496;-6.8369322526484;19010
-5.51244666666667;48.3007366666667;5.91364588651416;-7.04760873058321;19053
-5.51162666666667;48.3000666666667;6.3425848786621;-6.80158956455293;19076
-5.51068;48.2993616666667;6.03574294157934;-6.94332799410007;19089
-5.50196666666667;48.2925616666667;6.27438478249412;-6.72845391540172;19298
-5.49946;48.290595;6.22291476676392;-6.91124701868339;19370
-5.49811833333333;48.28956;6.03574294157934;-6.94332799410007;19389
-5.49731;48.2889;6.27438478249412;-6.72845391540172;19412
-5.49565666666667;48.2875966666667;6.03574294157934;-6.94332799410007;19454
-5.49449;48.2866766666667;6.03574294157934;-6.94332799410007;19479
-5.489445;48.2827033333333;6.03574294157934;-6.94332799410007;19599
-5.489105;48.2824366666667;6.03574294157934;-6.94332799410007;19611
-5.48868833333333;48.2821083333333;6.15600145087496;-6.8369322526484;19619
-5.488245;48.2817533333333;6.3425848786621;-6.80158956455293;19640
-5.48703;48.28084;5.91364588651416;-7.04760873058321;19659
-5.48485666666667;48.2792033333333;5.40762420897961;-7.44295619394177;19716
-5.4845;48.2789133333333;5.21954578959657;-7.45428391551153;19736
-5.48227;48.27688;5.34884602008379;-7.36205495742751;19779
-5.48035;48.2751;5.34884602008379;-7.36205495742751;19831
-5.47545;48.2706716666667;5.21954578959657;-7.45428391551153;19959
-5.470865;48.266625;5.33426096746575;-7.61811416812847;20086
-5.46892;48.2649333333333;5.21954578959657;-7.45428391551153;20130
-5.46704166666667;48.2632366666667;5.53669809821174;-7.34744654010746;20186
-5.46630166666667;48.2625933333333;5.14457460527329;-7.62714550938002;20202
-5.46587166666667;48.262175;5.40762420897961;-7.44295619394177;20208
-5.46435333333333;48.2608;5.2769031050286;-7.53619865121787;20248
-5.46324333333333;48.2597483333333;5.72565183795673;-7.32850015884364;20286
-5.46292833333333;48.2594833333333;5.66408545556795;-7.24969878288072;20291
-5.46206166666667;48.2587383333333;5.33426096746575;-7.61811416812847;20322
-5.460645;48.2574266666667;5.66408545556795;-7.24969878288072;20353
-5.45676166666667;48.2539433333333;5.53669809821174;-7.34744654010746;20451
-5.45405666666667;48.2515833333333;5.53669809821174;-7.34744654010746;20526
-5.45292;48.2505483333333;5.53669809821174;-7.34744654010746;20554
-5.45221166666667;48.24993;5.59687983010115;-7.42731039576746;20571
-5.45063666666667;48.2485166666667;5.53669809821174;-7.34744654010746;20607
-5.44979833333333;48.247805;5.53669809821174;-7.34744654010746;20627
-5.44947666666667;48.2475366666667;5.33426096746575;-7.61811416812847;20640
-5.44517333333333;48.243685;5.46640295843114;-7.52385820199476;20757
-5.44214166666667;48.2410016666667;5.46640295843114;-7.52385820199476;20831
-5.42418333333333;48.225905;5.47651694025785;-7.26758344608564;21280
-5.41837;48.2213933333333;5.7268157986202;-7.07202854571609;21417
-5.41537333333333;48.2191933333333;5.54095327793093;-7.0920967824605;21489
-5.41177666666667;48.216445;5.41633520836843;-7.18771959042564;21578
-5.39196833333333;48.2013966666667;5.54095327793093;-7.0920967824605;22059
-5.38675;48.197375;5.35615347647902;-7.10785573476564;22187
-5.38597666666667;48.1967766666667;5.29006727063226;-7.28115294937453;22212
-5.38309333333333;48.19453;5.47938689554215;-7.01329540649758;22281
-5.381455;48.19329;5.35615347647902;-7.10785573476564;22318
-5.378565;48.19108;5.60251966031971;-7.17089815842342;22388
-5.37453833333333;48.1879933333333;5.41633520836843;-7.18771959042564;22489
-5.37364333333333;48.187285;5.7268157986202;-7.07202854571609;22510
-5.37321166666667;48.1869766666667;5.66408545556795;-7.24969878288072;22521
-5.37453833333333;48.1879933333333;5.41633520836843;-7.18771959042564;22544
-5.365675;48.1813216666667;5.53669809821174;-7.34744654010746;22707
-5.36219666666667;48.1786883333333;5.66408545556795;-7.24969878288072;22778
-5.35883333333333;48.1761983333333;5.72565183795673;-7.32850015884364;22856
-5.35196;48.1711016666667;5.78974747762517;-7.1497426971753;23017
-5.34886833333333;48.1688516666667;5.53669809821174;-7.34744654010746;23090
-5.34515666666667;48.166065;5.78974747762517;-7.1497426971753;23178
-5.34373833333333;48.165075;5.2769031050286;-7.53619865121787;23209
-5.34253166666667;48.1641466666667;5.78974747762517;-7.1497426971753;23238
-5.34085833333333;48.1629183333333;5.47651694025785;-7.26758344608564;23282
-5.33649833333333;48.1596966666667;5.40762420897961;-7.44295619394177;23379
-5.32846666666667;48.1533966666667;4.63534267419049;-7.71450570631901;23579
-5.327695;48.1527083333333;3.85766617535654;-7.90938777886403;23601
-5.32846666666667;48.1533966666667;4.63534267419049;-7.71450570631901;23606
-5.28898166666667;48.1189483333333;5.84936749335152;-6.97100472460546;24617
-5.28766;48.1180866666667;6.08908877311868;-6.76261819533154;24650
-5.28107166666667;48.1139066666667;6.03574294157934;-6.94332799410007;24788
-5.27702666666667;48.1112566666667;6.15600145087496;-6.8369322526484;24880
-5.16999333333333;48.0323;4.12030459928044;-6.8573384056169;27517
-5.16456166666667;48.0277633333333;4.23935411386564;-6.78438476925141;27680
-5.16181166666667;48.0254883333333;4.18636223797936;-6.69958004051193;27758
-5.12366833333333;48.01086;5.77769431253877;-5.38778710953417;28560
-5.11944166666667;48.0090166666667;5.92396526210458;-5.52418697666796;28647
-5.116285;48.007565;5.89858622557376;-5.69619850526821;28717
-5.112475;48.005875;5.79827547085977;-5.79827547085977;28796
-5.07107333333333;47.985535;5.86898641871826;-5.86898641871826;29708
-5.04032666666667;47.970655;6.68345556498761;-5.41215560309528;30350
