"x";"y";"vx";"vy";"t"
-5.90212166666667;48.691805;-5.54095327793092;-7.0920967824605;0
-5.87601333333333;48.5993133333333;4.40792584776045;-11.4830394239819;2081
-5.87171;48.5909583333333;2.06641324799495;-11.7192118851709;2239
-5.86891;48.58413;1.62832525468761;-11.5861362153977;2381
-5.86507666666667;48.574365;1.76770948479212;-11.1608784371117;2602
-5.86224;48.5679066666667;1.89276507032802;-10.7344041321587;2695
-5.859275;48.5609916666667;1.92749483834445;-10.9313664341099;2876
-5.85673;48.5543333333333;1.54482147374705;-10.9919759407887;2979
-5.851495;48.5397666666667;0.823126403485673;-11.7712559833362;3237
-5.849175;48.5303983333333;0.586162699938679;-11.1846505987778;3424
-5.84775666666667;48.5241566666667;0.586162699938679;-11.1846505987778;3568
-5.84557166666667;48.51548;0.795223774073048;-11.3722297924215;3719
-5.841465;48.5089033333333;6.43797593637568;-10.7145912587764;3852
-5.83066833333333;48.498135;6.98991129338434;-10.362969656938;4076
-5.82307333333333;48.49079;5.42986765428888;-9.79574055314076;4247
-5.81443166666667;48.481885;5.84999990463257;-10.1324970590967;4419
-5.80853166666667;48.475025;5.67227246441205;-10.2330504067105;4575
-5.80321666666667;48.4687166666667;5.07141914088839;-10.8756934444398;4701
-5.797345;48.4609083333333;4.45781831874828;-11.0334875156522;4875
-5.78850666666667;48.4489266666667;4.07003957510513;-11.182341828888;5087
-5.78235;48.4407666666667;4.53248123952768;-10.677856651193;5267
-5.77661166666667;48.4331316666667;4.9215135363749;-11.0539003859654;5427
-5.771495;48.4260483333333;4.49340797762665;-10.5858058147031;5558
-5.76537333333333;48.4178916666667;5.1559427126285;-11.0569548289826;5723
-5.75438333333333;48.4027716666667;4.45781831874828;-11.0334875156522;6018
-5.74925833333333;48.3957116666667;4.72004321994157;-11.6825169212341;6161
-5.74403166666667;48.3886716666667;4.80599295494412;-11.3222098730374;6299
-5.73919833333333;48.38208;5.04353421898221;-11.3279633262783;6435
-5.733145;48.3735983333333;5.02915715349825;-10.7850623200072;6617
-5.72752;48.36556;5.07141914088839;-10.8756934444398;6765
-5.71966333333333;48.3554416666667;5.49328522003215;-10.7811792825713;6980
-5.71446166666667;48.3494883333333;6.25404391623756;-11.2825938884573;7094
-5.706285;48.340005;5.44788599687456;-10.6920782902604;7273
-5.69541;48.32784;6.09999990463257;-10.5655097609889;7550
-5.68720833333333;48.3184666666667;6.7829666832591;-10.8550157925546;7722
-5.67918;48.30933;6.69906023456648;-10.3156481456924;7912
-5.67150833333333;48.300975;6.25404391623756;-11.2825938884573;8062
-5.663575;48.2918683333333;6.5180070511425;-10.4309917444764;8252
-5.658295;48.2858066666667;6.62399080291506;-10.6006012019553;8361
-5.65263;48.2793183333333;6.35903117079846;-10.1765771538771;8494
-5.64889333333333;48.2748833333333;6.10860140004404;-11.0202086435973;8581
-5.64201166666667;48.266815;6.72997455468762;-10.7702106594343;8737
-5.636475;48.26044;6.30000019073486;-10.9119204180464;8908
-5.630315;48.2533266666667;6.86245204895264;-10.5672494760398;9013
-5.62230333333333;48.2437666666667;6.30000019073486;-10.9119204180464;9219
-5.617205;48.2377766666667;6.25;-10.8253175473055;9320
-5.61119666666667;48.2308133333333;6.40000009536743;-11.0851253336221;9471
-5.60501333333333;48.2236916666667;6.15000009536743;-10.6521126317298;9611
-5.59942166666667;48.21702;6.69999980926514;-11.604740080349;9734
-5.593835;48.21038;6.62399080291506;-10.6006012019553;9865
-5.58845;48.2037983333333;6.05000019073486;-10.4789077161542;10000
-5.58336666666667;48.19766;6.69549497383071;-11.1431749091275;10108
-5.57709166666667;48.1900566666667;6.62399080291506;-10.6006012019553;10278
-5.57207833333333;48.1839133333333;5.72755297644328;-10.77196046447;10380
-5.56664333333333;48.177115;6.62399080291506;-10.6006012019553;10517
-5.56060833333333;48.1698683333333;6.44999980926514;-11.1717273784568;10669
-5.55361833333333;48.1614833333333;6.10860140004404;-11.0202086435973;10816
-5.54462166666667;48.150285;6.74699897779315;-11.228891966181;11021
-5.53698333333333;48.1409783333333;6.35903117079846;-10.1765771538771;11210
-5.53075333333333;48.1333066666667;6.69549497383071;-11.1431749091275;11370
-5.525215;48.1264583333333;6.20556323162321;-11.1951324182047;11477
-5.51536333333333;48.11417;6.38647193241324;-10.6288742017228;11739
-5.50563666666667;48.1024;6.15708208465839;-11.1076701138499;11967
-5.50029166666667;48.095595;6.30000019073486;-10.9119204180464;12072
-5.49589166666667;48.08979;6.40000009536743;-11.0851253336221;12182
-5.49085166666667;48.0834916666667;6.72997455468762;-10.7702106594343;12305
-5.48493833333333;48.07613;7.20690219571974;-11.5334544312321;12443
-5.47898333333333;48.068875;6;-10.3923048454133;12579
-5.47212;48.060675;6.5180070511425;-10.4309917444764;12783
-5.46677833333333;48.0544733333333;6.88895043503166;-11.0246252500335;12863
-5.46053166666667;48.0473516666667;6.41202329936994;-10.2613822869974;13001
-5.45400666666667;48.0396433333333;6.72997455468762;-10.7702106594343;13176
-5.44741333333333;48.0318933333333;6.91691564080919;-10.6511160529432;13322
-5.44214;48.0256366666667;6.72997455468762;-10.7702106594343;13442
-5.43642833333333;48.01901;7.08030745519535;-10.9027173832905;13577
-5.42835;48.009675;6.88895043503166;-11.0246252500335;13742
-5.419595;47.9990783333333;7.43726572281852;-11.0261998731084;13959
-5.41029833333333;47.98805;6.88895043503166;-11.0246252500335;14134
-5.40449166666667;47.9811216666667;6.67698293148654;-10.6854063350756;14281
-5.39796333333333;47.973285;6.971379752074;-10.7349834296651;14432
-5.38295666666667;47.9554883333333;7.13477156646016;-10.9865847600125;14767
-5.37681;47.9481816666667;7.57120885043279;-10.8128068283738;14924
-5.36676;47.9362;6.88895043503166;-11.0246252500335;15139
