"x";"y";"vx";"vy";"t"
-6.63455;47.4731333333333;8.32257273871734;19.6067526762475;0
-6.5392;47.6004333333333;12.461047797045;17.1511608979799;1439
-6.53656666666667;47.60345;12.1024630258091;17.2841084469794;1479
-6.53393333333333;47.6064333333333;12.1024630258091;17.2841084469794;1511
-6.5309;47.6098833333333;12.4022690475935;17.0702588899269;1553
-6.43998333333333;47.6953;12.9640002956933;16.0092071024713;2668
-6.4383;47.6968166666667;12.9640002956933;16.0092071024713;2686
-6.43326666666667;47.7013833333333;12.6826266265648;16.2330218249007;2742
-6.42325;47.7105166666667;12.9640002956933;16.0092071024713;2860
-6.38883333333333;47.74345;11.1812966774688;17.8938151524053;3276
-6.38545;47.74735;10.2294831721379;18.4544761542822;3323
-6.36021666666667;47.8284666666667;11.1812966774688;17.8938151524053;4175
-6.35886666666667;47.8300666666667;12.638115486193;16.7713457109931;4197
-6.35771666666667;47.83105;13.369981791072;15.9337238324292;4206
-6.35525;47.8332333333333;14.7078205092005;14.7078205092005;4229
-6.35495;47.8335;14.7078205092005;14.7078205092005;4234
-6.33816666666667;47.8520333333333;9.85890281850371;18.5418994500375;4466
-6.3375;47.85315;10.1810020251731;18.3670138499273;4477
-6.3336;47.8584333333333;10.918807581036;18.1719474288515;4535
-6.30185;47.89985;10.918807581036;18.1719474288515;5010
-6.29936666666667;47.9030166666667;11.0218146066037;18.3433799080418;5048
-6.29735;47.9056833333333;10.9703106026413;18.2576628509882;5072
-6.29558333333333;47.9079666666667;10.9703106026413;18.2576628509882;5098
-6.29525;47.9084333333333;10.918807581036;18.1719474288515;5105
-6.2937;47.9105;11.0218146066037;18.3433799080418;5129
-6.29325;47.9111;11.0218146066037;18.3433799080418;5137
-6.29136666666667;47.9136666666667;11.3402720524424;18.1482289342428;5164
-6.28841666666667;47.9174333333333;11.3402720524424;18.1482289342428;5208
-6.28623333333333;47.9201333333333;11.0218146066037;18.3433799080418;5242
-6.28501666666667;47.9215166666667;11.3402720524424;18.1482289342428;5257
-6.28306666666667;47.92415;11.0733186105662;18.4290969650954;5289
-6.28221666666667;47.9251666666667;11.0218146066037;18.3433799080418;5296
-6.28133333333333;47.9262166666667;11.0733186105662;18.4290969650954;5308
-6.27773333333333;47.9311666666667;11.0733186105662;18.4290969650954;5362
-6.27706666666667;47.93215;11.0218146066037;18.3433799080418;5380
-6.27608333333333;47.9332833333333;11.0218146066037;18.3433799080418;5386
-6.27535;47.9342166666667;11.0218146066037;18.3433799080418;5400
-6.27376666666667;47.9363;11.0218146066037;18.3433799080418;5422
-6.27301666666667;47.9373666666667;10.9703106026413;18.2576628509882;5438
-6.27206666666667;47.9384833333333;11.0218146066037;18.3433799080418;5449
-6.27141666666667;47.9394666666667;11.0218146066037;18.3433799080418;5459
-6.27016666666667;47.94105;10.8673035770736;18.0862303717979;5479
-6.26936666666667;47.94205;10.9703106026413;18.2576628509882;5489
-6.26806666666667;47.94365;10.9703106026413;18.2576628509882;5508
-6.26785;47.9442166666667;10.9703106026413;18.2576628509882;5513
-6.26703333333333;47.9452;10.9703106026413;18.2576628509882;5528
-6.26588333333333;47.9467;10.918807581036;18.1719474288515;5543
-6.26406666666667;47.9489333333333;10.918807581036;18.1719474288515;5569
-6.2612;47.9526666666667;11.2342888060403;17.9786202855256;5608
-6.26086666666667;47.953;10.918807581036;18.1719474288515;5617
-6.26055;47.9534833333333;10.918807581036;18.1719474288515;5624
-6.25835;47.9561666666667;10.918807581036;18.1719474288515;5653
-6.25723333333333;47.9576666666667;10.6000003814697;18.359739220955;5671
-6.25556666666667;47.95965;10.8673035770736;18.0862303717979;5697
-6.25308333333333;47.9629833333333;10.8673035770736;18.0862303717979;5727
-6.2527;47.9633833333333;10.8673035770736;18.0862303717979;5736
-6.25153333333333;47.96505;10.6000003814697;18.359739220955;5751
-6.24155;47.9780666666667;10.6999998092651;18.5329433106245;5903
-6.24071666666667;47.97925;10.6999998092651;18.5329433106245;5915
-6.23275;47.9898166666667;10.6999998092651;18.5329433106245;6037
-6.23155;47.9913666666667;10.6999998092651;18.5329433106245;6052
-6.23073333333333;47.99235;10.6999998092651;18.5329433106245;6066
-6.22956666666667;47.9940333333333;10.9703106026413;18.2576628509882;6083
-6.22868333333333;47.9952;10.9703106026413;18.2576628509882;6097
-6.22776666666667;47.9962666666667;11.0218146066037;18.3433799080418;6109
-6.22705;47.99715;11.0218146066037;18.3433799080418;6120
-6.22456666666667;48.0003333333333;10.6499996185303;18.4463404398836;6158
-6.2205;48.0054166666667;10.9703106026413;18.2576628509882;6217
-6.20743333333333;48.0224833333333;10.6999998092651;18.5329433106245;6411
-6.20675;48.0235666666667;10.6999998092651;18.5329433106245;6418
-6.20588333333333;48.02455;10.6999998092651;18.5329433106245;6431
-6.2044;48.0265666666667;10.6999998092651;18.5329433106245;6456
-6.2019;48.0298666666667;10.6999998092651;18.5329433106245;6490
-6.20041666666667;48.03185;10.6999998092651;18.5329433106245;6513
-6.1994;48.0330333333333;10.75;18.6195461813654;6526
-6.1979;48.0351833333333;10.75;18.6195461813654;6551
-6.1954;48.0382;10.75;18.6195461813654;6585
-6.19455;48.03935;10.75;18.6195461813654;6599
-6.19341666666667;48.0410166666667;10.75;18.6195461813654;6618
-6.1914;48.0436833333333;11.1248226145286;18.514814022149;6652
-6.1906;48.0446666666667;10.8000001907349;18.7061490521064;6659
-6.18808333333333;48.048;10.8000001907349;18.7061490521064;6697
-6.18723333333333;48.0490333333333;10.8000001907349;18.7061490521064;6707
-6.18491666666667;48.0521666666667;10.75;18.6195461813654;6746
-6.18181666666667;48.0560833333333;11.176326618491;18.6005310792026;6785
-6.18153333333333;48.05655;11.176326618491;18.6005310792026;6790
-6.18116666666667;48.0569166666667;10.8999996185303;18.8793531417758;6798
-6.1807;48.05755;10.8500003814697;18.7927519228473;6806
-6.1777;48.0613833333333;10.8500003814697;18.7927519228473;6846
-6.17735;48.06175;10.8500003814697;18.7927519228473;6851
-6.17603333333333;48.0634;10.8500003814697;18.7927519228473;6872
-6.17486666666667;48.0651;10.8999996185303;18.8793531417758;6894
-6.17351666666667;48.0665833333333;10.8999996185303;18.8793531417758;6907
-6.17238333333333;48.0682166666667;10.8999996185303;18.8793531417758;6921
-6.17066666666667;48.0704;11.2278296400963;18.6862465013393;6947
-6.16905;48.0725166666667;10.8500003814697;18.7927519228473;6973
-6.1682;48.0735333333333;10.8500003814697;18.7927519228473;6986
-6.16655;48.0757166666667;10.8500003814697;18.7927519228473;7009
-6.16488333333333;48.07785;10.8999996185303;18.8793531417758;7031
-6.1632;48.0800333333333;10.8999996185303;18.8793531417758;7056
-6.16221666666667;48.0811833333333;11.2278296400963;18.6862465013393;7069
-6.15858333333333;48.08585;10.8999996185303;18.8793531417758;7123
-6.15823333333333;48.0865333333333;10.8999996185303;18.8793531417758;7129
-6.15321666666667;48.09285;11.2278296400963;18.6862465013393;7201
-6.13836666666667;48.1120666666667;10.8000001907349;18.7061490521064;7415
-6.13271666666667;48.1193666666667;10.75;18.6195461813654;7501
-6.12105;48.13455;10.75;18.6195461813654;7670
-6.11656666666667;48.1402166666667;10.4234068352962;18.804323703497;7731
-6.07605;48.1927333333333;10.75;18.6195461813654;8327
-6.06771666666667;48.2034166666667;10.8000001907349;18.7061490521064;8448
-6.0654;48.2063833333333;10.4718879822611;18.8917860078519;8488
-6.06456666666667;48.20755;10.4718879822611;18.8917860078519;8494
-6.06376666666667;48.2085666666667;10.4718879822611;18.8917860078519;8510
-6.05476666666667;48.2203333333333;10.4718879822611;18.8917860078519;8639
-6.05076666666667;48.2255166666667;10.8000001907349;18.7061490521064;8699
-6.04531666666667;48.2324833333333;10.4718879822611;18.8917860078519;8782
-6.01713333333333;48.2690166666667;10.5688493514898;19.0667089483569;9184
-6.0137;48.2732833333333;10.6173304984546;19.1541712527118;9232
-6.01161666666667;48.2760166666667;10.6173304984546;19.1541712527118;9262
-6.00995;48.278;10.6173304984546;19.1541712527118;9285
-6.00946666666667;48.2786666666667;10.6173304984546;19.1541712527118;9294
-6.00881666666667;48.2796833333333;10.6173304984546;19.1541712527118;9304
-6.00745;48.2813166666667;10.6173304984546;19.1541712527118;9323
-6.00626666666667;48.2828833333333;10.6173304984546;19.1541712527118;9343
-5.99693333333333;48.2949166666667;10.6658116454194;19.2416335570667;9474
-5.99493333333333;48.2975333333333;10.6658116454194;19.2416335570667;9503
-5.99361666666667;48.2992;10.6658116454194;19.2416335570667;9520
-5.99291666666667;48.3002;10.6658116454194;19.2416335570667;9537
-5.99061666666667;48.3032;10.7142927923842;19.3290958614216;9564
-5.99028333333333;48.30355;10.7142927923842;19.3290958614216;9569
-5.98858333333333;48.3057;10.7142927923842;19.3290958614216;9592
-5.98776666666667;48.3067166666667;10.7142927923842;19.3290958614216;9606
-5.96153333333333;48.3265333333333;15.465805707281;14.9351549648684;9870
-5.95761666666667;48.3297666666667;12.4022690475935;17.0702588899269;9913
-5.94781666666667;48.3604666666667;7.35343308150188;20.203391346897;10233
-5.94765;48.3608833333333;7.70491091522396;20.0719791696898;10240
-5.94693333333333;48.3621833333333;9.12855461481518;19.5762485457206;10255
-5.94626666666667;48.3634;9.12855461481518;19.5762485457206;10265
-5.94576666666667;48.36415;9.51265421977362;19.5038314904174;10278
-5.94178333333333;48.3698833333333;10.6173304984546;19.1541712527118;10337
-5.93996666666667;48.3719;12.190404869032;18.0730184491944;10360
-5.9394;48.3725833333333;12.5613237372859;17.9394294574472;10373
-5.93855;48.37355;12.8724968009829;17.7174718681959;10379
-5.93531666666667;48.3765833333333;13.2399305093451;17.5699812210404;10414
-5.9314;48.3806;12.618681599723;18.0213449743578;10465
-5.92631666666667;48.3865333333333;11.605231684559;18.5722529823211;10529
-5.92335;48.3901666666667;11.3308376480212;18.8576806154465;10572
-5.91976666666667;48.3944833333333;11;19.0525588832577;10617
-5.9174;48.3976666666667;11;19.0525588832577;10654
-5.9156;48.3998333333333;11;19.0525588832577;10677
-5.9139;48.40215;11;19.0525588832577;10702
-5.91301666666667;48.40325;11;19.0525588832577;10716
-5.9126;48.4038166666667;11;19.0525588832577;10726
-5.90651666666667;48.4114166666667;11.0500001907349;19.1391617539986;10805
-5.90445;48.4141333333333;11.0500001907349;19.1391617539986;10837
-5.90345;48.4153166666667;11.0500001907349;19.1391617539986;10847
-5.90313333333333;48.4158;10.7142927923842;19.3290958614216;10856
-5.90231666666667;48.4167833333333;11.0500001907349;19.1391617539986;10867
-5.90345;48.4153166666667;11.0500001907349;19.1391617539986;10888
-5.9001;48.4195;11.0500001907349;19.1391617539986;10899
-5.8981;48.4221333333333;11.0500001907349;19.1391617539986;10927
-5.89586666666667;48.42505;11;19.0525588832577;10958
-5.89456666666667;48.4265666666667;11;19.0525588832577;10972
-5.89426666666667;48.4270166666667;11;19.0525588832577;10978
-5.89376666666667;48.4276666666667;11;19.0525588832577;10984
-5.88876666666667;48.4341833333333;11.0500001907349;19.1391617539986;11054
-5.88458333333333;48.4395;11;19.0525588832577;11117
-5.88328333333333;48.4413333333333;11;19.0525588832577;11136
-5.8821;48.4428;11;19.0525588832577;11155
-5.88078333333333;48.4446666666667;11;19.0525588832577;11172
-5.88041666666667;48.445;11;19.0525588832577;11177
-5.87961666666667;48.4461333333333;11;19.0525588832577;11190
-5.87776666666667;48.4483166666667;11;19.0525588832577;11214
-5.87593333333333;48.4505166666667;11;19.0525588832577;11237
-5.87428333333333;48.4528333333333;10.6658116454194;19.2416335570667;11264
-5.87273333333333;48.4549333333333;10.6658116454194;19.2416335570667;11289
-5.87146666666667;48.4565166666667;10.6658116454194;19.2416335570667;11309
-5.8644;48.4657166666667;10.9499998092651;18.9659560125167;11405
-5.86005;48.4712;10.9499998092651;18.9659560125167;11464
-5.8546;48.4781333333333;10.9499998092651;18.9659560125167;11543
-5.8434;48.4923333333333;10.8999996185303;18.8793531417758;11702
-5.84311666666667;48.49265;10.8999996185303;18.8793531417758;11707
-5.83543333333333;48.50285;10.6173304984546;19.1541712527118;11822
-5.82745;48.513;10.6173304984546;19.1541712527118;11932
-5.82693333333333;48.5138666666667;10.6173304984546;19.1541712527118;11938
-5.82745;48.513;10.6173304984546;19.1541712527118;11948
-5.8253;48.51585;10.6173304984546;19.1541712527118;11970
-5.82378333333333;48.5181833333333;10.6173304984546;19.1541712527118;11988
-5.82245;48.5196833333333;10.6173304984546;19.1541712527118;12006
-5.81525;48.52885;10.9499998092651;18.9659560125167;12108
-5.81443333333333;48.5298333333333;10.9499998092651;18.9659560125167;12118
-5.8141;48.5305;11;19.0525588832577;12126
-5.81091666666667;48.5343333333333;11;19.0525588832577;12171
-5.80926666666667;48.5365166666667;10.6658116454194;19.2416335570667;12190
-5.80726666666667;48.5391166666667;11.0500001907349;19.1391617539986;12220
-5.80596666666667;48.5408;10.7142927923842;19.3290958614216;12238
-5.80361666666667;48.5436333333333;11.0500001907349;19.1391617539986;12270
-5.80315;48.5441333333333;10.7142927923842;19.3290958614216;12277
-5.8023;48.5453166666667;10.7142927923842;19.3290958614216;12290
-5.80173333333333;48.5462166666667;10.7142927923842;19.3290958614216;12299
-5.79625;48.5532;11.1000003814697;19.2257646247395;12376
-5.79405;48.5562;11.0500001907349;19.1391617539986;12410
-5.79026666666667;48.5608;11.0500001907349;19.1391617539986;12461
-5.78976666666667;48.5616833333333;10.7142927923842;19.3290958614216;12467
-5.78891666666667;48.5626833333333;11.0500001907349;19.1391617539986;12481
-5.78806666666667;48.5636833333333;11;19.0525588832577;12490
-5.78556666666667;48.5670166666667;11.0500001907349;19.1391617539986;12527
-5.78428333333333;48.5685;10.7142927923842;19.3290958614216;12543
-5.78395;48.5689833333333;10.7142927923842;19.3290958614216;12550
-5.77545;48.5799333333333;11.0500001907349;19.1391617539986;12673
-5.75686666666667;48.6040166666667;11.1000003814697;19.2257646247395;12934
-5.75005;48.61285;11.4338456559461;19.0291147295536;13031
-5.60893333333333;48.7859333333333;18.514814022149;11.1248226145286;14971
-5.60658333333333;48.7868833333333;18.8793531417758;10.8999996185303;14989
-5.60445;48.7879;19.2482568506891;10.234479710554;15003
-5.59948333333333;48.7897833333333;19.683589271089;9.60032794745547;15043
-5.59786666666667;48.7902666666667;19.9387713148063;9.29760175829539;15053
-5.59626666666667;48.7908166666667;19.8633487660743;9.68800251126393;15062
-5.59373333333333;48.7917833333333;19.6912445244549;10.0331902174276;15084
-5.59038333333333;48.793;19.6014372351037;10.4222690520252;15106
-5.58915;48.7935333333333;19.7803455167658;10.0785894405852;15121
-5.5864;48.7944666666667;19.7803455167658;10.0785894405852;15136
-5.58146666666667;48.7962;19.8694448096166;10.1239877978246;15174
-5.57873333333333;48.7971333333333;19.8694448096166;10.1239877978246;15190
-5.57408333333333;48.7991166666667;19.8694448096166;10.1239877978246;15227
-5.5548;48.80665;19.6897306471185;10.469215491947;15370
-5.49708333333333;48.82925;20.2807098566456;9.0295537865982;15802
-5.49211666666667;48.8308833333333;20.2807098566456;9.0295537865982;15836
-5.01171666666667;49.00345;20.1367477865491;10.2601854672974;19330
-5.00825;49.00485;20.1367477865491;10.2601854672974;19357
-5.00265;49.0069666666667;20.1367477865491;10.2601854672974;19398
-5.00093333333333;49.0075;20.1367477865491;10.2601854672974;19410
-4.98916666666667;49.0119833333333;20.1367477865491;10.2601854672974;19495
-4.98093333333333;49.0149833333333;20.1367477865491;10.2601854672974;19555
-4.97333333333333;49.0179833333333;20.0476467942383;10.2147862441398;19607
-4.9703;49.0191333333333;20.0476467942383;10.2147862441398;19633
-4.96615;49.02065;20.0476467942383;10.2147862441398;19664
-4.95848333333333;49.0234833333333;20.0476467942383;10.2147862441398;19716
-4.95548333333333;49.0246333333333;20.0476467942383;10.2147862441398;19738
-4.95068333333333;49.0266166666667;20.0476467942383;10.2147862441398;19774
-4.9308;49.0339833333333;20.3127457892239;9.90718808465847;19918
-4.91491666666667;49.0399666666667;20.3127457892239;9.90718808465847;20034
-4.90985;49.0419666666667;20.22584877886;10.305584690455;20070
-4.90565;49.0434666666667;20.1367477865491;10.2601854672974;20100
-4.90001666666667;49.0456166666667;20.22584877886;10.305584690455;20142
-4.89733333333333;49.0466166666667;20.4925035698956;9.99486181234032;20158
-4.89233333333333;49.0484666666667;20.3149480717108;10.3509830476944;20195
-4.87693333333333;49.0536833333333;21.2325099158869;8.57849084632331;20304
-4.87606666666667;49.0538666666667;21.1397911767376;8.54103004408064;20310
-4.87343333333333;49.0547333333333;21.2325099158869;8.57849084632331;20328
-4.86585;49.0570833333333;20.9875099564262;8.90866943145125;20381
-4.858;49.0595666666667;20.8954608756599;8.86959691481071;20436
-4.85345;49.0608666666667;20.954355466902;8.46610915410069;20464
-4.84036666666667;49.0648666666667;21.0470742060512;8.50356995634335;20557
-4.83685;49.0658833333333;20.8954608756599;8.86959691481071;20579
-4.8334;49.0668666666667;20.8954608756599;8.86959691481071;20605
-4.81958333333333;49.07125;20.8954608756599;8.86959691481071;20699
-4.81891666666667;49.0713666666667;20.8954608756599;8.86959691481071;20705
-4.80213333333333;49.0765666666667;20.8954608756599;8.86959691481071;20820
-4.79946666666667;49.0773666666667;20.954355466902;8.46610915410069;20838
-4.79351666666667;49.0792333333333;20.8034100391699;8.83052365290969;20879
-4.74561666666667;49.0951166666667;20.6638168529777;9.6356960452558;21214
-4.73735;49.0979333333333;20.4925035698956;9.99486181234032;21273
-4.73265;49.0994166666667;20.6638168529777;9.6356960452558;21304
-4.7285;49.1009333333333;20.6638168529777;9.6356960452558;21336
-4.72336666666667;49.1028;20.3149480717108;10.3509830476944;21373
-4.71935;49.1041166666667;20.4925035698956;9.99486181234032;21403
-4.71835;49.1046166666667;20.4925035698956;9.99486181234032;21409
-4.71675;49.1051666666667;20.4925035698956;9.99486181234032;21421
-4.71326666666667;49.1063333333333;20.4925035698956;9.99486181234032;21442
-4.71075;49.1073333333333;20.4925035698956;9.99486181234032;21462
-4.70841666666667;49.10815;20.4925035698956;9.99486181234032;21478
-4.70491666666667;49.1093166666667;20.4925035698956;9.99486181234032;21502
-4.70228333333333;49.1103166666667;20.3149480717108;10.3509830476944;21520
-4.69825;49.1118166666667;20.4026255367165;9.9510253665627;21551
-4.69226666666667;49.1139666666667;20.3127457892239;9.90718808465847;21592
-4.6853;49.1164666666667;20.3127457892239;9.90718808465847;21643
-4.67731666666667;49.1193166666667;20.1367477865491;10.2601854672974;21702
-4.67563333333333;49.1199666666667;20.3127457892239;9.90718808465847;21712
-4.6748;49.1202833333333;20.3127457892239;9.90718808465847;21718
-4.67285;49.1207666666667;20.3127457892239;9.90718808465847;21730
-4.67115;49.1214666666667;20.3127457892239;9.90718808465847;21744
-4.66963333333333;49.12195;20.3127457892239;9.90718808465847;21754
-4.66863333333333;49.1222833333333;20.3127457892239;9.90718808465847;21760
-4.65768333333333;49.1261166666667;20.3127457892239;9.90718808465847;21839
-4.656;49.1266333333333;20.1367477865491;10.2601854672974;21851
-4.64928333333333;49.12915;20.3127457892239;9.90718808465847;21898
-4.64606666666667;49.1302666666667;20.1367477865491;10.2601854672974;21923
-4.64351666666667;49.1312666666667;20.2228660417313;9.86335080275424;21942
-4.63758333333333;49.1333166666667;20.2228660417313;9.86335080275424;21984
-4.1614;49.2951666666667;20.0429110315332;10.6570048334181;25346
-4.1496;49.2994833333333;20.0429110315332;10.6570048334181;25426
-3.94095;49.3673;17.01949625945;13.7821163239248;26890
-3.91633333333333;49.3811333333333;17.1593952336423;14.3984422117745;27094
-3.90918333333333;49.3851166666667;17.235999970177;14.4627212179471;27153
-3.84935;49.4186166666667;17.235999970177;14.4627212179471;27648
-3.848;49.4192833333333;17.235999970177;14.4627212179471;27660
-3.8217;49.4339333333333;17.3126047067117;14.5270002241198;27877
-3.79896666666667;49.4466;17.5634990253852;14.222641077793;28064
