"x";"y";"vx";"vy";"t"
-5.279965;48.0655333333333;-4.99353918100737;9.00858315035625;0
-5.28682833333333;48.0741733333333;-4.83555718623927;9.09436037485584;206
-5.28910333333333;48.0771083333333;-4.8965773494282;8.83365937574884;277
-5.290455;48.07876;-4.84809620246337;8.74619707139396;316
-5.29112166666667;48.079595;-4.83555718623927;9.09436037485584;336
-5.29181833333333;48.0804666666667;-4.78860985087149;9.00606527875217;356
-5.29246666666667;48.0813033333333;-4.74166296322669;8.91777102469294;379
-5.29311;48.0821383333333;-4.83555718623927;9.09436037485584;399
-5.29340333333333;48.0825133333333;-4.78860985087149;9.00606527875217;407
-5.29601833333333;48.0858616666667;-4.83555718623927;9.09436037485584;486
-5.29701166666667;48.0871533333333;-4.94505803404254;8.92112084600137;521
-5.29898166666667;48.0896616666667;-4.69471562785891;8.82947592858927;577
-5.29962666666667;48.09049;-4.74166296322669;8.91777102469294;597
-5.29991666666667;48.0908633333333;-4.94505803404254;8.92112084600137;608
-5.30028166666667;48.0913166666667;-4.99353918100737;9.00858315035625;617
-5.30094;48.0921433333333;-4.64776829249113;8.7411808324856;639
-5.30187;48.0933433333333;-4.78860985087149;9.00606527875217;669
-5.30220666666667;48.09381;-4.88250407388408;9.18265462891506;677
-5.30281833333333;48.0945883333333;-4.78860985087149;9.00606527875217;698
-5.30506166666667;48.0974633333333;-4.8965773494282;8.83365937574884;767
-5.305705;48.0982783333333;-4.64776829249113;8.7411808324856;793
-5.30602166666667;48.098685;-4.69471562785891;8.82947592858927;805
-5.30759166666667;48.1007233333333;-4.60082140484632;8.65288657842637;845
-5.30791;48.1011316666667;-4.8965773494282;8.83365937574884;857
-5.309195;48.1027633333333;-4.84809620246337;8.74619707139396;896
-5.30952166666667;48.1031716666667;-4.84809620246337;8.74619707139396;911
-5.31012;48.1039516666667;-4.64776829249113;8.7411808324856;926
-5.31079333333333;48.1048666666667;-4.69471562785891;8.82947592858927;949
-5.31107;48.10524;-4.60082140484632;8.65288657842637;956
-5.31196833333333;48.106425;-4.74166296322669;8.91777102469294;987
-5.31230333333333;48.1068816666667;-4.84809620246337;8.74619707139396;997
-5.31264;48.1073383333333;-4.7511343708842;8.57127329678655;1009
-5.31291833333333;48.1077133333333;-4.94505803404254;8.92112084600137;1020
-5.31383333333333;48.1088983333333;-4.7511343708842;8.57127329678655;1047
-5.31457833333333;48.1097933333333;-4.84809620246337;8.74619707139396;1069
-5.31486333333333;48.11016;-4.84809620246337;8.74619707139396;1076
-5.31613333333333;48.1118166666667;-4.69471562785891;8.82947592858927;1123
-5.31648;48.112275;-4.94505803404254;8.92112084600137;1134
-5.31707333333333;48.113065;-4.64776829249113;8.7411808324856;1145
-5.31766333333333;48.1138533333333;-4.74166296322669;8.91777102469294;1166
-5.31801166666667;48.1143083333333;-4.69471562785891;8.82947592858927;1176
-5.31930166666667;48.116015;-4.99353918100737;9.00858315035625;1217
-5.31991166666667;48.116795;-4.69471562785891;8.82947592858927;1236
-5.32088166666667;48.1180233333333;-4.7511343708842;8.57127329678655;1265
-5.32272333333333;48.120475;-4.64776829249113;8.7411808324856;1325
-5.32306666666667;48.120935;-4.78860985087149;9.00606527875217;1340
-5.324575;48.122965;-4.64776829249113;8.7411808324856;1385
-5.32554833333333;48.1242433333333;-4.60082140484632;8.65288657842637;1421
-5.32616666666667;48.12508;-4.8965773494282;8.83365937574884;1437
-5.326435;48.12546;-4.94505803404254;8.92112084600137;1445
-5.32738333333333;48.12675;-4.64776829249113;8.7411808324856;1477
-5.32800666666667;48.1275816666667;-4.74166296322669;8.91777102469294;1497
-5.328615;48.1284133333333;-4.7511343708842;8.57127329678655;1516
-5.32889333333333;48.128785;-4.8965773494282;8.83365937574884;1532
-5.32923333333333;48.1292366666667;-4.74166296322669;8.91777102469294;1538
-5.329535;48.12965;-4.79961505549854;8.65873476703908;1547
-5.33011833333333;48.130435;-4.8965773494282;8.83365937574884;1566
-5.33136666666667;48.1320883333333;-4.84809620246337;8.74619707139396;1605
-5.33170666666667;48.1325483333333;-4.79961505549854;8.65873476703908;1617
-5.331955;48.1328783333333;-4.8965773494282;8.83365937574884;1633
-5.33294666666667;48.134205;-4.69471562785891;8.82947592858927;1664
-5.33355;48.1350366666667;-4.69471562785891;8.82947592858927;1677
-5.3338;48.135365;-4.69471562785891;8.82947592858927;1687
-5.335405;48.13756;-4.94505803404254;8.92112084600137;1737
-5.33631833333333;48.1387783333333;-4.94505803404254;8.92112084600137;1770
-5.336635;48.139195;-4.8965773494282;8.83365937574884;1782
-5.33695666666667;48.13961;-4.94505803404254;8.92112084600137;1792
-5.33729166666667;48.1400616666667;-4.8965773494282;8.83365937574884;1797
-5.33789333333333;48.140855;-4.8965773494282;8.83365937574884;1817
-5.33821666666667;48.1412716666667;-4.84809620246337;8.74619707139396;1833
-5.33889166666667;48.1421316666667;-4.94505803404254;8.92112084600137;1853
-5.33921833333333;48.14255;-4.94505803404254;8.92112084600137;1860
-5.33981666666667;48.143345;-4.99353918100737;9.00858315035625;1876
-5.340125;48.1437566666667;-4.74166296322669;8.91777102469294;1887
-5.34078333333333;48.144645;-4.63070301075156;9.08826637677534;1911
-5.34105833333333;48.145025;-4.63070301075156;9.08826637677534;1916
-5.34078333333333;48.144645;-4.63070301075156;9.08826637677534;1921
-5.34166666666667;48.1458733333333;-4.78860985087149;9.00606527875217;1936
-5.341975;48.146295;-4.64776829249113;8.7411808324856;1950
-5.34321333333333;48.1479416666667;-4.94505803404254;8.92112084600137;1987
-5.34393166666667;48.148865;-4.84809620246337;8.74619707139396;2007
-5.34454833333333;48.1496966666667;-5.09050101258654;9.18350692496366;2027
-5.34582;48.1513766666667;-4.53990499739547;8.91006524188368;2076
-5.34644333333333;48.1522266666667;-4.78860985087149;9.00606527875217;2087
-5.34707333333333;48.1530783333333;-4.92945140925185;9.27094972501873;2106
-5.34739333333333;48.153505;-4.69471562785891;8.82947592858927;2117
-5.34771166666667;48.1539283333333;-5.04201986562171;9.09604462060878;2128
-5.348005;48.1543083333333;-4.94505803404254;8.92112084600137;2136
-5.34835833333333;48.1547733333333;-4.79961505549854;8.65873476703908;2150
-5.348975;48.15561;-4.8965773494282;8.83365937574884;2167
-5.34929833333333;48.15603;-5.04201986562171;9.09604462060878;2178
-5.34962833333333;48.1564416666667;-4.8965773494282;8.83365937574884;2188
-5.34993166666667;48.1568116666667;-4.8965773494282;8.83365937574884;2196
-5.35029;48.157275;-4.94505803404254;8.92112084600137;2207
-5.350585;48.1576516666667;-4.74166296322669;8.91777102469294;2224
-5.351265;48.1585333333333;-4.74166296322669;8.91777102469294;2237
-5.35158333333333;48.158955;-4.92945140925185;9.27094972501873;2248
-5.35186833333333;48.1593333333333;-4.78860985087149;9.00606527875217;2263
-5.35249833333333;48.160185;-4.83555718623927;9.09436037485584;2275
-5.35380166666667;48.1618766666667;-4.78860985087149;9.00606527875217;2315
-5.35415;48.1623416666667;-4.84809620246337;8.74619707139396;2326
-5.35479833333333;48.163195;-5.04201986562171;9.09604462060878;2350
-5.35508;48.1635783333333;-4.99353918100737;9.00858315035625;2356
-5.35572833333333;48.1644233333333;-4.94505803404254;8.92112084600137;2376
-5.35678833333333;48.1657133333333;-4.94505803404254;8.92112084600137;2407
-5.35707833333333;48.16609;-4.99353918100737;9.00858315035625;2416
-5.357735;48.16694;-4.78860985087149;9.00606527875217;2436
-5.35837833333333;48.1677933333333;-4.83555718623927;9.09436037485584;2457
-5.35934166666667;48.169075;-4.88250407388408;9.18265462891506;2492
-5.35966166666667;48.1695033333333;-4.83555718623927;9.09436037485584;2497
-5.35999166666667;48.169985;-4.74166296322669;8.91777102469294;2514
-5.360905;48.17124;-4.92945140925185;9.27094972501873;2536
-5.36187833333333;48.1725633333333;-5.15000009536744;8.92006182416095;2566
-5.36217833333333;48.172945;-5.25;9.0932667397366;2576
-5.362515;48.1733666666667;-5.25338826584684;8.74310630366986;2586
-5.3632;48.174215;-5.35639578259313;8.91453960031859;2606
-5.36359;48.1746783333333;-5;8.66025403784438;2620
-5.36390833333333;48.1750533333333;-5.35639578259313;8.91453960031859;2629
-5.364255;48.1754716666667;-5.09999990463257;8.83345895342003;2637
-5.3646;48.1758933333333;-5.09999990463257;8.83345895342003;2650
-5.36493833333333;48.1763183333333;-5.34999990463257;9.26647165531225;2658
-5.36526833333333;48.17674;-4.99353918100737;9.00858315035625;2669
-5.36627166666667;48.178035;-5.09050101258654;9.18350692496366;2696
-5.36691833333333;48.17889;-5.09050101258654;9.18350692496366;2722
-5.36790333333333;48.1801816666667;-5.18746284416571;9.35843069957107;2746
-5.36822833333333;48.1806133333333;-4.99353918100737;9.00858315035625;2756
-5.368545;48.1810483333333;-4.94505803404254;8.92112084600137;2767
-5.36882333333333;48.1814383333333;-5.13898215955136;9.27096922931854;2782
-5.369175;48.1819116666667;-5.15000009536744;8.92006182416095;2790
-5.36983833333333;48.1827766666667;-5.51090730330187;9.17168995402091;2809
-5.37017;48.1832116666667;-5.30000019073487;9.17986961047752;2817
-5.37051;48.1836383333333;-5.34999990463257;9.26647165531225;2830
-5.37215833333333;48.1858016666667;-5.09050101258654;9.18350692496366;2876
-5.37279833333333;48.1866383333333;-5.30000019073487;9.17986961047752;2896
-5.37315;48.1871233333333;-5.34999990463257;9.26647165531225;2911
-5.37350333333333;48.1876033333333;-5.13898215955136;9.27096922931854;2921
-5.37383333333333;48.1880416666667;-5.04201986562171;9.09604462060878;2934
-5.374475;48.1889183333333;-5.61391482004816;9.34312325066965;2949
-5.37473833333333;48.1892683333333;-5.34999990463257;9.26647165531225;2957
-5.37510166666667;48.1897483333333;-5.09050101258654;9.18350692496366;2969
-5.37545666666667;48.1902333333333;-5.13898215955136;9.27096922931854;2977
-5.37669166666667;48.1919116666667;-5.04201986562171;9.09604462060878;3016
-5.37740833333333;48.1928866666667;-5.18746284416571;9.35843069957107;3037
-5.378015;48.1937333333333;-5.23594399113053;9.44589300392595;3057
-5.37862666666667;48.1945733333333;-5.18746284416571;9.35843069957107;3076
-5.37897333333333;48.1950616666667;-5.30000019073487;9.17986961047752;3085
-5.379325;48.1955516666667;-5.15000009536744;8.92006182416095;3102
-5.37966;48.1959883333333;-5.34999990463257;9.26647165531225;3110
-5.38089166666667;48.197675;-5.13898215955136;9.27096922931854;3149
-5.38221166666667;48.1995533333333;-5.51090730330187;9.17168995402091;3191
-5.38323166666667;48.20087;-5.92744499010509;8.78779858533617;3221
-5.38358833333333;48.2013;-5.55531805327162;8.55443963307961;3227
-5.38458166666667;48.2025083333333;-5.88210168204394;9.0576422937743;3258
-5.38533666666667;48.2034683333333;-5.67013602622122;9.07411446712141;3280
-5.38566166666667;48.2039133333333;-5.9910293851653;9.22537624739966;3292
-5.38592833333333;48.2042683333333;-5.71870986765778;8.80604096342695;3299
-5.38633666666667;48.204795;-5.82763757077914;8.97377491705232;3306
-5.38660833333333;48.2051433333333;-5.56415227444866;8.90450500964247;3319
-5.38797666666667;48.2069033333333;-5.56415227444866;8.90450500964247;3362
-5.389;48.2082216666667;-5.56415227444866;8.90450500964247;3391
-5.38941;48.208745;-5.61714440302014;8.98931014276278;3399
-5.389705;48.2091416666667;-5.7231281547927;9.15891960024173;3409
-5.390005;48.2095383333333;-5.61714440302014;8.98931014276278;3416
-5.39067666666667;48.2104183333333;-5.82763757077914;8.97377491705232;3451
-5.391415;48.2113933333333;-5.61714440302014;8.98931014276278;3457
-5.391705;48.2118;-5.7231281547927;9.15891960024173;3472
-5.39262666666667;48.2130916666667;-5.82911190656526;9.32852905772068;3496
-5.393265;48.214035;-5.88210168204394;9.0576422937743;3517
-5.39395;48.2149633333333;-5.82763757077914;8.97377491705232;3540
-5.394245;48.2153583333333;-5.81560598278061;8.62199043831969;3547
-5.39454666666667;48.2157566666667;-6.13726775955517;8.76492671765136;3556
-5.39491666666667;48.21624;-6.17174514907097;8.49467844093695;3573
-5.39563666666667;48.2170983333333;-6.34808083686985;8.73738369355718;3590
-5.39704833333333;48.2188116666667;-5.87152548644285;8.70489451182793;3630
-5.39807333333333;48.220175;-5.60978216453643;8.63830700980158;3657
-5.398995;48.2214566666667;-5.66424575639298;8.72217358670498;3687
-5.39931;48.2218966666667;-6.07991044412314;8.68301198194502;3700
-5.39963666666667;48.2223316666667;-6.07991044412314;8.68301198194502;3707
-5.40031833333333;48.2231966666667;-6.37923947498592;8.46553671115657;3733
-5.40282833333333;48.22627;-5.77317397892259;8.88990834014893;3802
-5.403135;48.2266716666667;-6.09520243451598;9.03650922459721;3812
-5.40346833333333;48.2271133333333;-5.77317397892259;8.88990834014893;3823
-5.40415666666667;48.2280433333333;-5.98336396047941;8.87070186821257;3841
-5.404485;48.2284933333333;-5.98336396047941;8.87070186821257;3854
-5.40481;48.22894;-6.30934079986151;9.01067248717891;3859
-5.40547666666667;48.2298266666667;-6.07991044412314;8.68301198194502;3877
-5.40614833333333;48.2307083333333;-6.40685902576568;8.81828493007144;3897
-5.40715;48.2319816666667;-5.92744499010509;8.78779858533617;3925
-5.40752666666667;48.23247;-5.92744499010509;8.78779858533617;3940
-5.407825;48.2328716666667;-5.71870986765778;8.80604096342695;3947
-5.40819333333333;48.2333666666667;-6.09520243451598;9.03650922459721;3957
-5.40851833333333;48.23381;-6.09520243451598;9.03650922459721;3970
-5.40884;48.23426;-5.98336396047941;8.87070186821257;3979
-5.40913666666667;48.2346683333333;-6.30934079986151;9.01067248717891;3995
-5.40951166666667;48.2351566666667;-5.98336396047941;8.87070186821257;4008
-5.41018666666667;48.23605;-6.25198293742436;8.9287569702683;4017
-5.41052;48.2364933333333;-6.19462562199233;8.84684223456196;4034
-5.41183333333333;48.2382833333333;-6.25198293742436;8.9287569702683;4073
-5.412455;48.2391383333333;-5.92744499010509;8.78779858533617;4086
-5.41275166666667;48.239545;-6.07991044412314;8.68301198194502;4096
-5.4135;48.24053;-6.52441652466873;8.98008894617741;4117
-5.41416166666667;48.2413633333333;-5.96519471924884;8.51918094812381;4137
-5.41450833333333;48.2418033333333;-6.40685902576568;8.81828493007144;4146
-5.41481666666667;48.2421983333333;-6.34808083686985;8.73738369355718;4163
-5.415195;48.242685;-6.34808083686985;8.73738369355718;4169
-5.41557333333333;48.2431716666667;-6.28930208741833;8.65648168550419;4179
-5.41592333333333;48.2436133333333;-6.55978352278311;8.70512675486022;4193
-5.41659333333333;48.2444533333333;-6.49960236482923;8.6252636608384;4213
-5.41730333333333;48.2453316666667;-6.71070984619347;8.58931691371102;4230
-5.41805666666667;48.2462533333333;-6.64914405094522;8.51051628925372;4253
-5.418745;48.247085;-6.58757766855644;8.4317149132908;4274
-5.41947166666667;48.2479633333333;-6.58757766855644;8.4317149132908;4289
-5.418745;48.247085;-6.58757766855644;8.4317149132908;4294
-5.419835;48.2484066666667;-6.71070984619347;8.58931691371102;4304
-5.41907;48.2474816666667;-6.71070984619347;8.58931691371102;4310
-5.420565;48.2492833333333;-6.49960236482923;8.6252636608384;4319
-5.419835;48.2484066666667;-6.71070984619347;8.58931691371102;4330
-5.421255;48.2501216666667;-6.74032814451583;8.94471756020205;4335
-5.420565;48.2492833333333;-6.49960236482923;8.6252636608384;4346
-5.421255;48.2501216666667;-6.74032814451583;8.94471756020205;4356
-5.422005;48.25104;-6.43942063293981;8.5453998051784;4362
-5.42236166666667;48.251485;-6.77227622858225;8.66811828967394;4370
-5.422005;48.25104;-6.43942063293981;8.5453998051784;4381
-5.42236166666667;48.251485;-6.77227622858225;8.66811828967394;4396
-5.42272666666667;48.2519283333333;-6.64914405094522;8.51051628925372;4412
-5.42449166666667;48.2541416666667;-6.68014698656195;8.86485446618022;4426
-5.42483833333333;48.2545883333333;-6.49960236482923;8.6252636608384;4438
-5.42522;48.2550816666667;-6.49960236482923;8.6252636608384;4450
-5.42549166666667;48.2554383333333;-6.31905774309651;8.38567285549657;4455
-5.42621;48.25638;-6.98545658071988;8.62632046863003;4478
-5.42656166666667;48.2568216666667;-6.5260118733082;8.3529142888335;4490
-5.426915;48.257265;-6.64914405094522;8.51051628925372;4497
-5.427305;48.25775;-6.77227622858225;8.66811828967394;4507
-5.426915;48.257265;-6.64914405094522;8.51051628925372;4514
-5.42758833333333;48.2581066666667;-6.64914405094522;8.51051628925372;4530
-5.42829333333333;48.2590033333333;-7.47907268022513;8.60368892664074;4544
-5.42869166666667;48.25948;-7.15104316572987;8.22633413652936;4562
-5.42947833333333;48.260385;-7.2266106763022;8.02596425689948;4567
-5.42978833333333;48.2607216666667;-7.22918287682421;7.75234951615251;4576
-5.43103666666667;48.2620633333333;-7.2266106763022;8.02596425689948;4609
-5.43140333333333;48.2624383333333;-7.15104316572987;8.22633413652936;4617
-5.431825;48.2629033333333;-6.82301365123462;7.84897934641797;4627
-5.43212833333333;48.26324;-7.08543763823081;8.15086361035537;4636
-5.43140333333333;48.2624383333333;-7.15104316572987;8.22633413652936;4643
-5.432885;48.2640966666667;-6.81354890788133;8.12007138928393;4655
-5.43407;48.2654716666667;-6.73372806419993;8.31546163936076;4689
-5.43436333333333;48.2658166666667;-6.94210630721663;8.27328013179634;4695
-5.43555333333333;48.26718;-7.08543763823081;8.15086361035537;4731
-5.43589333333333;48.2675633333333;-7.0198314850651;8.07539236443423;4741
-5.43555333333333;48.26718;-7.08543763823081;8.15086361035537;4750
-5.43661166666667;48.2683866666667;-7.08543763823081;8.15086361035537;4760
-5.43785;48.2697433333333;-7.15104316572987;8.22633413652936;4792
-5.438195;48.2701283333333;-6.87782730104397;8.19667539526168;4799
-5.43862333333333;48.2705983333333;-7.1349427127246;8.50309361084342;4820
-5.43973333333333;48.2718416666667;-6.73372806419993;8.31546163936076;4837
-5.440145;48.2723033333333;-6.87782730104397;8.19667539526168;4848
-5.44118333333333;48.2735116666667;-6.87782730104397;8.19667539526168;4877
-5.440145;48.2723033333333;-6.87782730104397;8.19667539526168;4882
-5.44197333333333;48.2744133333333;-7.21664931889558;8.30180538245049;4897
-5.44118333333333;48.2735116666667;-6.87782730104397;8.19667539526168;4913
-5.44197333333333;48.2744133333333;-7.21664931889558;8.30180538245049;4920
-5.44311833333333;48.275685;-7.0198314850651;8.07539236443423;4927
-5.44350166666667;48.2761133333333;-7.21664931889558;8.30180538245049;4937
-5.44311833333333;48.275685;-7.0198314850651;8.07539236443423;4948
-5.44350166666667;48.2761133333333;-7.21664931889558;8.30180538245049;4955
-5.444665;48.2774316666667;-6.87782730104397;8.19667539526168;4967
-5.44575;48.2786433333333;-6.6078641060233;8.16003259529819;4997
-5.44611;48.2790716666667;-6.81354890788133;8.12007138928393;5007
-5.44648333333333;48.2794933333333;-7.08543763823081;8.15086361035537;5017
-5.447625;48.2807566666667;-7.02587136676801;7.80302066751264;5047
-5.44801833333333;48.2811683333333;-7.02587136676801;7.80302066751264;5056
-5.44841166666667;48.2815866666667;-6.82301365123462;7.84897934641797;5068
-5.447625;48.2807566666667;-7.02587136676801;7.80302066751264;5073
-5.44879666666667;48.2819916666667;-6.88861980440033;7.92445059233911;5079
-5.44801833333333;48.2811683333333;-7.02587136676801;7.80302066751264;5084
-5.44957833333333;48.282825;-6.95422595756604;7.99992183826024;5095
-5.44996666666667;48.2832416666667;-6.87782730104397;8.19667539526168;5108
-5.45034333333333;48.2836616666667;-6.87782730104397;8.19667539526168;5116
-5.45072333333333;48.2840933333333;-6.79666034337159;8.39317653196411;5132
-5.45109833333333;48.28451;-6.54493182685164;8.08231770269484;5139
-5.45184666666667;48.2853716666667;-6.87782730104397;8.19667539526168;5157
-5.45261666666667;48.28621;-6.95422595756604;7.99992183826024;5175
-5.45338333333333;48.2870466666667;-7.0198314850651;8.07539236443423;5197
-5.45381;48.287505;-7.0198314850651;8.07539236443423;5207
-5.45490166666667;48.2887283333333;-6.54493182685164;8.08231770269484;5236
-5.455255;48.2891533333333;-6.85959202237655;8.47089068342332;5251
-5.45560833333333;48.2895866666667;-6.46444549091942;8.27411291287058;5261
-5.45598833333333;48.29006;-6.54493182685164;8.08231770269484;5267
-5.45560833333333;48.2895866666667;-6.46444549091942;8.27411291287058;5275
-5.45702;48.291305;-7.0198314850651;8.07539236443423;5296
-5.45739166666667;48.2917216666667;-6.95895805087905;7.72870590147765;5305
-5.45780666666667;48.2921766666667;-7.15969736041325;7.95164949086449;5323
-5.45853;48.2929583333333;-6.82301365123462;7.84897934641797;5340
-5.45702;48.291305;-7.0198314850651;8.07539236443423;5351
-5.45928166666667;48.2938;-6.95422595756604;7.99992183826024;5356
-5.45739166666667;48.2917216666667;-6.95895805087905;7.72870590147765;5414
-5.46236;48.2971433333333;-7.15969736041325;7.95164949086449;5437
-5.46275833333333;48.2975516666667;-7.0198314850651;8.07539236443423;5447
-5.46305833333333;48.2978683333333;-6.82301365123462;7.84897934641797;5457
-5.46386333333333;48.2987283333333;-6.54493182685164;8.08231770269484;5476
-5.46420333333333;48.2991116666667;-6.5564334962007;7.81365317370219;5486
-5.46465833333333;48.2996083333333;-6.684990895536;7.9668619162146;5497
-5.46501;48.2999783333333;-6.88861980440033;7.92445059233911;5507
-5.45928166666667;48.2938;-6.95422595756604;7.99992183826024;5522
-5.46614666666667;48.301205;-6.81354890788133;8.12007138928393;5540
-5.46694;48.302065;-6.81354890788133;8.12007138928393;5557
-5.46799833333333;48.3032233333333;-6.81354890788133;8.12007138928393;5591
-5.46844166666667;48.303725;-7.0198314850651;8.07539236443423;5599
-5.46990333333333;48.3052916666667;-6.95422595756604;7.99992183826024;5639
-5.47028833333333;48.3057016666667;-7.08543763823081;8.15086361035537;5647
-5.47074166666667;48.3061933333333;-6.48200014784667;8.00460355123563;5658
-5.46305833333333;48.2978683333333;-6.82301365123462;7.84897934641797;5663
-5.47149833333333;48.30703;-6.87782730104397;8.19667539526168;5681
-5.47217166666667;48.3077916666667;-6.74926990170867;8.04346665274927;5700
-5.472535;48.3082116666667;-6.87782730104397;8.19667539526168;5706
-5.46386333333333;48.2987283333333;-6.54493182685164;8.08231770269484;5716
-5.47298833333333;48.3087183333333;-6.87782730104397;8.19667539526168;5723
-5.47373833333333;48.3095516666667;-7.09278468265697;7.87733543354763;5737
-5.46420333333333;48.2991116666667;-6.5564334962007;7.81365317370219;5755
-5.47530166666667;48.3111966666667;-6.62071250237336;7.89025791023685;5779
-5.47675833333333;48.3128283333333;-7.08543763823081;8.15086361035537;5817
-5.4771;48.3132033333333;-6.88861980440033;7.92445059233911;5829
-5.46694;48.302065;-6.81354890788133;8.12007138928393;5836
-5.47786333333333;48.31402;-6.49215510303806;7.73704916772444;5844
-5.47905833333333;48.315285;-7.29738232258787;7.82548446783048;5876
-5.47989833333333;48.3161266666667;-6.89204537312277;7.65439184416079;5898
-5.48021666666667;48.3164516666667;-7.0198314850651;8.07539236443423;5907
-5.48139666666667;48.31772;-6.67079638519496;8.23774748790155;5941
-5.46990333333333;48.3052916666667;-6.95422595756604;7.99992183826024;5953
-5.482475;48.318945;-6.79666034337159;8.39317653196411;5969
-5.47074166666667;48.3061933333333;-6.48200014784667;8.00460355123563;5976
-5.48323;48.3198433333333;-6.81354890788133;8.12007138928393;5991
-5.48360166666667;48.3202583333333;-6.62071250237336;7.89025791023685;5999
-5.48397166666667;48.320675;-6.69180197056985;7.69803757432284;6012
-5.48437833333333;48.3211316666667;-7.15969736041325;7.95164949086449;6020
-5.48515666666667;48.32195;-7.09278268448825;7.60607821785008;6037
-5.485515;48.3223116666667;-6.82513205723382;7.58007707812579;6049
-5.48590666666667;48.3227116666667;-7.0245832387246;7.53294326617211;6059
-5.486305;48.3231083333333;-6.95895805087905;7.72870590147765;6070
-5.48674666666667;48.3235466666667;-6.89204537312277;7.65439184416079;6081
-5.47298833333333;48.3087183333333;-6.87782730104397;8.19667539526168;6087
-5.48787166666667;48.3247033333333;-6.62071250237336;7.89025791023685;6108
-5.488255;48.3251116666667;-6.54493182685164;8.08231770269484;6117
-5.488635;48.325525;-6.79666034337159;8.39317653196411;6128
-5.48904666666667;48.3259783333333;-6.6078641060233;8.16003259529819;6137
-5.48978;48.32681;-6.73372806419993;8.31546163936076;6156
-5.47675833333333;48.3128283333333;-7.08543763823081;8.15086361035537;6186
-5.4771;48.3132033333333;-6.88861980440033;7.92445059233911;6207
-5.491975;48.3293;-6.5564334962007;7.81365317370219;6216
-5.47786333333333;48.31402;-6.49215510303806;7.73704916772444;6231
-5.492715;48.3301283333333;-6.49498413673936;7.47162455630659;6237
-5.493055;48.3304933333333;-6.69180197056985;7.69803757432284;6247
-5.49347666666667;48.3309283333333;-6.49498413673936;7.47162455630659;6263
-5.49423833333333;48.3317266666667;-6.62439274769963;7.35713348873895;6277
-5.47905833333333;48.315285;-7.29738232258787;7.82548446783048;6306
-5.49607166666667;48.3336166666667;-6.56059028990507;7.54709580222772;6329
-5.49687166666667;48.334445;-6.5564334962007;7.81365317370219;6352
-5.47989833333333;48.3161266666667;-6.89204537312277;7.65439184416079;6366
-5.49804;48.3356983333333;-6.27974693089361;8.03770953648744;6379
-5.48139666666667;48.31772;-6.67079638519496;8.23774748790155;6407
-5.48323;48.3198433333333;-6.81354890788133;8.12007138928393;6426
-5.48360166666667;48.3202583333333;-6.62071250237336;7.89025791023685;6435
-5.48437833333333;48.3211316666667;-7.15969736041325;7.95164949086449;6441
-5.50056166666667;48.3384783333333;-6.4293786092403;7.39615403013259;6447
-5.485515;48.3223116666667;-6.82513205723382;7.58007707812579;6453
-5.486305;48.3231083333333;-6.95895805087905;7.72870590147765;6458
-5.5014;48.3393533333333;-6.82301365123462;7.84897934641797;6471
-5.50327;48.34131;-6.5564334962007;7.81365317370219;6518
-5.504405;48.3425183333333;-6.75740812373555;7.77350882024398;6550
-5.50516666666667;48.3433166666667;-6.82301365123462;7.84897934641797;6566
-5.50596833333333;48.344155;-6.56059028990507;7.54709580222772;6591
-5.50665;48.3448766666667;-6.5564334962007;7.81365317370219;6606
-5.50777833333333;48.34614;-6.62071250237336;7.89025791023685;6638
-5.50817833333333;48.3465866666667;-6.5564334962007;7.81365317370219;6653
-5.508545;48.34699;-6.49215510303806;7.73704916772444;6660
-5.50883333333333;48.3473133333333;-6.49498413673936;7.47162455630659;6669
-5.50923333333333;48.34776;-7.0245832387246;7.53294326617211;6676
-5.50999333333333;48.3485433333333;-6.82513205723382;7.58007707812579;6703
-5.51041166666667;48.3489733333333;-6.29816692857553;7.24521225803747;6713
-5.51258833333333;48.3513066666667;-6.82513205723382;7.58007707812579;6770
-5.51330166666667;48.3520516666667;-6.69130606358858;7.43144825477394;6785
-5.514095;48.35287;-6.56059028990507;7.54709580222772;6811
-5.51447166666667;48.3532466666667;-6.62071250237336;7.89025791023685;6817
-5.51667166666667;48.3556066666667;-6.16733995232175;7.61603057050714;6876
-5.517015;48.35601;-6.48200014784667;8.00460355123563;6890
-5.51667166666667;48.3556066666667;-6.16733995232175;7.61603057050714;6900
-5.51806;48.357225;-6.62619644307078;7.62256704814885;6924
-5.51879833333333;48.3580116666667;-6.75821937947754;7.50576302080893;6936
-5.51916666666667;48.3584016666667;-6.4278760968654;7.66044443118978;6950
-5.51990333333333;48.3592083333333;-6.4278760968654;7.66044443118978;6972
-5.52026166666667;48.3596083333333;-6.36359709069273;7.58383969465512;6984
-5.52065833333333;48.3600433333333;-6.62619644307078;7.62256704814885;6990
-5.52136666666667;48.3607866666667;-6.89204537312277;7.65439184416079;7006
-5.52173833333333;48.3611766666667;-6.29931869753009;7.50723568867736;7020
-5.52210333333333;48.3615733333333;-6.56059028990507;7.54709580222772;7034
-5.52288666666667;48.3623866666667;-6.69180197056985;7.69803757432284;7047
-5.52325666666667;48.3627766666667;-6.62619644307078;7.62256704814885;7061
-5.52359;48.36313;-6.29931869753009;7.50723568867736;7067
-5.52431;48.363925;-6.82301365123462;7.84897934641797;7087
-5.52504833333333;48.3647633333333;-6.684990895536;7.9668619162146;7109
-5.52539666666667;48.3651666666667;-6.684990895536;7.9668619162146;7119
-5.526415;48.3663316666667;-6.75740812373555;7.77350882024398;7147
-5.52718333333333;48.367185;-6.82301365123462;7.84897934641797;7169
-5.52894166666667;48.3691166666667;-6.92964659049808;6.92964659049808;7217
-5.52972666666667;48.36985;-6.87711760255294;7.12146374894629;7239
-5.53016833333333;48.3702433333333;-6.61538396252537;7.09413076621131;7258
-5.531645;48.3717733333333;-6.05418821072362;8.3328751963697;7290
-5.53321833333333;48.3738;-6.62619644307078;7.62256704814885;7336
-5.5343;48.3750133333333;-6.49056675405439;7.2085046653871;7371
-5.53538;48.3761333333333;-6.62619644307078;7.62256704814885;7396
-5.53579166666667;48.3765616666667;-6.29931869753009;7.50723568867736;7409
-5.53722833333333;48.3781516666667;-6.29320391049838;7.77145961456971;7450
-5.537545;48.3785133333333;-6.56059028990507;7.54709580222772;7456
-5.53864833333333;48.379765;-6.23503969135743;7.4306309521427;7493
-5.54008333333333;48.381365;-6.62071250237336;7.89025791023685;7534
-5.54107;48.3825433333333;-6.41906786867501;7.92688865863227;7556
-5.54182166666667;48.38339;-6.49498413673936;7.47162455630659;7583
-5.54216166666667;48.3837483333333;-6.56059028990507;7.54709580222772;7588
-5.54502166666667;48.386955;-6.62071250237336;7.89025791023685;7666
-5.54719166666667;48.3893683333333;-6.29931869753009;7.50723568867736;7727
-5.548285;48.390625;-6.82301365123462;7.84897934641797;7761
-5.54931166666667;48.3917983333333;-6.89204537312277;7.65439184416079;7787
-5.54970833333333;48.392245;-7.09278468265697;7.87733543354763;7796
-5.55143166666667;48.3942416666667;-6.48200014784667;8.00460355123563;7847
-5.55247833333333;48.39549;-6.41906786867501;7.92688865863227;7879
-5.55282833333333;48.3958983333333;-6.684990895536;7.9668619162146;7886
-5.55351666666667;48.39673;-6.75740812373555;7.77350882024398;7907
-5.55422833333333;48.3975483333333;-6.56059028990507;7.54709580222772;7930
-5.55456833333333;48.3979533333333;-7.0245832387246;7.53294326617211;7936
-5.55533166666667;48.3988016666667;-7.28319998109136;7.28319998109135;7958
-5.55609;48.3995716666667;-6.95638314255662;7.45980761702089;7976
-5.55642;48.3999266666667;-6.4293786092403;7.39615403013259;7990
-5.556785;48.4003216666667;-6.29320391049838;7.77145961456971;7999
-5.55754333333333;48.4011783333333;-6.21818113564537;7.95890891203013;8018
-5.55992333333333;48.404005;-6.4278760968654;7.66044443118978;8092
-5.56025833333333;48.4044133333333;-6.23027163132672;7.69374472196635;8100
-5.560585;48.4048266666667;-6.41906786867501;7.92688865863227;8108
-5.56162833333333;48.406105;-6.75821937947754;7.50576302080893;8136
-5.56268;48.4072366666667;-6.4293786092403;7.39615403013259;8169
-5.56303833333333;48.4076333333333;-6.56059028990507;7.54709580222772;8179
-5.56339;48.408035;-6.4278760968654;7.66044443118978;8191
-5.56373166666667;48.4084366666667;-5.84878401559376;7.48610215926386;8198
-5.56439166666667;48.4092683333333;-6.41906786867501;7.92688865863227;8218
-5.56471666666667;48.4096866666667;-6.62071250237336;7.89025791023685;8231
-5.56538833333333;48.4105116666667;-6.62071250237336;7.89025791023685;8246
-5.56573666666667;48.410925;-6.62071250237336;7.89025791023685;8259
-5.56607833333333;48.4113333333333;-6.4278760968654;7.66044443118978;8268
-5.566415;48.4117416666667;-6.69180197056985;7.69803757432284;8285
-5.56674333333333;48.4121533333333;-7.08543763823081;8.15086361035537;8294
-5.568085;48.413785;-6.62619644307078;7.62256704814885;8328
-5.56842333333333;48.4141933333333;-6.95895805087905;7.72870590147765;8338
-5.56877833333333;48.4146033333333;-6.75740812373555;7.77350882024398;8347
-5.56980666666667;48.4158283333333;-6.49215510303806;7.73704916772444;8378
-5.57049333333333;48.4166416666667;-6.62619644307078;7.62256704814885;8398
-5.57082666666667;48.4170483333333;-6.62619644307078;7.62256704814885;8406
-5.57185;48.4182833333333;-6.95895805087905;7.72870590147765;8441
-5.57289;48.419525;-6.69180197056985;7.69803757432284;8466
-5.57362;48.42037;-6.88818369679296;7.38667266534292;8488
-5.57500833333333;48.421945;-6.34131331328239;8.11651091245036;8526
-5.57568333333333;48.4228366666667;-6.27974693089361;8.03770953648744;8548
-5.58006166666667;48.4282333333333;-7.08543763823081;8.15086361035537;8680
-5.580435;48.4286883333333;-6.23027163132672;7.69374472196635;8686
-5.58178666666667;48.4303616666667;-6.5564334962007;7.81365317370219;8727
-5.58208666666667;48.4307383333333;-6.6078641060233;8.16003259529819;8748
-5.582425;48.4311583333333;-6.5564334962007;7.81365317370219;8753
-5.58314;48.43204;-6.49215510303806;7.73704916772444;8767
-5.58340666666667;48.4323733333333;-6.4278760968654;7.66044443118978;8777
-5.58377;48.4328383333333;-6.10440767315009;7.53831567790379;8787
-5.58340666666667;48.4323733333333;-6.4278760968654;7.66044443118978;8794
-5.58409666666667;48.433265;-6.95422595756604;7.99992183826024;8803
-5.585425;48.4349133333333;-6.10648229202213;7.27742220963029;8836
-5.59035833333333;48.440785;-6.25887601120709;8.30580899983658;8979
-5.59329833333333;48.44453;-6.35613618967004;7.84917450717306;9067
-5.59593166666667;48.44794;-6.75740812373555;7.77350882024398;9146
-5.59726;48.4496;-6.35613618967004;7.84917450717306;9186
-5.606555;48.46182;-6.75740812373555;7.77350882024398;9476
-5.60916333333333;48.4651733333333;-6.4293786092403;7.39615403013259;9557
-5.609815;48.4660133333333;-7.08543763823081;8.15086361035537;9578
-5.61081166666667;48.4672633333333;-6.88818369679296;7.38667266534292;9607
-5.61244833333333;48.46924;-7.21664931889558;8.30180538245049;9658
-5.61312666666667;48.470095;-6.82513205723382;7.58007707812579;9677
-5.61342333333333;48.470465;-6.55748006994334;7.28281943142209;9688
-5.613755;48.470875;-6.62439274769963;7.35713348873895;9697
-5.61408333333333;48.471285;-6.23256077540982;7.16974101211633;9706
-5.61440166666667;48.4717066666667;-6.80765216299375;7.04953018052196;9718
-5.61541;48.47292;-6.92964659049808;6.92964659049808;9747
-5.61576833333333;48.473315;-7.28319998109136;7.28319998109135;9760
-5.61612666666667;48.4737016666667;-6.87711760255294;7.12146374894629;9767
-5.61744833333333;48.4753916666667;-6.684990895536;7.9668619162146;9810
-5.61840166666667;48.4766666666667;-6.69130606358858;7.43144825477394;9838
-5.61907166666667;48.47752;-7.0245832387246;7.53294326617211;9859
-5.61970166666667;48.4782816666667;-7.14177875972396;7.14177875972396;9881
-5.62080333333333;48.4795016666667;-7.48113364911562;7.22444678778243;9907
-5.62117333333333;48.4798966666667;-7.33726582625107;7.0855152461862;9920
-5.622225;48.481035;-7.22918287682421;7.75234951615251;9947
-5.62257166666667;48.4814383333333;-6.54718451676171;7.02099581453334;9956
-5.62329333333333;48.4822766666667;-6.59925451936048;6.83372810321718;9977
-5.62391;48.4829983333333;-7.14177875972396;7.14177875972396;9997
-5.624295;48.4834416666667;-7.38667266534292;6.88818369679296;10008
-5.626535;48.4857266666667;-7.22444678778244;7.48113364911561;10066
-5.62725166666667;48.4865633333333;-6.88861980440033;7.92445059233911;10091
-5.62790166666667;48.4873933333333;-6.4278760968654;7.66044443118978;10108
-5.62816333333333;48.4877333333333;-6.95895805087905;7.72870590147765;10116
-5.62884666666667;48.4886033333333;-7.01604980662701;7.26533225782673;10139
-5.62922666666667;48.4890483333333;-6.59925451936048;6.83372810321718;10148
-5.63017;48.4901716666667;-7.14177875972396;7.14177875972396;10179
-5.63090333333333;48.4910083333333;-6.90566235765741;6.66872062139751;10196
-5.63234666666667;48.4925;-7.04953018052197;6.80765216299374;10238
-5.63437;48.4949166666667;-6.42365407629811;7.13419060807024;10299
-5.635075;48.4958183333333;-7.35391025460027;7.35391025460026;10318
-5.63721333333333;48.498215;-6.94658370458998;7.19339800338651;10378
-5.63825166666667;48.4994283333333;-6.62439274769963;7.35713348873895;10408
-5.63851166666667;48.4997666666667;-6.751783504457;7.24040136704049;10420
-5.63958;48.5011066666667;-6.50538225204632;6.50538225204632;10447
-5.64059166666667;48.5022683333333;-7.55306790355584;7.29391288981946;10478
-5.64095;48.5026583333333;-7.62500215799607;7.3633789918565;10486
-5.64205666666667;48.50387;-6.7175144212722;6.7175144212722;10519
-5.64307833333333;48.5050333333333;-6.87711760255294;7.12146374894629;10546
-5.643775;48.50583;-6.73818606095671;6.97759592608173;10567
-5.64412333333333;48.506215;-7.36337899185651;7.62500215799606;10583
-5.64478666666667;48.5070133333333;-6.89204537312277;7.65439184416079;10595
-5.64961833333333;48.5125916666667;-6.94658370458998;7.19339800338651;10738
-5.65202333333333;48.5153083333333;-7.07106781186548;7.07106781186547;10807
-5.65309;48.5165416666667;-6.54718451676171;7.02099581453334;10839
-5.65378333333333;48.5173416666667;-7.08551524618621;7.33726582625106;10858
-5.65443333333333;48.518085;-6.49056675405439;7.2085046653871;10877
-5.655115;48.5189433333333;-6.88818369679296;7.38667266534292;10897
-5.65605333333333;48.5201216666667;-7.22444678778244;7.48113364911561;10926
-5.65992333333333;48.5244666666667;-6.94658370458998;7.19339800338651;11037
-5.66407666666667;48.5292283333333;-7.31353701619171;6.81998360062498;11162
-5.66650666666667;48.5319766666667;-6.82301365123462;7.84897934641797;11228
-5.69366666666667;48.564305;-6.21818113564537;7.95890891203013;12030
-5.69488666666667;48.5660166666667;-5.73576436351046;8.19152044288992;12067
-5.69542333333333;48.5668216666667;-4.99586922839181;8.3145226533188;12088
-5.696365;48.5686883333333;-4.90309748377892;9.62287063118038;12126
-5.696565;48.5691383333333;-5.13898215955136;9.27096922931854;12136
-5.69788833333333;48.5718783333333;-4.64776829249113;8.7411808324856;12199
-5.69810333333333;48.5723316666667;-5.02334563226444;9.44753907518163;12207
-5.70154333333333;48.5826616666667;-2.40697623857335;10.4257595073557;12429
-5.70160833333333;48.5831066666667;-2.02257542377923;10.4052485190063;12435
-5.70168;48.5836883333333;-2.07981797681648;10.6997359251185;12447
-5.70172166666667;48.5841433333333;-1.32837579662665;10.8187526742641;12457
-5.70164333333333;48.5866383333333;-0.781272492629206;11.1727171726398;12505
-5.701585;48.5872083333333;-0.767321211185372;10.9732045528581;12517
-5.7015;48.5882416666667;-1.01100664912011;11.5558588778824;12537
-5.70143333333333;48.5892166666667;-1.1707187686605;11.1386450384347;12556
-5.7015;48.5882416666667;-1.01100664912011;11.5558588778824;12561
-5.70143333333333;48.5892166666667;-1.1707187686605;11.1386450384347;12569
-5.70135333333333;48.5907933333333;-1.14981309594419;10.939740849051;12589
-5.70133;48.5913;-0.915135298850412;10.4600443299633;12595
-5.70130666666667;48.59181;-1.14981309594419;10.939740849051;12609
-5.70133;48.5913;-0.915135298850412;10.4600443299633;12619
-5.70125166666667;48.59334;-1.34056277745663;10.9180076680545;12639
-5.70121833333333;48.5943533333333;-1.13936020974298;10.8402882801342;12657
-5.70120166666667;48.594865;-1.1916244413768;11.3375492278183;12667
-5.701155;48.5958316666667;-1.1602659821454;11.0391934179678;12687
-5.70102166666667;48.59791;-0.941282038298349;10.7589029293999;12729
-5.701;48.5984633333333;-1.13936020974298;10.8402882801342;12737
-5.70102166666667;48.59791;-0.941282038298349;10.7589029293999;12743
-5.70097333333333;48.5994266666667;-0.760345537200977;10.8734477672916;12756
-5.700485;48.6029966666667;0.387384426710862;11.0932385611493;12826
-5.70026166666667;48.6040066666667;0.949997562702197;10.8585218291819;12846
-5.70010833333333;48.6045633333333;1.1707187686605;11.1386450384347;12863
-5.699655;48.6060183333333;2.6369485697505;10.5762230462699;12886
-5.69918333333333;48.606995;3.4609902780591;10.6518328011061;12907
-5.69890166666667;48.6075366666667;3.79642372138525;10.4305884491879;12919
-5.69828666666667;48.6085016666667;4.5961241443354;10.3230638456064;12936
-5.69797333333333;48.6089283333333;4.5961241443354;10.3230638456064;12953
-5.69688166666667;48.6103666666667;4.69106286653784;10.0600167818358;12979
-5.69651;48.6108316666667;4.41526182645484;10.4017050195849;12987
-5.69617166666667;48.6112983333333;4.27051502204032;10.5698955883688;12998
-5.69482;48.6131733333333;4.04955789821515;10.5494589974847;13038
-5.69412666666667;48.6141216666667;4.37618856455382;10.309654183095;13059
-5.69345833333333;48.6150016666667;4.53248123952767;10.677856651193;13078
-5.69306666666667;48.6154983333333;4.45433471572562;10.4937549782131;13088
-5.69268833333333;48.6159566666667;4.23305457705034;10.477177733451;13099
-5.69306666666667;48.6154983333333;4.45433471572562;10.4937549782131;13107
-5.69196666666667;48.616885;3.64636326782296;10.589807866369;13124
-5.69139166666667;48.6177783333333;3.43008875544254;10.5567276936755;13147
-5.69077666666667;48.6187783333333;3.61380663866883;10.4952565498391;13159
-5.689165;48.6211583333333;4.30797582428299;10.6626143275181;13207
-5.688825;48.621625;4.41526182645484;10.4017050195849;13220
-5.68847666666667;48.62209;4.45433471572562;10.4937549782131;13228
-5.68780833333333;48.6229866666667;4.19559377480768;10.3844589943017;13245
-5.68679666666667;48.6244083333333;3.89902950344229;10.7124955184951;13276
-5.68581166666667;48.6258516666667;4.04955789821515;10.5494589974847;13306
-5.685455;48.626375;4.27051502204032;10.5698955883688;13317
-5.68481166666667;48.627285;4.45433471572562;10.4937549782131;13336
-5.68442166666667;48.62781;4.23305457705034;10.477177733451;13347
-5.68481166666667;48.627285;4.45433471572562;10.4937549782131;13355
-5.68409833333333;48.628275;4.23305457705034;10.477177733451;13360
-5.68379;48.628695;4.23305457705034;10.477177733451;13365
-5.68409833333333;48.628275;4.23305457705034;10.477177733451;13370
-5.68276666666667;48.6301116666667;4.0137209665541;10.4561005987023;13396
-5.68177333333333;48.6315266666667;4.0137209665541;10.4561005987023;13425
-5.68144166666667;48.632005;4.0137209665541;10.4561005987023;13436
-5.681075;48.6325266666667;4.0853944881099;10.6428165059354;13447
-5.68077;48.63295;4.0853944881099;10.6428165059354;13458
-5.68045833333333;48.6333733333333;4.12123141977095;10.7361749047178;13467
-5.67974833333333;48.6343666666667;4.0853944881099;10.6428165059354;13485
-5.67902666666667;48.6353516666667;4.23305457705034;10.477177733451;13507
-5.67666;48.63864;3.83062554001232;10.52455717357;13577
-5.67601166666667;48.63959;3.79642372138525;10.4305884491879;13603
-5.67502833333333;48.6410066666667;4.04955789821515;10.5494589974847;13627
-5.67335333333333;48.643295;4.19559377480768;10.3844589943017;13676
-5.67297166666667;48.6438066666667;4.19559377480768;10.3844589943017;13687
-5.67235;48.6446533333333;4.12067252757503;10.1990224002347;13716
-5.67027333333333;48.6474583333333;4.04955789821515;10.5494589974847;13768
-5.6692;48.6488933333333;4.0137209665541;10.4561005987023;13796
-5.668205;48.650245;4.0137209665541;10.4561005987023;13833
-5.66615166666667;48.6531316666667;3.97788437665936;10.3627430902516;13888
-5.66484333333333;48.65495;4.23305457705034;10.477177733451;13927
-5.66346333333333;48.6568183333333;4.12123141977095;10.7361749047178;13973
-5.66102833333333;48.6601383333333;4.04955789821515;10.5494589974847;14037
-5.66040333333333;48.6609733333333;4.04955789821515;10.5494589974847;14056
-5.65936666666667;48.662355;4.27051502204032;10.5698955883688;14086
-5.65862833333333;48.6633483333333;3.97788437665936;10.3627430902516;14108
-5.65791166666667;48.6643316666667;3.79642372138525;10.4305884491879;14127
-5.65696166666667;48.6656916666667;3.83062554001232;10.52455717357;14156
-5.65663333333333;48.6661633333333;3.86482768481522;10.6185267941129;14166
-5.656275;48.6666866666667;4.19559377480768;10.3844589943017;14179
-5.65562;48.6675816666667;4.37618856455382;10.309654183095;14196
-5.65483166666667;48.668555;4.49340797762665;10.5858058147031;14224
-5.65308166666667;48.6707983333333;4.0137209665541;10.4561005987023;14265
-5.65265166666667;48.6713533333333;3.83062554001232;10.52455717357;14277
-5.65234666666667;48.6717666666667;3.83062554001232;10.52455717357;14288
-5.65265166666667;48.6713533333333;3.83062554001232;10.52455717357;14295
-5.65198;48.6722816666667;3.89902950344229;10.7124955184951;14304
-5.65135333333333;48.6731716666667;3.64636326782296;10.589807866369;14323
-5.65034;48.6745783333333;4.23305457705034;10.477177733451;14346
-5.64996;48.6750866666667;4.37618856455382;10.309654183095;14359
-5.64963666666667;48.6755033333333;4.37618856455382;10.309654183095;14366
-5.64782833333333;48.6778366666667;4.00163561167516;10.994403483963;14416
-5.64675333333333;48.6793083333333;4.04955789821515;10.5494589974847;14447
-5.64572833333333;48.680645;4.23305457705034;10.477177733451;14481
-5.645365;48.6811083333333;4.0137209665541;10.4561005987023;14487
-5.645005;48.681575;4.04955789821515;10.5494589974847;14498
-5.64359;48.6834566666667;3.83062554001232;10.52455717357;14536
-5.64324;48.68393;3.67892020746307;10.6843600846156;14548
-5.64223666666667;48.68533;3.83062554001232;10.52455717357;14576
-5.64157;48.6862766666667;4.1581333298177;10.2917411393839;14601
-5.64121666666667;48.6867466666667;4.30797582428299;10.6626143275181;14608
-5.64052166666667;48.6876833333333;4.30797582428299;10.6626143275181;14626
-5.63942833333333;48.6891066666667;4.37618856455382;10.309654183095;14656
-5.63870166666667;48.6900466666667;4.1581333298177;10.2917411393839;14690
-5.63763;48.69145;3.86482768481522;10.6185267941129;14714
-5.63623166666667;48.693325;4.23305457705034;10.477177733451;14749
-5.63509;48.694775;4.23305457705034;10.477177733451;14777
-5.63475833333333;48.6951983333333;4.27051502204032;10.5698955883688;14786
-5.63332833333333;48.697095;3.93323164824519;10.8064651390379;14828
-5.63054166666667;48.7008683333333;4.27051502204032;10.5698955883688;14906
-5.63014333333333;48.70137;4.23305457705034;10.477177733451;14919
-5.62981666666667;48.7017983333333;4.27051502204032;10.5698955883688;14934
-5.629095;48.7027383333333;4.38289707151563;10.8480509215851;14946
-5.62764333333333;48.7046216666667;4.15706835143201;10.8295333035002;14987
-5.62724833333333;48.7051416666667;3.96743379304809;10.9004347595808;15001
-5.62586166666667;48.7070266666667;4.23305457705034;10.477177733451;15042
-5.62445;48.7088616666667;4.12123141977095;10.7361749047178;15077
-5.62408166666667;48.7093383333333;4.12123141977095;10.7361749047178;15094
-5.61963833333333;48.7149016666667;4.12067252757503;10.1990224002347;15209
-5.61890166666667;48.7158283333333;3.97788437665936;10.3627430902516;15227
-5.61782;48.71722;3.71147683661719;10.7789114011455;15256
-5.61710666666667;48.7181466666667;3.89902950344229;10.7124955184951;15287
-5.61638666666667;48.719085;4.27051502204032;10.5698955883688;15296
-5.61600833333333;48.7195466666667;4.41526182645484;10.4017050195849;15306
-5.61518333333333;48.7205116666667;4.6774713953717;10.5057727628899;15327
-5.61482333333333;48.7209216666667;4.63679757590641;10.4144178686357;15336
-5.614015;48.7218316666667;4.1581333298177;10.2917411393839;15359
-5.61324333333333;48.722755;3.83062554001232;10.52455717357;15376
-5.61216;48.7241616666667;3.83062554001232;10.52455717357;15406
-5.61181;48.7246283333333;3.89902950344229;10.7124955184951;15419
-5.61145166666667;48.7251016666667;3.93323164824519;10.8064651390379;15427
-5.61034;48.7265116666667;4.19290494132675;10.9228908119509;15469
-5.609525;48.72749;4.30797582428299;10.6626143275181;15487
-5.60832833333333;48.728875;4.22874187298781;11.0162492107333;15507
-5.60798;48.729295;4.12123141977095;10.7361749047178;15518
-5.60832833333333;48.728875;4.22874187298781;11.0162492107333;15524
-5.60716166666667;48.7302683333333;4.0853944881099;10.6428165059354;15537
-5.60682166666667;48.7306866666667;3.89902950344229;10.7124955184951;15547
-5.60603166666667;48.73166;4.0853944881099;10.6428165059354;15567
-5.604915;48.7330616666667;4.04955789821515;10.5494589974847;15602
-5.60384666666667;48.7344016666667;3.96743379304809;10.9004347595808;15629
-5.60311666666667;48.7353283333333;4.04955789821515;10.5494589974847;15648
-5.60162833333333;48.737185;4.04955789821515;10.5494589974847;15688
-5.59816333333333;48.741405;4.0853944881099;10.6428165059354;15780
-5.59709333333333;48.74276;4.5961241443354;10.3230638456064;15807
-5.59585;48.7441733333333;5.04126818807439;10.3361315324404;15844
-5.593695;48.7463166666667;5.65000009536743;9.78608722794539;15887
-5.59277;48.7471866666667;5.87143385750318;9.77170690102071;15908
-5.59234833333333;48.7475733333333;5.71692282797303;9.51455736477682;15919
-5.59183;48.7480466666667;5.87143385750318;9.77170690102071;15926
-5.58957;48.75018;5.35197563666997;10.065602221774;15978
-5.58818166666667;48.751525;6.09407153868186;9.7525531057989;16008
-5.58771666666667;48.7519516666667;6.43071838991359;9.53393208438298;16019
-5.5862;48.7531883333333;7.69500197312687;8.54616549299003;16045
-5.582735;48.75543;8.60368892664074;7.47907268022512;16107
-5.581495;48.7561166666667;9.3036954353119;6.75953040136344;16126
-5.58019166666667;48.7567416666667;9.83735823891922;6.14706366725333;16146
-5.57885166666667;48.7573283333333;10.045895014262;5.80000019073486;16165
-5.57325166666667;48.7595616666667;9.25641825670646;6.48141384016784;16252
-5.57197166666667;48.76014;9.38459744336488;6.81830915081497;16268
-5.56926166666667;48.7614033333333;9.78264351427586;6.59847636761239;16307
-5.56799;48.7619666666667;9.94314101512788;5.97444186542806;16328
-5.56723833333333;48.7622866666667;9.85742395807429;5.92293786146563;16343
-5.56585166666667;48.7628516666667;9.92216256327785;6.20005529045442;16357
-5.56242666666667;48.7643016666667;9.53393208438298;6.43071838991359;16410
-5.561065;48.76489;9.53393208438298;6.43071838991359;16426
-5.560385;48.765185;9.45102801087474;6.37479888625135;16444
-5.55835666666667;48.7660716666667;9.72857890809435;6.31781301393762;16467
-5.55697333333333;48.76667;9.69973944076762;6.54255686395016;16489
-5.55567;48.767225;9.61683615789122;6.48663789357583;16508
-5.55491666666667;48.767545;9.61683615789122;6.48663789357583;16524
-5.554235;48.767835;9.7479090145573;6.8255593737754;16533
-5.55221166666667;48.76873;9.64471153137237;6.26334890267281;16564
-5.54881666666667;48.7701716666667;9.64471153137237;6.26334890267281;16607
-5.54678;48.7710333333333;9.36812472799834;6.31887991587702;16638
-5.54479333333333;48.7719166666667;9.47697757774701;6.15442119955146;16667
-5.54073166666667;48.7736466666667;9.5608441546504;6.20888479140801;16733
-5.53468;48.7762333333333;9.69973944076762;6.54255686395016;16816
-5.53339;48.77678;9.61683615789122;6.48663789357583;16853
-5.531965;48.7773883333333;9.61683615789122;6.48663789357583;16858
-5.53339;48.77678;9.61683615789122;6.48663789357583;16863
-5.53061166666667;48.7779766666667;9.72857890809435;6.31781301393762;16882
-5.52985333333333;48.7782916666667;9.61683615789122;6.48663789357583;16902
-5.52718166666667;48.779415;9.72857890809435;6.31781301393762;16934
-5.52649666666667;48.7797033333333;9.53393208438298;6.43071838991359;16945
-5.52511333333333;48.7802766666667;9.66599427885096;6.76820205834337;16967
-5.52306833333333;48.781155;9.53393208438298;6.43071838991359;16985
-5.51897833333333;48.7828783333333;9.81244548499774;6.37227660579417;17053
-5.517585;48.7834233333333;9.61683615789122;6.48663789357583;17069
-5.516895;48.7837083333333;9.81244548499774;6.37227660579417;17083
-5.51553;48.78429;9.61683615789122;6.48663789357583;17098
-5.51350333333333;48.7851716666667;9.64471153137237;6.26334890267281;17128
-5.51281833333333;48.78545;9.83735823891922;6.14706366725333;17136
-5.51144666666667;48.785995;9.7525531057989;6.09407153868186;17161
-5.50791166666667;48.787385;9.95929214352104;5.75;17211
-5.50728;48.78763;9.85742395807429;5.92293786146563;17224
-5.50791166666667;48.787385;9.95929214352104;5.75;17235
-5.50517;48.7884283333333;9.72857890809435;6.31781301393762;17249
-5.50442;48.78874;9.64471153137237;6.26334890267281;17263
-5.50313166666667;48.7892883333333;9.66774797267858;6.04107941011038;17291
-5.50167833333333;48.7898666666667;9.81244548499774;6.37227660579417;17297
-5.499595;48.7907166666667;9.72857890809435;6.31781301393762;17338
-5.49835333333333;48.7912416666667;9.64471153137237;6.26334890267281;17346
-5.49612;48.792165;9.89631286171972;6.42674071705897;17380
-5.49542;48.7924516666667;9.92216256327785;6.20005529045442;17387
-5.49612;48.792165;9.89631286171972;6.42674071705897;17392
-5.49479666666667;48.7927133333333;10.1765771538771;6.35903117079846;17404
-5.493325;48.7932833333333;10.2190999298376;5.90000009536743;17424
-5.49190833333333;48.7938083333333;9.94314101512788;5.97444186542806;17442
-5.49133833333333;48.7940216666667;9.94314101512788;5.97444186542806;17452
-5.49056;48.7943166666667;9.72857890809435;6.31781301393762;17457
-5.48848;48.7951616666667;9.69973944076762;6.54255686395016;17488
-5.48772;48.795475;9.61683615789122;6.48663789357583;17502
-5.48717666666667;48.79571;9.53393208438298;6.43071838991359;17512
-5.48497666666667;48.796615;9.61683615789122;6.48663789357583;17537
-5.47681833333333;48.7999966666667;9.50216402623401;6.65348688047418;17656
-5.47338666666667;48.8014233333333;9.72857890809435;6.31781301393762;17709
-5.471995;48.8019816666667;9.72857890809435;6.31781301393762;17733
-5.47060666666667;48.8025433333333;9.83735823891922;6.14706366725333;17750
-5.46991;48.80282;9.7525531057989;6.09407153868186;17755
-5.46712666666667;48.8039316666667;9.69973944076762;6.54255686395016;17796
-5.466435;48.8042166666667;9.64471153137237;6.26334890267281;17806
-5.46712666666667;48.8039316666667;9.69973944076762;6.54255686395016;17814
-5.46301166666667;48.80564;9.58407876194035;6.71084419590622;17855
-5.4609;48.8065166666667;9.72857890809435;6.31781301393762;17888
-5.46028166666667;48.806765;9.64471153137237;6.26334890267281;17896
-5.45892666666667;48.8073233333333;9.83735823891922;6.14706366725333;17923
-5.45754833333333;48.8078533333333;9.49813851519963;5.93509565833782;17936
-5.45679666666667;48.8081466666667;9.58294364831995;5.98808778690929;17948
-5.45625166666667;48.8083683333333;9.58294364831995;5.98808778690929;17956
-5.45550833333333;48.808665;9.47697757774701;6.15442119955146;17965
-5.45414166666667;48.8091933333333;9.45102801087474;6.37479888625135;17986
-5.45218166666667;48.8099983333333;9.2852206544901;6.26296041221478;18016
-5.45143;48.8102966666667;9.36812472799834;6.31887991587702;18025
-5.45009666666667;48.8108566666667;9.64471153137237;6.26334890267281;18046
-5.44941166666667;48.811125;9.5608441546504;6.20888479140801;18057
-5.44866;48.8114166666667;9.5608441546504;6.20888479140801;18074
-5.44457666666667;48.81307;9.50216402623401;6.65348688047418;18128
-5.44403666666667;48.8132966666667;9.45102801087474;6.37479888625135;18137
-5.44261166666667;48.8138916666667;9.53393208438298;6.43071838991359;18157
-5.44123166666667;48.8144483333333;9.45102801087474;6.37479888625135;18178
-5.44048666666667;48.8147683333333;9.45102801087474;6.37479888625135;18188
-5.43993833333333;48.8149916666667;9.69973944076762;6.54255686395016;18196
-5.44048666666667;48.8147683333333;9.45102801087474;6.37479888625135;18203
-5.43919166666667;48.8153083333333;9.53393208438298;6.43071838991359;18217
-5.43775833333333;48.8159;9.58294364831995;5.98808778690929;18226
-5.436365;48.8164333333333;10.028857254723;6.02594537821192;18251
-5.43580666666667;48.8166383333333;9.87268927278013;5.69999980926514;18256
-5.43503;48.8169216666667;9.7525531057989;6.09407153868186;18274
-5.43295;48.8177233333333;9.53393208438298;6.43071838991359;18297
-5.432195;48.818025;9.50216402623401;6.65348688047418;18316
-5.43090333333333;48.8185633333333;9.42024850932341;6.59612901803703;18333
-5.42879;48.8194283333333;9.61683615789122;6.48663789357583;18361
-5.42810333333333;48.8197;9.49813851519963;5.93509565833782;18373
-5.43164833333333;48.8182483333333;9.38459744336488;6.81830915081497;18388
-5.42608333333333;48.8204683333333;9.64471153137237;6.26334890267281;18397
-5.425325;48.8207633333333;9.89631286171972;6.42674071705897;18414
-5.423935;48.82129;9.72857890809435;6.31781301393762;18426
-5.42117;48.822365;9.61683615789122;6.48663789357583;18474
-5.41979666666667;48.8229166666667;9.3383329924128;6.53877115559988;18488
-5.41924833333333;48.8231383333333;9.50216402623401;6.65348688047418;18496
-5.41781166666667;48.8237283333333;9.50216402623401;6.65348688047418;18516
-5.41366333333333;48.8253883333333;9.66774797267858;6.04107941011038;18577
-5.409495;48.8269566666667;9.36812472799834;6.31887991587702;18636
-5.40873333333333;48.82725;9.3383329924128;6.53877115559988;18654
-5.40738166666667;48.8278083333333;9.17450273979586;6.42405597773069;18668
-5.403285;48.8294683333333;9.5608441546504;6.20888479140801;18729
-5.40274166666667;48.82969;9.5608441546504;6.20888479140801;18736
-5.401975;48.82999;9.64471153137237;6.26334890267281;18753
-5.39992333333333;48.830815;9.5608441546504;6.20888479140801;18778
-5.39861;48.83133;9.45102801087474;6.37479888625135;18796
-5.39785833333333;48.83163;9.72857890809435;6.31781301393762;18813
-5.39434;48.8329966666667;9.45102801087474;6.37479888625135;18857
-5.39378666666667;48.8332133333333;9.50216402623401;6.65348688047418;18883
-5.39168166666667;48.834065;9.36812472799834;6.31887991587702;18895
-5.39092666666667;48.8343666666667;9.36812472799834;6.31887991587702;18908
-5.38759;48.8357133333333;9.5608441546504;6.20888479140801;18956
-5.38683833333333;48.836015;9.64471153137237;6.26334890267281;18968
-5.38484333333333;48.83679;9.66774797267858;6.04107941011038;18996
-5.38345;48.837315;9.58294364831995;5.98808778690929;19016
-5.38269;48.8376016666667;9.7525531057989;6.09407153868186;19034
-5.37992;48.83866;9.45102801087474;6.37479888625135;19067
-5.379305;48.8389066666667;9.36812472799834;6.31887991587702;19076
-5.378555;48.8392083333333;9.45102801087474;6.37479888625135;19088
-5.37787166666667;48.8394816666667;9.3383329924128;6.53877115559988;19099
-5.376595;48.8400083333333;9.3383329924128;6.53877115559988;19118
-5.37585;48.84031;9.53393208438298;6.43071838991359;19131
-5.3725;48.8416483333333;9.45102801087474;6.37479888625135;19177
-5.36968666666667;48.8427716666667;9.7525531057989;6.09407153868186;19217
-5.36913;48.8429766666667;9.66774797267858;6.04107941011038;19226
-5.36836;48.8432583333333;9.47697757774701;6.15442119955146;19242
-5.367595;48.8435516666667;9.5608441546504;6.20888479140801;19247
-5.362285;48.8456683333333;9.39311020102503;6.09995708828665;19327
-5.36152166666667;48.8459633333333;9.47697757774701;6.15442119955146;19336
-5.36082;48.8462316666667;9.64471153137237;6.26334890267281;19346
-5.36012666666667;48.846505;9.45102801087474;6.37479888625135;19355
-5.35938333333333;48.8468066666667;9.45102801087474;6.37479888625135;19369
-5.35813666666667;48.8472916666667;9.5608441546504;6.20888479140801;19385
-5.35737666666667;48.84759;9.45102801087474;6.37479888625135;19397
-5.355995;48.8481383333333;9.53393208438298;6.43071838991359;19415
-5.35463333333333;48.8486866666667;9.42024850932341;6.59612901803703;19437
-5.35128166666667;48.8500466666667;9.3383329924128;6.53877115559988;19486
-5.34914;48.8508983333333;9.5608441546504;6.20888479140801;19516
-5.34635333333333;48.8519616666667;9.58294364831995;5.98808778690929;19556
-5.34424333333333;48.8527433333333;9.7525531057989;6.09407153868186;19586
-5.34353333333333;48.8530016666667;9.72857890809435;6.31781301393762;19604
-5.34214166666667;48.8535483333333;9.64471153137237;6.26334890267281;19616
-5.34069;48.8541216666667;9.64471153137237;6.26334890267281;19641
-5.33875166666667;48.85487;9.66774797267858;6.04107941011038;19666
-5.33737166666667;48.8554;9.58294364831995;5.98808778690929;19688
-5.33653833333333;48.8557083333333;9.68599066142556;5.81993034471933;19697
-5.33521833333333;48.8561983333333;9.7525531057989;6.09407153868186;19716
-5.33459166666667;48.85643;9.7717069010207;5.87143385750319;19729
-5.33389333333333;48.856685;9.51455736477682;5.71692282797304;19738
-5.33305166666667;48.8569916666667;9.7717069010207;5.87143385750319;19747
-5.33105833333333;48.8577466666667;9.49813851519963;5.93509565833782;19778
-5.33044;48.8579833333333;9.68599066142556;5.81993034471933;19786
-5.32891666666667;48.8585416666667;9.7717069010207;5.87143385750319;19807
-5.32822;48.8587966666667;9.68599066142556;5.81993034471933;19817
-5.32689666666667;48.85928;9.58294364831995;5.98808778690929;19838
-5.326275;48.8595183333333;9.5608441546504;6.20888479140801;19846
-5.32559166666667;48.8597816666667;9.47697757774701;6.15442119955146;19864
-5.32476166666667;48.8600966666667;9.5608441546504;6.20888479140801;19874
-5.32345;48.8605883333333;9.49813851519963;5.93509565833782;19886
-5.320625;48.8616533333333;9.58294364831995;5.98808778690929;19927
-5.319935;48.8619133333333;9.49813851519963;5.93509565833782;19944
-5.31862666666667;48.8624066666667;9.58294364831995;5.98808778690929;19956
-5.31447833333333;48.8639683333333;9.5608441546504;6.20888479140801;20016
-5.31379166666667;48.8642283333333;9.64471153137237;6.26334890267281;20026
-5.31036;48.86555;9.60027360437197;5.76842634075689;20076
-5.30690333333333;48.8668466666667;9.60027360437197;5.76842634075689;20126
-5.30483666666667;48.86763;9.85742395807429;5.92293786146563;20156
-5.30414833333333;48.8678916666667;9.78608722794539;5.65000009536743;20169
-5.30198833333333;48.86866;9.68599066142556;5.81993034471933;20197
-5.29724166666667;48.8704133333333;9.36812472799834;6.31887991587702;20270
-5.29456333333333;48.8714883333333;9.47697757774701;6.15442119955146;20306
-5.29321;48.87202;9.49813851519963;5.93509565833782;20327
-5.29107833333333;48.8728266666667;9.47697757774701;6.15442119955146;20357
-5.28771166666667;48.8741116666667;9.49813851519963;5.93509565833782;20409
-5.286345;48.8746383333333;9.58294364831995;5.98808778690929;20429
-5.28357166666667;48.8756516666667;9.66774797267858;6.04107941011038;20470
-5.28022;48.876895;9.413334190841;5.88210403513673;20515
-5.27947;48.87718;9.58294364831995;5.98808778690929;20530
-5.27811166666667;48.8777033333333;9.413334190841;5.88210403513673;20546
-5.27614333333333;48.87845;9.49813851519963;5.93509565833782;20575
-5.27402166666667;48.8792483333333;9.49813851519963;5.93509565833782;20606
-5.27339833333333;48.8794733333333;9.66774797267858;6.04107941011038;20615
-5.27402166666667;48.8792483333333;9.49813851519963;5.93509565833782;20622
-5.27256833333333;48.8797733333333;9.58294364831995;5.98808778690929;20629
-5.27202166666667;48.87998;9.47697757774701;6.15442119955146;20635
-5.27051333333333;48.880545;9.30924362412164;6.04549349643011;20660
-5.26792;48.8815183333333;9.39311020102503;6.09995708828665;20697
-5.26709166666667;48.8818216666667;9.36812472799834;6.31887991587702;20706
-5.26517166666667;48.8825533333333;9.49813851519963;5.93509565833782;20735
-5.26226333333333;48.88363;9.66774797267858;6.04107941011038;20781
-5.26020333333333;48.884405;9.49813851519963;5.93509565833782;20809
-5.25965;48.884605;9.5608441546504;6.20888479140801;20815
-5.25814333333333;48.8851666666667;9.58294364831995;5.98808778690929;20836
-5.25745666666667;48.8854183333333;9.51455736477682;5.71692282797304;20846
-5.25607;48.885915;9.58294364831995;5.98808778690929;20870
-5.25468166666667;48.8864166666667;9.49813851519963;5.93509565833782;20888
-5.253985;48.8866683333333;9.58294364831995;5.98808778690929;20904
-5.24980333333333;48.888185;9.47697757774701;6.15442119955146;20964
-5.240165;48.8917066666667;9.68599066142556;5.81993034471933;21096
-5.23939;48.8919716666667;9.51455736477682;5.71692282797304;21108
-5.23730166666667;48.892695;9.413334190841;5.88210403513673;21139
-5.22168333333333;48.898225;9.24372392460037;5.77611977799378;21365
-5.221015;48.8984666666667;9.14150887067769;5.93656527390049;21376
-5.21628;48.9001633333333;9.24372392460037;5.77611977799378;21446
-5.20958333333333;48.902465;9.32852905772068;5.82911190656525;21549
-5.20688833333333;48.903395;9.34312325066965;5.61391482004816;21591
-5.203415;48.9045866666667;9.14150887067769;5.93656527390049;21638
-5.18989333333333;48.9093033333333;9.42884030772323;5.6654188240106;21841
-5.18785833333333;48.9099766666667;9.43967657088791;5.44999980926514;21867
-5.18439833333333;48.91112;8.84684223456197;6.19462562199232;21917
-5.17038333333333;48.9160433333333;8.97377491705232;5.82763757077914;22127
-5.14199;48.9259316666667;9.32852905772068;5.82911190656525;22555
