"x";"y";"vx";"vy";"t"
-5.72301333333333;48.1085583333333;8.9328077438348;1.73636193071441;0
-5.30695166666667;48.1134633333333;9.32993344680212;1.14557178151892;6732
-5.29046;48.1139433333333;9.64686219538225;1.01392607375902;6983
-5.289045;48.1139383333333;9.64686219538225;1.01392607375902;7000
-5.28642;48.11396;9.77612788281652;0.683613455997421;7038
-5.28236833333333;48.1139733333333;9.76270823130817;0.854126295550688;7101
-5.27963;48.11396;9.5766152630348;0.669662174553587;7139
-5.27776333333333;48.1139633333333;9.6867062966459;0.507658765574265;7171
-5.27507166666667;48.1139533333333;9.54741057491542;1.00347328724392;7208
-5.27373;48.113955;9.67637109725005;0.676637782013025;7228
-5.27507166666667;48.1139533333333;9.54741057491542;1.00347328724392;7266
-5.27373;48.113955;9.67637109725005;0.676637782013025;7308
-5.26634833333333;48.1139483333333;9.54741057491542;1.00347328724392;7340
-5.261135;48.1139533333333;9.48698058016845;0.497191584307968;7418
-5.259165;48.1139516666667;9.37710169190186;0.655710826584796;7453
-5.25721;48.1139166666667;9.26461088226229;0.810548424176859;7482
-5.261135;48.1139533333333;9.48698058016845;0.497191584307968;7492
-5.259165;48.1139516666667;9.37710169190186;0.655710826584796;7527
-5.25721;48.1139166666667;9.26461088226229;0.810548424176859;7546
-5.25211333333333;48.1139533333333;9.01143980330558;1.26647527182692;7559
-5.25394;48.113925;8.9329153647719;1.09682409064633;7574
-5.25211333333333;48.1139533333333;9.01143980330558;1.26647527182692;7581
-5.24208666666667;48.1140666666667;8.73440632375679;1.07245024521003;7723
-5.24153833333333;48.1140883333333;8.67880704699023;0.6068813082689;7728
-5.24085333333333;48.114075;8.87831966677195;0.620832589712734;7741
-5.238375;48.11409;8.98766581279116;0.471023606186496;7785
-5.23714333333333;48.1141083333333;8.79042585452352;1.39226667918304;7801
-5.23592833333333;48.1141333333333;8.78794009631372;0.460556424920198;7822
-5.234755;48.1141383333333;8.86613243299842;0.77568607720688;7842
-5.234205;48.11415;8.76651353321642;0.76697055280303;7847
-5.23352833333333;48.114165;8.86613243299842;0.77568607720688;7861
-5.23229833333333;48.1141733333333;8.85124448939764;0.930303283207671;7878
-5.23052333333333;48.1142266666667;8.79463946838672;0.30711557763856;7911
-5.22918166666667;48.1142583333333;8.81338543404269;1.23864054545426;7933
-5.22618333333333;48.1143566666667;8.7517928689308;0.919850496692573;7980
-5.22550666666667;48.114385;8.7517928689308;0.919850496692573;7994
-5.21756666666667;48.1146116666667;8.83366037098146;1.08463710981635;8122
-5.21701166666667;48.1146466666667;8.86613243299842;0.77568607720688;8128
-5.21386666666667;48.1147666666667;8.86613243299842;0.77568607720688;8178
-5.20959333333333;48.114935;8.89457797923261;0.310605507339158;8250
-5.20890666666667;48.114945;8.85124448939764;0.930303283207671;8263
-5.20590333333333;48.1150883333333;8.85124448939764;0.930303283207671;8310
-5.20460166666667;48.1151433333333;8.96575228282571;0.784401684728923;8329
-5.2022;48.1152366666667;8.96575228282571;0.784401684728923;8373
-5.19899833333333;48.1153816666667;8.83366037098146;1.08463710981635;8419
-5.19648333333333;48.1154916666667;8.76651353321642;0.76697055280303;8462
-5.195245;48.1155166666667;8.83366037098146;1.08463710981635;8482
-5.19160166666667;48.11567;8.81338543404269;1.23864054545426;8540
-5.18421333333333;48.11599;8.95069705831446;0.940756169408881;8661
-5.18108333333333;48.1161316666667;9.065372132653;0.793117292250966;8711
-5.18046333333333;48.11616;8.96575228282571;0.784401684728923;8718
-5.179215;48.1162;9.07783323790489;0.634783937681525;8741
-5.17672;48.1163083333333;9.05014962723128;0.951209055610091;8778
-5.17547333333333;48.1163866666667;8.97807645233842;0.627808263697129;8799
-5.17240333333333;48.116535;8.9329153647719;1.09682409064633;8849
-5.17172166666667;48.1165833333333;8.87831966677195;0.620832589712734;8861
-5.16543333333333;48.1168966666667;8.89864410548025;0.155326410634257;8962
-5.16424666666667;48.116925;8.96175092808544;1.58019848301059;8980
-5.1637;48.1169833333333;8.86613243299842;0.77568607720688;8991
-5.163075;48.1170033333333;8.87831966677195;0.620832589712734;9000
-5.16169666666667;48.1170733333333;9.03217035856234;1.10901107147631;9023
-5.159335;48.1171916666667;8.96575228282571;0.784401684728923;9058
-5.14932166666667;48.11763;8.98766581279116;0.471023606186496;9222
-5.14875666666667;48.1176383333333;9.03217035856234;1.10901107147631;9232
-5.1462;48.1177633333333;9.01143980330558;1.26647527182692;9269
-5.14551666666667;48.1178066666667;8.97807645233842;0.627808263697129;9286
-5.14364333333333;48.1179083333333;8.96575228282571;0.784401684728923;9311
-5.14244333333333;48.1179316666667;9.01143980330558;1.26647527182692;9332
-5.13871333333333;48.118115;8.88919506535624;1.40791018536208;9389
-5.13802833333333;48.11817;8.97807645233842;0.627808263697129;9403
-5.13617666666667;48.1182716666667;8.86613243299842;0.77568607720688;9430
-5.13124166666667;48.1185583333333;9.07783323790489;0.634783937681525;9511
-5.12357166666667;48.119125;9.287254863691;0.48672440304167;9632
-5.11771666666667;48.1196266666667;9.34850543708177;0.982567514841498;9721
-5.10800333333333;48.1204366666667;9.59415232062067;0.335035181657112;9873
-5.10734666666667;48.1204666666667;9.56346948169888;0.836695163624795;9881
-5.106105;48.1205933333333;9.48698058016845;0.497191584307968;9900
-5.10537833333333;48.1206383333333;9.62769748160767;1.1821326077852;9908
-5.104725;48.1207;9.50657383767636;1.33606182230696;9921
-5.10141333333333;48.120965;9.67637109725005;0.676637782013025;9969
-5.09875166666667;48.1211583333333;9.56346948169888;0.836695163624795;10011
-5.09814666666667;48.1212066666667;9.67637109725005;0.676637782013025;10018
-5.09344833333333;48.1215133333333;9.72695247539811;1.19431958861518;10088
-5.08802333333333;48.1219316666667;9.76270823130817;0.854126295550688;10173
-5.08735333333333;48.1219783333333;9.72695247539811;1.19431958861518;10179
-5.08542;48.1221483333333;9.69409083146656;0.33852511135771;10212
-5.08261666666667;48.12234;9.66308838148087;0.845410688028645;10255
-5.08142666666667;48.12246;9.5766152630348;0.669662174553587;10272
-5.07997;48.1225516666667;9.54741057491542;1.00347328724392;10295
-5.07865;48.1226716666667;9.67637109725005;0.676637782013025;10310
-5.07680666666667;48.12283;9.58684391459084;0.502425199896845;10343
-5.07601666666667;48.12288;9.4479580059986;0.993020401042708;10353
-5.07350833333333;48.12308;9.46384963187158;0.827979556102752;10388
-5.07284833333333;48.1231416666667;9.4479580059986;0.993020401042708;10400
-5.07071833333333;48.12325;9.59415232062067;0.335035181657112;10429
-5.07012;48.1232816666667;9.58684391459084;0.502425199896845;10441
-5.06805166666667;48.1233533333333;9.66308838148087;0.845410688028645;10471
-5.06612666666667;48.123425;9.59415232062067;0.335035181657112;10501
-5.06540166666667;48.1234583333333;9.58684391459084;0.502425199896845;10514
-5.06408666666667;48.1235233333333;9.59853825491298;0.167543108455485;10533
-5.062775;48.12359;9.47685847746833;0.662686500569192;10550
-5.06218333333333;48.12363;9.59853825491298;0.167543108455485;10560
-5.06014;48.1237283333333;9.59853825491298;0.167543108455485;10594
-5.05961833333333;48.1237483333333;9.58684391459084;0.502425199896845;10602
-5.05697833333333;48.1238583333333;9.67637109725005;0.676637782013025;10640
-5.05427166666667;48.124005;9.58684391459084;0.502425199896845;10680
-5.041575;48.12455;9.6867062966459;0.507658765574265;10871
-4.885335;48.1272966666667;10.0753972881647;-0.704540411425649;13141
-4.88254166666667;48.1272966666667;10.0615668307447;-0.880273034998626;13180
-4.87983833333333;48.12729;10.0938477341302;-0.352484930008359;13219
-4.456765;48.1150633333333;10.0753972881647;-0.704540411425649;19159
