"x";"y";"vx";"vy";"t"
-6.20391666666667;48.02315;9.5022687417684;17.1425465935731;0
-6.16041666666667;48.0767666666667;9.59923011099709;17.3174695340782;666
-6.15023333333333;48.08935;9.59923011099709;17.3174695340782;824
-6.09058333333333;48.1627833333333;9.55074988873323;17.230008897928;1737
-5.92651666666667;48.3668666666667;9.12520921794852;17.9092314760782;4265
-5.92348333333333;48.3709333333333;9.12520921794852;17.9092314760782;4309
-5.92296666666667;48.3715833333333;9.12520921794852;17.9092314760782;4324
-5.92268333333333;48.3719333333333;9.12520921794852;17.9092314760782;4330
-5.92003333333333;48.3754;9.07980999479093;17.8201304837674;4369
-5.91966666666667;48.3758166666667;9.07980999479093;17.8201304837674;4374
-5.91776666666667;48.3782833333333;9.07980999479093;17.8201304837674;4399
-5.91726666666667;48.3788333333333;9.07980999479093;17.8201304837674;4407
-5.91561666666667;48.3810833333333;9.07980999479093;17.8201304837674;4434
-5.91505;48.3817666666667;9.07980999479093;17.8201304837674;4444
-5.9142;48.3830166666667;9.07980999479093;17.8201304837674;4455
-5.91398333333333;48.38335;9.07980999479093;17.8201304837674;4460
-5.91143333333333;48.38675;9.07980999479093;17.8201304837674;4505
-5.90833333333333;48.3908666666667;9.07980999479093;17.8201304837674;4556
-5.90798333333333;48.3913333333333;9.07980999479093;17.8201304837674;4564
-5.90523333333333;48.3949333333333;9.03441077163335;17.7310294914565;4602
-5.89986666666667;48.4020333333333;9.12520921794852;17.9092314760782;4690
-5.89616666666667;48.40695;9.07980999479093;17.8201304837674;4742
-5.89575;48.4074833333333;9.07980999479093;17.8201304837674;4747
-5.89385;48.4099833333333;9.07980999479093;17.8201304837674;4778
-5.89141666666667;48.4131;9.03441077163335;17.7310294914565;4824
-5.89071666666667;48.4140166666667;9.03441077163335;17.7310294914565;4838
-5.89016666666667;48.4147833333333;9.07980999479093;17.8201304837674;4846
-5.88866666666667;48.4168;9.07980999479093;17.8201304837674;4860
-5.88768333333333;48.4179666666667;9.03441077163335;17.7310294914565;4883
-5.88718333333333;48.41865;9.03441077163335;17.7310294914565;4894
-5.88651666666667;48.41955;9.07980999479093;17.8201304837674;4906
-5.88553333333333;48.4208333333333;9.07980999479093;17.8201304837674;4920
-5.88473333333333;48.4219;9.03441077163335;17.7310294914565;4926
-5.8843;48.4224833333333;9.03441077163335;17.7310294914565;4934
-5.88343333333333;48.4236666666667;9.07980999479093;17.8201304837674;4945
-5.88301666666667;48.4241666666667;9.03441077163335;17.7310294914565;4952
-5.88218333333333;48.4252666666667;9.03441077163335;17.7310294914565;4964
-5.88111666666667;48.42665;9.03441077163335;17.7310294914565;4983
-5.88076666666667;48.4271;9.03441077163335;17.7310294914565;4991
-5.8802;48.4277833333333;9.17060844110611;17.9983324683891;5003
-5.8797;48.4284333333333;9.12520921794852;17.9092314760782;5011
-5.88;48.4280333333333;9.12520921794852;17.9092314760782;5016
-5.87893333333333;48.4294;9.07980999479093;17.8201304837674;5023
-5.87875;48.4296333333333;9.07980999479093;17.8201304837674;5033
-5.87743333333333;48.4313166666667;9.07980999479093;17.8201304837674;5040
-5.87651666666667;48.4324166666667;9.03441077163335;17.7310294914565;5052
-5.87508333333333;48.4343166666667;9.03441077163335;17.7310294914565;5083
-5.87366666666667;48.4362;9.03441077163335;17.7310294914565;5106
-5.87328333333333;48.4366833333333;9.03441077163335;17.7310294914565;5114
-5.87291666666667;48.4371666666667;9.03441077163335;17.7310294914565;5119
-5.87255;48.4376666666667;9.03441077163335;17.7310294914565;5125
-5.87216666666667;48.43815;9.03441077163335;17.7310294914565;5130
-5.87126666666667;48.4393166666667;9.07980999479093;17.8201304837674;5146
-5.87051666666667;48.4403;9.07980999479093;17.8201304837674;5164
-5.86951666666667;48.4416166666667;9.03441077163335;17.7310294914565;5172
-5.86745;48.4443166666667;9.07980999479093;17.8201304837674;5206
-5.86453333333333;48.44805;9.03441077163335;17.7310294914565;5251
-5.8638;48.449;9.03441077163335;17.7310294914565;5263
-5.86161666666667;48.4518333333333;9.07980999479093;17.8201304837674;5293
-5.8611;48.4524833333333;9.07980999479093;17.8201304837674;5298
-5.86073333333333;48.4529833333333;9.07980999479093;17.8201304837674;5306
-5.85985;48.4540833333333;9.03441077163335;17.7310294914565;5322
-5.85956666666667;48.4544666666667;9.03441077163335;17.7310294914565;5330
-5.85913333333333;48.4550333333333;9.03441077163335;17.7310294914565;5335
-5.85858333333333;48.4557333333333;9.03441077163335;17.7310294914565;5341
-5.858;48.4564833333333;9.03441077163335;17.7310294914565;5352
-5.85765;48.4569333333333;9.03441077163335;17.7310294914565;5359
-5.85721666666667;48.4575;9.03441077163335;17.7310294914565;5368
-5.85653333333333;48.4583833333333;9.03441077163335;17.7310294914565;5375
-5.85585;48.45925;9.34248392035004;17.5706567610749;5386
-5.85515;48.4601833333333;9.94999980926513;17.2339052049479;5396
-5.8542;48.4613833333333;10.8383165890357;16.6895439821865;5412
-5.85333333333333;48.4624;11.1279385657527;16.4978473775926;5426
-5.8529;48.4628666666667;11.4141708645838;16.3011253688692;5431
-5.85205;48.4637333333333;11.4715287270209;16.3830408857798;5442
-5.85158333333333;48.4641833333333;11.5288865894581;16.4649564026904;5450
-5.85056666666667;48.4651833333333;11.4715287270209;16.3830408857798;5464
-5.8497;48.4660166666667;11.4715287270209;16.3830408857798;5473
-5.84795;48.4675833333333;10.8383165890357;16.6895439821865;5494
-5.84731666666667;48.4681666666667;10.8383165890357;16.6895439821865;5504
-5.84613333333333;48.4692833333333;9.89999961853027;17.1473023342069;5509
-5.84556666666667;48.4698666666667;9.55074988873323;17.230008897928;5517
-5.84466666666667;48.47085;8.59207464429124;17.6163636503264;5528
-5.8444;48.4712;8.24105610394364;17.6730018472147;5534
-5.84401666666667;48.4717333333333;8.1987941165535;17.582370722782;5546
-5.84341666666667;48.4725666666667;8.1987941165535;17.582370722782;5557
-5.84313333333333;48.47295;8.1987941165535;17.582370722782;5563
-5.8416;48.4750166666667;7.89069072051281;17.7227815297765;5584
-5.84076666666667;48.4761833333333;7.58018374363981;17.8577938058326;5593
-5.84046666666667;48.4766166666667;7.26736776936762;17.9873664249031;5599
-5.84006666666667;48.4772;7.26736776936762;17.9873664249031;5606
-5.83975;48.4777;7.26736776936762;17.9873664249031;5614
-5.83943333333333;48.4782;6.9523380844723;18.111459917913;5620
-5.83851666666667;48.4797;6.9523380844723;18.111459917913;5636
-5.83791666666667;48.4806666666667;6.91650115281125;18.0181015191307;5647
-5.8378;48.48085;6.91650115281125;18.0181015191307;5653
-5.8374;48.4815166666667;6.9523380844723;18.111459917913;5667
-5.83718333333333;48.4818833333333;6.9523380844723;18.111459917913;5677
-5.83598333333333;48.4838333333333;6.98817501613336;18.2048183166954;5689
-5.83526666666667;48.48505;6.66939279485054;18.3240061053252;5701
-5.8349;48.4856833333333;6.66939279485054;18.3240061053252;5707
-5.83458333333333;48.4862166666667;6.66939279485054;18.3240061053252;5713
-5.83435;48.48665;6.66939279485054;18.3240061053252;5720
-5.83405;48.4871666666667;6.66939279485054;18.3240061053252;5725
-5.83376666666667;48.4876833333333;7.02401194779441;18.2981767154778;5738
-5.83311666666667;48.4887833333333;7.02401194779441;18.2981767154778;5743
-5.83286666666667;48.4892166666667;7.02401194779441;18.2981767154778;5749
-5.83228333333333;48.4901166666667;7.34228937385295;18.1728039032016;5761
-5.83191666666667;48.4906833333333;7.34228937385295;18.1728039032016;5770
-5.83158333333333;48.4912166666667;7.37975017609562;18.2655226423509;5780
-5.83143333333333;48.4915;7.37975017609562;18.2655226423509;5786
-5.8307;48.49265;7.41721026383291;18.3582396130372;5799
-5.83015;48.4935;7.41721026383291;18.3582396130372;5809
-5.82958333333333;48.4944;7.41721026383291;18.3582396130372;5816
-5.82918333333333;48.495;7.41721026383291;18.3582396130372;5821
-5.82878333333333;48.4956333333333;7.41721026383291;18.3582396130372;5826
-5.82835;48.4963;7.0956851275839;18.4848917323793;5833
-5.82826666666667;48.4964333333333;7.0956851275839;18.4848917323793;5840
-5.82718333333333;48.4982333333333;6.77199857690758;18.6059131746324;5857
-5.82656666666667;48.4993;7.0956851275839;18.4848917323793;5870
-5.82595;48.5003666666667;7.0956851275839;18.4848917323793;5880
-5.82526666666667;48.5015;7.0956851275839;18.4848917323793;5893
-5.825;48.5019166666667;7.0956851275839;18.4848917323793;5899
-5.82478333333333;48.5022833333333;7.0956851275839;18.4848917323793;5904
-5.82421666666667;48.5031833333333;7.0956851275839;18.4848917323793;5917
-5.82371666666667;48.504;6.91650115281125;18.0181015191307;5923
-5.82358333333333;48.5041833333333;6.9523380844723;18.111459917913;5935
-5.82345;48.5044166666667;6.98817501613336;18.2048183166954;5944
-5.82238333333333;48.50615;6.77199857690758;18.6059131746324;5953
-5.82171666666667;48.5072833333333;6.77199857690758;18.6059131746324;5973
-5.8214;48.5078333333333;6.77199857690758;18.6059131746324;5980
-5.82025;48.5098166666667;6.77199857690758;18.6059131746324;5996
-5.81958333333333;48.5109833333333;6.77199857690758;18.6059131746324;6006
-5.81926666666667;48.5115833333333;6.77199857690758;18.6059131746324;6013
-5.81831666666667;48.5132166666667;6.80620072171048;18.6998827951753;6030
-5.81798333333333;48.5137666666667;6.70359493965344;18.4179757258681;6036
-5.81765;48.5143833333333;6.63519065004764;18.2300364847823;6044
-5.8171;48.5153166666667;6.73779708445633;18.511945346411;6063
-5.81593333333333;48.51735;6.80620072171048;18.6998827951753;6078
-5.81528333333333;48.5184333333333;6.80620072171048;18.6998827951753;6096
-5.81468333333333;48.5195166666667;6.80620072171048;18.6998827951753;6103
-5.81438333333333;48.52005;6.70359493965344;18.4179757258681;6109
-5.81408333333333;48.5205833333333;6.63519065004764;18.2300364847823;6116
-5.81393333333333;48.52085;6.60098850524474;18.1360668642395;6127
-5.81308333333333;48.5223166666667;6.77199857690758;18.6059131746324;6144
-5.81186666666667;48.5244166666667;6.73779708445633;18.511945346411;6162
-5.8115;48.5250333333333;6.73779708445633;18.511945346411;6169
-5.81115;48.5256166666667;6.77199857690758;18.6059131746324;6176
-5.81081666666667;48.5261833333333;6.66939279485054;18.3240061053252;6183
-5.81056666666667;48.5266166666667;6.73779708445633;18.511945346411;6194
-5.81036666666667;48.5269666666667;6.73779708445633;18.511945346411;6199
-5.80983333333333;48.5278833333333;6.77199857690758;18.6059131746324;6210
-5.80955;48.5283666666667;6.77199857690758;18.6059131746324;6216
-5.8089;48.5294833333333;6.80620072171048;18.6998827951753;6229
-5.80833333333333;48.5304333333333;6.80620072171048;18.6998827951753;6244
-5.80736666666667;48.5321;6.80620072171048;18.6998827951753;6253
-5.80636666666667;48.53385;6.77199857690758;18.6059131746324;6270
-5.8061;48.5343166666667;6.77199857690758;18.6059131746324;6276
-5.806;48.5345166666667;6.77199857690758;18.6059131746324;6282
-5.8058;48.53485;6.80620072171048;18.6998827951753;6289
-5.80556666666667;48.5352833333333;6.80620072171048;18.6998827951753;6295
-5.80513333333333;48.5360333333333;6.77199857690758;18.6059131746324;6303
-5.80405;48.5378833333333;6.80620072171048;18.6998827951753;6319
-5.80348333333333;48.5388166666667;7.0956851275839;18.4848917323793;6330
-5.80315;48.5394;7.13152205924495;18.5782501311616;6346
-5.8026;48.5403;7.13152205924495;18.5782501311616;6356
-5.80198333333333;48.54135;7.13152205924495;18.5782501311616;6366
-5.80168333333333;48.5418166666667;7.13152205924495;18.5782501311616;6374
-5.80133333333333;48.5424;7.13152205924495;18.5782501311616;6379
-5.80071666666667;48.5434;7.13152205924495;18.5782501311616;6391
-5.80045;48.5438333333333;7.13152205924495;18.5782501311616;6400
-5.80008333333333;48.5444333333333;7.13152205924495;18.5782501311616;6406
-5.79946666666667;48.54545;7.13152205924495;18.5782501311616;6414
-5.79915;48.5459666666667;7.13152205924495;18.5782501311616;6421
-5.7979;48.5480166666667;7.16735899090601;18.671608529944;6439
-5.79755;48.5486333333333;7.13152205924495;18.5782501311616;6445
-5.7972;48.5492166666667;7.13152205924495;18.5782501311616;6450
-5.79651666666667;48.5503833333333;6.80620072171048;18.6998827951753;6464
-5.7959;48.5513666666667;6.80620072171048;18.6998827951753;6478
-5.79551666666667;48.552;6.80620072171048;18.6998827951753;6487
-5.79495;48.5529333333333;7.13152205924495;18.5782501311616;6493
-5.79465;48.55345;7.0956851275839;18.4848917323793;6499
-5.79433333333333;48.5539833333333;7.13152205924495;18.5782501311616;6504
-5.79401666666667;48.5545166666667;7.05984887945546;18.3915351142602;6510
-5.79375;48.5549666666667;7.05984887945546;18.3915351142602;6516
-5.79275;48.5566666666667;7.02401194779441;18.2981767154778;6535
-5.79246666666667;48.5571166666667;7.02401194779441;18.2981767154778;6546
-5.79203333333333;48.55785;7.13152205924495;18.5782501311616;6558
-5.79175;48.5583166666667;7.13152205924495;18.5782501311616;6565
-5.79115;48.5593;7.16735899090601;18.671608529944;6577
-5.78978333333333;48.56155;7.13152205924495;18.5782501311616;6595
-5.78915;48.5625833333333;7.13152205924495;18.5782501311616;6606
-5.78886666666667;48.5630666666667;7.13152205924495;18.5782501311616;6613
-5.7885;48.5636666666667;7.0956851275839;18.4848917323793;6628
-5.7879;48.5646666666667;7.0956851275839;18.4848917323793;6636
-5.78631666666667;48.56725;7.05984887945546;18.3915351142602;6661
-5.7857;48.5682333333333;7.0956851275839;18.4848917323793;6673
-5.78533333333333;48.56885;7.13152205924495;18.5782501311616;6680
-5.78495;48.56945;7.13152205924495;18.5782501311616;6686
-5.78465;48.5699666666667;7.16735899090601;18.671608529944;6692
-5.78433333333333;48.5704666666667;7.16735899090601;18.671608529944;6698
-5.78401666666667;48.5709833333333;7.13152205924495;18.5782501311616;6704
-5.78346666666667;48.5719166666667;6.80620072171048;18.6998827951753;6716
-5.7831;48.5725166666667;6.80620072171048;18.6998827951753;6721
-5.78245;48.5736333333333;6.77199857690758;18.6059131746324;6740
-5.78198333333333;48.5744333333333;7.0956851275839;18.4848917323793;6750
-5.78166666666667;48.5749833333333;7.0956851275839;18.4848917323793;6757
-5.78076666666667;48.5764666666667;7.05984887945546;18.3915351142602;6769
-5.78008333333333;48.5776333333333;7.05984887945546;18.3915351142602;6781
-5.77911666666667;48.5792;7.13152205924495;18.5782501311616;6800
-5.7788;48.5797166666667;7.16735899090601;18.671608529944;6806
-5.77848333333333;48.5802333333333;7.16735899090601;18.671608529944;6817
-5.77781666666667;48.58135;7.16735899090601;18.671608529944;6822
-5.7775;48.5818666666667;7.16735899090601;18.671608529944;6829
-5.7772;48.5823833333333;7.16735899090601;18.671608529944;6836
-5.77686666666667;48.5829;7.16735899090601;18.671608529944;6841
-5.7766;48.5833166666667;7.16735899090601;18.671608529944;6848
-5.77621666666667;48.5839166666667;7.20319592256706;18.7649669287264;6853
-5.77621666666667;48.58395;7.16735899090601;18.671608529944;6864
-5.77533333333333;48.5853833333333;7.16735899090601;18.671608529944;6871
-5.77406666666667;48.5874666666667;7.16735899090601;18.671608529944;6894
-5.77388333333333;48.5878;7.13152205924495;18.5782501311616;6906
-5.77376666666667;48.588;7.13152205924495;18.5782501311616;6911
-5.77328333333333;48.5888;7.16735899090601;18.671608529944;6919
-5.7727;48.5897666666667;7.16735899090601;18.671608529944;6930
-5.77085;48.5928833333333;7.13152205924495;18.5782501311616;6961
-5.77063333333333;48.59325;7.41721026383291;18.3582396130372;6966
-5.76986666666667;48.5945166666667;7.77554930788445;18.3180462325588;6987
-5.76923333333333;48.5954833333333;8.09405904205071;18.1795542585978;6998
-5.76891666666667;48.5959833333333;8.09405904205071;18.1795542585978;7003
-5.76753333333333;48.5980333333333;8.3678412600337;17.9448934918677;7020
-5.76716666666667;48.5985333333333;8.3678412600337;17.9448934918677;7026
-5.76668333333333;48.5991666666667;8.3678412600337;17.9448934918677;7038
-5.76526666666667;48.6011333333333;8.32558007872392;17.85426409608;7061
-5.76491666666667;48.60165;8.32558007872392;17.85426409608;7066
-5.76423333333333;48.6026666666667;8.63591192619547;17.706243397819;7076
-5.76341666666667;48.6037333333333;8.94361319123633;17.5528292062949;7087
-5.76301666666667;48.6042333333333;8.94361319123633;17.5528292062949;7094
-5.76268333333333;48.6046333333333;9.24859014506043;17.3940682529564;7099
-5.76231666666667;48.6051166666667;9.24859014506043;17.3940682529564;7106
-5.76191666666667;48.6055833333333;9.20164280969265;17.3057731568527;7114
-5.76116666666667;48.60655;9.20164280969265;17.3057731568527;7126
-5.76078333333333;48.6069666666667;9.24859014506043;17.3940682529564;7136
-5.7604;48.60745;9.24859014506043;17.3940682529564;7143
-5.7593;48.6087666666667;9.20164280969265;17.3057731568527;7165
-5.7578;48.6106166666667;9.45378759480357;17.0550842892182;7186
-5.75701666666667;48.61155;9.80000019073486;16.9740982445375;7196
-5.75613333333333;48.6125666666667;9.5022687417684;17.1425465935731;7207
-5.75578333333333;48.61295;9.5022687417684;17.1425465935731;7214
-5.75536666666667;48.6134166666667;9.5022687417684;17.1425465935731;7225
-5.75453333333333;48.6144;9.45378759480357;17.0550842892182;7235
-5.75355;48.61555;9.40530644783875;16.9676219848633;7244
-5.75303333333333;48.6161333333333;9.40530644783875;16.9676219848633;7249
-5.7526;48.61665;9.45378759480357;17.0550842892182;7254
-5.75193333333333;48.6174;9.5022687417684;17.1425465935731;7267
-5.7516;48.6177833333333;9.5022687417684;17.1425465935731;7274
-5.75078333333333;48.6187333333333;9.5022687417684;17.1425465935731;7287
-5.7504;48.6191833333333;9.5022687417684;17.1425465935731;7296
-5.74966666666667;48.6200333333333;9.5022687417684;17.1425465935731;7303
-5.74926666666667;48.6205166666667;9.45378759480357;17.0550842892182;7309
-5.74885;48.621;9.45378759480357;17.0550842892182;7316
-5.74843333333333;48.6214833333333;9.45378759480357;17.0550842892182;7321
-5.74796666666667;48.6220333333333;9.40530644783875;16.9676219848633;7326
-5.74765;48.6224166666667;9.45378759480357;17.0550842892182;7332
-5.74716666666667;48.6229666666667;9.45378759480357;17.0550842892182;7340
-5.74676666666667;48.6234333333333;9.45378759480357;17.0550842892182;7347
-5.74483333333333;48.6257;9.45378759480357;17.0550842892182;7376
-5.74443333333333;48.6261833333333;9.45378759480357;17.0550842892182;7385
-5.74363333333333;48.6271166666667;9.45378759480357;17.0550842892182;7395
-5.74323333333333;48.6275833333333;9.45378759480357;17.0550842892182;7400
-5.74283333333333;48.62805;9.45378759480357;17.0550842892182;7411
-5.74203333333333;48.629;9.40530644783875;16.9676219848633;7416
-5.74125;48.6299333333333;9.40530644783875;16.9676219848633;7429
-5.74083333333333;48.6304166666667;9.40530644783875;16.9676219848633;7434
-5.74043333333333;48.6308833333333;9.40530644783875;16.9676219848633;7440
-5.73996666666667;48.6314333333333;9.40530644783875;16.9676219848633;7447
-5.73956666666667;48.6319;9.40530644783875;16.9676219848633;7453
-5.73745;48.63435;9.40530644783875;16.9676219848633;7478
-5.73695;48.63495;9.40530644783875;16.9676219848633;7489
-5.73616666666667;48.6358333333333;9.40530644783875;16.9676219848633;7496
-5.73548333333333;48.6366166666667;9.40530644783875;16.9676219848633;7513
-5.73513333333333;48.6370333333333;9.69999980926513;16.8008925030556;7519
-5.7347;48.63755;9.69999980926513;16.8008925030556;7526
-5.73351666666667;48.6389;9.99173845678362;16.6290453066376;7543
-5.73311666666667;48.6393333333333;9.99173845678362;16.6290453066376;7548
-5.73271666666667;48.6397833333333;9.99173845678362;16.6290453066376;7555
-5.7323;48.64025;9.99173845678362;16.6290453066376;7560
-5.73188333333333;48.6407;10.280433523976;16.45213274193;7568
-5.73101666666667;48.6416333333333;10.3334256525475;16.5369378750503;7579
-5.73051666666667;48.6421666666667;10.280433523976;16.45213274193;7585
-5.73008333333333;48.6426333333333;10.280433523976;16.45213274193;7591
-5.72963333333333;48.6430833333333;10.280433523976;16.45213274193;7600
-5.72835;48.6444666666667;10.280433523976;16.45213274193;7616
-5.72748333333333;48.6454;10.280433523976;16.45213274193;7629
-5.72711666666667;48.6457666666667;10.280433523976;16.45213274193;7634
-5.72661666666667;48.6463;10.280433523976;16.45213274193;7639
-5.72618333333333;48.64675;10.280433523976;16.45213274193;7646
-5.72575;48.6472;10.280433523976;16.45213274193;7652
-5.724;48.6490166666667;10.280433523976;16.45213274193;7674
-5.72365;48.6494;10.280433523976;16.45213274193;7680
-5.7231;48.6499333333333;10.2274413954045;16.3673276088097;7694
-5.72183333333333;48.6512333333333;10.280433523976;16.45213274193;7707
-5.72141666666667;48.6516833333333;10.280433523976;16.45213274193;7712
-5.721;48.6521333333333;10.280433523976;16.45213274193;7718
-5.72141666666667;48.6516833333333;10.280433523976;16.45213274193;7725
-5.72013333333333;48.65305;10.280433523976;16.45213274193;7731
-5.71761666666667;48.6556666666667;10.280433523976;16.45213274193;7758
-5.71716666666667;48.6561333333333;10.280433523976;16.45213274193;7768
-5.71653333333333;48.6568;10.2274413954045;16.3673276088097;7777
-5.71606666666667;48.6572833333333;10.5115329602634;16.1863413214918;7784
-5.71565;48.6577166666667;10.5115329602634;16.1863413214918;7791
-5.71478333333333;48.6585833333333;10.7924226103551;16.0004245178068;7807
-5.71523333333333;48.65815;10.7924226103551;16.0004245178068;7814
-5.71343333333333;48.6599166666667;10.8483421140173;16.0833285913151;7819
-5.71305;48.6603;11.1273826464082;15.8915493467247;7826
-5.71195;48.6613666666667;11.1273826464082;15.8915493467247;7840
-5.71061666666667;48.6626166666667;11.1273826464082;15.8915493467247;7855
-5.70886666666667;48.6642833333333;11.1273826464082;15.8915493467247;7878
-5.7084;48.6647166666667;11.1273826464082;15.8915493467247;7886
-5.70785;48.6652333333333;11.1273826464082;15.8915493467247;7891
-5.70738333333333;48.6656833333333;11.1273826464082;15.8915493467247;7898
-5.7069;48.6661166666667;11.1273826464082;15.8915493467247;7904
-5.70595;48.667;11.1847405088454;15.9734648636353;7916
-5.70548333333333;48.6674333333333;11.1847405088454;15.9734648636353;7921
-5.70501666666667;48.6678666666667;11.1273826464082;15.8915493467247;7930
-5.70311666666667;48.6696333333333;11.1273826464082;15.8915493467247;7951
-5.70216666666667;48.6705166666667;11.1273826464082;15.8915493467247;7964
-5.70075;48.6718333333333;11.1847405088454;15.9734648636353;7981
-5.69988333333333;48.6726333333333;11.1847405088454;15.9734648636353;7992
-5.69941666666667;48.6730833333333;11.1847405088454;15.9734648636353;8006
-5.69753333333333;48.6748333333333;11.1273826464082;15.8915493467247;8023
-5.69658333333333;48.6757166666667;11.1273826464082;15.8915493467247;8035
-5.6961;48.6761666666667;11.1273826464082;15.8915493467247;8041
-5.69463333333333;48.6775333333333;11.1273826464082;15.8915493467247;8052
-5.694;48.6781166666667;11.1273826464082;15.8915493467247;8068
-5.6927;48.6793333333333;11.1273826464082;15.8915493467247;8082
-5.6913;48.6806333333333;11.1273826464082;15.8915493467247;8101
-5.6909;48.681;11.1273826464082;15.8915493467247;8106
-5.68915;48.6826333333333;11.1273826464082;15.8915493467247;8126
-5.68878333333333;48.6829666666667;11.1273826464082;15.8915493467247;8131
-5.68845;48.6832666666667;11.1273826464082;15.8915493467247;8138
-5.68793333333333;48.68375;11.1273826464082;15.8915493467247;8143
-5.68746666666667;48.6841666666667;11.1273826464082;15.8915493467247;8152
-5.68653333333333;48.6850333333333;11.1273826464082;15.8915493467247;8161
-5.68613333333333;48.6853833333333;11.1273826464082;15.8915493467247;8167
-5.68566666666667;48.6858333333333;11.1273826464082;15.8915493467247;8173
-5.68518333333333;48.6862833333333;11.1273826464082;15.8915493467247;8179
-5.6845;48.6869166666667;11.1273826464082;15.8915493467247;8186
-5.68315;48.6881666666667;11.1273826464082;15.8915493467247;8203
-5.68271666666667;48.6885833333333;11.1273826464082;15.8915493467247;8212
-5.68226666666667;48.689;11.1273826464082;15.8915493467247;8219
-5.68141666666667;48.6898;11.4618124197032;15.7758313903115;8226
-5.68075;48.69045;11.6752112195755;15.4935285902622;8234
-5.67991666666667;48.6912166666667;11.6752112195755;15.4935285902622;8240
-5.67931666666667;48.6917666666667;11.9438323864616;15.2874083193682;8246
-5.67875;48.69225;11.9438323864616;15.2874083193682;8254
-5.6772;48.6935833333333;12.2088153463002;15.0766313558076;8270
-5.67618333333333;48.69445;12.2717476254718;15.1543462484109;8281
-5.67471666666667;48.69565;12.5343583888875;14.9378666408201;8299
-5.67435;48.6959;12.5343583888875;14.9378666408201;8306
-5.67411666666667;48.6960666666667;12.5343583888875;14.9378666408201;8314
-5.6733;48.6967166666667;12.5343583888875;14.9378666408201;8322
-5.67233333333333;48.6975;12.5343583888875;14.9378666408201;8335
-5.67181666666667;48.6979;12.5343583888875;14.9378666408201;8343
-5.6708;48.6987333333333;12.5343583888875;14.9378666408201;8358
-5.66966666666667;48.6996166666667;12.5343583888875;14.9378666408201;8366
-5.66913333333333;48.7000333333333;12.5343583888875;14.9378666408201;8373
-5.66808333333333;48.7008666666667;12.5343583888875;14.9378666408201;8383
-5.66755;48.7012833333333;12.5343583888875;14.9378666408201;8389
-5.66703333333333;48.7016833333333;12.5343583888875;14.9378666408201;8396
-5.6665;48.7021;12.5343583888875;14.9378666408201;8401
-5.66606666666667;48.7024333333333;12.5343583888875;14.9378666408201;8407
-5.66438333333333;48.70375;12.4700793827148;14.8612619042854;8428
-5.66385;48.7041666666667;12.4700793827148;14.8612619042854;8434
-5.6628;48.7049833333333;12.4700793827148;14.8612619042854;8443
-5.66226666666667;48.7053833333333;12.5343583888875;14.9378666408201;8449
-5.66128333333333;48.7061333333333;12.4700793827148;14.8612619042854;8461
-5.66015;48.7070166666667;12.4700793827148;14.8612619042854;8473
-5.65858333333333;48.7082166666667;12.4700793827148;14.8612619042854;8491
-5.65753333333333;48.7090333333333;12.4700793827148;14.8612619042854;8503
-5.65635;48.7099333333333;12.4700793827148;14.8612619042854;8518
-5.65541666666667;48.71065;12.4700793827148;14.8612619042854;8531
-5.65481666666667;48.7111166666667;12.4700793827148;14.8612619042854;8537
-5.65376666666667;48.7119333333333;12.4700793827148;14.8612619042854;8551
-5.65278333333333;48.7126833333333;12.4700793827148;14.8612619042854;8556
-5.65218333333333;48.7131666666667;12.4700793827148;14.8612619042854;8566
-5.65111666666667;48.7139833333333;12.4700793827148;14.8612619042854;8580
-5.6506;48.7143833333333;12.4700793827148;14.8612619042854;8587
-5.64901666666667;48.7156166666667;12.4700793827148;14.8612619042854;8599
-5.6485;48.7160333333333;12.4700793827148;14.8612619042854;8606
-5.64796666666667;48.71645;12.2088153463002;15.0766313558076;8612
-5.647;48.7172;12.2088153463002;15.0766313558076;8623
-5.64595;48.7180333333333;12.2088153463002;15.0766313558076;8636
-5.64533333333333;48.7185166666667;12.2088153463002;15.0766313558076;8641
-5.64428333333333;48.71935;12.4700793827148;14.8612619042854;8657
-5.64271666666667;48.7205833333333;12.4700793827148;14.8612619042854;8673
-5.64165;48.7214166666667;12.4700793827148;14.8612619042854;8686
-5.64121666666667;48.72175;12.4700793827148;14.8612619042854;8696
-5.64006666666667;48.7226333333333;12.4700793827148;14.8612619042854;8701
-5.63963333333333;48.7229833333333;12.4700793827148;14.8612619042854;8706
-5.63865;48.72375;12.4700793827148;14.8612619042854;8719
-5.6369;48.7251166666667;12.4058003765422;14.7846571677507;8737
-5.63631666666667;48.7255666666667;12.4058003765422;14.7846571677507;8743
-5.6359;48.7259;12.4058003765422;14.7846571677507;8751
-5.63536666666667;48.7263;12.4058003765422;14.7846571677507;8756
-5.63471666666667;48.7268166666667;12.4058003765422;14.7846571677507;8761
-5.6343;48.7271333333333;12.4700793827148;14.8612619042854;8770
-5.63376666666667;48.7275166666667;12.4700793827148;14.8612619042854;8777
-5.63271666666667;48.7283166666667;12.4700793827148;14.8612619042854;8788
-5.63156666666667;48.7292;12.5343583888875;14.9378666408201;8800
-5.63058333333333;48.72995;12.5343583888875;14.9378666408201;8809
-5.62941666666667;48.73085;12.5343583888875;14.9378666408201;8824
-5.62888333333333;48.73125;12.5343583888875;14.9378666408201;8836
-5.62736666666667;48.7324;12.5343583888875;14.9378666408201;8846
-5.62673333333333;48.7328833333333;12.5343583888875;14.9378666408201;8852
-5.62628333333333;48.7332333333333;12.5343583888875;14.9378666408201;8860
-5.62483333333333;48.73435;12.4700793827148;14.8612619042854;8876
-5.6238;48.7351166666667;12.4700793827148;14.8612619042854;8881
-5.62343333333333;48.7353833333333;12.4700793827148;14.8612619042854;8888
-5.6224;48.7361833333333;12.4700793827148;14.8612619042854;8901
-5.62196666666667;48.7365166666667;12.4700793827148;14.8612619042854;8906
-5.62093333333333;48.7373166666667;12.5343583888875;14.9378666408201;8916
-5.62038333333333;48.7377333333333;12.5343583888875;14.9378666408201;8926
-5.61898333333333;48.7387833333333;12.4700793827148;14.8612619042854;8934
-5.61676666666667;48.7405;12.5343583888875;14.9378666408201;8959
-5.61593333333333;48.74115;12.5343583888875;14.9378666408201;8971
-5.61553333333333;48.7414666666667;12.5343583888875;14.9378666408201;8977
-5.61443333333333;48.74235;12.7931510653149;14.7168368143441;8989
-5.614;48.7426833333333;13.1149601398867;14.5656388628442;8996
-5.61338333333333;48.7431666666667;13.1149601398867;14.5656388628442;9002
-5.61285;48.7435833333333;13.3671681173867;14.334532830725;9009
-5.6123;48.7439833333333;13.3671681173867;14.334532830725;9014
-5.61193333333333;48.74425;13.3671681173867;14.334532830725;9020
-5.6103;48.7454333333333;13.6153043259875;14.0990603610439;9030
-5.60886666666667;48.7464;13.8592931809962;13.8592931809962;9052
-5.60775;48.74715;13.8592931809962;13.8592931809962;9062
-5.60726666666667;48.74745;13.8592931809962;13.8592931809962;9069
-5.60551666666667;48.7486;13.8592931809962;13.8592931809962;9085
-5.60495;48.7489833333333;13.8592931809962;13.8592931809962;9090
-5.603;48.7502666666667;13.8592931809962;13.8592931809962;9109
-5.60191666666667;48.7509666666667;13.8592931809962;13.8592931809962;9121
-5.60133333333333;48.75135;13.8592931809962;13.8592931809962;9127
-5.60015;48.7521;13.8592931809962;13.8592931809962;9138
-5.59896666666667;48.7528666666667;13.8592931809962;13.8592931809962;9153
-5.5979;48.7535666666667;13.8592931809962;13.8592931809962;9164
-5.5973;48.75395;13.8592931809962;13.8592931809962;9176
-5.5967;48.7543333333333;13.8592931809962;13.8592931809962;9182
-5.59551666666667;48.7551;13.8592931809962;13.8592931809962;9187
-5.59493333333333;48.7554833333333;13.7885822331377;13.7885822331377;9194
-5.59373333333333;48.75625;13.7885822331377;13.7885822331377;9206
-5.59306666666667;48.7566833333333;13.7885822331377;13.7885822331377;9213
-5.592;48.7573833333333;13.8592931809962;13.8592931809962;9228
-5.59083333333333;48.7581333333333;13.8592931809962;13.8592931809962;9235
-5.59023333333333;48.7585166666667;13.8592931809962;13.8592931809962;9240
-5.58965;48.7589;13.8592931809962;13.8592931809962;9248
-5.58896666666667;48.75935;13.8592931809962;13.8592931809962;9254
-5.58818333333333;48.75985;13.8592931809962;13.8592931809962;9259
-5.58765;48.7602;14.0990603610439;13.6153043259875;9265
-5.58691666666667;48.7607333333333;14.0990603610439;13.6153043259875;9273
-5.58563333333333;48.7615833333333;14.5656388628442;13.1149601398867;9282
-5.58426666666667;48.7624;14.7923080602652;12.8587572184806;9301
-5.58358333333333;48.7628;14.7923080602652;12.8587572184806;9308
-5.58116666666667;48.7642166666667;15.2320611410143;12.3346799046435;9331
-5.58055;48.7645833333333;15.2320611410143;12.3346799046435;9337
-5.5794;48.7652166666667;15.0144713773547;12.5986373950602;9348
-5.57876666666667;48.7655666666667;15.0144713773547;12.5986373950602;9357
-5.57813333333333;48.7659166666667;15.0144713773547;12.5986373950602;9362
-5.5775;48.7662666666667;15.0144713773547;12.5986373950602;9367
-5.5749;48.76775;15.6532563015822;11.7955746833544;9391
-5.57436666666667;48.7680333333333;15.6532563015822;11.7955746833544;9397
-5.57295;48.76875;15.8567333983645;11.5205911691548;9415
-5.57231666666667;48.7691;15.8567333983645;11.5205911691548;9424
-5.56963333333333;48.7704666666667;16.1662326648233;10.9042616176796;9433
-5.56913333333333;48.7707166666667;16.4978473775926;11.1279385657527;9438
-5.56866666666667;48.7709166666667;16.3320408118398;11.016100625004;9445
-5.5665;48.7718833333333;15.9734648636353;11.1847405088454;9464
-5.56523333333333;48.7724666666667;15.9734648636353;11.1847405088454;9478
-5.56428333333333;48.7729166666667;16.1662326648233;10.9042616176796;9487
-5.56356666666667;48.77325;16.1662326648233;10.9042616176796;9496
-5.54881666666667;48.78;15.8915493467247;11.1273826464082;9626
-5.54746666666667;48.7806166666667;15.8915493467247;11.1273826464082;9637
-5.5468;48.7809333333333;15.8915493467247;11.1273826464082;9642
-5.54613333333333;48.7812333333333;15.8915493467247;11.1273826464082;9654
-5.54491666666667;48.7818;15.8915493467247;11.1273826464082;9663
-5.54356666666667;48.7824333333333;15.8915493467247;11.1273826464082;9673
-5.54278333333333;48.7828;15.8915493467247;11.1273826464082;9680
-5.5409;48.7836833333333;15.9734648636353;11.1847405088454;9697
-5.54023333333333;48.784;15.9734648636353;11.1847405088454;9704
-5.53945;48.7843666666667;15.9734648636353;11.1847405088454;9709
-5.5409;48.7836833333333;15.9734648636353;11.1847405088454;9716
-5.53878333333333;48.7846833333333;15.9734648636353;11.1847405088454;9721
-5.53743333333333;48.7853;15.9734648636353;11.1847405088454;9726
-5.5361;48.7859333333333;15.9734648636353;11.1847405088454;9740
-5.53543333333333;48.7862333333333;15.9734648636353;11.1847405088454;9746
-5.5341;48.7868666666667;15.9734648636353;11.1847405088454;9756
-5.53476666666667;48.78655;15.9734648636353;11.1847405088454;9762
-5.53276666666667;48.7874833333333;15.9734648636353;11.1847405088454;9770
-5.5322;48.78775;15.9734648636353;11.1847405088454;9778
-5.53086666666667;48.7883666666667;15.9734648636353;11.1847405088454;9787
-5.53018333333333;48.7886833333333;15.9734648636353;11.1847405088454;9794
-5.52941666666667;48.78905;15.8915493467247;11.1273826464082;9801
-5.53018333333333;48.7886833333333;15.9734648636353;11.1847405088454;9807
-5.52808333333333;48.7896666666667;15.8915493467247;11.1273826464082;9812
-5.52686666666667;48.79025;15.9734648636353;11.1847405088454;9826
-5.52485;48.7911833333333;15.9734648636353;11.1847405088454;9841
-5.52418333333333;48.7915;15.9734648636353;11.1847405088454;9848
-5.52351666666667;48.7918166666667;15.9734648636353;11.1847405088454;9854
-5.52273333333333;48.7921666666667;15.9734648636353;11.1847405088454;9862
-5.52148333333333;48.7927333333333;15.9734648636353;11.1847405088454;9871
-5.52071666666667;48.7931;15.9734648636353;11.1847405088454;9881
-5.51883333333333;48.794;15.9734648636353;11.1847405088454;9899
-5.51686666666667;48.7949333333333;15.9734648636353;11.1847405088454;9906
-5.51643333333333;48.7951333333333;15.9734648636353;11.1847405088454;9913
-5.51588333333333;48.7953833333333;15.9734648636353;11.1847405088454;9921
-5.514;48.79625;15.9734648636353;11.1847405088454;9937
-5.51266666666667;48.79685;15.9734648636353;11.1847405088454;9950
-5.51211666666667;48.7971166666667;15.8915493467247;11.1273826464082;9955
-5.51076666666667;48.7977333333333;15.9734648636353;11.1847405088454;9973
-5.50931666666667;48.7984;15.9734648636353;11.1847405088454;9979
-5.50808333333333;48.7989833333333;15.9734648636353;11.1847405088454;9991
-5.50675;48.7996;15.9734648636353;11.1847405088454;10003
-5.50608333333333;48.7999166666667;15.9734648636353;11.1847405088454;10010
-5.50531666666667;48.8002833333333;15.9734648636353;11.1847405088454;10018
-5.50463333333333;48.8006;15.9734648636353;11.1847405088454;10024
-5.50226666666667;48.8017;15.8915493467247;11.1273826464082;10040
-5.50178333333333;48.8019333333333;15.8915493467247;11.1273826464082;10045
-5.50115;48.8022333333333;15.8915493467247;11.1273826464082;10054
-5.50053333333333;48.8025166666667;15.8915493467247;11.1273826464082;10062
-5.49726666666667;48.80405;15.9734648636353;11.1847405088454;10086
-5.49593333333333;48.8046666666667;15.9734648636353;11.1847405088454;10100
-5.4945;48.80535;15.9734648636353;11.1847405088454;10111
-5.49396666666667;48.8055833333333;15.9734648636353;11.1847405088454;10116
-5.49333333333333;48.8059;15.9734648636353;11.1847405088454;10126
-5.49201666666667;48.8065;15.9734648636353;11.1847405088454;10135
-5.49123333333333;48.8068666666667;15.9734648636353;11.1847405088454;10141
-5.48963333333333;48.8075833333333;15.9734648636353;11.1847405088454;10154
-5.48765;48.8085;15.9734648636353;11.1847405088454;10168
-5.48675;48.8089333333333;15.9734648636353;11.1847405088454;10173
-5.48616666666667;48.8092166666667;15.9734648636353;11.1847405088454;10178
-5.48558333333333;48.8095;15.9734648636353;11.1847405088454;10189
-5.48435;48.81005;15.9734648636353;11.1847405088454;10202
-5.48375;48.8103333333333;15.9734648636353;11.1847405088454;10207
-5.4819;48.8111666666667;15.9734648636353;11.1847405088454;10228
-5.48111666666667;48.8115166666667;15.9734648636353;11.1847405088454;10234
-5.4792;48.8124;15.9734648636353;11.1847405088454;10250
-5.47853333333333;48.8127166666667;15.9734648636353;11.1847405088454;10256
-5.47548333333333;48.8141333333333;15.9734648636353;11.1847405088454;10280
-5.47355;48.8150833333333;15.9734648636353;11.1847405088454;10291
-5.47221666666667;48.8157333333333;15.9734648636353;11.1847405088454;10303
-5.47151666666667;48.8160666666667;15.9734648636353;11.1847405088454;10310
-5.46871666666667;48.8174;15.9734648636353;11.1847405088454;10335
-5.46815;48.8176666666667;15.9734648636353;11.1847405088454;10341
-5.46688333333333;48.81825;15.9734648636353;11.1847405088454;10351
-5.46613333333333;48.8185833333333;15.9734648636353;11.1847405088454;10363
-5.46568333333333;48.8187833333333;15.9734648636353;11.1847405088454;10370
-5.46445;48.81935;15.9734648636353;11.1847405088454;10380
-5.46368333333333;48.8197;15.9734648636353;11.1847405088454;10386
-5.46313333333333;48.81995;15.9734648636353;11.1847405088454;10393
-5.46246666666667;48.8202666666667;15.9734648636353;11.1847405088454;10399
-5.46101666666667;48.82095;15.9734648636353;11.1847405088454;10411
-5.45978333333333;48.8215166666667;15.9734648636353;11.1847405088454;10424
-5.45911666666667;48.8218166666667;15.9734648636353;11.1847405088454;10430
-5.45845;48.8221333333333;15.9734648636353;11.1847405088454;10436
-5.45778333333333;48.82245;15.9734648636353;11.1847405088454;10443
-5.45643333333333;48.8230833333333;15.9734648636353;11.1847405088454;10453
-5.45553333333333;48.8234833333333;15.9734648636353;11.1847405088454;10462
-5.45508333333333;48.8236833333333;15.9734648636353;11.1847405088454;10468
-5.4543;48.82405;15.9734648636353;11.1847405088454;10477
-5.45295;48.8246666666667;15.9734648636353;11.1847405088454;10482
-5.4524;48.8249333333333;15.9734648636353;11.1847405088454;10489
-5.45026666666667;48.8259;15.9734648636353;11.1847405088454;10509
-5.44891666666667;48.8265333333333;15.8915493467247;11.1273826464082;10519
-5.44835;48.8267833333333;15.8915493467247;11.1273826464082;10524
-5.44758333333333;48.82715;15.9734648636353;11.1847405088454;10537
-5.44635;48.8277166666667;15.9734648636353;11.1847405088454;10544
-5.44501666666667;48.82835;15.9734648636353;11.1847405088454;10554
-5.44423333333333;48.8287;15.9734648636353;11.1847405088454;10561
-5.443;48.8292666666667;15.8915493467247;11.1273826464082;10573
-5.44221666666667;48.8296333333333;15.8915493467247;11.1273826464082;10579
-5.44165;48.8298833333333;15.8915493467247;11.1273826464082;10587
-5.44086666666667;48.83025;15.8915493467247;11.1273826464082;10592
-5.43965;48.8308333333333;15.9734648636353;11.1847405088454;10603
-5.43743333333333;48.8318833333333;15.9734648636353;11.1847405088454;10622
-5.43671666666667;48.8322;15.9734648636353;11.1847405088454;10627
-5.43611666666667;48.8324833333333;15.8915493467247;11.1273826464082;10636
-5.43548333333333;48.8327666666667;15.8915493467247;11.1273826464082;10642
-5.43416666666667;48.8333833333333;15.8915493467247;11.1273826464082;10651
-5.43351666666667;48.8336833333333;15.8915493467247;11.1273826464082;10657
-5.43295;48.83395;15.8915493467247;11.1273826464082;10663
-5.43218333333333;48.8343;15.8915493467247;11.1273826464082;10672
-5.43085;48.8349166666667;15.8915493467247;11.1273826464082;10685
-5.42961666666667;48.8354833333333;15.8915493467247;11.1273826464082;10693
-5.42828333333333;48.8361;15.8915493467247;11.1273826464082;10706
-5.42751666666667;48.8364666666667;15.8915493467247;11.1273826464082;10711
-5.42685;48.8367833333333;15.8915493467247;11.1273826464082;10716
-5.42495;48.8376833333333;15.8915493467247;11.1273826464082;10736
-5.42416666666667;48.83805;15.8915493467247;11.1273826464082;10743
-5.4236;48.8383;15.8915493467247;11.1273826464082;10750
-5.42156666666667;48.8392333333333;15.8915493467247;11.1273826464082;10760
-5.42056666666667;48.8396833333333;15.8915493467247;11.1273826464082;10771
-5.41901666666667;48.8404;15.8915493467247;11.1273826464082;10783
-5.42056666666667;48.8396833333333;15.8915493467247;11.1273826464082;10791
-5.41806666666667;48.8408333333333;15.8915493467247;11.1273826464082;10802
-5.41736666666667;48.84115;15.8915493467247;11.1273826464082;10810
-5.41458333333333;48.8424833333333;15.8915493467247;11.1273826464082;10822
-5.41396666666667;48.8427833333333;15.8915493467247;11.1273826464082;10827
-5.41256666666667;48.84345;15.8915493467247;11.1273826464082;10838
-5.41188333333333;48.8437666666667;15.8915493467247;11.1273826464082;10843
-5.41131666666667;48.84405;15.8915493467247;11.1273826464082;10850
-5.41256666666667;48.84345;15.8915493467247;11.1273826464082;10856
-5.41053333333333;48.8444;15.8915493467247;11.1273826464082;10862
-5.40946666666667;48.8449;15.8915493467247;11.1273826464082;10872
-5.40885;48.8451833333333;15.9734648636353;11.1847405088454;10880
-5.41131666666667;48.84405;15.8915493467247;11.1273826464082;10888
-5.40688333333333;48.8461166666667;15.9734648636353;11.1847405088454;10897
-5.40621666666667;48.8464333333333;15.9734648636353;11.1847405088454;10904
-5.40478333333333;48.8471;15.9734648636353;11.1847405088454;10914
-5.40343333333333;48.8477333333333;15.9734648636353;11.1847405088454;10927
-5.40276666666667;48.8480333333333;15.9734648636353;11.1847405088454;10932
-5.4021;48.84835;15.8915493467247;11.1273826464082;10939
-5.40088333333333;48.8489166666667;15.8915493467247;11.1273826464082;10951
-5.40021666666667;48.8492333333333;15.8915493467247;11.1273826464082;10957
-5.39941666666667;48.8496;15.8915493467247;11.1273826464082;10964
-5.3982;48.8501666666667;15.8915493467247;11.1273826464082;10975
-5.39741666666667;48.8505333333333;15.8915493467247;11.1273826464082;10988
-5.39563333333333;48.85135;15.8915493467247;11.1273826464082;11000
-5.39436666666667;48.85195;15.8915493467247;11.1273826464082;11006
-5.3937;48.8522666666667;15.8915493467247;11.1273826464082;11011
-5.39323333333333;48.8524833333333;15.8915493467247;11.1273826464082;11016
-5.3926;48.8528;15.8915493467247;11.1273826464082;11023
-5.3937;48.8522666666667;15.8915493467247;11.1273826464082;11029
-5.39081666666667;48.8536333333333;15.9734648636353;11.1847405088454;11045
-5.38948333333333;48.8542333333333;15.9734648636353;11.1847405088454;11052
-5.38881666666667;48.85455;15.9734648636353;11.1847405088454;11058
-5.38803333333333;48.8549;15.9734648636353;11.1847405088454;11066
-5.38736666666667;48.8552;15.9734648636353;11.1847405088454;11074
-5.38691666666667;48.8554166666667;15.8915493467247;11.1273826464082;11080
-5.3855;48.8560666666667;15.8915493467247;11.1273826464082;11085
-5.38501666666667;48.8563;15.9734648636353;11.1847405088454;11090
-5.38391666666667;48.8568166666667;15.9734648636353;11.1847405088454;11101
-5.38065;48.8583166666667;15.9734648636353;11.1847405088454;11131
-5.37996666666667;48.8586333333333;15.9734648636353;11.1847405088454;11138
-5.38065;48.8583166666667;15.9734648636353;11.1847405088454;11147
-5.37711666666667;48.8599166666667;15.8915493467247;11.1273826464082;11164
-5.37596666666667;48.8604666666667;15.8915493467247;11.1273826464082;11173
-5.37533333333333;48.8607666666667;15.8915493467247;11.1273826464082;11178
-5.3747;48.8610666666667;15.8915493467247;11.1273826464082;11185
-5.37391666666667;48.8614333333333;15.8915493467247;11.1273826464082;11196
-5.37533333333333;48.8607666666667;15.8915493467247;11.1273826464082;11201
-5.37125;48.86265;15.8915493467247;11.1273826464082;11221
-5.36925;48.8636;15.8915493467247;11.1273826464082;11233
-5.36793333333333;48.8642333333333;16.0833285913151;10.8483421140173;11246
-5.36726666666667;48.86455;16.0833285913151;10.8483421140173;11252
-5.3666;48.8648666666667;16.2702086982138;10.5659970715282;11258
-5.36591666666667;48.8651666666667;16.2702086982138;10.5659970715282;11265
-5.36456666666667;48.8657666666667;16.45213274193;10.280433523976;11280
-5.36251666666667;48.86665;16.45213274193;10.280433523976;11293
-5.36125;48.8672;16.6290453066376;9.99173845678362;11304
-5.36045;48.8675166666667;16.8008925030556;9.69999980926514;11311
-5.35976666666667;48.8678166666667;16.8008925030556;9.69999980926514;11318
-5.35836666666667;48.8683666666667;16.8008925030556;9.69999980926514;11330
-5.35766666666667;48.86865;16.8008925030556;9.69999980926514;11338
-5.35498333333333;48.8697333333333;16.8008925030556;9.69999980926514;11363
-5.35346666666667;48.87035;16.8008925030556;9.69999980926514;11372
-5.35265;48.8706666666667;16.8008925030556;9.69999980926514;11378
-5.35206666666667;48.8709;16.8008925030556;9.69999980926514;11386
-5.35136666666667;48.8711666666667;16.8008925030556;9.69999980926514;11393
-5.3489;48.87215;16.8008925030556;9.69999980926514;11410
-5.3483;48.8723833333333;16.8008925030556;9.69999980926514;11416
-5.34771666666667;48.8726166666667;16.8008925030556;9.69999980926514;11421
-5.3472;48.8728166666667;16.8008925030556;9.69999980926514;11426
-5.34653333333333;48.8730666666667;16.8008925030556;9.69999980926514;11431
-5.34536666666667;48.8735166666667;16.8008925030556;9.69999980926514;11438
-5.34395;48.8740666666667;16.8008925030556;9.69999980926514;11450
-5.34148333333333;48.8750166666667;16.8008925030556;9.69999980926514;11473
-5.34011666666667;48.8755666666667;16.8008925030556;9.69999980926514;11486
-5.33953333333333;48.8758;16.8008925030556;9.69999980926514;11495
-5.33743333333333;48.8766166666667;16.8008925030556;9.69999980926514;11510
-5.33661666666667;48.8769333333333;16.8008925030556;9.69999980926514;11515
-5.33743333333333;48.8766166666667;16.8008925030556;9.69999980926514;11526
-5.3338;48.8780333333333;16.8008925030556;9.69999980926514;11539
-5.3331;48.8783166666667;16.8008925030556;9.69999980926514;11547
-5.3317;48.8788666666667;16.6290453066376;9.99173845678362;11559
-5.331;48.8791333333333;16.6290453066376;9.99173845678362;11570
-5.3289;48.8799833333333;16.6290453066376;9.99173845678362;11581
-5.3282;48.88025;16.6290453066376;9.99173845678362;11588
-5.32761666666667;48.8804833333333;16.6290453066376;9.99173845678362;11593
-5.32693333333333;48.8807666666667;16.8008925030556;9.69999980926514;11601
-5.32318333333333;48.8822333333333;16.8008925030556;9.69999980926514;11623
-5.3209;48.8831333333333;16.8008925030556;9.69999980926514;11646
-5.31986666666667;48.88355;16.8008925030556;9.69999980926514;11653
-5.31808333333333;48.8843;16.8008925030556;9.69999980926514;11665
-5.31745;48.88455;16.8008925030556;9.69999980926514;11670
-5.31673333333333;48.88485;16.8008925030556;9.69999980926514;11676
-5.31633333333333;48.885;16.8008925030556;9.69999980926514;11683
-5.31593333333333;48.88515;16.8008925030556;9.69999980926514;11689
-5.31673333333333;48.88485;16.8008925030556;9.69999980926514;11694
-5.31476666666667;48.8855833333333;16.8008925030556;9.69999980926514;11701
-5.31275;48.8863833333333;16.8008925030556;9.69999980926514;11719
-5.31205;48.88665;16.8008925030556;9.69999980926514;11726
-5.31146666666667;48.8868833333333;16.8008925030556;9.69999980926514;11731
-5.31076666666667;48.8871666666667;16.8874953737966;9.75;11740
-5.30993333333333;48.8874833333333;16.8874953737966;9.75;11750
-5.30865;48.8879833333333;16.8874953737966;9.75;11756
-5.30793333333333;48.8882666666667;16.8874953737966;9.75;11762
-5.30733333333333;48.8885;16.8874953737966;9.75;11767
-5.30793333333333;48.8882666666667;16.8874953737966;9.75;11772
-5.30576666666667;48.8891;16.8008925030556;9.69999980926514;11782
-5.30425;48.8897;16.8874953737966;9.75;11791
-5.30195;48.8906166666667;16.8874953737966;9.75;11802
-5.30121666666667;48.8909;16.8874953737966;9.75;11810
-5.30048333333333;48.89115;16.8874953737966;9.75;11816
-5.29891666666667;48.8917166666667;16.8874953737966;9.75;11827
-5.2982;48.8919833333333;16.8874953737966;9.75;11833
-5.29748333333333;48.89225;17.0550842892182;9.45378759480357;11845
-5.29673333333333;48.8925666666667;17.0550842892182;9.45378759480357;11850
-5.29563333333333;48.893;17.0550842892182;9.45378759480357;11862
-5.2943;48.8935166666667;17.0550842892182;9.45378759480357;11876
-5.29361666666667;48.8937833333333;17.0550842892182;9.45378759480357;11881
-5.29291666666667;48.89405;17.0550842892182;9.45378759480357;11887
-5.29221666666667;48.8943;17.0550842892182;9.45378759480357;11892
-5.2902;48.8950666666667;17.0550842892182;9.45378759480357;11910
-5.28948333333333;48.8953333333333;17.0550842892182;9.45378759480357;11916
-5.28876666666667;48.8956;17.0550842892182;9.45378759480357;11923
-5.28805;48.8958666666667;17.0550842892182;9.45378759480357;11934
-5.28661666666667;48.8964166666667;17.0550842892182;9.45378759480357;11940
-5.28518333333333;48.89695;16.8874953737966;9.75;11952
-5.28376666666667;48.8974833333333;16.8874953737966;9.75;11971
-5.28305;48.89775;16.8874953737966;9.75;11978
-5.28151666666667;48.8983333333333;17.0550842892182;9.45378759480357;11987
-5.2802;48.8988333333333;17.0550842892182;9.45378759480357;11996
-5.27936666666667;48.8991333333333;16.8874953737966;9.75;12002
-5.27876666666667;48.8993666666667;16.8874953737966;9.75;12007
-5.2765;48.9002166666667;16.8874953737966;9.75;12027
-5.27506666666667;48.90075;17.0550842892182;9.45378759480357;12036
-5.27396666666667;48.9011333333333;17.1425465935731;9.5022687417684;12042
-5.2729;48.9015166666667;17.1425465935731;9.5022687417684;12049
-5.27053333333333;48.9024333333333;16.9740982445375;9.80000019073487;12067
-5.2698;48.9027333333333;16.9740982445375;9.80000019073487;12073
-5.26833333333333;48.9032833333333;16.9740982445375;9.80000019073487;12089
-5.2698;48.9027333333333;16.9740982445375;9.80000019073487;12094
-5.26615;48.9040666666667;16.9740982445375;9.80000019073487;12103
-5.26523333333333;48.9044333333333;16.9740982445375;9.80000019073487;12119
-5.26423333333333;48.9048166666667;16.9740982445375;9.80000019073487;12126
-5.2635;48.9051166666667;16.9740982445375;9.80000019073487;12135
-5.26281666666667;48.9053666666667;16.9740982445375;9.80000019073487;12142
-5.2607;48.9061666666667;17.1425465935731;9.5022687417684;12158
-5.26;48.9064333333333;17.1425465935731;9.5022687417684;12169
-5.25866666666667;48.9069166666667;17.1425465935731;9.5022687417684;12174
-5.25783333333333;48.9072333333333;17.1425465935731;9.5022687417684;12181
-5.25486666666667;48.90835;16.9740982445375;9.80000019073487;12200
-5.25318333333333;48.9089666666667;16.9740982445375;9.80000019073487;12211
-5.25255;48.9092166666667;16.9740982445375;9.80000019073487;12218
-5.25166666666667;48.9095333333333;16.9740982445375;9.80000019073487;12223
-5.25093333333333;48.9098166666667;16.9740982445375;9.80000019073487;12229
-5.25318333333333;48.9089666666667;16.9740982445375;9.80000019073487;12238
-5.24961666666667;48.9103166666667;16.9740982445375;9.80000019073487;12249
-5.24733333333333;48.9111666666667;16.9740982445375;9.80000019073487;12260
-5.24673333333333;48.9114166666667;16.9740982445375;9.80000019073487;12266
-5.24601666666667;48.9116833333333;16.9740982445375;9.80000019073487;12272
-5.2458;48.91175;16.9740982445375;9.80000019073487;12278
-5.24526666666667;48.91195;16.9740982445375;9.80000019073487;12283
-5.2447;48.9121666666667;16.8874953737966;9.75;12289
-5.24416666666667;48.9123666666667;16.8874953737966;9.75;12296
-5.24338333333333;48.91265;16.8874953737966;9.75;12304
-5.24036666666667;48.9138166666667;16.8874953737966;9.75;12318
-5.24;48.91395;16.8874953737966;9.75;12326
-5.23833333333333;48.9145666666667;16.9740982445375;9.80000019073487;12344
-5.23708333333333;48.9150333333333;16.8874953737966;9.75;12356
-5.2337;48.9163166666667;16.9740982445375;9.80000019073487;12379
-5.2327;48.9167;16.8874953737966;9.75;12396
-5.227;48.9188666666667;16.8874953737966;9.75;12439
-5.22628333333333;48.9191333333333;16.8874953737966;9.75;12444
-5.22415;48.9199333333333;16.8874953737966;9.75;12464
-5.22271666666667;48.9204666666667;16.8874953737966;9.75;12476
-5.2214;48.92095;16.8874953737966;9.75;12486
-5.22056666666667;48.9212666666667;16.8874953737966;9.75;12494
-5.21985;48.9215333333333;16.8874953737966;9.75;12500
-5.21938333333333;48.9217166666667;16.8874953737966;9.75;12506
-5.21783333333333;48.9223;16.8874953737966;9.75;12512
-5.21701666666667;48.9226166666667;16.8874953737966;9.75;12517
-5.21543333333333;48.9232166666667;16.8874953737966;9.75;12536
-5.2146;48.9235166666667;16.8008925030556;9.69999980926514;12541
-5.21411666666667;48.9237;16.8008925030556;9.69999980926514;12546
-5.21268333333333;48.9242333333333;16.8008925030556;9.69999980926514;12560
-5.2114;48.9247;16.8008925030556;9.69999980926514;12570
-5.20998333333333;48.9252333333333;16.8008925030556;9.69999980926514;12584
-5.20916666666667;48.92555;16.8008925030556;9.69999980926514;12590
-5.20845;48.9258166666667;16.8008925030556;9.69999980926514;12597
-5.20716666666667;48.9263;16.8008925030556;9.69999980926514;12606
-5.20633333333333;48.9266166666667;16.8008925030556;9.69999980926514;12614
-5.20363333333333;48.92765;16.7142896323147;9.64999961853028;12636
-5.2028;48.9279666666667;16.7142896323147;9.64999961853028;12642
-5.2021;48.9282333333333;16.7142896323147;9.64999961853028;12652
-5.2014;48.9285;16.7142896323147;9.64999961853028;12658
-5.19506666666667;48.9309333333333;16.7142896323147;9.64999961853028;12702
-5.1927;48.93185;16.7142896323147;9.64999961853028;12720
-5.19208333333333;48.9320666666667;16.7142896323147;9.64999961853028;12726
-5.19125;48.9324;16.7142896323147;9.64999961853028;12734
-5.18843333333333;48.93345;16.7142896323147;9.64999961853028;12762
-5.18785;48.9336833333333;16.7142896323147;9.64999961853028;12769
-5.18721666666667;48.9339166666667;16.7142896323147;9.64999961853028;12776
-5.18665;48.9341333333333;16.7142896323147;9.64999961853028;12782
-5.18516666666667;48.9347;16.7142896323147;9.64999961853028;12794
-5.18306666666667;48.9355;16.7142896323147;9.64999961853028;12810
-5.18218333333333;48.9358333333333;16.7142896323147;9.64999961853028;12817
-5.18108333333333;48.9362666666667;16.7142896323147;9.64999961853028;12822
-5.18001666666667;48.9366666666667;16.7142896323147;9.64999961853028;12836
-5.17951666666667;48.93685;16.7142896323147;9.64999961853028;12842
-5.17876666666667;48.9371333333333;16.7142896323147;9.64999961853028;12847
-5.17705;48.9377833333333;16.7142896323147;9.64999961853028;12866
-5.17555;48.9383666666667;16.7142896323147;9.64999961853028;12874
-5.17401666666667;48.9389166666667;16.7142896323147;9.64999961853028;12882
-5.17266666666667;48.9394333333333;16.7142896323147;9.64999961853028;12896
-5.17233333333333;48.9395666666667;16.7142896323147;9.64999961853028;12902
-5.171;48.9400833333333;16.7142896323147;9.64999961853028;12917
-5.16895;48.9408666666667;16.7142896323147;9.64999961853028;12930
-5.16755;48.9414;16.7142896323147;9.64999961853028;12942
-5.16685;48.9416666666667;16.7142896323147;9.64999961853028;12950
-5.16615;48.9419333333333;16.7142896323147;9.64999961853028;12956
-5.16475;48.9424833333333;16.6276884133862;9.60000038146973;12970
-5.162;48.9435666666667;16.7142896323147;9.64999961853028;12988
-5.16111666666667;48.9438833333333;16.7142896323147;9.64999961853028;12998
-5.16051666666667;48.9441166666667;16.7142896323147;9.64999961853028;13003
-5.15908333333333;48.94465;16.6276884133862;9.60000038146973;13016
-5.15696666666667;48.9454833333333;16.6276884133862;9.60000038146973;13030
-5.1561;48.9458166666667;16.6276884133862;9.60000038146973;13039
-5.15393333333333;48.9466166666667;16.6276884133862;9.60000038146973;13050
-5.15308333333333;48.9469;16.6276884133862;9.60000038146973;13057
-5.15215;48.9472666666667;16.6276884133862;9.60000038146973;13068
-5.15005;48.9481166666667;16.6276884133862;9.60000038146973;13092
-5.14803333333333;48.9489;16.6276884133862;9.60000038146973;13108
-5.14638333333333;48.94955;16.6276884133862;9.60000038146973;13116
-5.14483333333333;48.9501;16.6276884133862;9.60000038146973;13130
-5.1444;48.9502833333333;16.6276884133862;9.60000038146973;13136
-5.14398333333333;48.95045;16.6276884133862;9.60000038146973;13142
-5.14296666666667;48.9508333333333;16.6276884133862;9.60000038146973;13154
-5.14165;48.95135;16.6276884133862;9.60000038146973;13166
-5.14096666666667;48.9516;16.6276884133862;9.60000038146973;13172
-5.13958333333333;48.9521166666667;16.6276884133862;9.60000038146973;13184
-5.1383;48.9525666666667;16.6276884133862;9.60000038146973;13197
-5.13453333333333;48.95405;16.6276884133862;9.60000038146973;13224
-5.13383333333333;48.9543166666667;16.6276884133862;9.60000038146973;13231
-5.13453333333333;48.95405;16.6276884133862;9.60000038146973;13238
-5.13185;48.95505;16.6276884133862;9.60000038146973;13250
-5.13058333333333;48.9555833333333;16.6276884133862;9.60000038146973;13256
-5.12883333333333;48.9562;16.6276884133862;9.60000038146973;13266
-5.12711666666667;48.9568;16.6276884133862;9.60000038146973;13286
-5.12653333333333;48.9570833333333;16.7142896323147;9.64999961853028;13291
-5.126;48.9573;16.7142896323147;9.64999961853028;13296
-5.12408333333333;48.95805;16.7142896323147;9.64999961853028;13317
-5.12338333333333;48.9583166666667;16.7142896323147;9.64999961853028;13322
-5.1227;48.9585833333333;16.7142896323147;9.64999961853028;13328
-5.12211666666667;48.9588;16.7142896323147;9.64999961853028;13338
-5.12051666666667;48.9594166666667;16.7142896323147;9.64999961853028;13346
-5.11973333333333;48.9597166666667;16.7142896323147;9.64999961853028;13354
-5.11905;48.9599833333333;16.7142896323147;9.64999961853028;13362
-5.11651666666667;48.9609666666667;16.7142896323147;9.64999961853028;13375
-5.11488333333333;48.9615833333333;16.8008925030556;9.69999980926514;13386
-5.11385;48.9619833333333;16.8008925030556;9.69999980926514;13395
-5.11488333333333;48.9615833333333;16.8008925030556;9.69999980926514;13402
-5.1117;48.9627833333333;16.8008925030556;9.69999980926514;13412
-5.10845;48.9639833333333;16.8008925030556;9.69999980926514;13446
-5.1064;48.96475;16.8008925030556;9.69999980926514;13464
-5.10581666666667;48.9649833333333;16.8008925030556;9.69999980926514;13471
-5.10391666666667;48.9657;16.8008925030556;9.69999980926514;13484
-5.10275;48.9661333333333;16.8008925030556;9.69999980926514;13494
-5.10196666666667;48.9664333333333;16.8008925030556;9.69999980926514;13501
-5.10151666666667;48.9666166666667;16.8008925030556;9.69999980926514;13506
-5.09908333333333;48.96755;16.8008925030556;9.69999980926514;13520
-5.09823333333333;48.9678666666667;16.8008925030556;9.69999980926514;13525
-5.09596666666667;48.9687333333333;16.8008925030556;9.69999980926514;13542
-5.09535;48.96895;16.8008925030556;9.69999980926514;13548
-5.09451666666667;48.9692833333333;16.8008925030556;9.69999980926514;13557
-5.0932;48.9697666666667;16.9676219848633;9.40530644783875;13565
-5.09196666666667;48.9702166666667;16.9676219848633;9.40530644783875;13578
-5.08995;48.97095;16.9676219848633;9.40530644783875;13603
-5.08883333333333;48.9713833333333;16.9676219848633;9.40530644783875;13615
-5.08781666666667;48.97175;16.9676219848633;9.40530644783875;13620
-5.08616666666667;48.9723833333333;16.9676219848633;9.40530644783875;13626
-5.08526666666667;48.9727;16.9676219848633;9.40530644783875;13633
-5.0838;48.97325;16.9676219848633;9.40530644783875;13646
-5.08296666666667;48.9735333333333;16.9676219848633;9.40530644783875;13658
-5.08248333333333;48.9737;16.9676219848633;9.40530644783875;13666
-5.082;48.9738833333333;16.9676219848633;9.40530644783875;13673
-5.07983333333333;48.9746666666667;16.8008925030556;9.69999980926514;13687
-5.07863333333333;48.9751;16.7142896323147;9.64999961853028;13699
-5.07731666666667;48.9756;16.8008925030556;9.69999980926514;13707
-5.07533333333333;48.9763333333333;16.8008925030556;9.69999980926514;13723
-5.07388333333333;48.9768666666667;16.8008925030556;9.69999980926514;13732
-5.07345;48.9770166666667;16.8008925030556;9.69999980926514;13741
-5.0719;48.9775833333333;16.8008925030556;9.69999980926514;13753
-5.07123333333333;48.9778333333333;16.8008925030556;9.69999980926514;13759
-5.06755;48.9792333333333;16.8008925030556;9.69999980926514;13784
-5.06666666666667;48.97955;16.8008925030556;9.69999980926514;13790
-5.06755;48.9792333333333;16.8008925030556;9.69999980926514;13799
-5.06378333333333;48.9806;16.8008925030556;9.69999980926514;13813
-5.06243333333333;48.9810333333333;16.8008925030556;9.69999980926514;13826
-5.06085;48.9815833333333;16.8008925030556;9.69999980926514;13838
-5.06013333333333;48.9818333333333;16.8008925030556;9.69999980926514;13844
-5.05993333333333;48.98195;16.8008925030556;9.69999980926514;13850
-5.0576;48.9828333333333;16.8008925030556;9.69999980926514;13867
-5.05685;48.9831333333333;16.8008925030556;9.69999980926514;13872
-5.05453333333333;48.9840833333333;16.8008925030556;9.69999980926514;13891
-5.0538;48.98435;16.8008925030556;9.69999980926514;13898
-5.05308333333333;48.9846333333333;16.8008925030556;9.69999980926514;13910
-5.05145;48.9852333333333;16.8008925030556;9.69999980926514;13922
-5.05043333333333;48.9855666666667;16.8008925030556;9.69999980926514;13933
-5.04883333333333;48.9862166666667;16.8008925030556;9.69999980926514;13944
-5.04763333333333;48.9866833333333;16.8874953737966;9.75;13950
-5.04883333333333;48.9862166666667;16.8008925030556;9.69999980926514;13957
-5.04526666666667;48.9875666666667;16.8874953737966;9.75;13970
-5.04465;48.9878;16.8008925030556;9.69999980926514;13979
-5.0438;48.9881166666667;16.8874953737966;9.75;13986
-5.04306666666667;48.9884;16.8874953737966;9.75;13992
-5.042;48.9887666666667;16.8874953737966;9.75;14000
-5.04171666666667;48.9888666666667;16.8874953737966;9.75;14005
-5.04111666666667;48.9890833333333;16.8874953737966;9.75;14010
-5.04001666666667;48.9894166666667;16.8874953737966;9.75;14017
-5.0375;48.9903;16.8008925030556;9.69999980926514;14038
-5.03538333333333;48.99125;16.9740982445375;9.80000019073487;14054
-5.0345;48.9916166666667;16.8874953737966;9.75;14060
-5.03173333333333;48.9926666666667;16.8874953737966;9.75;14082
-5.0302;48.9932333333333;16.8874953737966;9.75;14094
-5.02878333333333;48.9937833333333;16.8874953737966;9.75;14112
-5.02738333333333;48.9943;16.8008925030556;9.69999980926514;14120
-5.02678333333333;48.9945166666667;16.8874953737966;9.75;14138
-5.02391666666667;48.99555;16.8008925030556;9.69999980926514;14156
-5.02266666666667;48.99605;16.8008925030556;9.69999980926514;14168
-5.02213333333333;48.99625;16.8008925030556;9.69999980926514;14173
-5.02133333333333;48.99655;16.8008925030556;9.69999980926514;14179
-5.01848333333333;48.99765;16.8008925030556;9.69999980926514;14196
-5.01751666666667;48.9980166666667;16.8008925030556;9.69999980926514;14203
-5.01686666666667;48.9982666666667;16.8008925030556;9.69999980926514;14209
-5.01526666666667;48.9988833333333;16.8008925030556;9.69999980926514;14220
-5.01503333333333;48.9989666666667;16.8874953737966;9.75;14226
-5.01468333333333;48.9990833333333;16.8008925030556;9.69999980926514;14232
-5.01403333333333;48.9993333333333;16.8874953737966;9.75;14240
-5.01373333333333;48.99945;16.8008925030556;9.69999980926514;14247
-5.01211666666667;49.00005;16.8008925030556;9.69999980926514;14254
-5.01373333333333;48.99945;16.8008925030556;9.69999980926514;14265
-5.00816666666667;49.0015833333333;16.8008925030556;9.69999980926514;14280
-5.00745;49.00185;16.8008925030556;9.69999980926514;14286
-5.00671666666667;49.0021166666667;16.8008925030556;9.69999980926514;14293
-5.00601666666667;49.0024166666667;16.8008925030556;9.69999980926514;14299
-5.0053;49.0026833333333;16.8008925030556;9.69999980926514;14310
-5.00313333333333;49.0034666666667;16.8008925030556;9.69999980926514;14324
-5.00241666666667;49.0037333333333;16.8008925030556;9.69999980926514;14330
-5.00181666666667;49.00395;16.8008925030556;9.69999980926514;14335
-5.0011;49.0042;16.8008925030556;9.69999980926514;14341
-4.99885;49.00505;16.8008925030556;9.69999980926514;14360
-4.99958333333333;49.0048;16.8008925030556;9.69999980926514;14365
-4.99755;49.00555;16.8008925030556;9.69999980926514;14371
-4.99683333333333;49.0058333333333;16.8008925030556;9.69999980926514;14376
-4.99611666666667;49.0061166666667;16.8008925030556;9.69999980926514;14384
-4.99538333333333;49.0064333333333;16.8008925030556;9.69999980926514;14389
-4.99396666666667;49.007;16.8008925030556;9.69999980926514;14400
-4.99325;49.0072666666667;16.8008925030556;9.69999980926514;14408
-4.99253333333333;49.0075333333333;16.8008925030556;9.69999980926514;14413
-4.99183333333333;49.0078;16.8008925030556;9.69999980926514;14423
-4.9883;49.0091166666667;16.8008925030556;9.69999980926514;14452
-4.98033333333333;49.0121;16.8008925030556;9.69999980926514;14523
-4.9777;49.0131166666667;16.8008925030556;9.69999980926514;14540
-4.97708333333333;49.01335;16.8008925030556;9.69999980926514;14547
-4.9748;49.0142;16.8008925030556;9.69999980926514;14563
-4.97408333333333;49.0144833333333;16.8008925030556;9.69999980926514;14569
-4.97266666666667;49.0150166666667;16.8008925030556;9.69999980926514;14581
-4.97206666666667;49.0152333333333;16.8008925030556;9.69999980926514;14588
-4.9652;49.0178166666667;16.8008925030556;9.69999980926514;14653
-4.96443333333333;49.0181166666667;16.8874953737966;9.75;14660
-4.96358333333333;49.0184166666667;16.8874953737966;9.75;14665
-4.96188333333333;49.0190833333333;16.8008925030556;9.69999980926514;14679
-4.96;49.0198166666667;16.8008925030556;9.69999980926514;14690
-4.9529;49.0225333333333;16.8008925030556;9.69999980926514;14753
-4.95135;49.0231166666667;16.8874953737966;9.75;14762
-4.95028333333333;49.0235;16.8874953737966;9.75;14773
-4.94948333333333;49.02375;16.8008925030556;9.69999980926514;14780
-4.95028333333333;49.0235;16.8874953737966;9.75;14786
-4.94776666666667;49.0243166666667;16.8008925030556;9.69999980926514;14791
-4.94711666666667;49.02455;16.8008925030556;9.69999980926514;14797
-4.9464;49.02485;16.8008925030556;9.69999980926514;14802
-4.94503333333333;49.0254666666667;16.8874953737966;9.75;14814
-4.9442;49.0258;16.8874953737966;9.75;14822
-4.9429;49.0263;16.8874953737966;9.75;14833
-4.93915;49.0277;17.0550842892182;9.45378759480357;14863
-4.93765;49.0282166666667;16.8874953737966;9.75;14882
-4.936;49.0288166666667;16.8874953737966;9.75;14899
-4.93225;49.0302166666667;16.8874953737966;9.75;14922
-4.93143333333333;49.0305166666667;16.8874953737966;9.75;14930
-4.93055;49.03085;16.8874953737966;9.75;14935
-4.9298;49.0311166666667;16.8874953737966;9.75;14942
-4.92846666666667;49.0316166666667;16.8874953737966;9.75;14956
-4.92565;49.0326333333333;16.8874953737966;9.75;14976
-4.92141666666667;49.0342166666667;16.8874953737966;9.75;15013
-4.91993333333333;49.0348;16.8874953737966;9.75;15024
-4.91698333333333;49.0359;16.8874953737966;9.75;15048
-4.91368333333333;49.0371166666667;16.8874953737966;9.75;15084
-4.91021666666667;49.0384333333333;16.8874953737966;9.75;15109
-4.90553333333333;49.04025;16.8874953737966;9.75;15150
-4.90396666666667;49.0408666666667;16.8874953737966;9.75;15161
-4.90338333333333;49.0410833333333;16.8874953737966;9.75;15170
-4.90111666666667;49.0419166666667;16.8874953737966;9.75;15182
-4.89908333333333;49.0427166666667;16.8874953737966;9.75;15199
-4.89268333333333;49.0450833333333;16.8008925030556;9.69999980926514;15257
-4.17908333333333;49.2953;16.7052367400034;9.25986393164523;21193
