"x";"y";"vx";"vy";"t"
-4.5499;49.3634666666667;-9.94314101512788;-5.97444186542807;0
-4.58626666666667;49.34955;-9.95929214352104;-5.75000000000001;520
-4.63253333333333;49.3313666666667;-9.85742395807429;-5.92293786146563;1187
-4.7288;49.2968333333333;-9.88320285749564;-5.4783488012537;2532
-4.74505;49.2911833333333;-10.065602221774;-5.35197563666997;2772
-4.82946666666667;49.2616;-10.065602221774;-5.35197563666997;3962
-4.83796666666667;49.2586166666667;-9.87268927278012;-5.69999980926514;4092
-4.84625;49.2556;-9.88320285749564;-5.4783488012537;4212
-4.87153333333333;49.2464666666667;-9.87268927278012;-5.69999980926514;4580
-4.95765;49.2135;-9.78608722794539;-5.65000009536744;5804
-4.9927;49.19975;-10.0581266321031;-5.57531063283287;6317
-5.0075;49.1940833333333;-9.85742395807429;-5.92293786146563;6533
-5.01726666666667;49.1903166666667;-10.3205127110653;-5.72075361137687;6684
-5.02835;49.18605;-9.78608722794539;-5.65000009536744;6842
-5.03728333333333;49.1825;-9.97066432774817;-5.52682948586805;6979
-5.04541666666667;49.1793333333333;-9.78608722794539;-5.65000009536744;7083
-5.05451666666667;49.1758333333333;-9.95929214352104;-5.75000000000001;7210
-5.06565;49.17155;-9.88320285749564;-5.4783488012537;7376
-5.07396666666667;49.1683666666667;-9.97066432774817;-5.52682948586805;7497
-5.08236666666667;49.1651833333333;-9.87268927278012;-5.69999980926514;7606
-5.09206666666667;49.1614666666667;-10.1455889364579;-5.6237917797977;7763
-5.1083;49.1553166666667;-9.87268927278012;-5.69999980926514;7976
-5.1168;49.1520666666667;-10.1455889364579;-5.6237917797977;8099
-5.12598333333333;49.1485166666667;-10.4079741813179;-5.76923429599122;8241
-5.14651666666667;49.1406833333333;-10.1324970590967;-5.84999990463257;8525
-5.15708333333333;49.1366666666667;-9.97066432774817;-5.52682948586805;8691
-5.16528333333333;49.1335166666667;-9.95929214352104;-5.75000000000001;8787
-5.1836;49.1264333333333;-10.1324970590967;-5.84999990463257;9045
-5.47248333333333;49.0178;-10.8602555605737;-5.77450031181105;12962
-5.48508333333333;49.0130833333333;-10.9593804174629;-5.58408323338824;13142
-5.50251666666667;49.0067;-11.1375815523546;-5.67488124674434;13373
-5.54681666666667;48.99035;-11.2266825446654;-5.72028046990192;13936
-5.56145;48.9847833333333;-11.3017293570032;-6.009236093204;14129
-5.57076666666667;48.9811833333333;-11.3157826872463;-5.76567926010043;14260
-5.62175;48.9598166666667;-11.1431749091275;-6.69549497383071;14924
-5.65153333333333;48.9467166666667;-11.3449331199386;-6.55000019073487;15314
-5.68753333333333;48.9307;-11.5181380355143;-6.65000009536744;15801
-5.71018333333333;48.9205666666667;-11.7779458218308;-6.80000019073487;16070
-5.72195;48.9153666666667;-11.4003252628298;-6.85000649453944;16222
-5.73835;48.90815;-11.5181380355143;-6.65000009536744;16424
-5.74758333333333;48.9041;-11.6913429510899;-6.75000000000001;16554
-5.79495;48.8804833333333;-9.05361472520233;-10.4149923510237;17208
-5.80315;48.8729666666667;-7.25989381892083;-11.6182587555907;17339
-5.81206666666667;48.8628333333333;-7.68382933138147;-12.2966973942682;17516
-5.81961666666667;48.8542666666667;-7.57784557960891;-12.1270879367892;17661
-5.83206666666667;48.84;-7.67941060147519;-11.8252553279579;17920
-5.84398333333333;48.8263166666667;-7.78833830459654;-11.9929892815833;18165
-5.85283333333333;48.8160166666667;-7.94053912262702;-11.7723333721552;18344
-5.85888333333333;48.8090333333333;-7.68382933138147;-12.2966973942682;18490
-5.87658333333333;48.78845;-7.63083720280999;-12.2118922611479;18818
-5.92956666666667;48.7278333333333;-7.89726600771789;-12.1607232352086;19858
-5.93823333333333;48.7181666666667;-7.78981308315403;-12.4663068517471;20052
-5.9449;48.7109;-7.73682145995295;-12.3815025273885;20178
-5.95823333333333;48.6963;-7.84280521172551;-12.5511119848674;20424
-5.9912;48.6603166666667;-8.06065782210405;-12.412324565556;21027
-6.0525;48.5858833333333;-7.12670132515106;-12.8569095281286;22296
-6.06373333333333;48.5722333333333;-7.12670132515106;-12.8569095281286;22517
-6.07555;48.5581;-7.12670132515106;-12.8569095281286;22747
-6.10666666666667;48.5209;-6.94817921877578;-13.067624542721;23402
-6.12548333333333;48.49865;-7.30000019073487;-12.6439712256153;23750
-6.14625;48.4743666666667;-7.27214430369505;-13.1192956070909;24155
-6.20286666666667;48.4092666666667;-6.94817921877578;-13.067624542721;25256
-6.3373;48.22785;-6.53746302306583;-12.8304936084205;28283
-6.34335;48.21995;-6.62826146938101;-13.0086955930422;28417
-6.35006666666667;48.21185;-7.07822064053671;-12.7694480578761;28553
-6.35626666666667;48.2044833333333;-7.30000019073487;-12.6439712256153;28668
-6.36233333333333;48.1974166666667;-7.07822064053671;-12.7694480578761;28786
-6.3723;48.1858666666667;-7.30000019073487;-12.6439712256153;28984
-6.4326;48.1198733333333;-6.93277766199271;-12.5070619789138;30163
-6.55228333333333;47.9896666666667;-6.59341102029038;-11.8948283507367;32603
-6.66126666666667;47.8694;-6.03807373312778;-11.8503869416513;34886
-6.7579;47.7505666666667;-6.0561829808488;-11.3900236110624;37130
-6.76405;47.7433333333333;-6.15007765158436;-11.5666138032697;37277
-6.77016666666667;47.7363;-5.94727571977169;-11.6721858067596;37403
-6.77665;47.7290833333333;-5.9018764966141;-11.5830848144488;37544
-6.78226666666667;47.7229833333333;-5.81107848325801;-11.4048836795571;37670
-6.78968333333333;47.7149333333333;-5.61115076251285;-11.5045639640607;37827
-6.7982;47.7059166666667;-5.67488124674433;-11.1375815523546;38008
-6.804;47.6993333333333;-5.47963933486346;-11.2349255787396;38142
-6.84436666666667;47.6453166666667;-4.9621869679459;-11.1452544089948;39240
-6.8484;47.6385833333333;-4.92151353637489;-11.0539003859654;39369
-6.85281666666667;47.6312;-5.12488185791279;-11.5106731147867;39505
-6.86995;47.60185;-5.2062291089491;-11.6933820320703;40057
-6.87123333333333;47.5996666666667;-5.12488185791279;-11.5106731147867;40080
-6.87655;47.5909;-5.61115076251285;-11.5045639640607;40253
-6.88255;47.5810833333333;-5.1655552894838;-11.6020271378161;40434
-6.90313333333333;47.5494833333333;-5.45177541523895;-11.6913701070438;41023
-6.90745;47.5431;-5.40951383088899;-11.6007398469336;41128
-6.91201666666667;47.53665;-5.81107848325801;-11.4048836795571;41245
-6.91773333333333;47.5294333333333;-5.67488124674433;-11.1375815523546;41382
-6.92346666666667;47.52225;-6.009236093204;-11.3017293570032;41524
-6.93296666666667;47.51025;-6.19702453922917;-11.6549080573289;41764
-6.97293333333333;47.4609833333333;-5.96228875783622;-11.2134342608995;42702
-6.98041666666667;47.4518;-5.81107848325801;-11.4048836795571;42878
