"x";"y";"vx";"vy";"t"
-5.31716666666667;49.056;-7.53442084774338;-4.34999990463257;0
-5.32966666666667;49.0511666666667;-7.78411505989968;-4.3148054352522;206
-5.44;49.0061666666667;-8.04650113886197;-4.4602484137962;2211
-5.72306;48.896725;-7.62714550938001;-5.14457460527329;7226
-5.77383333333333;48.8663333333333;-4.94436571560795;-8.22880641372365;8288
-5.8835;48.5793333333333;4.59999990463257;-7.9674335496356;16073
-5.86416666666667;48.5585;4.59999990463257;-7.9674335496356;16639
-5.74933333333333;48.433;4.6056913923402;-8.30888721782426;20144
-5.73642833333333;48.42037;4.65000009536743;-8.05403642037652;20481
-5.72466666666667;48.4081666666667;4.13131372081351;-8.10815971000616;20820
-5.71966666666667;48.4026666666667;4.41176772918186;-7.95903966860944;20979
-5.7125;48.3953333333333;4.13131372081351;-8.10815971000616;21206
-5.69583333333333;48.3778333333333;4.2721914004408;-8.03482343183401;21685
-5.67933333333333;48.3608333333333;3.99511648429983;-7.84085758280364;22178
-5.67388833333333;48.355265;4.17829672970524;-7.85823323962667;22348
-5.66920333333333;48.3503383333333;3.9453403211017;-8.0891464166925;22490
-5.66533333333333;48.3456666666667;3.85766617535654;-7.90938777886403;22606
-5.62933333333333;48.3026666666667;4.13131372081351;-8.10815971000616;23788
-5.61819666666667;48.2891233333333;3.94971726114224;-7.75175659049279;24171
-5.59766666666667;48.2643333333333;3.67677879653605;-7.88487757435436;24858
-5.58983333333333;48.255;3.9453403211017;-8.0891464166925;25127
-5.58483333333333;48.2491666666667;3.9453403211017;-8.0891464166925;25280
-5.581;48.2448333333333;3.84582634305644;-8.2474012077625;25410
-5.57683333333333;48.24;4.17671251101202;-8.19725985258698;25549
-5.57225833333333;48.2348;3.98917760300592;-8.17902616418514;25670
-5.56732666666667;48.2292666666667;4.07685174875108;-8.35878480201361;25826
-5.562995;48.22437;4.12068861259201;-8.44866369234945;25951
-5.55833333333333;48.2191666666667;4.12068861259201;-8.44866369234945;26096
-5.5535;48.2135;3.98917760300592;-8.17902616418514;26231
-5.54821333333333;48.2072316666667;4.17671251101202;-8.19725985258698;26416
-5.54116666666667;48.199;4.2221117341696;-8.28636084489783;26637
-5.53733333333333;48.1945;4.3129097475257;-8.46456197978949;26743
-5.53229666666667;48.188595;4.20836317640046;-8.62842318733472;26908
-5.5175;48.171;4.25220004024139;-8.71830207767056;27365
-5.51193166666667;48.16435;4.7511343708842;-8.57127329678655;27529
-5.50733333333333;48.1591666666667;4.79961505549854;-8.65873476703908;27648
-5.49516666666667;48.1451666666667;4.84809620246337;-8.74619707139396;28016
