"x";"y";"vx";"vy";"t"
-5.95683333333333;48.4043333333333;7.13477156646016;10.9865847600125;0
-5.9295;48.4321666666667;7.08030745519535;10.9027173832905;550
-5.92883333333333;48.4328333333333;7.08030745519535;10.9027173832905;561
-5.92583333333333;48.4358333333333;7.13477156646016;10.9865847600125;622
-5.92466666666667;48.4371666666667;7.26950774511971;10.7774884432155;648
-5.9215;48.4405;7.26950774511971;10.7774884432155;716
-5.9205;48.4415;7.26950774511971;10.7774884432155;732
-5.919;48.4428333333333;7.21358824145747;10.6945843697073;761
-5.918;48.4438333333333;7.21358824145747;10.6945843697073;780
-5.87833333333333;48.475;9.100024918004;9.42335165884269;1460
-5.87;48.4806666666667;9.03055881596696;9.35141740440246;1590
-5.865;48.484;9.03055881596696;9.35141740440246;1673
-5.86316666666667;48.4853333333333;9.03055881596696;9.35141740440246;1702
-5.86;48.4875;9.03055881596696;9.35141740440246;1751
-5.8595;48.4878333333333;9.03055881596696;9.35141740440246;1760
-5.855;48.491;9.03055881596696;9.35141740440246;1829
-5.85166666666667;48.4931666666667;9.03055881596696;9.35141740440246;1885
-5.8505;48.494;9.19238815542512;9.19238815542512;1900
-5.84483333333333;48.4978333333333;9.03055881596696;9.35141740440246;1993
-5.8435;48.4988333333333;9.100024918004;9.42335165884269;2009
-5.843;48.4991666666667;9.03055881596696;9.35141740440246;2022
-5.84216666666667;48.4996666666667;9.03055881596696;9.35141740440246;2029
-5.83966666666667;48.5013333333333;9.100024918004;9.42335165884269;2070
-5.839;48.5018333333333;9.100024918004;9.42335165884269;2084
-5.83833333333333;48.5023333333333;9.03055881596696;9.35141740440246;2090
-5.8365;48.5035;9.100024918004;9.42335165884269;2119
-5.83583333333333;48.504;9.100024918004;9.42335165884269;2129
-5.83516666666667;48.5045;9.100024918004;9.42335165884269;2140
-5.8345;48.5048333333333;9.03055881596696;9.35141740440246;2154
-5.8315;48.507;9.100024918004;9.42335165884269;2201
-5.83066666666667;48.5075;9.100024918004;9.42335165884269;2211
-5.8295;48.5081666666667;9.100024918004;9.42335165884269;2232
-5.829;48.5086666666667;9.100024918004;9.42335165884269;2239
-5.82766666666667;48.5095;9.100024918004;9.42335165884269;2262
-5.82616666666667;48.5105;9.100024918004;9.42335165884269;2284
-5.8245;48.5118333333333;9.42335165884269;9.100024918004;2311
-5.82383333333333;48.5121666666667;9.58073377020043;8.93417877698046;2322
-5.82233333333333;48.5131666666667;9.73519749724112;8.76561119855411;2341
-5.82183333333333;48.5135;9.88669578881717;8.5943735300423;2350
-5.81833333333333;48.5156666666667;10.4621254862748;7.88377703286605;2401
-5.81716666666667;48.5163333333333;10.7308920926675;7.51385153500075;2419
-5.81633333333333;48.5168333333333;10.7308920926675;7.51385153500075;2435
-5.8135;48.5181666666667;10.9865847600125;7.13477156646016;2470
-5.81266666666667;48.5185;10.9865847600125;7.13477156646016;2479
-5.81183333333333;48.519;10.9865847600125;7.13477156646016;2495
-5.81033333333333;48.5196666666667;10.9865847600125;7.13477156646016;2513
-5.8095;48.52;10.9865847600125;7.13477156646016;2523
-5.80816666666667;48.5205;10.8603925167238;7.32542724878195;2539
-5.8075;48.5208333333333;10.8603925167238;7.32542724878195;2551
-5.80666666666667;48.5211666666667;10.7308920926675;7.51385153500075;2562
-5.80566666666667;48.5216666666667;10.7308920926675;7.51385153500075;2570
-5.8035;48.5226666666667;10.5981229349273;7.69998702925368;2603
-5.80283333333333;48.523;10.5981229349273;7.69998702925368;2614
-5.80116666666667;48.5238333333333;10.5981229349273;7.69998702925368;2634
-5.8005;48.5241666666667;10.5981229349273;7.69998702925368;2643
-5.79766666666667;48.5255;10.5981229349273;7.69998702925368;2679
-5.79616666666667;48.5261666666667;10.5981229349273;7.69998702925368;2704
-5.7955;48.5266666666667;10.5981229349273;7.69998702925368;2713
-5.79233333333333;48.5281666666667;10.5981229349273;7.69998702925368;2751
-5.791;48.5288333333333;10.5981229349273;7.69998702925368;2778
-5.78866666666667;48.5298333333333;10.6790241714416;7.75876521814951;2802
-5.78666666666667;48.531;10.5981229349273;7.69998702925368;2830
-5.7835;48.5325;10.6790241714416;7.75876521814951;2872
-5.782;48.5331666666667;10.5981229349273;7.69998702925368;2893
-5.78116666666667;48.5336666666667;10.5419885802966;7.94395819081993;2901
-5.78066666666667;48.5338333333333;10.3229411728503;8.06516556162234;2910
-5.77983333333333;48.5341666666667;10.180612391544;8.24409736281955;2919
-5.77883333333333;48.5346666666667;10.1117865030591;8.48479632526031;2931
-5.77833333333333;48.535;9.80951155455798;8.83252387631039;2942
-5.77766666666667;48.5353333333333;9.49528522726701;9.1694903575632;2952
-5.77683333333333;48.5358333333333;9.100024918004;9.42335165884269;2959
-5.7755;48.5365;8.46316122371088;9.7357532969749;2978
-5.77233333333333;48.5386666666667;6.59248745708441;10.9717416124787;3031
-5.77133333333333;48.5395;5.76567926010043;11.3157826872463;3053
-5.77016666666667;48.5406666666667;5.36725184349885;11.510108722501;3070
-5.766;48.5463333333333;3.62540902703098;11.8581786091403;3179
-5.76566666666667;48.5468333333333;3.41790310698348;11.9196446629429;3191
-5.76533333333333;48.5473333333333;3.20935606053963;11.977479877513;3198
-5.764;48.5501666666667;2.59889613522199;12.2268450091726;3251
-5.763;48.5523333333333;2.15323733682841;12.211615761677;3293
-5.76283333333333;48.5528333333333;1.93978730682385;12.2473350466065;3299
-5.7625;48.5535;1.93978730682385;12.2473350466065;3313
-5.76233333333333;48.554;1.93978730682385;12.2473350466065;3322
-5.76216666666667;48.5545;2.15323733682841;12.211615761677;3335
-5.76183333333333;48.5556666666667;2.17060222083663;12.3100969126526;3354
-5.7615;48.5566666666667;2.17060222083663;12.3100969126526;3370
-5.76116666666667;48.5575;2.17060222083663;12.3100969126526;3381
-5.76083333333333;48.5585;2.17060222083663;12.3100969126526;3401
-5.76066666666667;48.559;1.95543081300289;12.3461042574392;3410
-5.7605;48.5596666666667;2.18796710484485;12.4085780636282;3424
-5.76016666666667;48.5608333333333;2.17060222083663;12.3100969126526;3444
-5.76;48.5611666666667;2.38511244220681;12.2703397930958;3450
-5.75966666666667;48.562;2.40419341453232;12.3685028859016;3465
-5.75916666666667;48.5636666666667;2.83438337054472;12.2770631879866;3493
-5.75683333333333;48.5693333333333;3.31288382667808;12.3638507607358;3589
-5.7565;48.57;3.2870018234362;12.2672578096354;3600
-5.756;48.571;3.2870018234362;12.2672578096354;3623
-5.75566666666667;48.5715;3.07240802797284;12.3227555386359;3639
-5.75516666666667;48.5726666666667;3.09660030981869;12.419785481402;3649
-5.75466666666667;48.5738333333333;2.85687834726108;12.3744996369261;3675
-5.75433333333333;48.5745;2.87937353850748;12.4719370150974;3682
-5.75383333333333;48.5755;2.85687834726108;12.3744996369261;3701
-5.75333333333333;48.5766666666667;2.87937353850748;12.4719370150974;3720
-5.75283333333333;48.5778333333333;2.85687834726108;12.3744996369261;3742
-5.75266666666667;48.5783333333333;2.87937353850748;12.4719370150974;3750
-5.752;48.58;3.09660030981869;12.419785481402;3780
-5.751;48.5825;3.2870018234362;12.2672578096354;3821
-5.75083333333333;48.5828333333333;3.52815820703124;12.3041498913566;3829
-5.7505;48.5835;3.55572178489198;12.4002755109121;3840
-5.75033333333333;48.5838333333333;3.74235787621651;12.2407010587275;3854
-5.74966666666667;48.5851666666667;3.95541758693964;12.1735235899776;3868
-5.748;48.5885;4.83242491216419;11.960671370219;3930
-5.7365;48.6035;5.45177541523895;11.6913701070438;4210
-5.73583333333333;48.6045;5.49403740262909;11.7820012314764;4229
-5.73483333333333;48.6056666666667;5.65498762635378;11.5944428543965;4253
-5.7345;48.6061666666667;5.65498762635378;11.5944428543965;4262
-5.734;48.6066666666667;5.69882490825801;11.6843226018892;4272
-5.73366666666667;48.6071666666667;5.65498762635378;11.5944428543965;4279
-5.73316666666667;48.6076666666667;5.69882490825801;11.6843226018892;4290
-5.73233333333333;48.609;5.65498762635378;11.5944428543965;4314
-5.7315;48.6098333333333;5.61115076251285;11.5045639640607;4335
-5.73033333333333;48.6113333333333;5.69882490825801;11.6843226018892;4361
-5.72883333333333;48.6131666666667;5.69882490825801;11.6843226018892;4390
-5.7285;48.6135;5.90187649661411;11.5830848144488;4399
-5.72883333333333;48.6131666666667;5.69882490825801;11.6843226018892;4406
-5.72816666666667;48.6141666666667;5.85647727345652;11.4939838221379;4421
-5.726;48.6166666666667;5.69882490825801;11.6843226018892;4463
-5.7255;48.6171666666667;5.69882490825801;11.6843226018892;4473
-5.72383333333333;48.6193333333333;5.65498762635378;11.5944428543965;4513
-5.7235;48.6198333333333;5.65498762635378;11.5944428543965;4523
-5.723;48.6203333333333;5.65498762635378;11.5944428543965;4531
-5.7225;48.6208333333333;5.65498762635378;11.5944428543965;4541
-5.723;48.6203333333333;5.65498762635378;11.5944428543965;4553
-5.72166666666667;48.622;5.65498762635378;11.5944428543965;4564
-5.72133333333333;48.6225;5.65498762635378;11.5944428543965;4574
-5.7205;48.6235;5.65498762635378;11.5944428543965;4592
-5.72;48.624;5.85647727345652;11.4939838221379;4604
-5.71916666666667;48.6251666666667;5.85647727345652;11.4939838221379;4619
-5.71866666666667;48.6256666666667;5.90187649661411;11.5830848144488;4629
-5.71833333333333;48.6261666666667;5.90187649661411;11.5830848144488;4639
-5.7175;48.6271666666667;5.81107848325801;11.4048836795571;4663
-5.717;48.6278333333333;5.81107848325801;11.4048836795571;4669
-5.71616666666667;48.6286666666667;5.81107848325801;11.4048836795571;4690
-5.71483333333333;48.6301666666667;5.69882490825801;11.6843226018892;4723
-5.71433333333333;48.6308333333333;5.69882490825801;11.6843226018892;4732
-5.7135;48.6318333333333;5.65498762635378;11.5944428543965;4750
-5.71133333333333;48.6345;5.61115076251285;11.5045639640607;4799
-5.71033333333333;48.6356666666667;5.65498762635378;11.5944428543965;4820
-5.70966666666667;48.6366666666667;5.65498762635378;11.5944428543965;4839
-5.70916666666667;48.6371666666667;5.65498762635378;11.5944428543965;4852
-5.70833333333333;48.6383333333333;5.85647727345652;11.4939838221379;4873
-5.7075;48.6391666666667;5.81107848325801;11.4048836795571;4889
-5.70616666666667;48.6408333333333;5.85647727345652;11.4939838221379;4924
-5.7045;48.6428333333333;5.85647727345652;11.4939838221379;4959
-5.70083333333333;48.6471666666667;5.85647727345652;11.4939838221379;5044
-5.7005;48.6476666666667;5.81107848325801;11.4048836795571;5054
-5.7;48.648;5.85647727345652;11.4939838221379;5063
-5.69866666666667;48.6496666666667;5.65498762635378;11.5944428543965;5093
-5.69783333333333;48.6508333333333;5.69882490825801;11.6843226018892;5113
-5.69733333333333;48.6511666666667;5.65498762635378;11.5944428543965;5119
-5.697;48.6516666666667;5.65498762635378;11.5944428543965;5135
-5.6965;48.6521666666667;5.65498762635378;11.5944428543965;5140
-5.696;48.6528333333333;5.56731348060862;11.4146842165681;5151
-5.69183333333333;48.6578333333333;5.61115076251285;11.5045639640607;5249
-5.69133333333333;48.6583333333333;5.61115076251285;11.5045639640607;5266
-5.6905;48.6595;5.61115076251285;11.5045639640607;5281
-5.68966666666667;48.6606666666667;5.61115076251285;11.5045639640607;5299
-5.68883333333333;48.6615;5.61115076251285;11.5045639640607;5321
-5.68783333333333;48.6626666666667;5.81107848325801;11.4048836795571;5341
-5.68733333333333;48.6631666666667;5.81107848325801;11.4048836795571;5350
-5.6865;48.6641666666667;5.81107848325801;11.4048836795571;5374
-5.68616666666667;48.6646666666667;5.81107848325801;11.4048836795571;5380
-5.68483333333333;48.6661666666667;5.81107848325801;11.4048836795571;5413
-5.684;48.6673333333333;5.81107848325801;11.4048836795571;5430
-5.6825;48.6688333333333;5.61115076251285;11.5045639640607;5460
-5.68166666666667;48.6698333333333;5.61115076251285;11.5045639640607;5479
-5.68133333333333;48.6703333333333;5.61115076251285;11.5045639640607;5494
-5.68166666666667;48.6698333333333;5.61115076251285;11.5045639640607;5501
-5.68033333333333;48.6715;5.61115076251285;11.5045639640607;5510
-5.67966666666667;48.6723333333333;5.56731348060862;11.4146842165681;5530
-5.679;48.6731666666667;5.56731348060862;11.4146842165681;5542
-5.67866666666667;48.6735;5.56731348060862;11.4146842165681;5551
-5.67816666666667;48.6741666666667;5.56731348060862;11.4146842165681;5561
-5.67783333333333;48.6746666666667;5.56731348060862;11.4146842165681;5572
-5.6775;48.675;5.56731348060862;11.4146842165681;5580
-5.67716666666667;48.6755;5.56731348060862;11.4146842165681;5591
-5.67616666666667;48.6766666666667;5.76567926010043;11.3157826872463;5611
-5.67533333333333;48.6778333333333;5.76567926010043;11.3157826872463;5633
-5.6745;48.6786666666667;5.81107848325801;11.4048836795571;5653
-5.674;48.6793333333333;5.81107848325801;11.4048836795571;5663
-5.67366666666667;48.6796666666667;5.81107848325801;11.4048836795571;5669
-5.67266666666667;48.681;5.76567926010043;11.3157826872463;5693
-5.67183333333333;48.682;5.56731348060862;11.4146842165681;5710
-5.67133333333333;48.6825;5.56731348060862;11.4146842165681;5726
-5.67066666666667;48.6835;5.61115076251285;11.5045639640607;5740
-5.67016666666667;48.684;5.61115076251285;11.5045639640607;5752
-5.66966666666667;48.6845;5.61115076251285;11.5045639640607;5767
-5.66933333333333;48.685;5.56731348060862;11.4146842165681;5777
-5.66766666666667;48.6871666666667;5.81107848325801;11.4048836795571;5812
-5.66733333333333;48.6875;5.81107848325801;11.4048836795571;5820
-5.66633333333333;48.6886666666667;5.81107848325801;11.4048836795571;5843
-5.666;48.6891666666667;5.81107848325801;11.4048836795571;5850
-5.66516666666667;48.6901666666667;5.81107848325801;11.4048836795571;5873
-5.66466666666667;48.6908333333333;5.81107848325801;11.4048836795571;5880
-5.66433333333333;48.6911666666667;5.81107848325801;11.4048836795571;5897
-5.66383333333333;48.6918333333333;5.76567926010043;11.3157826872463;5902
-5.66333333333333;48.6923333333333;5.76567926010043;11.3157826872463;5910
-5.663;48.6928333333333;5.76567926010043;11.3157826872463;5923
-5.662;48.6938333333333;5.81107848325801;11.4048836795571;5943
-5.66166666666667;48.6943333333333;5.81107848325801;11.4048836795571;5950
-5.66033333333333;48.696;5.72028046990192;11.2266825446655;5979
-5.6595;48.697;5.76567926010043;11.3157826872463;6000
-5.659;48.6975;5.76567926010043;11.3157826872463;6010
-5.65866666666667;48.6978333333333;5.76567926010043;11.3157826872463;6020
-5.65816666666667;48.6985;5.81107848325801;11.4048836795571;6030
-5.65766666666667;48.699;5.81107848325801;11.4048836795571;6039
-5.65733333333333;48.6995;5.76567926010043;11.3157826872463;6053
-5.65683333333333;48.7;5.76567926010043;11.3157826872463;6063
-5.6565;48.7005;5.72028046990192;11.2266825446655;6071
-5.6555;48.7015;5.56731348060862;11.4146842165681;6098
-5.65433333333333;48.703;5.1248818579128;11.5106731147867;6118
-5.654;48.7035;5.1655552894838;11.6020271378161;6128
-5.6535;48.7041666666667;4.96228525728773;11.6904114632736;6141
-5.653;48.7046666666667;4.96228525728773;11.6904114632736;6159
-5.65216666666667;48.7056666666667;4.92321236801695;11.5983615046455;6173
-5.65183333333333;48.7061666666667;4.96228525728773;11.6904114632736;6178
-5.65133333333333;48.7068333333333;4.92321236801695;11.5983615046455;6190
-5.65066666666667;48.7078333333333;4.92321236801695;11.5983615046455;6210
-5.63333333333333;48.7088333333333;4.72004321994157;11.6825169212341;6232
-5.64916666666667;48.71;4.72004321994157;11.6825169212341;6251
-5.64866666666667;48.7105;4.6825824176989;11.5897981820848;6264
-5.64833333333333;48.711;4.6825824176989;11.5897981820848;6270
-5.64616666666667;48.7141666666667;4.6825824176989;11.5897981820848;6334
-5.64583333333333;48.7146666666667;4.6825824176989;11.5897981820848;6342
-5.6455;48.7151666666667;4.88413910611592;11.5063106681555;6353
-5.64516666666667;48.7156666666667;4.92321236801695;11.5983615046455;6358
-5.64483333333333;48.7163333333333;4.92321236801695;11.5983615046455;6368
-5.64333333333333;48.7183333333333;4.72004321994157;11.6825169212341;6413
-5.64283333333333;48.7188333333333;4.51543630097731;11.7631137299974;6421
-5.6425;48.7195;4.51543630097731;11.7631137299974;6429
-5.64083333333333;48.722;4.30945393637376;11.8401273803667;6479
-5.64033333333333;48.7226666666667;4.30945393637376;11.8401273803667;6492
-5.64;48.7231666666667;4.30945393637376;11.8401273803667;6499
-5.63966666666667;48.7238333333333;4.30945393637376;11.8401273803667;6514
-5.639;48.7248333333333;4.27525179157086;11.7461577598239;6531
-5.638;48.7263333333333;4.55127289087205;11.8564712384481;6560
-5.63733333333333;48.7275;4.55127289087205;11.8564712384481;6581
-5.63666666666667;48.7286666666667;4.55127289087205;11.8564712384481;6601
-5.63583333333333;48.7296666666667;4.55127289087205;11.8564712384481;6623
-5.63566666666667;48.7301666666667;4.55127289087205;11.8564712384481;6637
-5.63516666666667;48.7306666666667;4.55127289087205;11.8564712384481;6642
-5.63483333333333;48.7313333333333;4.55127289087205;11.8564712384481;6649
-5.6345;48.7318333333333;4.55127289087205;11.8564712384481;6663
-5.63416666666667;48.7323333333333;4.75750366493155;11.7752347761519;6671
-5.6335;48.7333333333333;4.55127289087205;11.8564712384481;6690
-5.632;48.7356666666667;4.55127289087205;11.8564712384481;6730
-5.63083333333333;48.7371666666667;4.55127289087205;11.8564712384481;6760
-5.62991666666667;48.7388833333333;4.55127289087205;11.8564712384481;6789
-5.6293;48.73985;4.34365575500083;11.9340961047489;6824
-5.628;48.7415;3.92451576962152;12.0784175755488;6843
-5.62766666666667;48.742;3.4730307884415;12.1118977355151;6853
-5.62733333333333;48.7425;3.26112006702339;12.1706657797137;6859
-5.627;48.7431666666667;2.83438337054472;12.2770631879866;6869
-5.6255;48.7458333333333;1.28570011812936;12.2326195027198;6919
-5.62516666666667;48.747;1.06330004489779;12.1535751267102;6940
-5.625;48.7475;1.05458452049394;12.0539562269282;6949
-5.62466666666667;48.7491666666667;1.05458452049394;12.0539562269282;6979
-5.6245;48.7496666666667;0.844053358913899;12.0705253886844;6991
-5.62416666666667;48.7513333333333;0.422283923413363;12.0926293881684;7019
-5.6235;48.7553333333333;0.633265090504203;12.0834177514773;7096
-5.6235;48.7558333333333;0.844053358913899;12.0705253886844;7107
-5.6235;48.7565;1.05458452049394;12.0539562269282;7113
-5.62333333333333;48.757;1.26479444541305;12.0337153133361;7126
-5.62316666666667;48.758;1.48680596629807;12.109062860711;7143
-5.623;48.7591666666667;2.11850773441579;12.0146543989118;7168
-5.62283333333333;48.7603333333333;3.39033952912274;11.8235190433874;7181
-5.62283333333333;48.7606666666667;3.97193142228011;11.5353264419683;7188
-5.62266666666667;48.7611666666667;4.3720889160994;11.3896810251995;7194
-5.62266666666667;48.7613333333333;4.76691969304309;11.2301590365474;7199
-5.62266666666667;48.7616666666667;4.9621869679459;11.1452544089948;7204
-5.6225;48.762;5.07141914088839;10.8756934444398;7213
-5.62233333333333;48.7623333333333;5.26045376146893;10.78552855559;7219
-5.62183333333333;48.7631666666667;5.12894233381954;10.5158901702689;7229
-5.6215;48.7635;5.17277961572377;10.6057699177615;7240
-5.62116666666667;48.764;4.98689556914829;10.694432059897;7249
-5.62083333333333;48.7645;5.17277961572377;10.6057699177615;7263
-5.62051666666667;48.7650666666667;5.53976453041811;10.4187817641442;7280
-5.61976666666667;48.7660833333333;5.53976453041811;10.4187817641442;7294
-5.61956666666667;48.7663333333333;5.67227246441205;10.2330504067105;7300
-5.6185;48.7675;6.2530474190259;10.0069676963982;7319
-5.61716666666667;48.7693333333333;7.5206149107305;8.96271983838066;7361
-5.617;48.7693333333333;7.61028498655654;8.75463141848301;7369
-5.6165;48.7698333333333;7.54467883339083;8.67916017256188;7374
-5.6155;48.7705;7.45633651756787;8.88611583240291;7389
-5.61433333333333;48.7715;7.5206149107305;8.96271983838066;7409
-5.61116666666667;48.7738333333333;7.5206149107305;8.96271983838066;7473
-5.61;48.7746666666667;7.5206149107305;8.96271983838066;7490
-5.609;48.7755;7.5206149107305;8.96271983838066;7509
-5.60783333333333;48.7763333333333;7.58489391690317;9.03932457491532;7532
-5.60583333333333;48.7778333333333;7.80710219472038;8.98104371675213;7569
-5.60466666666667;48.7788333333333;8.18398032074998;8.77624441943005;7589
-5.60133333333333;48.7811666666667;9.19253331742774;7.71345131623847;7649
-5.596;48.784;10.3923048454133;6;7730
-5.59316666666667;48.7851666666667;10.4789077161542;6.05000019073487;7769
-5.5915;48.7856666666667;10.4789077161542;6.05000019073487;7790
-5.53016666666667;48.8091666666667;10.8860245554251;6.54098345312197;8599
-5.52483333333333;48.8111666666667;10.8860245554251;6.54098345312197;8672
-5.5225;48.8121666666667;10.8860245554251;6.54098345312197;8704
-5.51866666666667;48.8135;10.8860245554251;6.54098345312197;8751
-5.51783333333333;48.8138333333333;10.8860245554251;6.54098345312197;8763
-5.51633333333333;48.8143333333333;10.9717416124787;6.59248745708441;8780
-5.51533333333333;48.8148333333333;10.9717416124787;6.59248745708441;8794
-5.51316666666667;48.8156666666667;10.8860245554251;6.54098345312197;8824
-5.51166666666667;48.8161666666667;10.8860245554251;6.54098345312197;8839
-5.51066666666667;48.8165;10.8860245554251;6.54098345312197;8852
-5.51016666666667;48.8168333333333;11.0851253336221;6.40000009536743;8860
-5.5085;48.8173333333333;10.9985224628811;6.34999990463257;8879
-5.50766666666667;48.8176666666667;10.8860245554251;6.54098345312197;8896
-5.507;48.818;10.8860245554251;6.54098345312197;8906
-5.5045;48.819;10.8860245554251;6.54098345312197;8931
-5.50366666666667;48.8191666666667;10.9717416124787;6.59248745708441;8939
-5.50233333333333;48.8198333333333;10.8860245554251;6.54098345312197;8960
-5.50366666666667;48.8191666666667;10.9717416124787;6.59248745708441;8965
-5.50083333333333;48.8203333333333;10.8860245554251;6.54098345312197;8980
-5.49816666666667;48.8213333333333;10.8860245554251;6.54098345312197;9010
-5.49766666666667;48.8215;10.9717416124787;6.59248745708441;9022
-5.49533333333333;48.8225;10.9717416124787;6.59248745708441;9051
-5.49233333333333;48.8236666666667;11.0851253336221;6.40000009536743;9089
-5.49133333333333;48.824;11.0851253336221;6.40000009536743;9106
-5.4905;48.8243333333333;11.0851253336221;6.40000009536743;9112
-5.49;48.8245;11.0851253336221;6.40000009536743;9122
-5.4875;48.8255;11.0851253336221;6.40000009536743;9155
-5.48516666666667;48.8263333333333;11.0851253336221;6.40000009536743;9180
-5.48433333333333;48.8266666666667;10.9985224628811;6.34999990463257;9190
-5.48366666666667;48.8268333333333;11.0851253336221;6.40000009536743;9202
-5.483;48.8271666666667;11.0851253336221;6.40000009536743;9213
-5.48216666666667;48.8273333333333;11.0851253336221;6.40000009536743;9219
-5.48116666666667;48.8278333333333;11.0851253336221;6.40000009536743;9234
-5.48066666666667;48.828;11.0851253336221;6.40000009536743;9243
-5.4795;48.8283333333333;11.0851253336221;6.40000009536743;9250
-5.47883333333333;48.8286666666667;10.9985224628811;6.34999990463257;9262
-5.478;48.829;11.0851253336221;6.40000009536743;9269
-5.47483333333333;48.8301666666667;10.8860245554251;6.54098345312197;9313
-5.47266666666667;48.831;10.9717416124787;6.59248745708441;9338
-5.47016666666667;48.8318333333333;10.9717416124787;6.59248745708441;9373
-5.46866666666667;48.8325;10.9717416124787;6.59248745708441;9390
-5.468;48.8326666666667;10.9717416124787;6.59248745708441;9398
-5.4625;48.8348333333333;10.8860245554251;6.54098345312197;9472
-5.46083333333333;48.8355;10.9717416124787;6.59248745708441;9496
-5.45933333333333;48.836;10.9717416124787;6.59248745708441;9509
-5.45866666666667;48.8363333333333;10.9717416124787;6.59248745708441;9518
-5.45716666666667;48.8368333333333;10.8860245554251;6.54098345312197;9542
-5.45616666666667;48.8373333333333;10.9717416124787;6.59248745708441;9552
-5.4555;48.8375;10.9717416124787;6.59248745708441;9561
-5.45483333333333;48.8378333333333;10.9717416124787;6.59248745708441;9569
-5.45416666666667;48.838;10.9717416124787;6.59248745708441;9583
-5.45333333333333;48.8383333333333;10.9717416124787;6.59248745708441;9590
-5.4525;48.8388333333333;10.9717416124787;6.59248745708441;9605
-5.451;48.8393333333333;10.9717416124787;6.59248745708441;9618
-5.44933333333333;48.84;11.0851253336221;6.40000009536743;9641
-5.44566666666667;48.8413333333333;11.0851253336221;6.40000009536743;9688
-5.44383333333333;48.842;11.0851253336221;6.40000009536743;9713
-5.44216666666667;48.8426666666667;11.0851253336221;6.40000009536743;9731
-5.44166666666667;48.843;11.0851253336221;6.40000009536743;9743
-5.43933333333333;48.8438333333333;11.0851253336221;6.40000009536743;9768
-5.4375;48.8445;11.0851253336221;6.40000009536743;9790
-5.43616666666667;48.845;11.0851253336221;6.40000009536743;9812
-5.43466666666667;48.8456666666667;11.1717273784568;6.44999980926514;9828
-5.43383333333333;48.846;11.0851253336221;6.40000009536743;9841
-5.43233333333333;48.8465;11.0851253336221;6.40000009536743;9860
-5.42983333333333;48.8475;11.0851253336221;6.40000009536743;9891
-5.42916666666667;48.8478333333333;11.0851253336221;6.40000009536743;9903
-5.4275;48.8483333333333;11.0851253336221;6.40000009536743;9923
-5.426;48.849;11.0851253336221;6.40000009536743;9940
-5.42533333333333;48.8491666666667;11.0851253336221;6.40000009536743;9948
-5.4245;48.8495;11.0851253336221;6.40000009536743;9959
-5.42216666666667;48.8505;11.0851253336221;6.40000009536743;9989
-5.42066666666667;48.851;11.0851253336221;6.40000009536743;10009
-5.419;48.8516666666667;10.9985224628811;6.34999990463257;10034
-5.41816666666667;48.852;10.9985224628811;6.34999990463257;10042
-5.419;48.8516666666667;10.9985224628811;6.34999990463257;10048
-5.4165;48.8525;11.0851253336221;6.40000009536743;10060
-5.4175;48.8521666666667;11.0851253336221;6.40000009536743;10066
-5.41583333333333;48.8528333333333;11.0851253336221;6.40000009536743;10073
-5.41266666666667;48.854;11.0851253336221;6.40000009536743;10109
-5.41183333333333;48.8543333333333;11.0851253336221;6.40000009536743;10123
-5.41033333333333;48.8548333333333;11.0851253336221;6.40000009536743;10144
-5.4065;48.8563333333333;10.9985224628811;6.34999990463257;10193
-5.404;48.8571666666667;10.9985224628811;6.34999990463257;10221
-5.40483333333333;48.8568333333333;11.0851253336221;6.40000009536743;10243
-5.404;48.8571666666667;10.9985224628811;6.34999990463257;10249
-5.40083333333333;48.8583333333333;10.9985224628811;6.34999990463257;10259
-5.39866666666667;48.8591666666667;10.9985224628811;6.34999990463257;10293
-5.39766666666667;48.8595;11.0851253336221;6.40000009536743;10304
-5.397;48.8598333333333;10.9985224628811;6.34999990463257;10313
-5.39633333333333;48.86;10.9985224628811;6.34999990463257;10319
-5.39533333333333;48.8603333333333;11.0851253336221;6.40000009536743;10330
-5.39466666666667;48.8606666666667;11.0851253336221;6.40000009536743;10342
-5.39283333333333;48.8613333333333;11.0851253336221;6.40000009536743;10360
-5.3915;48.8618333333333;10.9985224628811;6.34999990463257;10382
-5.39066666666667;48.8621666666667;11.0851253336221;6.40000009536743;10395
-5.39;48.8623333333333;11.0851253336221;6.40000009536743;10404
-5.38766666666667;48.8631666666667;11.0851253336221;6.40000009536743;10430
-5.38666666666667;48.8635;11.0851253336221;6.40000009536743;10439
-5.38583333333333;48.8638333333333;11.0851253336221;6.40000009536743;10451
-5.38516666666667;48.864;11.0851253336221;6.40000009536743;10460
-5.3845;48.8643333333333;11.0851253336221;6.40000009536743;10469
-5.383;48.8648333333333;11.0851253336221;6.40000009536743;10494
-5.3805;48.8656666666667;11.0851253336221;6.40000009536743;10523
-5.37966666666667;48.866;11.0851253336221;6.40000009536743;10530
-5.37883333333333;48.8663333333333;11.0851253336221;6.40000009536743;10541
-5.378;48.8666666666667;11.0851253336221;6.40000009536743;10553
-5.37633333333333;48.8671666666667;11.0851253336221;6.40000009536743;10571
-5.374;48.868;11.0851253336221;6.40000009536743;10602
-5.37333333333333;48.8683333333333;10.9985224628811;6.34999990463257;10608
-5.37233333333333;48.8686666666667;11.0851253336221;6.40000009536743;10625
-5.37183333333333;48.8688333333333;10.9985224628811;6.34999990463257;10636
-5.37;48.8695;11.0851253336221;6.40000009536743;10650
-5.3685;48.87;10.9985224628811;6.34999990463257;10674
-5.36766666666667;48.8703333333333;10.8860245554251;6.54098345312197;10684
-5.36616666666667;48.8708333333333;10.9985224628811;6.34999990463257;10699
-5.3655;48.871;10.9985224628811;6.34999990463257;10714
-5.3645;48.8713333333333;10.9985224628811;6.34999990463257;10719
-5.36383333333333;48.8716666666667;10.9985224628811;6.34999990463257;10734
-5.36283333333333;48.872;11.0851253336221;6.40000009536743;10740
-5.36233333333333;48.8721666666667;10.9985224628811;6.34999990463257;10749
-5.3615;48.8725;10.9985224628811;6.34999990463257;10762
-5.3605;48.8728333333333;11.0851253336221;6.40000009536743;10770
-5.35916666666667;48.8733333333333;10.9985224628811;6.34999990463257;10788
-5.35833333333333;48.8736666666667;10.9985224628811;6.34999990463257;10804
-5.3575;48.8738333333333;10.9985224628811;6.34999990463257;10809
-5.35666666666667;48.8741666666667;10.9985224628811;6.34999990463257;10821
-5.355;48.8748333333333;10.9985224628811;6.34999990463257;10842
-5.35433333333333;48.875;10.9985224628811;6.34999990463257;10848
-5.35366666666667;48.8753333333333;10.9985224628811;6.34999990463257;10862
-5.35283333333333;48.8755;10.9985224628811;6.34999990463257;10869
-5.352;48.8758333333333;10.9985224628811;6.34999990463257;10882
-5.35116666666667;48.8761666666667;10.9985224628811;6.34999990463257;10890
-5.34966666666667;48.8766666666667;10.9985224628811;6.34999990463257;10908
-5.34883333333333;48.877;11.1076701138499;6.15708208465839;10924
-5.34633333333333;48.8778333333333;10.9985224628811;6.34999990463257;10951
-5.3455;48.878;10.9985224628811;6.34999990463257;10960
-5.34333333333333;48.8783333333333;10.9985224628811;6.34999990463257;10979
-5.344;48.8785;10.9985224628811;6.34999990463257;10984
-5.34333333333333;48.8788333333333;10.9119204180464;6.30000019073487;10989
-5.34233333333333;48.8791666666667;10.9985224628811;6.34999990463257;11002
-5.3415;48.8793333333333;10.80030831583;6.48947994033812;11012
-5.341;48.8795;10.80030831583;6.48947994033812;11022
-5.33916666666667;48.8801666666667;10.6854063350756;6.67698293148654;11043
-5.3375;48.8806666666667;10.6854063350756;6.67698293148654;11064
-5.33616666666667;48.8811666666667;10.4833820993178;6.80798793768784;11081
-5.33383333333333;48.8821666666667;10.4833820993178;6.80798793768784;11110
-5.333;48.8825;10.362969656938;6.98991129338433;11122
-5.3285;48.8843333333333;10.515796068835;6.57099867434358;11182
-5.32716666666667;48.8848333333333;10.7387146765646;6.19999980926514;11205
-5.3265;48.8851666666667;10.8452840348876;6.01163910611439;11214
-5.32566666666667;48.8855;10.9485498146329;5.82144719945586;11222
-5.32483333333333;48.8858333333333;11.0484805600437;5.62948202358675;11234
-5.324;48.8861666666667;11.0484805600437;5.62948202358675;11249
-5.321;48.8871666666667;11.236609303249;5.0028607874112;11282
-5.32016666666667;48.8875;11.3222098730374;4.80599295494412;11291
-5.3195;48.8876666666667;11.3222098730374;4.80599295494412;11299
-5.31783333333333;48.8881666666667;11.4043615880178;4.60766117046625;11320
-5.31716666666667;48.8883333333333;11.4043615880178;4.60766117046625;11332
-5.31616666666667;48.8886666666667;11.3116428488685;4.57020036822359;11342
-5.31533333333333;48.8888333333333;11.3116428488685;4.57020036822359;11356
-5.31466666666667;48.889;11.2301590365474;4.76691969304309;11362
-5.314;48.8891666666667;11.3222098730374;4.80599295494412;11369
-5.31283333333333;48.8895;11.236609303249;5.0028607874112;11381
-5.31216666666667;48.8896666666667;11.0569548289826;5.1559427126285;11391
-5.31116666666667;48.89;10.9652871934185;5.34812790721408;11401
-5.30983333333333;48.8903333333333;10.8702794251521;5.53868401023066;11419
-5.30916666666667;48.8905;10.77196046447;5.72755297644327;11429
-5.30816666666667;48.8908333333333;10.5828987900276;5.86619658992087;11441
-5.30666666666667;48.8913333333333;10.4789077161542;6.05000019073487;11461
-5.30366666666667;48.8923333333333;10.1765771538771;6.35903117079846;11500
-5.303;48.8926666666667;10.1765771538771;6.35903117079846;11513
-5.30216666666667;48.893;10.1765771538771;6.35903117079846;11521
-5.30133333333333;48.8933333333333;10.1765771538771;6.35903117079846;11530
-5.30066666666667;48.8935;10.1765771538771;6.35903117079846;11542
-5.29933333333333;48.894;10.1765771538771;6.35903117079846;11562
-5.29866666666667;48.8943333333333;10.1765771538771;6.35903117079846;11574
-5.297;48.895;10.2860076084253;6.18045689892065;11590
-5.29566666666667;48.8955;10.3923048454133;6;11612
-5.295;48.8958333333333;10.3923048454133;6;11619
-5.29416666666667;48.8961666666667;10.4789077161542;6.05000019073487;11634
-5.2905;48.8975;10.5828987900276;5.86619658992087;11679
-5.28966666666667;48.8978333333333;10.4954364856727;5.81771544295604;11691
-5.288;48.8985;10.5828987900276;5.86619658992087;11710
-5.28666666666667;48.8988333333333;10.5828987900276;5.86619658992087;11729
-5.28516666666667;48.8995;10.5828987900276;5.86619658992087;11753
-5.28283333333333;48.9003333333333;10.5828987900276;5.86619658992087;11781
-5.2815;48.9008333333333;10.6703602602802;5.91467727453522;11801
-5.27983333333333;48.9013333333333;10.5828987900276;5.86619658992087;11824
-5.27766666666667;48.9021666666667;10.5828987900276;5.86619658992087;11853
-5.27683333333333;48.9025;10.5828987900276;5.86619658992087;11859
-5.27616666666667;48.9026666666667;10.6703602602802;5.91467727453522;11872
-5.2745;48.9033333333333;10.6703602602802;5.91467727453522;11890
-5.27366666666667;48.9036666666667;10.6703602602802;5.91467727453522;11904
-5.27066666666667;48.9046666666667;10.6703602602802;5.91467727453522;11944
-5.26766666666667;48.9056666666667;10.6703602602802;5.91467727453522;11979
-5.26683333333333;48.906;10.6703602602802;5.91467727453522;11991
-5.26616666666667;48.9063333333333;10.6703602602802;5.91467727453522;12003
-5.2645;48.9068333333333;10.6703602602802;5.91467727453522;12023
-5.26383333333333;48.907;10.6703602602802;5.91467727453522;12030
-5.26216666666667;48.9076666666667;10.5655097609889;6.09999990463257;12052
-5.26066666666667;48.9081666666667;10.5655097609889;6.09999990463257;12075
-5.25933333333333;48.9086666666667;10.5655097609889;6.09999990463257;12093
-5.2585;48.909;10.4789077161542;6.05000019073487;12103
-5.25783333333333;48.9091666666667;10.4789077161542;6.05000019073487;12112
-5.2555;48.91;10.4789077161542;6.05000019073487;12141
-5.25383333333333;48.9105;10.3717246654789;6.23196090288309;12161
-5.25316666666667;48.9108333333333;10.3717246654789;6.23196090288309;12173
-5.25166666666667;48.9113333333333;10.1765771538771;6.35903117079846;12191
-5.25083333333333;48.9116666666667;10.1765771538771;6.35903117079846;12201
-5.2495;48.9121666666667;10.2613822869974;6.41202329936994;12220
-5.24866666666667;48.9125;10.1479141920671;6.59013253144513;12232
-5.248;48.9128333333333;10.0640468153451;6.53566842018033;12243
-5.24716666666667;48.9131666666667;10.1479141920671;6.59013253144513;12252
-5.24583333333333;48.9136666666667;10.0640468153451;6.53566842018033;12273
-5.245;48.914;10.0640468153451;6.53566842018033;12286
-5.24383333333333;48.9145;10.0640468153451;6.53566842018033;12301
-5.23866666666667;48.9166666666667;10.0917720207568;6.30603904222698;12369
-5.2365;48.9175;10.0917720207568;6.30603904222698;12399
-5.23;48.92;10.5070760182035;5.58671141806291;12490
-5.22783333333333;48.9208333333333;10.6057699177615;5.17277961572377;12519
-5.2265;48.9213333333333;10.7798365744277;4.7994924658733;12538
-5.22483333333333;48.9218333333333;10.8619574463112;4.61062739069948;12560
-5.2235;48.9223333333333;10.9407696607344;4.4203578737583;12579
-5.2195;48.9233333333333;10.7699066098212;4.57155412879846;12630
-5.21566666666667;48.9243333333333;10.6884816801735;4.758818646408;12679
-5.21416666666667;48.9246666666667;10.6038009354643;4.94463358175815;12699
-5.2135;48.9248333333333;10.5131706753541;4.90237199740819;12709
-5.21266666666667;48.9251666666667;10.5131706753541;4.90237199740819;12719
-5.211;48.9255;10.4260112799331;5.08510546997862;12742
-5.2105;48.9256666666667;10.5158901702689;5.12894233381955;12754
-5.20966666666667;48.926;10.5158901702689;5.12894233381955;12764
-5.209;48.9261666666667;10.4260112799331;5.08510546997862;12769
-5.20816666666667;48.9265;10.4260112799331;5.08510546997862;12784
-5.20733333333333;48.9266666666667;10.4260112799331;5.08510546997862;12796
-5.20666666666667;48.9268333333333;10.4260112799331;5.08510546997862;12804
-5.20583333333333;48.9271666666667;10.4260112799331;5.08510546997862;12811
-5.20516666666667;48.9273333333333;10.4260112799331;5.08510546997862;12824
-5.20366666666667;48.9278333333333;10.5131706753541;4.90237199740819;12842
-5.20216666666667;48.9281666666667;10.5131706753541;4.90237199740819;12863
-5.20066666666667;48.9286666666667;10.677856651193;4.53248123952767;12882
-5.20016666666667;48.9288333333333;10.677856651193;4.53248123952767;12889
-5.19916666666667;48.9291666666667;10.6626143275181;4.30797582428299;12902
-5.19766666666667;48.9295;10.8295333035002;4.15706835143201;12922
-5.1955;48.9301666666667;10.7553330666673;4.34543662652565;12952
-5.19466666666667;48.9303333333333;10.7553330666673;4.34543662652565;12960
-5.19316666666667;48.9306666666667;10.7553330666673;4.34543662652565;12983
-5.19016666666667;48.9315;10.5971276571441;4.718145214837;13018
-5.1885;48.9318333333333;10.5971276571441;4.718145214837;13043
-5.187;48.9321666666667;10.4225395509215;4.86011001001804;13058
-5.18633333333333;48.9325;10.4225395509215;4.86011001001804;13072
-5.18566666666667;48.9326666666667;10.3361315324404;5.04126818807439;13079
-5.18183333333333;48.9336666666667;10.0581266321031;5.57531063283288;13132
-5.17966666666667;48.9345;9.85742395807429;5.92293786146563;13164
-5.17633333333333;48.9356666666667;9.66774797267858;6.04107941011038;13211
-5.174;48.9365;9.66774797267858;6.04107941011038;13238
-5.17216666666667;48.9373333333333;9.7717069010207;5.87143385750319;13269
-5.17116666666667;48.9376666666667;9.7717069010207;5.87143385750319;13284
-5.17;48.9381666666667;9.7717069010207;5.87143385750319;13305
-5.16716666666667;48.9391666666667;9.87268927278013;5.69999980926514;13340
-5.16566666666667;48.9398333333333;9.7717069010207;5.87143385750319;13358
-5.16383333333333;48.9405;9.7717069010207;5.87143385750319;13396
-5.163;48.9408333333333;9.7717069010207;5.87143385750319;13402
-5.16216666666667;48.9411666666667;9.7717069010207;5.87143385750319;13409
-5.15583333333333;48.9435;9.7525531057989;6.09407153868186;13501
-5.15316666666667;48.9446666666667;9.66774797267858;6.04107941011038;13543
-5.1505;48.9456666666667;9.66774797267858;6.04107941011038;13581
-5.14833333333333;48.9466666666667;9.7525531057989;6.09407153868186;13611
-5.14483333333333;48.948;9.66774797267858;6.04107941011038;13660
-5.14366666666667;48.9485;9.85742395807429;5.92293786146563;13680
-5.13883333333333;48.9503333333333;9.85742395807429;5.92293786146563;13756
-5.1365;48.9511666666667;9.85742395807429;5.92293786146563;13781
-5.131;48.9533333333333;9.7525531057989;6.09407153868186;13861
-5.12816666666667;48.9543333333333;9.7525531057989;6.09407153868186;13900
-5.12683333333333;48.955;9.7525531057989;6.09407153868186;13920
-5.12616666666667;48.9551666666667;9.7525531057989;6.09407153868186;13934
-5.12533333333333;48.9555;9.7525531057989;6.09407153868186;13939
-5.12466666666667;48.9556666666667;9.7525531057989;6.09407153868186;13948
-5.12333333333333;48.9563333333333;9.7525531057989;6.09407153868186;13972
-5.12133333333333;48.9571666666667;9.95929214352104;5.75;13999
-5.12066666666667;48.9575;10.0581266321031;5.57531063283288;14015
-5.11916666666667;48.958;10.2465750281662;5.22089074700479;14032
-5.12066666666667;48.9575;10.0581266321031;5.57531063283288;14037
-5.1155;48.9591666666667;10.5057727628899;4.6774713953717;14082
-5.114;48.9596666666667;10.5858058147031;4.49340797762665;14101
-5.1135;48.9598333333333;10.6626143275181;4.30797582428299;14116
-5.114;48.9596666666667;10.5858058147031;4.49340797762665;14126
-5.11266666666667;48.9601666666667;10.7361749047178;4.12123141977095;14137
-5.11116666666667;48.9605;10.8734636193921;3.7440337762573;14144
-5.1095;48.961;10.9371499373943;3.5536954353119;14164
-5.10733333333333;48.9615;10.9975046935749;3.36227460431147;14188
-5.10633333333333;48.9616666666667;10.9975046935749;3.36227460431147;14203
-5.10483333333333;48.962;10.9975046935749;3.36227460431147;14227
-5.10416666666667;48.9621666666667;10.9975046935749;3.36227460431147;14234
-5.10283333333333;48.9623333333333;10.9371499373943;3.5536954353119;14254
-5.10183333333333;48.9625;10.9371499373943;3.5536954353119;14262
-5.10016666666667;48.9628333333333;10.8734636193921;3.7440337762573;14284
-5.09816666666667;48.9633333333333;10.8064651390379;3.93323164824519;14312
-5.09716666666667;48.9635;10.8064651390379;3.93323164824519;14321
-5.09333333333333;48.9643333333333;10.7361749047178;4.12123141977095;14370
-5.092;48.9646666666667;10.7361749047178;4.12123141977095;14391
-5.06483333333333;48.9708333333333;10.9004347595808;3.96743379304809;14739
-5.058;48.9723333333333;10.9004347595808;3.96743379304809;14831
-5.047;48.9748333333333;10.9004347595808;3.96743379304809;14971
-5.044;48.9755;10.8295333035002;4.15706835143201;15010
-5.04;48.9763333333333;10.7553330666673;4.34543662652565;15065
-5.0325;48.9781666666667;10.0581266321031;5.57531063283288;15162
-5.03166666666667;48.9783333333333;9.95929214352104;5.75;15173
-5.02533333333333;48.9806666666667;9.58294364831995;5.98808778690929;15262
-5.02333333333333;48.9815;9.58294364831995;5.98808778690929;15292
-5.0185;48.9833333333333;9.87268927278013;5.69999980926514;15360
-5.01633333333333;48.984;9.97066432774817;5.52682948586805;15390
-5.00133333333333;48.9891666666667;9.68599066142556;5.81993034471933;15603
-4.99983333333333;48.9896666666667;9.68599066142556;5.81993034471933;15619
-4.997;48.9906666666667;9.68599066142556;5.81993034471933;15658
-4.995;48.991;9.68599066142556;5.81993034471933;15675
-4.99566666666667;48.9911666666667;9.68599066142556;5.81993034471933;15682
-4.9875;48.9943333333333;9.78608722794539;5.65000009536743;15804
-4.98333333333333;48.9958333333333;9.78608722794539;5.65000009536743;15859
