"x";"y";"vx";"vy";"t"
-6.34768166666667;49.4069216666667;14.8183758616073;1.55747406281359;0
-6.346765;49.4070383333333;14.8183758616073;1.55747406281359;13
-6.12612166666667;49.4181933333333;14.7436817217669;1.28990500928898;2123
-6.12591166666667;49.4182116666667;14.7436817217669;1.28990500928898;2129
-6.12477166666667;49.4182266666667;14.7189242411404;1.54702127629849;2136
-6.124555;49.41822;14.7189242411404;1.54702127629849;2141
-6.12329;49.41832;14.8433006215489;1.29862053369283;2151
-6.12234166666667;49.4183016666667;14.7189242411404;1.54702127629849;2161
-6.12077;49.4184183333333;14.8433006215489;1.29862053369283;2174
-6.12024166666667;49.4184;14.7189242411404;1.54702127629849;2179
-6.11959833333333;49.41843;14.7889372808294;1.81585317024723;2186
-6.11385166666667;49.4187216666667;14.7189242411404;1.54702127629849;2245
-6.10263166666667;49.4192483333333;14.6194716722236;1.53656839009728;2351
-6.09169166666667;49.419795;14.7436817217669;1.28990500928898;2453
-6.09086166666667;49.419825;14.7189242411404;1.54702127629849;2467
-6.08961;49.419895;14.7436817217669;1.28990500928898;2475
-6.08594833333333;49.4201033333333;14.7436817217669;1.28990500928898;2507
-6.06927;49.4207683333333;14.8433006215489;1.29862053369283;2667
-6.0679;49.4207683333333;14.7189242411404;1.54702127629849;2681
-6.06747166666667;49.4208033333333;14.8433006215489;1.29862053369283;2688
-6.06645333333333;49.4208783333333;14.7189242411404;1.54702127629849;2693
-6.04385;49.4219433333333;14.5200200517568;1.52611560358218;2911
-6.04198166666667;49.4220333333333;14.5200200517568;1.52611560358218;2929
-6.03815833333333;49.422205;14.5200200517568;1.52611560358218;2968
-6.03444166666667;49.4224116666667;14.5200200517568;1.52611560358218;3001
-6.02948666666667;49.4226333333333;14.6440618719396;1.28118940176694;3048
-6.02803333333333;49.42268;14.5200200517568;1.52611560358218;3069
-6.02680166666667;49.4227583333333;14.5200200517568;1.52611560358218;3074
-6.01468333333333;49.423385;14.6194716722236;1.53656839009728;3193
-6.013125;49.4234666666667;14.7436817217669;1.28990500928898;3208
-6.01208;49.423505;14.6194716722236;1.53656839009728;3219
-5.99725333333333;49.4241666666667;14.5200200517568;1.52611560358218;3361
-5.99610333333333;49.424185;14.5444429721576;1.27247387736309;3372
-5.99228666666667;49.4243483333333;14.5200200517568;1.52611560358218;3407
-5.99106333333333;49.4244566666667;14.5200200517568;1.52611560358218;3422
-5.98726333333333;49.4246683333333;14.4448231223303;1.26375826984104;3457
-5.97864333333333;49.4250233333333;14.5444429721576;1.27247387736309;3544
-5.96341;49.425765;14.5444429721576;1.27247387736309;3691
-5.96300833333333;49.4257933333333;14.5200200517568;1.52611560358218;3698
-5.91785;49.428105;14.345203272503;1.255042662319;4144
-5.91385;49.4282983333333;14.42056748284;1.51566271738098;4183
-5.91169166666667;49.4284133333333;14.42056748284;1.51566271738098;4201
-5.89924833333333;49.4290983333333;14.6194716722236;1.53656839009728;4319
-5.89570333333333;49.4292716666667;14.6194716722236;1.53656839009728;4355
-5.89423833333333;49.4293283333333;14.6194716722236;1.53656839009728;4372
-5.892675;49.4294083333333;14.6440618719396;1.28118940176694;4384
-5.89216;49.4294366666667;14.5200200517568;1.52611560358218;4391
-5.891735;49.4294483333333;14.4911741925896;1.77929246020462;4396
-5.88535333333333;49.42976;14.42056748284;1.51566271738098;4453
-5.88424166666667;49.4298833333333;14.6641913485492;1.02542015073365;4466
-5.88278333333333;49.4299116666667;14.5644355143339;1.01844454327421;4481
-5.88123666666667;49.42994;14.5444429721576;1.27247387736309;4495
-5.87401166666667;49.4302583333333;14.4911741925896;1.77929246020462;4565
-5.87282666666667;49.4303016666667;14.8183758616073;1.55747406281359;4577
-5.86941666666667;49.430475;14.6194716722236;1.53656839009728;4609
-5.859245;49.4310566666667;14.6896832336047;1.80366630564092;4707
-5.85747;49.4311816666667;14.7189242411404;1.54702127629849;4723
-5.85558;49.4312966666667;14.8433006215489;1.29862053369283;4739
-5.854195;49.43131;14.8183758616073;1.55747406281359;4754
-5.853475;49.431425;14.9429204713762;1.30733614121487;4761
-5.85241666666667;49.4314016666667;14.7889372808294;1.81585317024723;4772
-5.85178;49.4314733333333;14.9429204713762;1.30733614121487;4779
-5.84422333333333;49.4318916666667;14.9429204713762;1.30733614121487;4848
-5.82915833333333;49.4327;14.5444429721576;1.27247387736309;4994
-5.82680166666667;49.4328283333333;14.42056748284;1.51566271738098;5016
-5.82596333333333;49.432815;14.42056748284;1.51566271738098;5030
-5.82269166666667;49.433005;14.3919191987992;1.76710547937464;5057
-5.82168333333333;49.4330883333333;14.3211149139231;1.50520983117977;5065
-5.81131333333333;49.433705;14.345203272503;1.255042662319;5168
-5.80683833333333;49.4338283333333;14.245584372721;1.24632713791515;5210
-5.80642833333333;49.4338366666667;14.1459645228937;1.23761153039311;5217
-5.805715;49.4339;14.2651661089857;0.997517587845986;5226
-5.80503333333333;49.4339433333333;14.1459645228937;1.23761153039311;5231
-5.804735;49.43394;14.0463456231117;1.22889600598926;5238
-5.80320666666667;49.43403;14.364921943201;1.00449319530542;5253
-5.80156666666667;49.4340416666667;14.345203272503;1.255042662319;5264
-5.80118;49.4341033333333;14.364921943201;1.00449319530542;5272
-5.799855;49.4341;14.245584372721;1.24632713791515;5284
-5.78279833333333;49.43484;14.2651661089857;0.997517587845986;5454
-5.76489166666667;49.43554;14.1459645228937;1.23761153039311;5630
-5.759915;49.435825;14.345203272503;1.255042662319;5677
-5.75466833333333;49.43608;14.6798539704188;0.769338546788985;5736
-5.75354666666667;49.4361366666667;14.42056748284;1.51566271738098;5744
-5.75260833333333;49.4362016666667;14.6798539704188;0.769338546788985;5755
-5.75116333333333;49.43622;14.4646787287675;1.01146886928982;5765
-5.75026333333333;49.43633;14.4801282539413;0.758871365522688;5774
-5.74812666666667;49.43641;14.3802649195189;0.75363774993381;5795
-5.74751166666667;49.4364;14.2651661089857;0.997517587845986;5800
-5.74306;49.436535;14.2651661089857;0.997517587845986;5847
-5.74065333333333;49.4366383333333;14.2651661089857;0.997517587845986;5870
-5.73924166666667;49.4366916666667;14.1459645228937;1.23761153039311;5881
-5.73702333333333;49.43677;14.1654093234193;0.99054191386159;5907
-5.735735;49.4368716666667;14.245584372721;1.24632713791515;5917
-5.684765;49.4390216666667;14.7436817217669;1.28990500928898;6423
-5.68186333333333;49.439165;14.4448231223303;1.26375826984104;6450
-5.68091;49.4391966666667;14.6641913485492;1.02542015073365;6459
-5.67981166666667;49.43927;14.2216632934563;1.49475704466467;6467
-5.678575;49.439335;14.4448231223303;1.26375826984104;6481
-5.67735333333333;49.4393633333333;14.245584372721;1.24632713791515;6493
-5.67614333333333;49.4394816666667;14.345203272503;1.255042662319;6503
-5.675845;49.4394933333333;14.345203272503;1.255042662319;6508
-5.67482166666667;49.439525;14.245584372721;1.24632713791515;6520
-5.67341333333333;49.4396233333333;14.245584372721;1.24632713791515;6532
-5.67249666666667;49.4396816666667;14.2216632934563;1.49475704466467;6541
-5.67128666666667;49.4397633333333;14.345203272503;1.255042662319;6551
-5.67005333333333;49.4398283333333;14.3211149139231;1.50520983117977;6565
-5.66895;49.4399183333333;14.345203272503;1.255042662319;6576
-5.66801833333333;49.439935;14.3211149139231;1.50520983117977;6584
-5.66771166666667;49.43996;14.3211149139231;1.50520983117977;6594
-5.66641166666667;49.44005;14.1934101577841;1.74273163393834;6601
-5.66153;49.4403516666667;14.245584372721;1.24632713791515;6651
-5.66073;49.4404533333333;14.345203272503;1.255042662319;6659
-5.65891333333333;49.4405583333333;14.245584372721;1.24632713791515;6674
-5.64617833333333;49.4413966666667;14.1654093234193;0.99054191386159;6802
-5.62634666666667;49.4424216666667;14.2651661089857;0.997517587845986;6999
-5.61809833333333;49.4428266666667;14.345203272503;1.255042662319;7079
-5.614635;49.4429866666667;14.345203272503;1.255042662319;7114
-5.61413166666667;49.4430316666667;14.345203272503;1.255042662319;7119
-5.61063833333333;49.4431866666667;14.4448231223303;1.26375826984104;7152
-5.60994666666667;49.4432766666667;14.4646787287675;1.01146886928982;7165
-5.60819;49.4433466666667;14.5644355143339;1.01844454327421;7180
-5.60675166666667;49.443385;14.345203272503;1.255042662319;7194
-5.6021;49.4436733333333;14.3802649195189;0.75363774993381;7237
-5.59970833333333;49.4437916666667;14.2651661089857;0.997517587845986;7260
-5.59900666666667;49.4437916666667;13.8956461229785;1.70617080767206;7269
-5.59750166666667;49.4439283333333;14.364921943201;1.00449319530542;7285
-5.59656166666667;49.4438666666667;14.1654093234193;0.99054191386159;7293
-5.5956;49.4440233333333;14.065653489204;0.983566306402152;7301
-5.59370166666667;49.4440933333333;14.0806768209864;0.737937002990093;7324
-5.54434666666667;49.446565;13.9233065351558;1.46339848574715;7813
-5.53351;49.4472766666667;14.065653489204;0.983566306402152;7922
-5.532915;49.4472983333333;14.0227591040726;1.47385137194836;7928
-5.42878333333333;49.4524133333333;14.0463456231117;1.22889600598926;8976
-5.42737666666667;49.4524983333333;14.1654093234193;0.99054191386159;8992
-5.40223166666667;49.4538533333333;13.9467257732844;1.22018039846721;9240
-5.39026666666667;49.454525;13.7474870236751;1.20274926654132;9363
-5.35240833333333;49.45685;14.065653489204;0.983566306402152;9748
-5.34297;49.4573716666667;13.8661399180711;0.969614958433361;9842
-5.33116666666667;49.4580183333333;13.9658967036375;0.976590632417756;9963
-5.32996833333333;49.45806;14.065653489204;0.983566306402152;9974
-5.3252;49.4583333333333;14.065653489204;0.983566306402152;10021
-5.324095;49.4584066666667;14.1459645228937;1.23761153039311;10034
-5.318585;49.4587633333333;14.1459645228937;1.23761153039311;10089
-5.29757833333333;49.46019;13.980813486564;0.732703387401216;10297
-5.275335;49.4614783333333;14.0914110422066;0.492082916818367;10526
-5.27474833333333;49.4614516666667;13.8661399180711;0.969614958433361;10531
-5.21234666666667;49.4665066666667;13.597882088173;1.66960998140579;11162
