"x";"y";"vx";"vy";"t"
-5.09610833333333;49.1760033333333;-20.3149480717108;-10.3509830476944;0
-5.09782166666667;49.1754183333333;-20.3149480717108;-10.3509830476944;12
-5.11130833333333;49.1708283333333;-20.4040490640216;-10.396382270852;107
-5.1139;49.1699483333333;-20.4040490640216;-10.396382270852;123
-5.11765166666667;49.168685;-20.4040490640216;-10.396382270852;151
-5.120255;49.1678183333333;-20.4040490640216;-10.396382270852;170
-5.12432;49.16647;-20.4931500563325;-10.4417814940096;198
-5.12489833333333;49.1662766666667;-20.4931500563325;-10.4417814940096;203
-5.126335;49.1657833333333;-20.4931500563325;-10.4417814940096;211
-5.12720166666667;49.1654916666667;-20.4931500563325;-10.4417814940096;219
-5.12980333333333;49.1646083333333;-20.4931500563325;-10.4417814940096;236
-5.13124666666667;49.1641216666667;-20.4931500563325;-10.4417814940096;247
-5.13386;49.163255;-20.4931500563325;-10.4417814940096;263
-5.13589;49.162575;-20.4931500563325;-10.4417814940096;277
-5.138495;49.1616916666667;-20.4931500563325;-10.4417814940096;293
-5.13936333333333;49.1614016666667;-20.4931500563325;-10.4417814940096;305
-5.14226833333333;49.1604366666667;-20.4931500563325;-10.4417814940096;321
-5.14343;49.1600516666667;-20.4931500563325;-10.4417814940096;327
-5.1443;49.1597583333333;-20.4931500563325;-10.4417814940096;333
-5.14487833333333;49.15957;-20.4931500563325;-10.4417814940096;339
-5.14632666666667;49.159085;-20.4931500563325;-10.4417814940096;347
-5.14719833333333;49.158795;-20.3077946357553;-10.7978459440755;355
-5.14807;49.1585;-20.3077946357553;-10.7978459440755;361
-5.14923;49.1581133333333;-20.3077946357553;-10.7978459440755;369
-5.14980333333333;49.1579116666667;-20.4931500563325;-10.4417814940096;375
-5.15095666666667;49.1575183333333;-20.4931500563325;-10.4417814940096;383
-5.152115;49.1571266666667;-20.4931500563325;-10.4417814940096;389
-5.15269333333333;49.1569333333333;-20.4931500563325;-10.4417814940096;394
-5.15384833333333;49.1565383333333;-20.4931500563325;-10.4417814940096;399
-5.155005;49.1561483333333;-20.4931500563325;-10.4417814940096;412
-5.15675166666667;49.15557;-20.4931500563325;-10.4417814940096;423
-5.15762666666667;49.1552783333333;-20.4931500563325;-10.4417814940096;429
-5.15849833333333;49.1549833333333;-20.4931500563325;-10.4417814940096;434
-5.15936833333333;49.154695;-20.4931500563325;-10.4417814940096;444
-5.16139333333333;49.1540116666667;-20.4931500563325;-10.4417814940096;451
-5.16226333333333;49.1537166666667;-20.4931500563325;-10.4417814940096;463
-5.16370666666667;49.15323;-20.4931500563325;-10.4417814940096;470
-5.16486666666667;49.1528416666667;-20.4931500563325;-10.4417814940096;476
-5.16631166666667;49.1523566666667;-20.4931500563325;-10.4417814940096;490
-5.168335;49.1516716666667;-20.4931500563325;-10.4417814940096;502
-5.17123333333333;49.1506983333333;-20.4931500563325;-10.4417814940096;521
-5.17296166666667;49.1501133333333;-20.4040490640216;-10.396382270852;533
-5.17411333333333;49.1497216666667;-20.4040490640216;-10.396382270852;539
-5.17526333333333;49.1493266666667;-20.4040490640216;-10.396382270852;549
-5.17670333333333;49.1488383333333;-20.4931500563325;-10.4417814940096;559
-5.17843833333333;49.148255;-20.4931500563325;-10.4417814940096;571
-5.180175;49.1476716666667;-20.4040490640216;-10.396382270852;582
-5.18103833333333;49.14738;-20.4040490640216;-10.396382270852;592
-5.18248166666667;49.1468916666667;-20.4931500563325;-10.4417814940096;597
-5.18535;49.1459033333333;-20.2194995396517;-10.7508986087077;620
-5.18621333333333;49.14561;-20.2194995396517;-10.7508986087077;627
-5.18907166666667;49.1446133333333;-20.2194995396517;-10.7508986087077;645
-5.19021333333333;49.1442133333333;-20.2194995396517;-10.7508986087077;653
-5.19106666666667;49.1439083333333;-20.2194995396517;-10.7508986087077;661
-5.192485;49.143405;-20.2194995396517;-10.7508986087077;671
-5.19390666666667;49.1429033333333;-20.4040490640216;-10.396382270852;677
-5.19476666666667;49.1426083333333;-20.4040490640216;-10.396382270852;685
-5.195905;49.1422066666667;-20.4040490640216;-10.396382270852;691
-5.19675833333333;49.1419083333333;-20.4040490640216;-10.396382270852;697
-5.197615;49.14161;-20.3149480717108;-10.3509830476944;706
-5.19875666666667;49.1412133333333;-20.3149480717108;-10.3509830476944;711
-5.19961333333333;49.1409133333333;-20.3149480717108;-10.3509830476944;719
-5.20075166666667;49.1405133333333;-20.3149480717108;-10.3509830476944;730
-5.20160666666667;49.1402166666667;-20.3149480717108;-10.3509830476944;735
-5.20303166666667;49.1397183333333;-20.3149480717108;-10.3509830476944;741
-5.20389;49.139425;-20.3149480717108;-10.3509830476944;751
-5.20561166666667;49.1388366666667;-20.4040490640216;-10.396382270852;761
-5.20676;49.138445;-20.4040490640216;-10.396382270852;767
-5.20905166666667;49.137665;-20.4040490640216;-10.396382270852;783
-5.20962666666667;49.13747;-20.4040490640216;-10.396382270852;789
-5.21077666666667;49.1370783333333;-20.4040490640216;-10.396382270852;796
-5.21106333333333;49.1369783333333;-20.3149480717108;-10.3509830476944;803
-5.21277833333333;49.1363916666667;-20.3149480717108;-10.3509830476944;811
-5.21335333333333;49.136195;-20.3149480717108;-10.3509830476944;816
-5.21392333333333;49.136;-20.4040490640216;-10.396382270852;821
-5.21535166666667;49.1355033333333;-20.3149480717108;-10.3509830476944;829
-5.21649333333333;49.1351083333333;-20.4040490640216;-10.396382270852;842
-5.21762833333333;49.134715;-20.3149480717108;-10.3509830476944;847
-5.220455;49.13372;-20.3149480717108;-10.3509830476944;863
-5.22131166666667;49.1334216666667;-20.3149480717108;-10.3509830476944;871
-5.22386;49.1325233333333;-20.3149480717108;-10.3509830476944;889
-5.22555666666667;49.1319233333333;-20.3149480717108;-10.3509830476944;899
-5.22895666666667;49.1307216666667;-20.3149480717108;-10.3509830476944;926
-5.231635;49.129765;-20.131204443548;-10.7039512733399;943
-5.23318333333333;49.1292083333333;-20.3149480717108;-10.3509830476944;953
-5.234025;49.128905;-20.0429110315332;-10.6570048334181;959
-5.23486666666667;49.1286033333333;-20.0429110315332;-10.6570048334181;966
-5.23655166666667;49.1279933333333;-20.0429110315332;-10.6570048334181;977
-5.23739333333333;49.1276916666667;-20.0429110315332;-10.6570048334181;983
-5.23823333333333;49.1273866666667;-20.22584877886;-10.305584690455;989
-5.24330666666667;49.1255983333333;-20.22584877886;-10.305584690455;1025
-5.24585666666667;49.1247166666667;-20.22584877886;-10.305584690455;1046
-5.24755166666667;49.1241233333333;-20.22584877886;-10.305584690455;1059
-5.24925333333333;49.123535;-20.1367477865491;-10.2601854672974;1067
-5.25181;49.122655;-20.4026255367165;-9.95102536656271;1085
-5.252665;49.1223666666667;-20.4026255367165;-9.95102536656271;1095
-5.254375;49.1217933333333;-20.4026255367165;-9.95102536656271;1106
-5.25608666666667;49.1212166666667;-20.4026255367165;-9.95102536656271;1118
-5.26036166666667;49.1197766666667;-20.22584877886;-10.305584690455;1151
-5.26559666666667;49.1179766666667;-20.1367477865491;-10.2601854672974;1183
-5.26969166666667;49.1165633333333;-20.1367477865491;-10.2601854672974;1215
-5.27477666666667;49.1148116666667;-20.1367477865491;-10.2601854672974;1247
-5.27816;49.113655;-20.2228660417313;-9.86335080275425;1273
-5.27900833333333;49.1133683333333;-20.2228660417313;-9.86335080275425;1281
-5.27985666666667;49.11308;-20.2228660417313;-9.86335080275425;1286
-5.28155;49.1125016666667;-20.2228660417313;-9.86335080275425;1296
-5.28663666666667;49.1107966666667;-20.2228660417313;-9.86335080275425;1333
-5.28748833333333;49.110515;-20.2228660417313;-9.86335080275425;1340
-5.28917666666667;49.1099483333333;-20.0476467942383;-10.2147862441398;1351
-5.29002333333333;49.1096616666667;-19.9585458019274;-10.1693870209822;1356
-5.29087;49.109375;-19.9585458019274;-10.1693870209822;1361
-5.29171166666667;49.109095;-19.9585458019274;-10.1693870209822;1367
-5.29341;49.10852;-19.9585458019274;-10.1693870209822;1379
-5.30183;49.1056466666667;-19.8694448096166;-10.1239877978246;1441
-5.30350833333333;49.10506;-19.6897306471185;-10.469215491947;1452
-5.30433666666667;49.1047666666667;-19.6897306471185;-10.469215491947;1463
-5.30682166666667;49.1038783333333;-19.4165581657765;-10.7627739393491;1476
-5.308465;49.1032666666667;-19.2257646247395;-11.1000003814697;1490
-5.31104833333333;49.10228;-19.0291147295536;-11.4338456559461;1512
-5.31252833333333;49.1016983333333;-19.0291147295536;-11.4338456559461;1527
-5.314945;49.1007383333333;-19.0291147295536;-11.4338456559461;1543
-5.319085;49.0990666666667;-19.0291147295536;-11.4338456559461;1567
-5.322155;49.0978133333333;-19.0291147295536;-11.4338456559461;1589
-5.32455333333333;49.0968316666667;-19.0291147295536;-11.4338456559461;1611
-5.325355;49.096505;-19.0291147295536;-11.4338456559461;1617
-5.32854833333333;49.0951966666667;-19.0291147295536;-11.4338456559461;1641
-5.33013333333333;49.094525;-19.0291147295536;-11.4338456559461;1651
-5.33171;49.0938666666667;-19.0291147295536;-11.4338456559461;1663
-5.33330833333333;49.0932083333333;-18.9433976725001;-11.3823416519836;1675
-5.33570666666667;49.0922266666667;-18.9433976725001;-11.3823416519836;1697
-5.3373;49.0915766666667;-18.9433976725001;-11.3823416519836;1703
-5.3381;49.0912533333333;-19.0291147295536;-11.4338456559461;1709
-5.34049166666667;49.09028;-19.0291147295536;-11.4338456559461;1730
-5.34209166666667;49.0896266666667;-19.0291147295536;-11.4338456559461;1739
-5.34448;49.0886516666667;-19.0291147295536;-11.4338456559461;1761
-5.34606666666667;49.0879933333333;-19.0291147295536;-11.4338456559461;1771
-5.347655;49.08734;-18.9433976725001;-11.3823416519836;1781
-5.34844833333333;49.0870116666667;-18.9433976725001;-11.3823416519836;1791
-5.35002833333333;49.086365;-18.9433976725001;-11.3823416519836;1799
-5.35162166666667;49.0857216666667;-19.1391617539986;-11.0500001907349;1813
-5.35242;49.0854;-19.1391617539986;-11.0500001907349;1820
-5.35402166666667;49.0847616666667;-19.1391617539986;-11.0500001907349;1831
-5.354955;49.0843916666667;-18.9433976725001;-11.3823416519836;1840
-5.35642833333333;49.08381;-18.9433976725001;-11.3823416519836;1852
-5.35803166666667;49.08318;-18.9433976725001;-11.3823416519836;1859
-5.35882666666667;49.0828583333333;-18.9433976725001;-11.3823416519836;1867
-5.36042666666667;49.082225;-18.9433976725001;-11.3823416519836;1877
-5.36122666666667;49.08191;-18.9433976725001;-11.3823416519836;1883
-5.362025;49.0815916666667;-18.9433976725001;-11.3823416519836;1890
-5.36295333333333;49.081215;-18.9433976725001;-11.3823416519836;1903
-5.36441166666667;49.0806266666667;-18.9433976725001;-11.3823416519836;1910
-5.36759;49.0793466666667;-18.8576806154465;-11.3308376480212;1931
-5.36838333333333;49.07903;-18.9433976725001;-11.3823416519836;1940
-5.37088833333333;49.077995;-18.8576806154465;-11.3308376480212;1961
-5.37234;49.0774016666667;-18.8576806154465;-11.3308376480212;1970
-5.37313333333333;49.07708;-18.8576806154465;-11.3308376480212;1976
-5.37551666666667;49.07611;-18.8576806154465;-11.3308376480212;2000
-5.381065;49.0738366666667;-18.8576806154465;-11.3308376480212;2035
-5.38343;49.0728466666667;-18.8576806154465;-11.3308376480212;2052
-5.38420166666667;49.0725183333333;-18.8576806154465;-11.3308376480212;2060
-5.38654833333333;49.07155;-18.8576806154465;-11.3308376480212;2075
-5.38733833333333;49.071235;-18.8576806154465;-11.3308376480212;2083
-5.38812666666667;49.0709183333333;-18.8576806154465;-11.3308376480212;2091
-5.38971;49.0702616666667;-18.8576806154465;-11.3308376480212;2099
-5.39049833333333;49.069945;-18.8576806154465;-11.3308376480212;2112
-5.39379666666667;49.068555;-18.8576806154465;-11.3308376480212;2131
-5.396165;49.067585;-18.8576806154465;-11.3308376480212;2150
-5.397615;49.0669933333333;-18.8576806154465;-11.3308376480212;2159
-5.40090166666667;49.06564;-18.8576806154465;-11.3308376480212;2183
-5.40169166666667;49.0653166666667;-18.8576806154465;-11.3308376480212;2191
-5.404055;49.0643416666667;-18.8576806154465;-11.3308376480212;2210
-5.4055;49.0637466666667;-18.8576806154465;-11.3308376480212;2219
-5.40706666666667;49.06309;-18.8576806154465;-11.3308376480212;2232
-5.407855;49.0627683333333;-18.8576806154465;-11.3308376480212;2239
-5.409565;49.0620633333333;-18.8576806154465;-11.3308376480212;2251
-5.41192;49.0610783333333;-18.7719635583929;-11.2793336440588;2270
-5.41257666666667;49.0608083333333;-18.7719635583929;-11.2793336440588;2278
-5.41493333333333;49.0598216666667;-18.7719635583929;-11.2793336440588;2293
-5.41742;49.0587983333333;-19.0525588832576;-11;2311
-5.418085;49.0585366666667;-19.0525588832576;-11;2321
-5.41979666666667;49.057845;-18.8576806154465;-11.3308376480212;2330
-5.42124333333333;49.0572533333333;-18.9659560125167;-10.9499998092651;2338
-5.422035;49.0569366666667;-18.7719635583929;-11.2793336440588;2347
-5.42295666666667;49.056565;-18.7719635583929;-11.2793336440588;2353
-5.42361333333333;49.056295;-18.7719635583929;-11.2793336440588;2361
-5.42598333333333;49.055335;-18.7719635583929;-11.2793336440588;2375
-5.42677666666667;49.0550166666667;-18.9659560125167;-10.9499998092651;2384
-5.42757;49.0546933333333;-18.9659560125167;-10.9499998092651;2390
-5.42836333333333;49.0543766666667;-18.9659560125167;-10.9499998092651;2395
-5.430875;49.053375;-18.9659560125167;-10.9499998092651;2413
-5.43153666666667;49.0531116666667;-18.9659560125167;-10.9499998092651;2423
-5.43470333333333;49.0518366666667;-18.7719635583929;-11.2793336440588;2442
-5.43877666666667;49.05018;-18.7719635583929;-11.2793336440588;2476
-5.440335;49.0495383333333;-18.6862465013393;-11.2278296400963;2489
-5.442555;49.0486166666667;-18.6862465013393;-11.2278296400963;2503
-5.444115;49.0479733333333;-18.6862465013393;-11.2278296400963;2515
-5.4449;49.0476583333333;-18.6862465013393;-11.2278296400963;2521
-5.44659333333333;49.0469583333333;-18.6005310792026;-11.176326618491;2533
-5.44723833333333;49.0466933333333;-18.6005310792026;-11.176326618491;2539
-5.448145;49.04632;-18.6005310792026;-11.176326618491;2546
-5.448925;49.045995;-18.6005310792026;-11.176326618491;2551
-5.449575;49.0457283333333;-18.6005310792026;-11.176326618491;2557
-5.45036166666667;49.045415;-18.7927519228473;-10.8500003814697;2564
-5.45272333333333;49.0444666666667;-18.7927519228473;-10.8500003814697;2581
-5.45351;49.0441566666667;-18.7927519228473;-10.8500003814697;2587
-5.45442666666667;49.043795;-18.7927519228473;-10.8500003814697;2593
-5.45601166666667;49.0431733333333;-18.7927519228473;-10.8500003814697;2606
-5.45824666666667;49.0422966666667;-18.7927519228473;-10.8500003814697;2624
-5.45901333333333;49.0419716666667;-18.7927519228473;-10.8500003814697;2630
-5.45979166666667;49.0416516666667;-18.7927519228473;-10.8500003814697;2636
-5.46293333333333;49.040395;-18.7927519228473;-10.8500003814697;2658
-5.46384833333333;49.0400316666667;-18.6005310792026;-11.176326618491;2665
-5.47235833333333;49.03661;-18.6005310792026;-11.176326618491;2729
-5.47392333333333;49.0359783333333;-18.6005310792026;-11.176326618491;2744
-5.47471166666667;49.0356633333333;-18.6005310792026;-11.176326618491;2750
-5.47549166666667;49.0353416666667;-18.6005310792026;-11.176326618491;2755
-5.47863;49.03408;-18.6005310792026;-11.176326618491;2777
-5.48175666666667;49.0328066666667;-18.6005310792026;-11.176326618491;2801
-5.48253333333333;49.032485;-18.6005310792026;-11.176326618491;2815
-5.48410166666667;49.0318466666667;-18.6005310792026;-11.176326618491;2821
-5.48566333333333;49.03121;-18.6005310792026;-11.176326618491;2832
-5.48644833333333;49.0308966666667;-18.6005310792026;-11.176326618491;2837
-5.49038666666667;49.0293233333333;-18.7927519228473;-10.8500003814697;2869
-5.49196833333333;49.0286983333333;-18.7927519228473;-10.8500003814697;2879
-5.49354833333333;49.028075;-18.6862465013393;-11.2278296400963;2896
-5.49513;49.027445;-18.6005310792026;-11.176326618491;2905
-5.49827666666667;49.0261783333333;-18.6862465013393;-11.2278296400963;2930
-5.49906;49.0258566666667;-18.6862465013393;-11.2278296400963;2935
-5.50456333333333;49.0236233333333;-18.6862465013393;-11.2278296400963;2975
-5.50771833333333;49.0223516666667;-18.6862465013393;-11.2278296400963;2998
-5.50864833333333;49.021985;-18.6862465013393;-11.2278296400963;3007
-5.509305;49.0217116666667;-18.6862465013393;-11.2278296400963;3013
-5.51010166666667;49.021405;-18.6862465013393;-11.2278296400963;3019
-5.51247166666667;49.02045;-18.7719635583929;-11.2793336440588;3035
-5.51406333333333;49.0198166666667;-18.7719635583929;-11.2793336440588;3050
-5.515615;49.0191666666667;-18.7719635583929;-11.2793336440588;3065
-5.52034;49.017225;-18.5722529823211;-11.605231684559;3095
-5.52190666666667;49.016565;-18.5722529823211;-11.605231684559;3107
-5.52347333333333;49.01591;-18.5722529823211;-11.605231684559;3121
-5.52425666666667;49.01558;-18.5722529823211;-11.605231684559;3128
-5.525035;49.0152533333333;-18.6570581154414;-11.6582238131305;3133
-5.52582333333333;49.014925;-18.6570581154414;-11.6582238131305;3141
-5.52973333333333;49.0132683333333;-18.6570581154414;-11.6582238131305;3167
-5.53052166666667;49.012945;-18.6570581154414;-11.6582238131305;3176
-5.532865;49.0119483333333;-18.6570581154414;-11.6582238131305;3193
-5.53533833333333;49.0108966666667;-18.4507524947993;-11.9820587703306;3211
-5.53598666666667;49.0106133333333;-18.6570581154414;-11.6582238131305;3217
-5.53676833333333;49.0102833333333;-18.4507524947993;-11.9820587703306;3222
-5.539105;49.009275;-18.6570581154414;-11.6582238131305;3241
-5.54378;49.007265;-18.4507524947993;-11.9820587703306;3277
-5.54533333333333;49.0065933333333;-18.6570581154414;-11.6582238131305;3288
-5.54845;49.0052633333333;-18.6570581154414;-11.6582238131305;3312
-5.55000666666667;49.0045916666667;-18.6570581154414;-11.6582238131305;3324
-5.5509;49.0041916666667;-18.6570581154414;-11.6582238131305;3331
-5.55309833333333;49.00324;-18.6570581154414;-11.6582238131305;3346
-5.55386833333333;49.002905;-18.6570581154414;-11.6582238131305;3355
-5.554655;49.002575;-18.5722529823211;-11.605231684559;3362
-5.55621333333333;49.00191;-18.5722529823211;-11.605231684559;3374
-5.55869166666667;49.0008716666667;-18.7719635583929;-11.2793336440588;3391
-5.560135;49.00028;-18.7719635583929;-11.2793336440588;3401
-5.56092166666667;48.999955;-18.7719635583929;-11.2793336440588;3409
-5.561705;48.999635;-18.7719635583929;-11.2793336440588;3415
-5.564055;48.99865;-18.7719635583929;-11.2793336440588;3434
-5.56560833333333;48.9979966666667;-18.7719635583929;-11.2793336440588;3445
-5.56875166666667;48.9967016666667;-18.7719635583929;-11.2793336440588;3467
-5.57032333333333;48.9960516666667;-18.7719635583929;-11.2793336440588;3479
-5.57280833333333;48.9950316666667;-18.5722529823211;-11.605231684559;3502
-5.57739833333333;48.9931466666667;-18.7719635583929;-11.2793336440588;3534
-5.57897166666667;48.9925033333333;-18.5722529823211;-11.605231684559;3546
-5.57976333333333;48.9921816666667;-18.5722529823211;-11.605231684559;3552
-5.58133666666667;48.9915266666667;-18.5722529823211;-11.605231684559;3562
-5.582905;48.9908783333333;-18.5722529823211;-11.605231684559;3576
-5.58369166666667;48.9905533333333;-18.5722529823211;-11.605231684559;3581
-5.584475;48.9902233333333;-18.5722529823211;-11.605231684559;3589
-5.591515;48.987255;-18.6570581154414;-11.6582238131305;3641
-5.59308;48.98659;-18.6570581154414;-11.6582238131305;3654
-5.59386666666667;48.986265;-18.6570581154414;-11.6582238131305;3660
-5.595435;48.9856016666667;-18.6570581154414;-11.6582238131305;3671
-5.59778833333333;48.984605;-18.4507524947993;-11.9820587703306;3691
-5.602465;48.9825933333333;-18.6570581154414;-11.6582238131305;3727
-5.60325333333333;48.98228;-18.6570581154414;-11.6582238131305;3733
-5.61263;48.9782883333333;-18.6570581154414;-11.6582238131305;3803
-5.61654666666667;48.9766233333333;-18.6570581154414;-11.6582238131305;3834
-5.61733166666667;48.9762833333333;-18.6570581154414;-11.6582238131305;3841
-5.61811;48.9759466666667;-18.6570581154414;-11.6582238131305;3847
-5.61967333333333;48.9752716666667;-18.4507524947993;-11.9820587703306;3859
-5.62045;48.9749333333333;-18.4507524947993;-11.9820587703306;3865
-5.62276;48.9739233333333;-18.2388265962109;-12.3022438763564;3882
-5.62352833333333;48.9735833333333;-18.2388265962109;-12.3022438763564;3889
-5.62429833333333;48.97324;-18.4507524947993;-11.9820587703306;3895
-5.62583166666667;48.9725583333333;-18.4507524947993;-11.9820587703306;3908
-5.626605;48.9722133333333;-18.4507524947993;-11.9820587703306;3915
-5.62892833333333;48.97119;-18.4507524947993;-11.9820587703306;3931
-5.631265;48.97017;-18.6570581154414;-11.6582238131305;3951
-5.63439833333333;48.9688316666667;-18.6570581154414;-11.6582238131305;3971
-5.63531833333333;48.9684333333333;-18.6570581154414;-11.6582238131305;3979
-5.63676333333333;48.9678233333333;-18.6570581154414;-11.6582238131305;3990
-5.64070166666667;48.966165;-18.7418632485617;-11.711215941702;4019
-5.64227333333333;48.96549;-18.7418632485617;-11.711215941702;4032
-5.64384166666667;48.9648283333333;-18.7418632485617;-11.711215941702;4046
-5.64619333333333;48.96382;-18.7418632485617;-11.711215941702;4064
-5.64697833333333;48.96349;-18.7418632485617;-11.711215941702;4070
-5.64933333333333;48.9624783333333;-18.7418632485617;-11.711215941702;4084
-5.65249;48.9611683333333;-18.7418632485617;-11.711215941702;4113
-5.654865;48.9601866666667;-18.7418632485617;-11.711215941702;4131
-5.65644833333333;48.9595283333333;-18.7418632485617;-11.711215941702;4139
-5.66978833333333;48.9538316666667;-18.7418632485617;-11.711215941702;4240
-5.67290333333333;48.9524716666667;-18.5346198715213;-12.0365228815954;4265
-5.678365;48.9500883333333;-18.826668381682;-11.7642080702735;4309
-5.68239833333333;48.9483233333333;-18.7418632485617;-11.711215941702;4339
-5.68304166666667;48.9480316666667;-18.7418632485617;-11.711215941702;4345
-5.68864333333333;48.94558;-18.9433976725001;-11.3823416519836;4387
-5.689295;48.9453033333333;-18.7418632485617;-11.711215941702;4393
-5.793305;48.9000383333333;-15.9435101373193;-14.867563729039;5195
-5.79477166666667;48.899145;-15.6816070985699;-15.1435519460239;5209
-5.795975;48.8983683333333;-15.4149272903871;-15.4149272903871;5219
-5.797255;48.8974916666667;-15.0740871689425;-15.6096742161614;5231
-5.79789333333333;48.8970633333333;-14.7993649336797;-15.8703758831146;5237
-5.80545666666667;48.8909983333333;-13.0593864615479;-17.3303911773368;5315
-5.80759166666667;48.8890416666667;-12.4466091064218;-17.7755999860345;5338
-5.80962;48.8870366666667;-11.8186674753527;-18.1991519642706;5364
-5.81334833333333;48.8828633333333;-10.5203691292259;-18.9792483122068;5411
-5.81500666666667;48.8807;-10.1875332706322;-19.1599634386743;5435
-5.81738833333333;48.8774133333333;-10.234479710554;-19.2482568506891;5472
-5.819765;48.874105;-9.94239177111243;-19.5130425398332;5509
-5.82054166666667;48.872995;-10.2814270459218;-19.3365519467927;5520
-5.822165;48.870685;-10.2814270459218;-19.3365519467927;5544
-5.83013;48.8596016666667;-10.3753217166574;-19.5131421390001;5664
-5.830865;48.858585;-10.3753217166574;-19.5131421390001;5675
-5.83245666666667;48.85636;-10.3753217166574;-19.5131421390001;5699
-5.83522333333333;48.8524633333333;-10.3753217166574;-19.5131421390001;5743
-5.83877833333333;48.8474383333333;-10.3753217166574;-19.5131421390001;5805
-5.83992666666667;48.8457566666667;-10.3753217166574;-19.5131421390001;5814
-5.8407;48.8446333333333;-10.3753217166574;-19.5131421390001;5827
-5.84198333333333;48.8428766666667;-10.3753217166574;-19.5131421390001;5844
-5.84226666666667;48.8424;-10.7142927923842;-19.3290958614216;5851
-5.846705;48.836305;-10.3753217166574;-19.5131421390001;5916
-5.84871833333333;48.8335216666667;-10.4222690520252;-19.6014372351037;5949
-5.86735166666667;48.8091816666667;-11.1499996185303;-19.312365843668;6211
-5.88319166666667;48.7887466666667;-11.4853486775513;-19.1148301516904;6430
-5.88921166666667;48.7810183333333;-11.1499996185303;-19.312365843668;6516
-5.89213166666667;48.777135;-11.1499996185303;-19.312365843668;6559
-5.89424833333333;48.774365;-11.1499996185303;-19.312365843668;6589
-5.895175;48.7731633333333;-11.1499996185303;-19.312365843668;6602
-5.89638166666667;48.771595;-11.1499996185303;-19.312365843668;6618
-5.899415;48.7676166666667;-11.1999998092651;-19.398968714409;6660
-5.89987166666667;48.7670733333333;-11.1999998092651;-19.398968714409;6666
-5.900205;48.7666016666667;-11.1999998092651;-19.398968714409;6672
-5.90148;48.76494;-11.1499996185303;-19.312365843668;6688
-5.90192833333333;48.76439;-11.1999998092651;-19.398968714409;6696
-5.9041;48.7615166666667;-11.1999998092651;-19.398968714409;6726
-5.90444833333333;48.7610483333333;-11.1999998092651;-19.398968714409;6731
-5.905285;48.7599383333333;-11.1999998092651;-19.398968714409;6744
-5.90573;48.7593883333333;-11.1999998092651;-19.398968714409;6749
-5.90697;48.7577133333333;-11.5368526815138;-19.2005472087439;6769
-5.907815;48.7566;-11.4853486775513;-19.1148301516904;6780
-5.90866833333333;48.7554933333333;-11.4853486775513;-19.1148301516904;6795
-5.90954666666667;48.7543933333333;-11.4853486775513;-19.1148301516904;6804
-5.91260166666667;48.7505483333333;-11.4853486775513;-19.1148301516904;6850
-5.91346333333333;48.74944;-11.4853486775513;-19.1148301516904;6860
-5.91478;48.7477916666667;-11.4853486775513;-19.1148301516904;6877
-5.91522833333333;48.747245;-11.4853486775513;-19.1148301516904;6882
-5.91612333333333;48.74615;-11.4853486775513;-19.1148301516904;6895
-5.9174;48.74448;-11.1499996185303;-19.312365843668;6916
-5.91912833333333;48.74226;-11.1999998092651;-19.398968714409;6936
-5.91999833333333;48.7411566666667;-11.1999998092651;-19.398968714409;6949
-5.92130166666667;48.7394966666667;-11.1999998092651;-19.398968714409;6967
-5.92179833333333;48.7388466666667;-11.1999998092651;-19.398968714409;6974
-5.92258666666667;48.73783;-11.1999998092651;-19.398968714409;6994
-5.92385833333333;48.736155;-11.1999998092651;-19.398968714409;7002
-5.92553833333333;48.7339166666667;-10.9082164555426;-19.6789434106364;7028
-5.92677166666667;48.7322283333333;-10.8597353085778;-19.5914811062815;7044
-5.93184;48.72555;-11.8171991881042;-18.911471897279;7120
-5.9327;48.7244483333333;-11.8171991881042;-18.911471897279;7130
-5.93365833333333;48.7232666666667;-11.7642080702735;-18.826668381682;7143
-5.987005;48.6601583333333;-11.8171991881042;-18.911471897279;7842
-5.99925333333333;48.6455866666667;-11.8171991881042;-18.911471897279;8003
-6.00250333333333;48.6418066666667;-11.8171991881042;-18.911471897279;8047
-6.00442;48.6395483333333;-11.8171991881042;-18.911471897279;8071
-6.00666;48.6369316666667;-12.1454500653085;-18.7023530253281;8102
-6.007595;48.63585;-11.8171991881042;-18.911471897279;8113
-6.009475;48.6336933333333;-11.8171991881042;-18.911471897279;8135
-6.014075;48.62827;-11.8171991881042;-18.911471897279;8195
-6.01633666666667;48.6255416666667;-11.8171991881042;-18.911471897279;8227
-6.01863666666667;48.62284;-11.8171991881042;-18.911471897279;8256
-6.020495;48.6206816666667;-12.1454500653085;-18.7023530253281;8281
-6.02142833333333;48.6196066666667;-12.1454500653085;-18.7023530253281;8293
-6.02511166666667;48.6152716666667;-11.8171991881042;-18.911471897279;8347
-6.03234666666667;48.6065683333333;-11.8171991881042;-18.911471897279;8436
-6.04472;48.5919983333333;-11.8171991881042;-18.911471897279;8599
-6.04834166666667;48.58765;-11.8171991881042;-18.911471897279;8651
-6.06120666666667;48.5724683333333;-11.8701913166756;-18.9962770303993;8815
-6.06257833333333;48.5708316666667;-11.8701913166756;-18.9962770303993;8833
-6.07225666666667;48.5593883333333;-11.9231834452471;-19.0810821635196;8958
-6.07501833333333;48.556105;-11.9231834452471;-19.0810821635196;8993
