"x";"y";"vx";"vy";"t"
-5.86383333333333;48.5093333333333;7.57048237894557;11.657520574514;0
-5.86216666666667;48.511;7.31288594749231;11.703063888711;28
-5.8605;48.5126666666667;7.51601878708903;11.5736539976106;61
-5.85433333333333;48.5186666666667;7.31288594749231;11.703063888711;177
-5.8525;48.5203333333333;7.25989381892083;11.6182587555907;210
-5.85033333333333;48.5225;7.51601878708903;11.5736539976106;244
-5.83983333333333;48.5325;7.10752553199446;11.8289089131808;440
-5.83933333333333;48.533;7.10752553199446;11.8289089131808;447
-5.83983333333333;48.5325;7.10752553199446;11.8289089131808;453
-5.83833333333333;48.534;7.25989381892083;11.6182587555907;472
-5.83716666666667;48.535;7.46155467582422;11.4897866208886;484
-5.835;48.5371666666667;7.31288594749231;11.703063888711;525
-5.83283333333333;48.5391666666667;7.10752553199446;11.8289089131808;565
-5.83166666666667;48.5401666666667;7.51601878708903;11.5736539976106;586
-5.83;48.5418333333333;7.71686217455389;11.4407186593859;615
-5.82533333333333;48.5458333333333;7.85799706860831;11.2223828505183;694
-5.82066666666667;48.55;7.71686217455389;11.4407186593859;775
-5.8195;48.551;7.71686217455389;11.4407186593859;795
-5.817;48.553;7.97271224647749;11.3862131031353;835
-5.81616666666667;48.5538333333333;7.97271224647749;11.3862131031353;851
-5.816;48.554;7.91535493104546;11.3042983674289;860
-5.8155;48.5543333333333;7.57048237894557;11.657520574514;870
-5.81466666666667;48.5551666666667;7.51601878708903;11.5736539976106;880
-5.813;48.5566666666667;7.71686217455389;11.4407186593859;906
-5.81066666666667;48.5588333333333;7.51601878708903;11.5736539976106;947
-5.80816666666667;48.561;7.31288594749231;11.703063888711;994
-5.80766666666667;48.5615;7.51601878708903;11.5736539976106;1000
-5.80716666666667;48.5618333333333;7.46155467582422;11.4897866208886;1007
-5.8065;48.5625;7.66094267089165;11.3578145858777;1021
-5.80566666666667;48.5633333333333;7.51601878708903;11.5736539976106;1038
-5.80483333333333;48.564;7.31288594749231;11.703063888711;1048
-5.804;48.5648333333333;7.51601878708903;11.5736539976106;1063
-5.80266666666667;48.5658333333333;7.51601878708903;11.5736539976106;1088
-5.80216666666667;48.5663333333333;7.36587757069339;11.7878682130696;1101
-5.801;48.5675;7.51601878708903;11.5736539976106;1120
-5.79866666666667;48.5695;7.66094267089165;11.3578145858777;1160
-5.79816666666667;48.57;7.31288594749231;11.703063888711;1165
-5.7975;48.5705;7.51601878708903;11.5736539976106;1175
-5.797;48.571;7.46155467582422;11.4897866208886;1183
-5.79533333333333;48.5725;7.51601878708903;11.5736539976106;1217
-5.79483333333333;48.573;7.25989381892083;11.6182587555907;1224
-5.79366666666667;48.574;7.71686217455389;11.4407186593859;1248
-5.79016666666667;48.5771666666667;7.51601878708903;11.5736539976106;1303
-5.7885;48.5786666666667;7.66094267089165;11.3578145858777;1335
-5.78716666666667;48.5798333333333;7.51601878708903;11.5736539976106;1358
-5.78666666666667;48.5801666666667;7.51601878708903;11.5736539976106;1363
-5.78616666666667;48.5808333333333;7.51601878708903;11.5736539976106;1374
-5.78333333333333;48.5833333333333;7.51601878708903;11.5736539976106;1428
-5.78266666666667;48.584;7.51601878708903;11.5736539976106;1435
-5.78033333333333;48.586;7.31288594749231;11.703063888711;1480
-5.77916666666667;48.587;7.51601878708903;11.5736539976106;1498
-5.7775;48.5885;7.31288594749231;11.703063888711;1524
-5.77683333333333;48.589;7.51601878708903;11.5736539976106;1536
-5.77566666666667;48.5901666666667;7.51601878708903;11.5736539976106;1555
-5.77466666666667;48.591;7.51601878708903;11.5736539976106;1574
-5.774;48.5916666666667;7.51601878708903;11.5736539976106;1584
-5.7735;48.5921666666667;7.51601878708903;11.5736539976106;1596
-5.77133333333333;48.5941666666667;7.25989381892083;11.6182587555907;1634
-5.77066666666667;48.5946666666667;7.40709108396767;11.4059200439852;1644
-5.77;48.5951666666667;7.40709108396767;11.4059200439852;1656
-5.76966666666667;48.5956666666667;7.40709108396767;11.4059200439852;1663
-5.769;48.5961666666667;7.40709108396767;11.4059200439852;1674
-5.76833333333333;48.5968333333333;7.35262697270287;11.3220526672632;1688
-5.768;48.5971666666667;7.40709108396767;11.4059200439852;1694
-5.76733333333333;48.5976666666667;7.46155467582422;11.4897866208886;1704
-5.76666666666667;48.5983333333333;7.46155467582422;11.4897866208886;1718
-5.765;48.5998333333333;7.54910419685508;11.1920072294931;1746
-5.76383333333333;48.6008333333333;7.40709108396767;11.4059200439852;1764
-5.76333333333333;48.6013333333333;7.40709108396767;11.4059200439852;1776
-5.76283333333333;48.6016666666667;7.60502370051732;11.2749113030013;1786
-5.76216666666667;48.6021666666667;7.20690219571974;11.5334544312321;1796
-5.7615;48.6028333333333;7.20690219571974;11.5334544312321;1806
-5.761;48.6033333333333;7.20690219571974;11.5334544312321;1816
-5.7595;48.6048333333333;7.54910419685508;11.1920072294931;1846
-5.75883333333333;48.6053333333333;7.60502370051732;11.2749113030013;1856
-5.75816666666667;48.6058333333333;7.40709108396767;11.4059200439852;1867
-5.75716666666667;48.6068333333333;7.60502370051732;11.2749113030013;1886
-5.75666666666667;48.6073333333333;7.60502370051732;11.2749113030013;1894
-5.75716666666667;48.6068333333333;7.60502370051732;11.2749113030013;1900
-5.7555;48.6083333333333;7.20690219571974;11.5334544312321;1916
-5.75483333333333;48.609;7.35262697270287;11.3220526672632;1926
-5.75433333333333;48.6093333333333;7.60502370051732;11.2749113030013;1934
-5.75383333333333;48.6098333333333;7.60502370051732;11.2749113030013;1944
-5.75333333333333;48.6103333333333;7.40709108396767;11.4059200439852;1954
-5.75266666666667;48.6108333333333;7.20690219571974;11.5334544312321;1964
-5.75216666666667;48.6113333333333;7.40709108396767;11.4059200439852;1974
-5.7515;48.612;7.60502370051732;11.2749113030013;1987
-5.751;48.6125;7.40709108396767;11.4059200439852;1994
-5.74983333333333;48.6135;7.40709108396767;11.4059200439852;2014
-5.74816666666667;48.615;7.40709108396767;11.4059200439852;2046
-5.747;48.616;7.25989381892083;11.6182587555907;2066
-5.7465;48.6165;7.60502370051732;11.2749113030013;2074
-5.74533333333333;48.6175;7.66094267089165;11.3578145858777;2096
-5.74466666666667;48.618;7.46155467582422;11.4897866208886;2105
-5.74416666666667;48.6185;7.25989381892083;11.6182587555907;2114
-5.74366666666667;48.6191666666667;7.46155467582422;11.4897866208886;2126
-5.74233333333333;48.6201666666667;7.31288594749231;11.703063888711;2147
-5.74183333333333;48.6206666666667;7.66094267089165;11.3578145858777;2162
-5.74016666666667;48.6221666666667;7.25989381892083;11.6182587555907;2185
-5.739;48.6233333333333;7.46155467582422;11.4897866208886;2211
-5.73566666666667;48.6263333333333;7.51601878708903;11.5736539976106;2269
-5.73516666666667;48.6268333333333;7.51601878708903;11.5736539976106;2274
-5.73466666666667;48.6273333333333;7.51601878708903;11.5736539976106;2285
-5.734;48.6278333333333;7.51601878708903;11.5736539976106;2302
-5.73233333333333;48.6295;7.51601878708903;11.5736539976106;2325
-5.73183333333333;48.63;7.71686217455389;11.4407186593859;2337
-5.73066666666667;48.631;7.15902904477832;11.914625152776;2356
-5.73;48.6315;7.10752553199446;11.8289089131808;2365
-5.7295;48.632;7.31288594749231;11.703063888711;2376
-5.729;48.6326666666667;7.51601878708903;11.5736539976106;2389
-5.7285;48.633;7.51601878708903;11.5736539976106;2398
-5.72783333333333;48.6336666666667;7.71686217455389;11.4407186593859;2410
-5.72666666666667;48.6346666666667;7.31288594749231;11.703063888711;2425
-5.72616666666667;48.6351666666667;7.31288594749231;11.703063888711;2433
-5.72566666666667;48.6356666666667;7.31288594749231;11.703063888711;2450
-5.72383333333333;48.6371666666667;7.46155467582422;11.4897866208886;2478
-5.72333333333333;48.6378333333333;7.66094267089165;11.3578145858777;2485
-5.72216666666667;48.6388333333333;7.10752553199446;11.8289089131808;2505
-5.721;48.6398333333333;7.40709108396767;11.4059200439852;2530
-5.72;48.6408333333333;7.40709108396767;11.4059200439852;2544
-5.7195;48.6413333333333;7.46155467582422;11.4897866208886;2556
-5.71716666666667;48.6433333333333;7.51601878708903;11.5736539976106;2597
-5.71483333333333;48.6455;7.71686217455389;11.4407186593859;2635
-5.71366666666667;48.6465;7.31288594749231;11.703063888711;2657
-5.71266666666667;48.6475;7.51601878708903;11.5736539976106;2673
-5.7115;48.6485;7.31288594749231;11.703063888711;2695
-5.71033333333333;48.6496666666667;7.51601878708903;11.5736539976106;2717
-5.70916666666667;48.6506666666667;7.51601878708903;11.5736539976106;2736
-5.70816666666667;48.6516666666667;7.31288594749231;11.703063888711;2754
-5.707;48.6528333333333;7.31288594749231;11.703063888711;2777
-5.70583333333333;48.6538333333333;7.51601878708903;11.5736539976106;2797
-5.70416666666667;48.6553333333333;7.31288594749231;11.703063888711;2826
-5.70316666666667;48.6563333333333;7.51601878708903;11.5736539976106;2843
-5.70133333333333;48.6578333333333;7.31288594749231;11.703063888711;2879
-5.699;48.66;7.71686217455389;11.4407186593859;2916
-5.69733333333333;48.6615;7.10752553199446;11.8289089131808;2946
-5.69666666666667;48.6621666666667;7.31288594749231;11.703063888711;2956
-5.69633333333333;48.6625;7.71686217455389;11.4407186593859;2964
-5.69666666666667;48.6621666666667;7.31288594749231;11.703063888711;2972
-5.695;48.6636666666667;7.51601878708903;11.5736539976106;2985
-5.6945;48.6641666666667;7.31288594749231;11.703063888711;2995
-5.694;48.6646666666667;7.10752553199446;11.8289089131808;3006
-5.69283333333333;48.6656666666667;7.51601878708903;11.5736539976106;3024
-5.69216666666667;48.6661666666667;7.71686217455389;11.4407186593859;3037
-5.69166666666667;48.6666666666667;7.51601878708903;11.5736539976106;3051
-5.69;48.6683333333333;7.51601878708903;11.5736539976106;3076
-5.6895;48.6688333333333;7.71686217455389;11.4407186593859;3082
-5.68816666666667;48.6698333333333;7.31288594749231;11.703063888711;3107
-5.6865;48.6713333333333;7.36587757069339;11.7878682130696;3135
-5.686;48.6718333333333;7.57048237894557;11.657520574514;3144
-5.68266666666667;48.675;7.51601878708903;11.5736539976106;3204
-5.68083333333333;48.6766666666667;7.15902904477832;11.914625152776;3234
-5.68033333333333;48.677;7.51601878708903;11.5736539976106;3243
-5.67983333333333;48.6776666666667;7.71686217455389;11.4407186593859;3256
-5.67866666666667;48.6786666666667;7.57048237894557;11.657520574514;3279
-5.678;48.6791666666667;7.31288594749231;11.703063888711;3291
-5.6775;48.6796666666667;7.51601878708903;11.5736539976106;3299
-5.67633333333333;48.6808333333333;7.51601878708903;11.5736539976106;3317
-5.67466666666667;48.6823333333333;7.36587757069339;11.7878682130696;3345
-5.674;48.6828333333333;7.36587757069339;11.7878682130696;3353
-5.6735;48.6833333333333;7.36587757069339;11.7878682130696;3370
-5.67283333333333;48.684;7.77278114492822;11.5236219422623;3380
-5.67233333333333;48.6843333333333;7.36587757069339;11.7878682130696;3389
-5.67183333333333;48.6848333333333;7.36587757069339;11.7878682130696;3396
-5.67116666666667;48.6855;7.36587757069339;11.7878682130696;3404
-5.671;48.6856666666667;7.31288594749231;11.703063888711;3410
-5.67066666666667;48.686;7.31288594749231;11.703063888711;3417
-5.6695;48.6871666666667;7.51601878708903;11.5736539976106;3435
-5.669;48.6875;7.31288594749231;11.703063888711;3446
-5.66866666666667;48.6878333333333;7.31288594749231;11.703063888711;3454
-5.66766666666667;48.6888333333333;7.46155467582422;11.4897866208886;3470
-5.66633333333333;48.69;7.46155467582422;11.4897866208886;3493
-5.66466666666667;48.6916666666667;7.25989381892083;11.6182587555907;3524
-5.66433333333333;48.6918333333333;7.46155467582422;11.4897866208886;3529
-5.66333333333333;48.6928333333333;7.51601878708903;11.5736539976106;3549
-5.66266666666667;48.6935;7.31288594749231;11.703063888711;3562
-5.662;48.6941666666667;7.51601878708903;11.5736539976106;3572
-5.66133333333333;48.6946666666667;7.51601878708903;11.5736539976106;3582
-5.66033333333333;48.6956666666667;7.31288594749231;11.703063888711;3601
-5.66016666666667;48.6958333333333;7.31288594749231;11.703063888711;3609
-5.65933333333333;48.6966666666667;7.51601878708903;11.5736539976106;3623
-5.65683333333333;48.699;7.51601878708903;11.5736539976106;3665
-5.65516666666667;48.7005;7.31288594749231;11.703063888711;3696
-5.6545;48.7011666666667;7.31288594749231;11.703063888711;3706
-5.65283333333333;48.7026666666667;7.51601878708903;11.5736539976106;3734
-5.651;48.7043333333333;7.91535493104546;11.3042983674289;3767
-5.64766666666667;48.7073333333333;7.91535493104546;11.3042983674289;3825
-5.6465;48.7083333333333;7.66094267089165;11.3578145858777;3847
-5.64766666666667;48.7073333333333;7.91535493104546;11.3042983674289;3860
-5.64533333333333;48.7093333333333;7.71686217455389;11.4407186593859;3865
-5.64483333333333;48.7098333333333;7.51601878708903;11.5736539976106;3882
-5.6425;48.7118333333333;7.85799706860831;11.2223828505183;3915
-5.64016666666667;48.7138333333333;7.85799706860831;11.2223828505183;3954
-5.639;48.715;7.66094267089165;11.3578145858777;3975
-5.6385;48.7155;7.66094267089165;11.3578145858777;3992
-5.638;48.716;7.66094267089165;11.3578145858777;3998
-5.63683333333333;48.717;7.46155467582422;11.4897866208886;4014
-5.6345;48.719;7.85799706860831;11.2223828505183;4055
-5.634;48.7195;7.66094267089165;11.3578145858777;4064
-5.63333333333333;48.72;7.66094267089165;11.3578145858777;4078
-5.63266666666667;48.7206666666667;7.85799706860831;11.2223828505183;4084
-5.63216666666667;48.7211666666667;7.66094267089165;11.3578145858777;4095
-5.63116666666667;48.7221666666667;7.91535493104546;11.3042983674289;4118
-5.6305;48.7226666666667;8.11143659374727;11.164434676682;4124
-5.62933333333333;48.7236666666667;8.1702147826431;11.2453359131963;4144
-5.62866666666667;48.7241666666667;8.11143659374727;11.164434676682;4155
-5.62816666666667;48.7246666666667;8.30504743428537;11.0211701909803;4164
-5.6275;48.7251666666667;8.30504743428537;11.0211701909803;4174
-5.627;48.7256666666667;8.1702147826431;11.2453359131963;4188
-5.62616666666667;48.7263333333333;8.30504743428537;11.0211701909803;4201
-5.625;48.7271666666667;8.30504743428537;11.0211701909803;4214
-5.6245;48.7276666666667;8.30504743428537;11.0211701909803;4225
-5.62383333333333;48.7281666666667;8.36522859223926;11.1010332850021;4234
-5.62333333333333;48.7286666666667;8.30504743428537;11.0211701909803;4243
-5.6225;48.7293333333333;8.1702147826431;11.2453359131963;4259
-5.622;48.7296666666667;8.36522859223926;11.1010332850021;4264
-5.62016666666667;48.7311666666667;8.93474752943888;10.648017467131;4294
-5.6195;48.7316666666667;8.87046913627625;10.5714134611533;4303
-5.61816666666667;48.7326666666667;8.36522859223926;11.1010332850021;4330
-5.617;48.7335;9.41157749894334;10.0926812218392;4345
-5.61633333333333;48.734;9.75807371524427;9.75807371524427;4357
-5.61566666666667;48.7345;9.23400249537878;10.2553987333317;4363
-5.61433333333333;48.7355;8.80619013010358;10.4948087246186;4384
-5.61366666666667;48.736;9.16708917948982;10.1810839672967;4403
-5.61233333333333;48.7368333333333;9.34337740277537;10.019545572688;4414
-5.61166666666667;48.7373333333333;9.05361472520233;10.4149923510237;4426
-5.611;48.7378333333333;9.11922025270139;10.4904628771977;4436
-5.60966666666667;48.7388333333333;9.23400249537878;10.2553987333317;4457
-5.60833333333333;48.7396666666667;9.23400249537878;10.2553987333317;4477
-5.607;48.7405;9.23400249537878;10.2553987333317;4494
-5.60633333333333;48.741;8.87046913627625;10.5714134611533;4505
-5.6055;48.7415;8.93474752943888;10.648017467131;4516
-5.605;48.742;9.23400249537878;10.2553987333317;4525
-5.60433333333333;48.7425;9.23400249537878;10.2553987333317;4538
-5.60366666666667;48.7428333333333;9.30091517313506;10.3297127906485;4545
-5.603;48.7433333333333;9.23400249537878;10.2553987333317;4555
-5.6015;48.7443333333333;9.23400249537878;10.2553987333317;4576
-5.60033333333333;48.7451666666667;9.16708917948982;10.1810839672967;4594
-5.59966666666667;48.7456666666667;9.16708917948982;10.1810839672967;4611
-5.59833333333333;48.7466666666667;9.16708917948982;10.1810839672967;4625
-5.59766666666667;48.7471666666667;9.34337740277537;10.019545572688;4639
-5.59633333333333;48.748;9.58628564482973;9.92688938187657;4654
-5.59416666666667;48.7493333333333;9.99882295030089;9.65575108438892;4685
-5.59333333333333;48.7498333333333;9.82878398875318;9.82878398875318;4698
-5.59266666666667;48.7501666666667;9.58628564482973;9.92688938187657;4710
-5.592;48.7506666666667;9.92688938187656;9.58628564482973;4722
-5.59133333333333;48.751;9.92688938187656;9.58628564482973;4728
-5.59066666666667;48.7515;9.92688938187656;9.58628564482973;4738
-5.58916666666667;48.7523333333333;9.75807371524427;9.75807371524427;4755
-5.58783333333333;48.7531666666667;9.99882295030089;9.65575108438892;4774
-5.58633333333333;48.7541666666667;9.92688938187656;9.58628564482973;4795
-5.58566666666667;48.7545;10.3297127906485;9.30091517313506;4806
-5.585;48.755;10.5714134611533;8.87046913627625;4822
-5.5835;48.7556666666667;10.648017467131;8.93474752943888;4834
-5.58033333333333;48.7573333333333;10.5714134611533;8.87046913627625;4880
-5.57816666666667;48.7586666666667;10.3297127906485;9.30091517313506;4910
-5.5775;48.759;10.1658161735172;9.479776944707;4915
-5.57666666666667;48.7593333333333;10.4149923510237;9.05361472520233;4924
-5.57466666666667;48.7605;11.4897866208886;7.46155467582422;4951
-5.57433333333333;48.7605;11.4407186593859;7.71686217455389;4961
-5.5735;48.7608333333333;11.083532668629;8.05265784429574;4966
-5.57416666666667;48.7606666666667;11.3578145858777;7.66094267089165;4972
-5.57283333333333;48.7611666666667;11.0211701909803;8.30504743428537;4980
-5.57116666666667;48.762;11.2223828505183;7.85799706860831;4995
-5.57033333333333;48.7623333333333;11.3042983674289;7.91535493104546;5005
-5.568;48.7633333333333;11.3862131031353;7.97271224647749;5039
-5.567;48.7638333333333;11.3862131031353;7.97271224647749;5044
-5.56633333333333;48.7641666666667;11.3862131031353;7.97271224647749;5054
-5.56216666666667;48.766;11.5236219422623;7.77278114492822;5113
-5.56116666666667;48.7663333333333;11.914625152776;7.15902904477832;5120
-5.56033333333333;48.7668333333333;11.914625152776;7.15902904477832;5130
-5.55916666666667;48.7671666666667;11.657520574514;7.57048237894557;5140
-5.559;48.7671666666667;11.5236219422623;7.77278114492822;5146
-5.55816666666667;48.7675;11.3862131031353;7.97271224647749;5154
-5.55866666666667;48.7673333333333;11.5236219422623;7.77278114492822;5159
-5.55716666666667;48.768;11.5736539976106;7.51601878708903;5164
-5.55683333333333;48.7681666666667;11.8289089131808;7.10752553199447;5170
-5.55633333333333;48.7683333333333;11.7878682130696;7.36587757069339;5176
-5.55583333333333;48.7685;11.914625152776;7.15902904477832;5183
-5.55416666666667;48.7691666666667;11.3862131031353;7.97271224647749;5201
-5.55266666666667;48.7698333333333;11.703063888711;7.31288594749231;5218
-5.55116666666667;48.7703333333333;11.703063888711;7.31288594749231;5241
-5.55016666666667;48.7706666666667;11.703063888711;7.31288594749231;5250
-5.54966666666667;48.771;11.5236219422623;7.77278114492822;5260
-5.54883333333333;48.7713333333333;11.4897866208886;7.46155467582422;5266
-5.54816666666667;48.7715;11.5736539976106;7.51601878708903;5272
-5.54783333333333;48.7716666666667;11.6182587555907;7.25989381892083;5278
-5.54733333333333;48.772;11.5736539976106;7.51601878708903;5284
-5.54683333333333;48.7721666666667;11.703063888711;7.31288594749231;5293
-5.54583333333333;48.7725;11.703063888711;7.31288594749231;5304
-5.54483333333333;48.773;11.703063888711;7.31288594749231;5318
-5.54383333333333;48.7733333333333;11.7878682130696;7.36587757069339;5330
-5.54283333333333;48.7738333333333;11.7878682130696;7.36587757069339;5340
-5.54216666666667;48.774;11.7878682130696;7.36587757069339;5345
-5.54166666666667;48.7741666666667;11.657520574514;7.57048237894557;5354
-5.54066666666667;48.7745;11.657520574514;7.57048237894557;5364
-5.54016666666667;48.7746666666667;11.657520574514;7.57048237894557;5371
-5.53966666666667;48.775;11.657520574514;7.57048237894557;5379
-5.53866666666667;48.7753333333333;11.5736539976106;7.51601878708903;5394
-5.53666666666667;48.7761666666667;11.657520574514;7.57048237894557;5421
-5.53533333333333;48.7766666666667;11.657520574514;7.57048237894557;5429
-5.53466666666667;48.7768333333333;11.6065260157706;7.82870064859046;5436
-5.53416666666667;48.7771666666667;11.657520574514;7.57048237894557;5443
-5.53366666666667;48.7773333333333;11.657520574514;7.57048237894557;5450
-5.53316666666667;48.7775;11.7878682130696;7.36587757069339;5456
-5.53216666666667;48.778;11.7878682130696;7.36587757069339;5468
-5.53166666666667;48.7781666666667;11.7413879512359;7.62494649021038;5475
-5.53116666666667;48.7783333333333;11.657520574514;7.57048237894557;5480
-5.52966666666667;48.779;11.657520574514;7.57048237894557;5495
-5.52916666666667;48.7791666666667;11.657520574514;7.57048237894557;5505
-5.52716666666667;48.78;11.657520574514;7.57048237894557;5526
-5.52666666666667;48.7801666666667;11.657520574514;7.57048237894557;5534
-5.52616666666667;48.7803333333333;11.914625152776;7.15902904477832;5541
-5.52516666666667;48.7806666666667;11.7878682130696;7.36587757069339;5550
-5.52416666666667;48.7811666666667;11.657520574514;7.57048237894557;5560
-5.52366666666667;48.7813333333333;11.4407186593859;7.71686217455389;5566
-5.52316666666667;48.7815;11.657520574514;7.57048237894557;5572
-5.52266666666667;48.7816666666667;11.703063888711;7.31288594749231;5581
-5.52216666666667;48.7818333333333;11.5736539976106;7.51601878708903;5586
-5.51966666666667;48.7828333333333;11.5236219422623;7.77278114492822;5614
-5.51866666666667;48.7831666666667;11.4407186593859;7.71686217455389;5630
-5.51766666666667;48.7836666666667;11.5736539976106;7.51601878708903;5642
-5.51666666666667;48.784;11.8289089131808;7.10752553199447;5650
-5.51616666666667;48.7841666666667;11.703063888711;7.31288594749231;5660
-5.51516666666667;48.7845;11.7878682130696;7.36587757069339;5668
-5.51466666666667;48.7848333333333;11.703063888711;7.31288594749231;5674
-5.51416666666667;48.785;11.5236219422623;7.77278114492822;5680
-5.5135;48.7851666666667;11.5236219422623;7.77278114492822;5687
-5.51316666666667;48.7853333333333;11.3862131031353;7.97271224647749;5692
-5.51266666666667;48.7855;11.5236219422623;7.77278114492822;5698
-5.512;48.7858333333333;11.5236219422623;7.77278114492822;5710
-5.51116666666667;48.7861666666667;11.657520574514;7.57048237894557;5716
-5.51166666666667;48.786;11.7878682130696;7.36587757069339;5728
-5.50916666666667;48.7868333333333;11.5236219422623;7.77278114492822;5740
-5.50866666666667;48.787;11.657520574514;7.57048237894557;5746
-5.50816666666667;48.7873333333333;11.4407186593859;7.71686217455389;5754
-5.5075;48.7875;11.5236219422623;7.77278114492822;5760
-5.50666666666667;48.7878333333333;11.4407186593859;7.71686217455389;5769
-5.50616666666667;48.788;11.8289089131808;7.10752553199447;5778
-5.50516666666667;48.7885;11.8289089131808;7.10752553199447;5786
-5.50466666666667;48.7886666666667;11.703063888711;7.31288594749231;5792
-5.50416666666667;48.7888333333333;11.5236219422623;7.77278114492822;5800
-5.50366666666667;48.789;11.5736539976106;7.51601878708903;5805
-5.50316666666667;48.7891666666667;11.3862131031353;7.97271224647749;5811
-5.50166666666667;48.7898333333333;11.7878682130696;7.36587757069339;5828
-5.50116666666667;48.79;11.8289089131808;7.10752553199447;5834
-5.50016666666667;48.7903333333333;11.703063888711;7.31288594749231;5846
-5.49866666666667;48.7908333333333;11.4407186593859;7.71686217455389;5872
-5.49716666666667;48.7915;11.6182587555907;7.25989381892083;5883
-5.49566666666667;48.792;11.5736539976106;7.51601878708903;5900
-5.494;48.7926666666667;11.5736539976106;7.51601878708903;5920
-5.4935;48.7928333333333;11.4897866208886;7.46155467582422;5928
-5.49266666666667;48.7931666666667;11.6182587555907;7.25989381892083;5938
-5.489;48.7945;11.4407186593859;7.71686217455389;5980
-5.488;48.795;11.657520574514;7.57048237894557;5992
-5.48716666666667;48.7953333333333;11.5736539976106;7.51601878708903;6003
-5.48666666666667;48.7955;11.657520574514;7.57048237894557;6008
-5.486;48.7956666666667;11.703063888711;7.31288594749231;6015
-5.486;48.7958333333333;11.703063888711;7.31288594749231;6020
-5.485;48.7961666666667;11.5736539976106;7.51601878708903;6027
-5.4845;48.7963333333333;11.5736539976106;7.51601878708903;6032
-5.484;48.7965;11.5236219422623;7.77278114492822;6038
-5.4835;48.7966666666667;11.5736539976106;7.51601878708903;6044
-5.483;48.7968333333333;11.5236219422623;7.77278114492822;6056
-5.48083333333333;48.7976666666667;11.703063888711;7.31288594749231;6078
-5.48;48.798;11.5736539976106;7.51601878708903;6086
-5.47916666666667;48.7983333333333;11.657520574514;7.57048237894557;6096
-5.47833333333333;48.7986666666667;11.703063888711;7.31288594749231;6106
-5.4775;48.799;11.8289089131808;7.10752553199447;6116
-5.4765;48.7993333333333;11.657520574514;7.57048237894557;6127
-5.47583333333333;48.7995;11.5736539976106;7.51601878708903;6136
-5.47483333333333;48.8;11.703063888711;7.31288594749231;6147
-5.4725;48.8008333333333;11.5736539976106;7.51601878708903;6176
-5.47083333333333;48.8015;11.703063888711;7.31288594749231;6196
-5.46983333333333;48.8018333333333;11.5736539976106;7.51601878708903;6208
-5.46816666666667;48.8023333333333;11.5236219422623;7.77278114492822;6228
-5.4665;48.8031666666667;11.5736539976106;7.51601878708903;6247
-5.46566666666667;48.8033333333333;11.703063888711;7.31288594749231;6258
-5.46483333333333;48.8036666666667;11.7878682130696;7.36587757069339;6266
-5.46316666666667;48.8043333333333;11.5736539976106;7.51601878708903;6288
-5.46066666666667;48.8051666666667;11.4407186593859;7.71686217455389;6316
-5.45966666666667;48.8056666666667;11.3578145858777;7.66094267089165;6332
-5.45883333333333;48.806;11.4407186593859;7.71686217455389;6338
-5.45816666666667;48.8061666666667;11.4407186593859;7.71686217455389;6348
-5.45633333333333;48.8068333333333;11.5736539976106;7.51601878708903;6367
-5.45466666666667;48.8075;11.3042983674289;7.91535493104546;6386
-5.453;48.8081666666667;11.5736539976106;7.51601878708903;6410
-5.45216666666667;48.8085;11.5236219422623;7.77278114492822;6416
-5.45133333333333;48.8088333333333;11.3042983674289;7.91535493104546;6427
-5.44966666666667;48.8095;11.3578145858777;7.66094267089165;6446
-5.44883333333333;48.8098333333333;11.4897866208886;7.46155467582422;6457
-5.448;48.81;11.4897866208886;7.46155467582422;6465
-5.44633333333333;48.8106666666667;11.4407186593859;7.71686217455389;6487
-5.4455;48.811;11.3578145858777;7.66094267089165;6502
-5.44383333333333;48.8116666666667;11.4897866208886;7.46155467582422;6518
-5.442;48.8123333333333;11.3042983674289;7.91535493104546;6540
-5.44133333333333;48.8126666666667;11.2223828505183;7.85799706860831;6550
-5.4405;48.813;11.4897866208886;7.46155467582422;6560
-5.43966666666667;48.8131666666667;11.4407186593859;7.71686217455389;6567
-5.43466666666667;48.8151666666667;11.4897866208886;7.46155467582422;6631
-5.43366666666667;48.8155;11.3578145858777;7.66094267089165;6637
-5.433;48.8158333333333;11.2749113030013;7.60502370051732;6646
-5.43366666666667;48.8155;11.3578145858777;7.66094267089165;6654
-5.432;48.8161666666667;11.3578145858777;7.66094267089165;6660
-5.43033333333333;48.8166666666667;11.4407186593859;7.71686217455389;6681
-5.427;48.818;11.3042983674289;7.91535493104546;6716
-5.42466666666667;48.819;11.5736539976106;7.51601878708903;6745
-5.422;48.8198333333333;11.4407186593859;7.71686217455389;6777
-5.42016666666667;48.8206666666667;11.4407186593859;7.71686217455389;6798
-5.41866666666667;48.8211666666667;11.4407186593859;7.71686217455389;6815
-5.41783333333333;48.8215;11.5236219422623;7.77278114492822;6830
-5.41616666666667;48.8221666666667;11.4407186593859;7.71686217455389;6847
-5.41516666666667;48.8225;11.4407186593859;7.71686217455389;6861
-5.41433333333333;48.8228333333333;11.4407186593859;7.71686217455389;6868
-5.41366666666667;48.823;11.4897866208886;7.46155467582422;6878
-5.41183333333333;48.8236666666667;11.4407186593859;7.71686217455389;6904
-5.41016666666667;48.8243333333333;11.5736539976106;7.51601878708903;6917
-5.40933333333333;48.8246666666667;11.4897866208886;7.46155467582422;6933
-5.40866666666667;48.825;11.4407186593859;7.71686217455389;6938
-5.40683333333333;48.8256666666667;11.3578145858777;7.66094267089165;6957
-5.40616666666667;48.826;11.5736539976106;7.51601878708903;6967
-5.40516666666667;48.8263333333333;11.4897866208886;7.46155467582422;6978
-5.40366666666667;48.8268333333333;11.3578145858777;7.66094267089165;6998
-5.40266666666667;48.8271666666667;11.2749113030013;7.60502370051732;7010
-5.40116666666667;48.8278333333333;11.4897866208886;7.46155467582422;7030
-5.39933333333333;48.8285;11.3578145858777;7.66094267089165;7051
-5.39866666666667;48.8288333333333;11.2223828505183;7.85799706860831;7058
-5.39766666666667;48.8291666666667;11.3578145858777;7.66094267089165;7066
-5.39683333333333;48.8295;11.4059200439852;7.40709108396767;7077
-5.39433333333333;48.8305;11.2749113030013;7.60502370051732;7110
-5.39366666666667;48.8306666666667;11.4059200439852;7.40709108396767;7120
-5.39183333333333;48.8313333333333;11.4059200439852;7.40709108396767;7137
-5.391;48.8316666666667;11.4059200439852;7.40709108396767;7150
-5.39016666666667;48.832;11.2749113030013;7.60502370051732;7160
-5.3895;48.8323333333333;11.140468114812;7.80063975317627;7174
-5.387;48.8333333333333;11.2749113030013;7.60502370051732;7199
-5.38616666666667;48.8336666666667;11.1920072294931;7.54910419685508;7210
-5.38533333333333;48.8338333333333;11.3220526672632;7.35262697270287;7221
-5.3845;48.8341666666667;11.4059200439852;7.40709108396767;7228
-5.383;48.8348333333333;11.1920072294931;7.54910419685508;7250
-5.382;48.8351666666667;11.1920072294931;7.54910419685508;7264
-5.3805;48.8358333333333;11.3220526672632;7.35262697270287;7276
-5.3795;48.8361666666667;11.3220526672632;7.35262697270287;7288
-5.37716666666667;48.837;11.1920072294931;7.54910419685508;7318
-5.3755;48.8376666666667;11.1920072294931;7.54910419685508;7338
-5.37466666666667;48.838;11.1920072294931;7.54910419685508;7350
-5.37216666666667;48.839;11.2749113030013;7.60502370051732;7376
-5.37133333333333;48.8393333333333;11.1091031559848;7.49318469319284;7390
-5.36983333333333;48.84;11.1920072294931;7.54910419685508;7408
-5.369;48.8403333333333;11.2381852905412;7.29816286143806;7417
-5.36983333333333;48.84;11.1920072294931;7.54910419685508;7422
-5.3665;48.8411666666667;11.2381852905412;7.29816286143806;7447
-5.36566666666667;48.8415;11.0585525979014;7.74328189073912;7457
-5.364;48.8421666666667;11.1091031559848;7.49318469319284;7478
-5.36333333333333;48.8425;11.2381852905412;7.29816286143806;7490
-5.3625;48.8428333333333;11.2381852905412;7.29816286143806;7498
-5.36166666666667;48.843;11.0585525979014;7.74328189073912;7510
-5.36016666666667;48.8436666666667;11.1091031559848;7.49318469319284;7526
-5.35916666666667;48.844;11.2381852905412;7.29816286143806;7537
-5.3575;48.8446666666667;11.1920072294931;7.54910419685508;7556
-5.35666666666667;48.845;11.1091031559848;7.49318469319284;7567
-5.356;48.8453333333333;11.1091031559848;7.49318469319284;7581
-5.35416666666667;48.846;11.1091031559848;7.49318469319284;7597
-5.35366666666667;48.8461666666667;10.9766370809908;7.68592402830197;7608
-5.35266666666667;48.8465;11.0261998731084;7.43726572281851;7618
-5.35183333333333;48.8468333333333;11.2381852905412;7.29816286143806;7628
-5.35116666666667;48.8471666666667;11.1091031559848;7.49318469319284;7637
-5.34783333333333;48.8485;11.1091031559848;7.49318469319284;7681
-5.347;48.8488333333333;11.0261998731084;7.43726572281851;7688
-5.34616666666667;48.8491666666667;11.1091031559848;7.49318469319284;7697
-5.3455;48.8495;10.9766370809908;7.68592402830197;7706
-5.344;48.85;11.1543187136379;7.24369926958151;7726
-5.34233333333333;48.8508333333333;11.0261998731084;7.43726572281851;7753
-5.34066666666667;48.8513333333333;11.3220526672632;7.35262697270287;7766
-5.33983333333333;48.8518333333333;11.0261998731084;7.43726572281851;7778
-5.33916666666667;48.852;11.1543187136379;7.24369926958151;7786
-5.336;48.8533333333333;11.1543187136379;7.24369926958151;7826
-5.335;48.8536666666667;11.1091031559848;7.49318469319284;7844
-5.3335;48.8543333333333;11.2381852905412;7.29816286143806;7862
-5.33183333333333;48.855;11.1091031559848;7.49318469319284;7881
-5.33016666666667;48.8556666666667;11.1091031559848;7.49318469319284;7897
-5.3295;48.856;11.2381852905412;7.29816286143806;7910
-5.32866666666667;48.8563333333333;11.2381852905412;7.29816286143806;7923
-5.327;48.857;11.2381852905412;7.29816286143806;7941
-5.32616666666667;48.8573333333333;11.1091031559848;7.49318469319284;7947
-5.32533333333333;48.8576666666667;11.0585525979014;7.74328189073912;7958
-5.32616666666667;48.8573333333333;11.1091031559848;7.49318469319284;7964
-5.32466666666667;48.858;11.2381852905412;7.29816286143806;7970
-5.32383333333333;48.8583333333333;11.1920072294931;7.54910419685508;7976
-5.32316666666667;48.8586666666667;11.0585525979014;7.74328189073912;7988
-5.32133333333333;48.8593333333333;11.1920072294931;7.54910419685508;8012
-5.32066666666667;48.8596666666667;11.2381852905412;7.29816286143806;8018
-5.31983333333333;48.86;11.1920072294931;7.54910419685508;8029
-5.31833333333333;48.8606666666667;11.1920072294931;7.54910419685508;8048
-5.31733333333333;48.861;11.0585525979014;7.74328189073912;8056
-5.31583333333333;48.8616666666667;11.3220526672632;7.35262697270287;8078
-5.31416666666667;48.8623333333333;11.1920072294931;7.54910419685508;8096
-5.3135;48.8625;11.2749113030013;7.60502370051732;8112
-5.3125;48.863;11.3220526672632;7.35262697270287;8121
-5.311;48.8636666666667;11.2749113030013;7.60502370051732;8140
-5.31016666666667;48.864;11.0585525979014;7.74328189073912;8147
-5.30933333333333;48.8641666666667;11.3220526672632;7.35262697270287;8158
-5.3085;48.8645;11.1920072294931;7.54910419685508;8170
-5.30766666666667;48.8648333333333;11.2749113030013;7.60502370051732;8180
-5.30683333333333;48.8653333333333;11.1920072294931;7.54910419685508;8187
-5.30516666666667;48.8658333333333;11.1920072294931;7.54910419685508;8209
-5.302;48.8671666666667;11.1920072294931;7.54910419685508;8253
-5.30116666666667;48.8675;11.1920072294931;7.54910419685508;8259
-5.30033333333333;48.8678333333333;11.3638441649914;7.10091793857679;8270
-5.29966666666667;48.8681666666667;11.4486492981118;7.15391006714827;8276
-5.29883333333333;48.8685;11.1920072294931;7.54910419685508;8286
-5.298;48.8688333333333;11.0585525979014;7.74328189073912;8297
-5.29633333333333;48.8695;11.1920072294931;7.54910419685508;8318
-5.29566666666667;48.8698333333333;11.3220526672632;7.35262697270287;8326
-5.29383333333333;48.8705;10.9766370809908;7.68592402830197;8348
-5.29316666666667;48.8708333333333;11.1091031559848;7.49318469319284;8361
-5.29216666666667;48.8711666666667;11.1920072294931;7.54910419685508;8368
-5.2915;48.8715;11.2381852905412;7.29816286143806;8378
-5.29066666666667;48.8716666666667;11.0585525979014;7.74328189073912;8387
-5.29;48.872;11.1091031559848;7.49318469319284;8396
-5.289;48.8725;11.1091031559848;7.49318469319284;8407
-5.28733333333333;48.8731666666667;11.1091031559848;7.49318469319284;8432
-5.28516666666667;48.874;11.3220526672632;7.35262697270287;8456
-5.28416666666667;48.8743333333333;11.0585525979014;7.74328189073912;8468
-5.2835;48.8746666666667;11.1091031559848;7.49318469319284;8478
-5.2825;48.875;11.1920072294931;7.54910419685508;8488
-5.28183333333333;48.8753333333333;11.1091031559848;7.49318469319284;8500
-5.28033333333333;48.876;11.2381852905412;7.29816286143806;8522
-5.27933333333333;48.8763333333333;11.2381852905412;7.29816286143806;8530
-5.2785;48.8766666666667;11.140468114812;7.80063975317627;8540
-5.27766666666667;48.877;11.1091031559848;7.49318469319284;8547
-5.277;48.8773333333333;11.1091031559848;7.49318469319284;8557
-5.27616666666667;48.8775;11.1091031559848;7.49318469319284;8566
-5.2755;48.8778333333333;11.1091031559848;7.49318469319284;8577
-5.27366666666667;48.8785;11.1091031559848;7.49318469319284;8599
-5.27283333333333;48.8788333333333;11.0585525979014;7.74328189073912;8608
-5.27133333333333;48.8795;11.2381852905412;7.29816286143806;8627
-5.26966666666667;48.8801666666667;11.0261998731084;7.43726572281851;8648
-5.268;48.8808333333333;10.8947223452844;7.62856671286994;8667
-5.26733333333333;48.8811666666667;10.8128068283738;7.57120885043279;8677
-5.2665;48.8815;11.0704513369159;7.18923515831671;8689
-5.26583333333333;48.8816666666667;11.1543187136379;7.24369926958151;8698
-5.26416666666667;48.8823333333333;11.1543187136379;7.24369926958151;8716
-5.26166666666667;48.8833333333333;11.1543187136379;7.24369926958151;8750
-5.26083333333333;48.8836666666667;11.1091031559848;7.49318469319284;8762
-5.26016666666667;48.884;11.0261998731084;7.43726572281851;8770
-5.25916666666667;48.8843333333333;11.2381852905412;7.29816286143806;8776
-5.2585;48.8846666666667;11.2381852905412;7.29816286143806;8787
-5.25766666666667;48.885;11.1091031559848;7.49318469319284;8798
-5.256;48.8855;11.1091031559848;7.49318469319284;8815
-5.25516666666667;48.8858333333333;11.3220526672632;7.35262697270287;8827
-5.2545;48.8861666666667;11.3220526672632;7.35262697270287;8841
-5.25116666666667;48.8875;11.2749113030013;7.60502370051732;8876
-5.25033333333333;48.8878333333333;11.3220526672632;7.35262697270287;8887
-5.2495;48.8881666666667;11.4059200439852;7.40709108396767;8896
-5.24783333333333;48.8888333333333;11.2749113030013;7.60502370051732;8919
-5.247;48.8891666666667;11.2749113030013;7.60502370051732;8926
-5.24616666666667;48.8893333333333;11.2749113030013;7.60502370051732;8935
-5.2445;48.89;11.3220526672632;7.35262697270287;8960
-5.24366666666667;48.8903333333333;11.3220526672632;7.35262697270287;8972
-5.24283333333333;48.8906666666667;11.1920072294931;7.54910419685508;8981
-5.24116666666667;48.8913333333333;11.1920072294931;7.54910419685508;8997
-5.2405;48.8916666666667;11.2381852905412;7.29816286143806;9006
-5.23966666666667;48.892;11.1920072294931;7.54910419685508;9021
-5.23716666666667;48.8928333333333;11.1920072294931;7.54910419685508;9050
-5.23633333333333;48.8931666666667;11.3220526672632;7.35262697270287;9057
-5.23133333333333;48.8951666666667;11.2223828505183;7.85799706860831;9117
-5.22816666666667;48.8965;11.4059200439852;7.40709108396767;9164
-5.22233333333333;48.8986666666667;11.1920072294931;7.54910419685508;9226
-5.2215;48.899;11.3220526672632;7.35262697270287;9238
-5.21983333333333;48.8996666666667;11.3220526672632;7.35262697270287;9263
-5.21816666666667;48.9001666666667;11.1920072294931;7.54910419685508;9276
-5.2175;48.9005;11.3220526672632;7.35262697270287;9290
-5.2165;48.9008333333333;11.1920072294931;7.54910419685508;9298
-5.21566666666667;48.9011666666667;11.1920072294931;7.54910419685508;9307
-5.215;48.9015;11.140468114812;7.80063975317627;9321
-5.21416666666667;48.9018333333333;11.1920072294931;7.54910419685508;9329
-5.2125;48.9025;11.2749113030013;7.60502370051732;9346
-5.21166666666667;48.9028333333333;11.1920072294931;7.54910419685508;9359
-5.21083333333333;48.903;11.3220526672632;7.35262697270287;9369
-5.21;48.9033333333333;11.1920072294931;7.54910419685508;9377
-5.20916666666667;48.9036666666667;11.2381852905412;7.29816286143806;9387
-5.206;48.905;11.1091031559848;7.49318469319284;9425
-5.2035;48.9058333333333;10.9766370809908;7.68592402830197;9464
-5.20183333333333;48.9065;11.1091031559848;7.49318469319284;9475
-5.19933333333333;48.9075;11.1920072294931;7.54910419685508;9507
-5.197;48.9083333333333;11.140468114812;7.80063975317627;9536
-5.19533333333333;48.909;11.1091031559848;7.49318469319284;9560
-5.19366666666667;48.9096666666667;11.1091031559848;7.49318469319284;9577
-5.193;48.91;11.1091031559848;7.49318469319284;9586
-5.19216666666667;48.9103333333333;11.1091031559848;7.49318469319284;9600
-5.19133333333333;48.9106666666667;11.1091031559848;7.49318469319284;9607
-5.18966666666667;48.9113333333333;11.3638441649914;7.10091793857679;9628
-5.18883333333333;48.9115;11.1920072294931;7.54910419685508;9643
-5.18733333333333;48.9121666666667;11.1543187136379;7.24369926958151;9660
-5.18466666666667;48.9131666666667;11.2381852905412;7.29816286143806;9687
-5.18316666666667;48.9138333333333;11.1091031559848;7.49318469319284;9712
-5.18066666666667;48.9148333333333;11.2381852905412;7.29816286143806;9743
-5.179;48.9153333333333;11.3220526672632;7.35262697270287;9763
-5.17733333333333;48.916;11.2381852905412;7.29816286143806;9778
-5.175;48.917;11.1091031559848;7.49318469319284;9806
-5.1725;48.918;11.1543187136379;7.24369926958151;9837
-5.16133333333333;48.9223333333333;11.0261998731084;7.43726572281851;9977
-5.159;48.9233333333333;11.0261998731084;7.43726572281851;10008
-5.158;48.9236666666667;11.1543187136379;7.24369926958151;10018
-5.1565;48.9243333333333;11.1543187136379;7.24369926958151;10040
-5.15483333333333;48.9248333333333;11.0261998731084;7.43726572281851;10055
-5.154;48.9251666666667;11.1091031559848;7.49318469319284;10066
-5.15316666666667;48.9255;11.2381852905412;7.29816286143806;10078
-5.15083333333333;48.9265;11.2790398406328;7.0479263153757;10106
-5.14916666666667;48.9271666666667;11.1091031559848;7.49318469319284;10125
-5.1475;48.9278333333333;11.2381852905412;7.29816286143806;10149
-5.14516666666667;48.9286666666667;11.2381852905412;7.29816286143806;10178
-5.14183333333333;48.93;11.1091031559848;7.49318469319284;10220
-5.14116666666667;48.9303333333333;11.0585525979014;7.74328189073912;10230
-5.13616666666667;48.9321666666667;11.1920072294931;7.54910419685508;10293
-5.13466666666667;48.9328333333333;11.2381852905412;7.29816286143806;10306
-5.13216666666667;48.9338333333333;11.1091031559848;7.49318469319284;10342
-5.128;48.9355;11.1091031559848;7.49318469319284;10386
-5.12716666666667;48.9356666666667;11.1091031559848;7.49318469319284;10402
-5.12633333333333;48.9361666666667;11.0261998731084;7.43726572281851;10408
-5.11916666666667;48.939;11.1091031559848;7.49318469319284;10496
-5.1175;48.9396666666667;11.1543187136379;7.24369926958151;10522
-5.11416666666667;48.9408333333333;11.2381852905412;7.29816286143806;10560
-5.11266666666667;48.9415;11.2381852905412;7.29816286143806;10576
-5.11183333333333;48.9418333333333;11.1920072294931;7.54910419685508;10587
-5.10933333333333;48.9428333333333;11.1543187136379;7.24369926958151;10617
-5.10216666666667;48.9455;11.0261998731084;7.43726572281851;10706
-5.09966666666667;48.9465;11.0261998731084;7.43726572281851;10737
-5.099;48.9468333333333;11.0704513369159;7.18923515831671;10750
-5.09666666666667;48.9476666666667;10.9432957996002;7.38134621915628;10779
-5.09416666666667;48.9486666666667;11.1543187136379;7.24369926958151;10808
-5.09183333333333;48.9496666666667;11.0261998731084;7.43726572281851;10840
-5.08783333333333;48.9511666666667;11.0704513369159;7.18923515831671;10887
-5.08533333333333;48.9521666666667;10.9432957996002;7.38134621915628;10921
-5.0845;48.9525;10.9432957996002;7.38134621915628;10927
-5.083;48.9531666666667;10.8947223452844;7.62856671286994;10952
-5.07733333333333;48.9551666666667;10.8128068283738;7.57120885043279;11023
-5.07483333333333;48.9561666666667;11.0704513369159;7.18923515831671;11047
-5.07416666666667;48.9565;10.9432957996002;7.38134621915628;11062
-5.07316666666667;48.9568333333333;10.7308920926675;7.51385153500075;11068
-5.07166666666667;48.9575;10.9027173832905;7.08030745519535;11089
-5.071;48.9576666666667;11.1942347075125;6.99493418680423;11098
-5.0685;48.9586666666667;10.8603925167238;7.32542724878195;11128
-5.067;48.9593333333333;10.8603925167238;7.32542724878195;11146
-5.06616666666667;48.9595;11.1094303831539;6.94194256360314;11157
-5.06533333333333;48.9598333333333;10.9865847600125;7.13477156646016;11165
-5.06366666666667;48.9605;10.8603925167238;7.32542724878195;11192
-5.06133333333333;48.9613333333333;10.9027173832905;7.08030745519535;11218
-5.05883333333333;48.9623333333333;10.7774884432155;7.26950774511971;11252
-5.05416666666667;48.964;10.9027173832905;7.08030745519535;11310
-5.05183333333333;48.965;10.9865847600125;7.13477156646016;11338
-5.051;48.9651666666667;11.0574578520739;6.64399096986827;11351
-5.05;48.9655;11.2583302491977;6.5;11358
-5.04783333333333;48.9663333333333;11.1094303831539;6.94194256360314;11390
-5.04683333333333;48.9666666666667;10.9865847600125;7.13477156646016;11402
-5.04366666666667;48.9678333333333;11.228891966181;6.74699897779315;11437
-5.03966666666667;48.9691666666667;11.1431749091275;6.69549497383071;11486
-5.038;48.9698333333333;11.0246252500335;6.88895043503166;11510
-5.03716666666667;48.97;10.9027173832905;7.08030745519535;11523
-5.0355;48.9706666666667;10.9398201169132;6.83595830646019;11541
-5.034;48.9711666666667;10.4363189188213;7.58242953035062;11557
-5.03166666666667;48.9721666666667;10.4851463231399;7.34177849469441;11590
-5.015;48.9791666666667;10.4032308062293;7.28442063225726;11808
-5.01266666666667;48.9801666666667;10.4851463231399;7.34177849469441;11839
-5.01133333333333;48.9808333333333;10.3554176823071;7.5236513414548;11856
-5.00216666666667;48.9846666666667;10.5670610588463;7.39913581012645;11981
-4.99683333333333;48.987;10.5670610588463;7.39913581012645;12049
-4.99;48.9898333333333;10.222534680933;7.70323241113333;12141
-4.978;48.9951666666667;10.5670610588463;7.39913581012645;12298
-4.95566666666667;49.0053333333333;10.4851463231399;7.34177849469441;12596
-4.89216666666667;49.0331666666667;10.4032308062293;7.28442063225726;13436
