"x";"y";"vx";"vy";"t"
-3.748045;49.6791683333333;-17.6120819268539;-11.4374197353156;0
-3.76337666666667;49.6730966666667;-17.6120819268539;-11.4374197353156;120
-3.81122666666667;49.65421;-17.6959493035759;-11.4918838465804;468
-3.952835;49.5980716666667;-18.0314172108266;-11.7097392528231;1564
-3.968345;49.5919316666667;-18.0314172108266;-11.7097392528231;1680
-3.98560833333333;49.5850666666667;-18.0314172108266;-11.7097392528231;1830
-4.28253666666667;49.4670266666667;-18.1991519642706;-11.8186674753527;4093
-4.47914166666667;49.3923533333333;-18.6005310792026;-11.176326618491;5592
-4.88677333333333;49.243885;-18.4290969650954;-11.0733186105662;8629
-4.89947;49.2392083333333;-18.4290969650954;-11.0733186105662;8710
-5.08602166666667;49.1682466666667;-17.7242048861646;-11.0753124203258;10142
-5.10134;49.1624083333333;-17.7242048861646;-11.0753124203258;10267
-5.12119;49.1549033333333;-17.1610783843948;-11.5752935284748;10431
-5.20263333333333;49.1161133333333;-16.9564479417455;-11.8730326700708;11112
-5.23389666666667;49.1035683333333;-17.7433637785005;-10.661288543581;11370
-5.25081833333333;49.0974683333333;-17.9267265190628;-10.3500003814697;11501
-5.266355;49.0919666666667;-17.9267265190628;-10.3500003814697;11654
-5.29787166666667;49.0779283333333;-15.3206039027246;-13.317997787974;11882
-5.32644333333333;49.062595;-15.4715463945668;-13.4492100943054;12143
-5.34050833333333;49.054955;-15.2344689222866;-13.7171774303566;12254
-5.34788666666667;49.0508583333333;-15.4715463945668;-13.4492100943054;12330
-5.36154333333333;49.0440366666667;-16.7926169079243;-11.7583169451965;12452
-5.37750333333333;49.03699;-16.7926169079243;-11.7583169451965;12591
-5.392795;49.030495;-17.1927466428812;-11.1651002178081;12702
-5.40835833333333;49.0242466666667;-17.2766140196032;-11.2195643290729;12832
-5.43948833333333;49.011835;-17.1927466428812;-11.1651002178081;13083
-5.48438833333333;48.9938216666667;-17.3849859712067;-10.8633449167807;13461
-5.50035;48.9879183333333;-17.753520777581;-10.25;13602
-5.51572833333333;48.9824266666667;-17.753520777581;-10.25;13702
-5.53155;48.9768933333333;-17.753520777581;-10.25;13833
-5.547615;48.971105;-17.4862126073397;-10.5067765316937;13978
-5.563345;48.9652716666667;-17.4862126073397;-10.5067765316937;14067
-5.578405;48.9598816666667;-17.5803150360992;-10.1499996185303;14193
-5.59342166666667;48.9545066666667;-17.3147801281494;-10.403769506126;14311
-5.60979166666667;48.9485433333333;-17.2290630710958;-10.3522655021635;14460
-5.62521333333333;48.9428866666667;-17.1433460140422;-10.3007614982011;14581
-5.639965;48.9374366666667;-17.1433460140422;-10.3007614982011;14712
-5.654765;48.9319666666667;-17.1433460140422;-10.3007614982011;14808
-5.669455;48.9265683333333;-17.0576289569887;-10.2492574942387;14958
-5.684075;48.9213083333333;-17.0576289569887;-10.2492574942387;15070
-5.69953333333333;48.9158133333333;-16.9719118999351;-10.1977534902762;15200
-5.71511333333333;48.9102416666667;-16.9719118999351;-10.1977534902762;15329
-5.731825;48.90406;-16.9719118999351;-10.1977534902762;15444
-5.746445;48.898795;-16.8861964777984;-10.1462504686709;15561
-5.76184833333333;48.8933566666667;-16.9719118999351;-10.1977534902762;15680
-5.77634;48.8881633333333;-16.8861964777984;-10.1462504686709;15823
-5.78817;48.8839266666667;-16.9719118999351;-10.1977534902762;15896
-5.80338666666667;48.8784666666667;-16.8861964777984;-10.1462504686709;16047
-5.82016333333333;48.872235;-16.8861964777984;-10.1462504686709;16184
-5.83476833333333;48.8653933333333;-13.8113247153148;-13.337441242795;16302
-5.84700166666667;48.8570516666667;-11.4344854398889;-15.1740746908986;16440
-5.85694833333333;48.84773;-8.82606502219637;-16.5994140721123;16575
-5.86507;48.8380716666667;-8.58042027189379;-16.8400229672681;16684
-5.872765;48.8288116666667;-8.71661794136655;-17.1073259442007;16819
-5.88114333333333;48.818535;-8.71661794136655;-17.1073259442007;16956
-5.889575;48.8082616666667;-8.71661794136655;-17.1073259442007;17099
-5.898205;48.79743;-8.71661794136655;-17.1073259442007;17228
-5.90621;48.7876766666667;-8.71661794136655;-17.1073259442007;17360
-5.91416666666667;48.7778166666667;-8.9669070282997;-16.8642993604233;17491
-5.92172166666667;48.768475;-8.67121871820897;-17.0182249518898;17593
-5.92991;48.7580316666667;-8.67121871820897;-17.0182249518898;17742
-5.93845166666667;48.7472283333333;-8.71661794136655;-17.1073259442007;17863
-5.94619833333333;48.737365;-8.62581949505138;-16.929123959579;17984
-5.953935;48.7275116666667;-8.62581949505138;-16.929123959579;18109
-5.96164833333333;48.7177533333333;-8.62581949505138;-16.929123959579;18277
-5.96978;48.70738;-8.62581949505138;-16.929123959579;18372
-5.97724333333333;48.6975766666667;-8.28521450708823;-16.9872071321915;18519
-5.98487166666667;48.6876633333333;-8.62581949505138;-16.929123959579;18613
-5.99256833333333;48.6778616666667;-8.58042027189379;-16.8400229672681;18753
-6.00022166666667;48.6680583333333;-8.58042027189379;-16.8400229672681;18881
-6.00764;48.6587916666667;-8.58042027189379;-16.8400229672681;19001
-6.01565166666667;48.6486566666667;-8.58042027189379;-16.8400229672681;19130
-6.02435166666667;48.6375016666667;-8.53502104873621;-16.7509219749573;19312
-6.03135333333333;48.62873;-8.44422346833919;-16.5727216897957;19386
-6.03910333333333;48.61899;-8.48962269149678;-16.6618226821065;19503
-6.04705333333333;48.60884;-8.24137722518401;-16.8973273846989;19631
-6.05488333333333;48.59877;-8.44422346833919;-16.5727216897957;19792
-6.06371833333333;48.587665;-8.48962269149678;-16.6618226821065;19908
-6.072505;48.5767316666667;-8.48962269149678;-16.6618226821065;20098
-6.07936;48.567965;-8.53502104873621;-16.7509219749573;20180
-6.08787;48.5573216666667;-8.48962269149678;-16.6618226821065;20312
-6.09554833333333;48.5476433333333;-8.48962269149678;-16.6618226821065;20430
-6.10840166666667;48.5315416666667;-8.48962269149678;-16.6618226821065;20663
-6.14332;48.4879733333333;-8.48962269149678;-16.6618226821065;21229
-6.20443;48.4104966666667;-8.58042027189379;-16.8400229672681;22242
-6.21651666666667;48.3951216666667;-8.53502104873621;-16.7509219749573;22452
