"x";"y";"vx";"vy";"t"
-5.82909666666667;48.54204;-3.22531154590771;8.40222383847481;0
-5.82905;48.542365;-3.81382889345231;7.81950803137139;8
-5.82909666666667;48.54204;-3.22531154590771;8.40222383847481;27
-5.840135;48.548095;-5.45647226987415;-1.25972588287264;382
-5.84051166666667;48.548135;-5.31259204458988;-1.42350474806386;390
-5.840135;48.548095;-5.45647226987415;-1.25972588287264;403
-5.84126666666667;48.5481883333333;-5.07434024185998;-1.8469088065762;411
-5.843095;48.5481383333333;-4.84179109975075;-2.1557042858806;462
-5.844205;48.5480933333333;-4.24024048078213;-2.64959632116603;492
-5.84449833333333;48.5480566666667;-4.02561888610175;-2.61426747195378;505
-5.84485166666667;48.5480033333333;-3.89647643288233;-2.62820653965493;516
-5.84449833333333;48.5480566666667;-4.02561888610175;-2.61426747195378;531
-5.845795;48.54783;-3.75358674489464;-2.82853049402752;543
-5.84637333333333;48.5477066666667;-3.49715682655637;-2.83194175972427;561
-5.84723666666667;48.5474866666667;-3.26983730297235;-2.94417473179224;593
-5.84834166666667;48.5471133333333;-3.19552289129642;-2.87726173496963;633
-5.84934833333333;48.5467533333333;-3.32072222495491;-2.8866597901249;670
-5.85013833333333;48.5464533333333;-3.16978009298621;-2.7554477966268;700
-5.85123166666667;48.5460483333333;-3.24525133890735;-2.82105394979251;744
-5.85149166666667;48.5459466666667;-3.24525133890735;-2.82105394979251;753
-5.85172666666667;48.545855;-3.24525133890735;-2.82105394979251;760
-5.852005;48.5457433333333;-3.32072222495491;-2.8866597901249;773
-5.85226166666667;48.545645;-3.24525133890735;-2.82105394979251;783
-5.85249;48.5455566666667;-3.16978009298621;-2.7554477966268;792
-5.85172666666667;48.545855;-3.24525133890735;-2.82105394979251;804
-5.85355833333333;48.5451533333333;-3.29399125152299;-2.76398684425413;833
-5.85382;48.545055;-3.37059562277919;-2.82826554392178;844
-5.854345;48.5448533333333;-3.37059562277919;-2.82826554392178;861
-5.85461666666667;48.5447516666667;-3.37059562277919;-2.82826554392178;871
-5.85486166666667;48.54466;-3.37059562277919;-2.82826554392178;880
-5.85516;48.5445483333333;-3.4471999940354;-2.89254424358943;891
-5.85593833333333;48.5442583333333;-3.37059562277919;-2.82826554392178;923
-5.85620833333333;48.54416;-3.41944230452509;-2.76900978063595;930
-5.85732;48.5437683333333;-3.37059562277919;-2.82826554392178;971
-5.85784166666667;48.5435916666667;-3.37059562277919;-2.82826554392178;990
-5.85868666666667;48.5432983333333;-3.37059562277919;-2.82826554392178;1023
-5.85920833333333;48.5431166666667;-3.32072222495491;-2.8866597901249;1040
-5.85948;48.54302;-3.32072222495491;-2.8866597901249;1051
-5.86030166666667;48.5427233333333;-3.39619311100247;-2.95226563045728;1083
-5.86080166666667;48.5425366666667;-3.32072222495491;-2.8866597901249;1100
-5.861585;48.5422383333333;-3.32072222495491;-2.8866597901249;1131
-5.86187333333333;48.542125;-3.24525133890735;-2.82105394979251;1143
-5.86262833333333;48.5418183333333;-3.24525133890735;-2.82105394979251;1171
-5.86343666666667;48.5415033333333;-3.29399125152299;-2.76398684425413;1205
-5.86446333333333;48.54111;-3.37059562277919;-2.82826554392178;1241
-5.86502166666667;48.5408983333333;-3.37059562277919;-2.82826554392178;1261
-5.86529166666667;48.5408016666667;-3.4471999940354;-2.89254424358943;1275
-5.86638833333333;48.5404166666667;-3.57487134858765;-2.89487373881258;1311
-5.86667333333333;48.5403166666667;-3.57487134858765;-2.89487373881258;1322
-5.86783833333333;48.53989;-3.9068265868511;-3.27821674810035;1363
-5.868495;48.5396416666667;-4.06003569464197;-3.40677445394067;1382
-5.868815;48.5395133333333;-4.21324443715438;-3.53533185327597;1392
-5.87014333333333;48.5389683333333;-4.3773157092415;-3.80514249327827;1436
-5.87084;48.538685;-4.45278659528907;-3.87074833361066;1452
-5.871195;48.5385383333333;-4.60372836738419;-4.00196001427543;1463
-5.871915;48.5382333333333;-4.67919925343176;-4.06756585460782;1481
-5.87495;48.5369333333333;-5.20749617551184;-4.52680736260117;1560
-5.87539;48.5367416666667;-5.2829670615594;-4.59241320293355;1578
-5.87579166666667;48.5365633333333;-5.2829670615594;-4.59241320293355;1583
-5.877385;48.53584;-5.27632819001768;-4.75082724133463;1620
-5.87950833333333;48.5348483333333;-5.58485096562322;-4.85483687709642;1675
-5.880335;48.5344783333333;-5.66032185167079;-4.92044271742881;1693
-5.88299333333333;48.5332883333333;-5.97514680243941;-5.01374347815702;1750
-5.89419333333333;48.5277016666667;-5.86898641871826;-5.86898641871826;2001
-5.83596833333333;48.5316583333333;8.60529685711908;13.2509951335014;8996
-5.82431166666667;48.54336;8.83524798149538;13.098793804496;9179
-5.81937;48.54844;8.65976044897563;13.3348617104048;9263
-5.81897166666667;48.5488733333333;8.60529685711908;13.2509951335014;9269
-5.81937;48.54844;8.65976044897563;13.3348617104048;9277
-5.80593833333333;48.5621133333333;8.83524798149538;13.098793804496;9486
-5.795905;48.5724433333333;8.83524798149538;13.098793804496;9653
-5.79517166666667;48.5731733333333;8.89116695186971;13.1816970873724;9666
-5.79412833333333;48.574205;8.89116695186971;13.1816970873724;9687
-5.79219666666667;48.5760783333333;8.83524798149538;13.098793804496;9713
-5.75155;48.616495;8.37272447595872;13.3991600810239;10386
-5.748685;48.6194383333333;8.37272447595872;13.3991600810239;10427
-5.74755333333333;48.6206016666667;8.55083274585427;13.1671277567794;10445
-5.74055666666667;48.6274733333333;8.83524798149538;13.098793804496;10559
-5.74018333333333;48.6278316666667;8.77932847783315;13.0158897309878;10565
-5.74055666666667;48.6274733333333;8.83524798149538;13.098793804496;10577
-5.739055;48.628905;8.77932847783315;13.0158897309878;10583
-5.73830333333333;48.6296266666667;8.83524798149538;13.098793804496;10595
-5.73799;48.6299266666667;8.83524798149538;13.098793804496;10600
-5.73680666666667;48.6310616666667;8.77932847783315;13.0158897309878;10627
-5.73568333333333;48.6321333333333;8.83524798149538;13.098793804496;10643
-5.73493166666667;48.6328483333333;8.60529685711908;13.2509951335014;10650
-5.73345166666667;48.6342966666667;8.60529685711908;13.2509951335014;10676
-5.73271;48.6350233333333;8.83524798149538;13.098793804496;10685
-5.731215;48.6364666666667;8.77932847783315;13.0158897309878;10717
-5.730525;48.6371266666667;8.83524798149538;13.098793804496;10727
-5.72970833333333;48.637905;8.83524798149538;13.098793804496;10733
-5.72857333333333;48.638985;8.77932847783315;13.0158897309878;10751
-5.72819333333333;48.639345;8.83524798149538;13.098793804496;10761
-5.72711;48.6403566666667;8.83524798149538;13.098793804496;10777
-5.72673666666667;48.6407166666667;8.83524798149538;13.098793804496;10787
-5.72514833333333;48.642195;8.83524798149538;13.098793804496;10811
-5.72438166666667;48.642905;8.83524798149538;13.098793804496;10834
-5.72330333333333;48.6439133333333;8.83524798149538;13.098793804496;10840
-5.72292166666667;48.6442683333333;8.77932847783315;13.0158897309878;10847
-5.722095;48.64504;8.77932847783315;13.0158897309878;10853
-5.72133333333333;48.64575;8.77932847783315;13.0158897309878;10876
-5.71949833333333;48.647475;8.55083274585427;13.1671277567794;10900
-5.71867666666667;48.64825;8.55083274585427;13.1671277567794;10909
-5.71791833333333;48.6489683333333;8.55083274585427;13.1671277567794;10920
-5.717545;48.649325;8.55083274585427;13.1671277567794;10931
-5.71418333333333;48.6525416666667;8.49636915399773;13.083261179876;10984
-5.71381166666667;48.6529;8.49636915399773;13.083261179876;10991
-5.71418333333333;48.6525416666667;8.49636915399773;13.083261179876;11027
-5.71011166666667;48.6564816666667;8.77932847783315;13.0158897309878;11051
-5.70860166666667;48.6579;8.72340950745882;12.9329864481114;11069
-5.70791166666667;48.65855;8.77932847783315;13.0158897309878;11091
-5.706715;48.6596633333333;8.72340950745882;12.9329864481114;11105
-5.705565;48.6607116666667;8.66749000379658;12.8500823746031;11122
-5.70518833333333;48.661065;8.72340950745882;12.9329864481114;11129
-5.70289833333333;48.6631716666667;8.72340950745882;12.9329864481114;11160
-5.70067333333333;48.6652333333333;8.72340950745882;12.9329864481114;11200
-5.69989833333333;48.665945;8.66749000379658;12.8500823746031;11207
-5.68903833333333;48.6757183333333;8.44190504273292;12.9993938031541;11375
-5.65342166666667;48.70758;7.88008264435955;13.114659864234;11937
-5.645295;48.7156816666667;7.82857864039711;13.0289428071804;12087
-5.643885;48.7170866666667;7.88008264435955;13.114659864234;12095
-5.64212833333333;48.7188466666667;7.82857864039711;13.0289428071804;12137
-5.645295;48.7156816666667;7.82857864039711;13.0289428071804;12147
-5.63896666666667;48.7220216666667;7.88008264435955;13.114659864234;12179
-5.638615;48.7223733333333;7.59999990463257;13.1635859723422;12191
-5.63791;48.7230816666667;7.59999990463257;13.1635859723422;12197
-5.63755333333333;48.7234366666667;7.65000009536743;13.2501888430831;12207
-5.63651;48.7245133333333;7.59999990463257;13.1635859723422;12221
-5.63549666666667;48.7255983333333;7.59999990463257;13.1635859723422;12238
-5.63513833333333;48.7259516666667;7.65000009536743;13.2501888430831;12250
-5.63311;48.7281166666667;7.65000009536743;13.2501888430831;12281
-5.63176333333333;48.7295566666667;7.82857864039711;13.0289428071804;12305
-5.63002833333333;48.73135;8.10776484384211;12.9751360329457;12341
-5.62791333333333;48.7334516666667;8.10776484384211;12.9751360329457;12370
-5.62719;48.7341583333333;8.10776484384211;12.9751360329457;12400
-5.62572166666667;48.7355533333333;8.05477271527064;12.8903308998253;12411
-5.63002833333333;48.73135;8.10776484384211;12.9751360329457;12417
-5.62463333333333;48.7365933333333;7.88008264435955;13.114659864234;12430
-5.62392;48.7372983333333;7.88008264435955;13.114659864234;12437
-5.62321166666667;48.7380033333333;7.65000009536743;13.2501888430831;12449
-5.62216666666667;48.7390733333333;7.59999990463257;13.1635859723422;12467
-5.62183166666667;48.7394316666667;7.65000009536743;13.2501888430831;12477
-5.62080166666667;48.7405033333333;7.59999990463257;13.1635859723422;12490
-5.62046333333333;48.740865;7.65000009536743;13.2501888430831;12509
-5.62216666666667;48.7390733333333;7.59999990463257;13.1635859723422;12524
-5.618735;48.742665;7.65000009536743;13.2501888430831;12530
-5.61839666666667;48.7430233333333;7.65000009536743;13.2501888430831;12537
-5.61634666666667;48.7451616666667;7.59999990463257;13.1635859723422;12569
-5.614275;48.7473233333333;7.88008264435955;13.114659864234;12617
-5.61289666666667;48.7487633333333;7.88008264435955;13.114659864234;12629
-5.61150833333333;48.750195;7.88008264435955;13.114659864234;12677
-5.614275;48.7473233333333;7.88008264435955;13.114659864234;12682
-5.60939333333333;48.7523266666667;7.88008264435955;13.114659864234;12689
-5.60868833333333;48.753035;7.88008264435955;13.114659864234;12709
-5.60619333333333;48.7555066666667;7.9315861571434;13.2003761038292;12742
-5.60582333333333;48.7558616666667;7.88008264435955;13.114659864234;12749
-5.60553833333333;48.7561716666667;7.9315861571434;13.2003761038292;12754
-5.60511666666667;48.75659;7.9315861571434;13.2003761038292;12765
-5.60440833333333;48.7572966666667;7.69999980926514;13.3367908879179;12776
-5.60376333333333;48.7579466666667;7.69999980926514;13.3367908879179;12791
-5.60334666666667;48.7583583333333;7.65000009536743;13.2501888430831;12797
-5.60231166666667;48.7594316666667;7.69999980926514;13.3367908879179;12809
-5.60162166666667;48.76015;7.65000009536743;13.2501888430831;12827
-5.60093833333333;48.7608716666667;7.4660679668534;13.4691431563058;12839
-5.60128166666667;48.76051;7.4660679668534;13.4691431563058;12867
-5.598645;48.7633616666667;7.69999980926514;13.3367908879179;12886
-5.59721333333333;48.7648866666667;7.98309016110584;13.2860931608827;12899
-5.59651166666667;48.76561;7.98309016110584;13.2860931608827;12911
-5.59546166666667;48.7666966666667;7.98309016110584;13.2860931608827;12929
-5.59516666666667;48.7669966666667;8.03459416506828;13.3718102179363;12940
-5.594395;48.767775;8.21374859561468;13.1447454904246;12947
-5.591875;48.770275;7.98309016110584;13.2860931608827;12989
-5.59158;48.77058;8.21374859561468;13.1447454904246;13001
-5.59115333333333;48.770995;7.98309016110584;13.2860931608827;13006
-5.590065;48.7720683333333;7.98309016110584;13.2860931608827;13027
-5.58935333333333;48.77279;7.98309016110584;13.2860931608827;13037
-5.588705;48.7734533333333;7.98309016110584;13.2860931608827;13043
-5.58759833333333;48.774605;8.26674072418615;13.2295506235449;13066
-5.58688833333333;48.77533;8.44190504273292;12.9993938031541;13073
-5.58653166666667;48.7756966666667;8.66749000379658;12.8500823746031;13097
-5.58355833333333;48.7784383333333;9.96320795014136;11.8736888683442;13126
-5.57785166666667;48.7826366666667;10.1033087961872;11.6225272475318;13216
-5.57660666666667;48.7835316666667;9.89892894396869;11.7970841318095;13223
-5.57448833333333;48.785145;10.1689149493529;11.697998493453;13261
-5.567065;48.7900316666667;12.298986550073;9.26795112696733;13354
-5.484695;48.8319466666667;12.298986550073;9.26795112696733;14316
-5.48269833333333;48.83292;12.298986550073;9.26795112696733;14339
-5.48157166666667;48.8334733333333;12.1353653049413;9.48118648515892;14356
-5.484695;48.8319466666667;12.298986550073;9.26795112696733;14367
-5.47325333333333;48.83754;12.056564680484;9.41962068991068;14455
-5.471175;48.8385616666667;12.2141666809042;9.5427528675477;14476
-5.46545666666667;48.841365;12.298986550073;9.26795112696733;14542
-5.46389333333333;48.8421216666667;12.2191234560512;9.20776996901345;14554
-5.46336666666667;48.84237;12.1353653049413;9.48118648515892;14561
-5.462845;48.84262;12.298986550073;9.26795112696733;14573
-5.46128;48.843375;12.298986550073;9.26795112696733;14586
-5.45980166666667;48.84409;12.2191234560512;9.20776996901345;14602
-5.45918833333333;48.8443816666667;12.298986550073;9.26795112696733;14615
-5.45762333333333;48.8451366666667;12.1353653049413;9.48118648515892;14638
-5.45666666666667;48.8455966666667;12.1353653049413;9.48118648515892;14645
-5.45606;48.84589;12.056564680484;9.41962068991068;14657
-5.45501833333333;48.8463916666667;12.1353653049413;9.48118648515892;14667
-5.45397666666667;48.8468983333333;12.056564680484;9.41962068991068;14681
-5.452415;48.847655;12.1353653049413;9.48118648515892;14711
-5.447235;48.8501683333333;12.1353653049413;9.48118648515892;14753
-5.44671;48.8504183333333;12.056564680484;9.41962068991068;14763
-5.44514333333333;48.8511733333333;12.056564680484;9.41962068991068;14777
-5.44306166666667;48.8521816666667;12.2191234560512;9.20776996901345;14806
-5.441495;48.8529333333333;12.1353653049413;9.48118648515892;14813
-5.44105666666667;48.8531383333333;12.2191234560512;9.20776996901345;14837
-5.43897333333333;48.8541316666667;12.2191234560512;9.20776996901345;14855
-5.43680166666667;48.855165;12.2191234560512;9.20776996901345;14866
-5.43627833333333;48.855415;12.2191234560512;9.20776996901345;14873
-5.43584333333333;48.8556216666667;12.2191234560512;9.20776996901345;14886
-5.43470333333333;48.8561616666667;12.2191234560512;9.20776996901345;14897
-5.43313166666667;48.8569066666667;12.1392596003912;9.14758823712403;14912
-5.43261166666667;48.8571566666667;12.298986550073;9.26795112696733;14922
-5.43061;48.8581133333333;12.056564680484;9.41962068991068;14956
-5.42740333333333;48.8596516666667;11.9777633045211;9.3580543075219;14975
-5.42541666666667;48.8606033333333;12.056564680484;9.41962068991068;15004
-5.424385;48.8611016666667;12.056564680484;9.41962068991068;15016
-5.42335;48.8615966666667;11.9777633045211;9.3580543075219;15034
-5.42223166666667;48.862135;11.9777633045211;9.3580543075219;15043
-5.42068;48.862885;11.9777633045211;9.3580543075219;15085
-5.41704833333333;48.8646416666667;11.9777633045211;9.3580543075219;15095
-5.41653;48.8648933333333;12.1392596003912;9.14758823712403;15107
-5.41704833333333;48.8646416666667;11.9777633045211;9.3580543075219;15117
-5.414025;48.866095;12.2191234560512;9.20776996901345;15131
-5.41341833333333;48.866385;12.1392596003912;9.14758823712403;15136
-5.412985;48.8665916666667;11.9777633045211;9.3580543075219;15161
-5.410905;48.8675933333333;12.1392596003912;9.14758823712403;15166
-5.40666833333333;48.8696266666667;11.9777633045211;9.3580543075219;15226
-5.40512166666667;48.8703666666667;11.9777633045211;9.3580543075219;15256
-5.402625;48.8715633333333;11.9777633045211;9.3580543075219;15262
-5.402105;48.87181;11.9777633045211;9.3580543075219;15277
-5.40107;48.8723116666667;12.1392596003912;9.14758823712403;15302
-5.39847;48.8735433333333;12.4511109169518;8.71836172313488;15311
-5.39785166666667;48.8738216666667;12.4511109169518;8.71836172313488;15316
-5.396875;48.8742583333333;12.4511109169518;8.71836172313488;15329
-5.39410833333333;48.87547;12.6842750182185;8.55565152976001;15375
-5.39195333333333;48.8763816666667;12.6842750182185;8.55565152976001;15386
-5.39041833333333;48.87703;12.6013709447103;8.49973202609777;15405
-5.38979166666667;48.8773;12.6013709447103;8.49973202609777;15411
-5.38924333333333;48.8775216666667;12.6842750182185;8.55565152976001;15416
-5.38870833333333;48.8777566666667;12.6842750182185;8.55565152976001;15426
-5.387625;48.8782116666667;12.6013709447103;8.49973202609777;15446
-5.38554666666667;48.87908;12.6013709447103;8.49973202609777;15455
-5.38277;48.8802716666667;12.4511109169518;8.71836172313488;15486
-5.381155;48.8809633333333;12.4511109169518;8.71836172313488;15505
-5.38017166666667;48.8813916666667;12.4511109169518;8.71836172313488;15515
-5.37954666666667;48.8816633333333;12.4511109169518;8.71836172313488;15546
-5.37686333333333;48.8828233333333;12.4511109169518;8.71836172313488;15555
-5.37579333333333;48.8832883333333;12.4511109169518;8.71836172313488;15569
-5.37472833333333;48.8837483333333;12.3691961812455;8.66100440770284;15575
-5.37419666666667;48.88398;12.5330264338624;8.77571958557203;15586
-5.37312833333333;48.8844416666667;12.4511109169518;8.71836172313488;15596
-5.37259833333333;48.884675;12.4511109169518;8.71836172313488;15606
-5.37153;48.8851416666667;12.4511109169518;8.71836172313488;15615
-5.37046;48.885605;12.4511109169518;8.71836172313488;15626
-5.369395;48.886075;12.4511109169518;8.71836172313488;15646
-5.36779833333333;48.8867733333333;12.4511109169518;8.71836172313488;15662
-5.3662;48.8874716666667;12.4511109169518;8.71836172313488;15671
-5.36468166666667;48.8881233333333;12.5330264338624;8.77571958557203;15692
-5.36138666666667;48.8895566666667;12.4511109169518;8.71836172313488;15726
-5.36084666666667;48.889785;12.4511109169518;8.71836172313488;15731
-5.35976833333333;48.8902466666667;12.5330264338624;8.77571958557203;15744
-5.35869166666667;48.8907083333333;12.4511109169518;8.71836172313488;15755
-5.35654;48.891625;12.6013709447103;8.49973202609777;15796
-5.35330166666667;48.893;12.5330264338624;8.77571958557203;15826
-5.35114666666667;48.8939216666667;12.5330264338624;8.77571958557203;15866
-5.347915;48.8953033333333;12.5330264338624;8.77571958557203;15875
-5.34628666666667;48.8959933333333;12.5330264338624;8.77571958557203;15896
-5.34357;48.89714;12.5330264338624;8.77571958557203;15926
-5.34302666666667;48.8973733333333;12.6842750182185;8.55565152976001;15946
-5.33322;48.9015216666667;12.6149411695688;8.83307690100406;16046
-5.32404166666667;48.9054733333333;12.6149411695688;8.83307690100406;16145
-5.32295;48.9059383333333;12.6149411695688;8.83307690100406;16157
-5.3214;48.906595;12.7671783010949;8.61157050013434;16176
-5.32021833333333;48.9071;12.7671783010949;8.61157050013434;16181
-5.31748;48.908255;12.8500823746031;8.66749000379657;16227
-5.31592666666667;48.908905;12.7671783010949;8.61157050013434;16236
-5.313095;48.9101016666667;12.8500823746031;8.66749000379657;16277
-5.30543666666667;48.9133383333333;12.7671783010949;8.61157050013434;16344
-5.30051333333333;48.915415;12.5330264338624;8.77571958557203;16407
-5.29624833333333;48.9172283333333;12.6149411695688;8.83307690100406;16446
-5.28637;48.921395;12.6842750182185;8.55565152976001;16552
-5.2842;48.9223116666667;12.6842750182185;8.55565152976001;16579
-5.27453666666667;48.9263833333333;12.6013709447103;8.49973202609777;16684
-5.17136;48.9693433333333;12.2053651474243;8.54628868282854;17843
-5.16862;48.9704816666667;12.2053651474243;8.54628868282854;17875
-5.15107166666667;48.9777483333333;12.2053651474243;8.54628868282854;18077
-5.14744166666667;48.9792466666667;12.4355635883256;8.3878935520612;18113
-5.146825;48.9795083333333;12.2872806643349;8.60364654526569;18119
-5.14629;48.9797283333333;12.2053651474243;8.54628868282854;18125
-5.14576333333333;48.9799533333333;12.2053651474243;8.54628868282854;18131
-5.14478666666667;48.98036;12.2872806643349;8.60364654526569;18147
-5.14045833333333;48.982185;12.3526595148174;8.33197404839896;18191
-5.13843666666667;48.9830466666667;12.2053651474243;8.54628868282854;18215
-5.13782333333333;48.9833066666667;12.3526595148174;8.33197404839896;18221
-5.13685833333333;48.9837133333333;12.2053651474243;8.54628868282854;18239
-5.13519333333333;48.984415;12.3526595148174;8.33197404839896;18251
-5.13466666666667;48.9846366666667;12.269756231941;8.27605507802464;18257
-5.13316833333333;48.9852533333333;12.269756231941;8.27605507802464;18275
-5.12991;48.9866366666667;12.269756231941;8.27605507802464;18313
-5.12884833333333;48.987085;12.269756231941;8.27605507802464;18327
-5.126305;48.988135;12.269756231941;8.27605507802464;18352
-5.12526166666667;48.9885633333333;12.1868521584327;8.2201355743624;18364
-5.12413166666667;48.9890283333333;12.1868521584327;8.2201355743624;18377
-5.12361;48.9892483333333;12.1868521584327;8.2201355743624;18383
-5.12317333333333;48.9894333333333;12.1868521584327;8.2201355743624;18389
-5.12256;48.9896916666667;12.1868521584327;8.2201355743624;18395
-5.12046;48.99058;12.1868521584327;8.2201355743624;18419
-5.12002666666667;48.99077;12.1868521584327;8.2201355743624;18426
-5.11836666666667;48.9914733333333;12.1868521584327;8.2201355743624;18446
-5.1142;48.9932383333333;12.1868521584327;8.2201355743624;18493
-5.11265;48.9938766666667;12.1039488755563;8.16421660398807;18517
-5.11066666666667;48.99469;12.1039488755563;8.16421660398807;18532
-5.110055;48.994955;12.1039488755563;8.16421660398807;18544
-5.10901;48.9953933333333;12.1868521584327;8.2201355743624;18557
-5.107965;48.9958416666667;12.0210448020481;8.10829710032583;18565
-5.10744666666667;48.9960416666667;12.1868521584327;8.2201355743624;18576
-5.10640833333333;48.9964733333333;12.1039488755563;8.16421660398807;18587
-5.107965;48.9958416666667;12.0210448020481;8.10829710032583;18617
-5.09868666666667;48.9996866666667;12.1039488755563;8.16421660398807;18671
-5.09808;48.9999416666667;12.1039488755563;8.16421660398807;18677
-5.09756;49.0001566666667;12.1039488755563;8.16421660398807;18685
-5.09704;49.0003733333333;12.1039488755563;8.16421660398807;18692
-5.09548;49.0010266666667;11.959620159101;8.37421618952732;18707
-5.095045;49.001205;12.1039488755563;8.16421660398807;18712
-5.09453;49.001425;12.1039488755563;8.16421660398807;18719
-5.09400666666667;49.0016383333333;12.1039488755563;8.16421660398807;18727
-5.09235833333333;49.0023316666667;11.959620159101;8.37421618952732;18746
-5.09183666666667;49.00255;11.959620159101;8.37421618952732;18752
-5.09028166666667;49.0032083333333;11.959620159101;8.37421618952732;18767
-5.08933333333333;49.0036083333333;11.959620159101;8.37421618952732;18779
-5.08769333333333;49.0043;12.1039488755563;8.16421660398807;18797
-5.08718;49.0045116666667;12.0210448020481;8.10829710032583;18805
-5.08667166666667;49.0047183333333;12.1039488755563;8.16421660398807;18812
-5.08563833333333;49.0051466666667;12.1039488755563;8.16421660398807;18822
-5.08416833333333;49.005765;12.1039488755563;8.16421660398807;18839
-5.083125;49.0061983333333;12.0210448020481;8.10829710032583;18851
-5.08043833333333;49.00733;11.959620159101;8.37421618952732;18884
-5.077935;49.00838;11.959620159101;8.37421618952732;18911
-5.07732666666667;49.0086333333333;11.8777046421904;8.31685832709017;18917
-5.07473;49.00974;11.959620159101;8.37421618952732;18947
-5.07212666666667;49.0108233333333;12.1039488755563;8.16421660398807;18977
-5.070565;49.0114616666667;12.1039488755563;8.16421660398807;18997
-5.069525;49.01189;12.1039488755563;8.16421660398807;19007
-5.06796166666667;49.0125283333333;12.1039488755563;8.16421660398807;19027
-5.06278833333333;49.01469;11.959620159101;8.37421618952732;19084
-5.05864666666667;49.016435;11.959620159101;8.37421618952732;19132
-5.05813333333333;49.016655;11.8777046421904;8.31685832709017;19141
-5.05657666666667;49.0173083333333;11.8777046421904;8.31685832709017;19158
-5.05503333333333;49.0179566666667;12.1039488755563;8.16421660398807;19174
-5.054605;49.018135;11.8777046421904;8.31685832709017;19191
-5.052965;49.0188183333333;12.1039488755563;8.16421660398807;19202
-5.052445;49.0190333333333;12.1039488755563;8.16421660398807;19207
-5.04984166666667;49.0200966666667;12.1039488755563;8.16421660398807;19234
-5.04940666666667;49.0202683333333;12.0210448020481;8.10829710032583;19241
-5.04775833333333;49.0209416666667;12.1039488755563;8.16421660398807;19259
-5.0462;49.0215866666667;12.0210448020481;8.10829710032583;19277
-5.04515666666667;49.0220116666667;12.0210448020481;8.10829710032583;19289
-5.04368;49.02261;12.0210448020481;8.10829710032583;19307
-5.04254833333333;49.02307;12.1039488755563;8.16421660398807;19319
-5.04045666666667;49.0239383333333;11.959620159101;8.37421618952732;19348
-5.038905;49.02457;11.8777046421904;8.31685832709017;19362
-5.04045666666667;49.0239383333333;11.959620159101;8.37421618952732;19389
-5.03433666666667;49.0264566666667;11.7957891252798;8.25950046465302;19414
-5.03330666666667;49.0268816666667;11.7957891252798;8.25950046465302;19427
-5.03219;49.027345;11.8777046421904;8.31685832709017;19439
-5.031685;49.0275633333333;11.7138743895734;8.20214314922098;19446
-5.03014666666667;49.028195;12.0210448020481;8.10829710032583;19467
-5.02452833333333;49.030475;12.1607232352086;7.89726600771789;19529
-5.00739333333333;49.03727;11.8552374456635;7.99645862628926;19727
-5.00274833333333;49.0391116666667;12.0768558584867;7.84280189645309;19781
