"x";"y";"vx";"vy";"t"
-4.665215;48.7837533333333;-8.21550793124171;-3.15363802435191;0
-4.67280333333333;48.781525;-7.91634209083572;-3.36028785405985;131
-4.68196833333333;48.7789383333333;-8.19249284458198;-3.47750689450244;281
-4.71231;48.7706716666667;-8.32056364561734;-2.86499982132018;825
-4.72583666666667;48.7670683333333;-7.73224041785576;-3.2821413302578;1070
-4.73784833333333;48.7639483333333;-8.21550793124171;-3.15363802435191;1297
-4.74666833333333;48.76153;-8.58893974570792;-3.2969850674635;1444
-4.75989333333333;48.7582483333333;-8.25193595195184;-3.33399853850054;1644
-4.7667;48.7561166666667;-8.19725985258698;-4.17671251101202;1784
-4.77358;48.7538016666667;-8.03920020149986;-3.5792825366459;1889
-4.78313;48.7506866666667;-8.15677008332985;-3.8035643556663;2096
-4.79029333333333;48.748215;-8.44866369234945;-4.12068861259201;2224
-4.798465;48.7454883333333;-8.38800213215981;-4.45997984646596;2334
-4.80614;48.742895;-8.46456197978949;-4.3129097475257;2466
-4.81387166666667;48.74021;-8.80818182516319;-4.29603732214562;2614
-4.82102833333333;48.7379466666667;-8.77003674185891;-3.9046719286854;2691
-4.82876666666667;48.7353483333333;-8.67868184760471;-3.8639981092201;2844
-4.83644333333333;48.7326983333333;-8.98794046299167;-4.38371146789078;2948
-4.845255;48.7296566666667;-7.81950803137139;-3.81382889345232;3099
-4.85332166666667;48.7268316666667;-7.85823323962667;-4.17829672970524;3244
-4.86100166666667;48.72419;-9.38914932964252;-3.98545743606454;3374
-4.869005;48.7214683333333;-9.0778202104843;-4.42754874979501;3509
-4.87636;48.7189366666667;-8.71830207767056;-4.25220004024139;3633
-4.883985;48.7161083333333;-8.97244674593385;-4.18392063001686;3778
-4.89202;48.7133766666667;-9.40951838796376;-4.1893875012596;3904
-4.90026833333333;48.7108733333333;-9.39692620785908;-3.42020143325669;4024
-4.90855166666667;48.708445;-9.73884150901632;-3.35335205300591;4174
-4.91597666666667;48.7061766666667;-9.14908835773891;-3.51200597389721;4269
-4.92417;48.703685;-8.86139076488826;-3.9453453602564;4401
-4.93308666666667;48.7009383333333;-9.3029565873162;-3.3859992884538;4530
-4.940935;48.6983516666667;-9.02094773940628;-3.82916513372093;4671
-4.95117166666667;48.6951683333333;-9.17911980651862;-3.70860513191646;4819
-4.95919;48.692685;-9.52252017220512;-3.65535301700881;4996
-4.96743666666667;48.6901766666667;-9.17911980651862;-3.70860513191646;5104
-4.974805;48.6878216666667;-9.0864019516008;-3.67114468692648;5207
-4.98249666666667;48.6853366666667;-9.64271173380202;-3.89590842862441;5347
-4.99010166666667;48.6829566666667;-9.45727513973494;-3.82098718139177;5484
-4.99824666666667;48.68035;-9.31816349370956;-4.1487136817943;5587
-5.00614166666667;48.6777783333333;-8.60992397684817;-4.01487348653665;5735
-5.01422333333333;48.6751383333333;-9.2050485345244;-3.90731128489274;5852
-5.02182;48.6724983333333;-9.36455728481712;-3.78352673640179;5939
-5.02998;48.6697433333333;-9.17911980651862;-3.70860513191646;6084
-5.03844333333333;48.667165;-9.70077628481093;-3.15197328368415;6204
-5.04687666666667;48.6645383333333;-9.49089582840196;-3.45440357805959;6356
-5.05465666666667;48.6620183333333;-8.97244674593385;-4.18392063001686;6466
-5.06080666666667;48.6598366666667;-9.86677251825204;-3.59121150491953;6576
-5.06896833333333;48.6568516666667;-9.40951838796376;-4.1893875012596;6678
-5.07676833333333;48.6541033333333;-9.82814921210052;-3.97083003310975;6805
-5.084515;48.6515233333333;-9.4812001661325;-4.02453069796557;6928
-5.09300166666667;48.64847;-8.96237245050581;-3.44033245234141;7054
-5.10086833333333;48.6457;-9.68358219950151;-4.3114085717612;7195
-5.10895833333333;48.6428633333333;-9.61587857098751;-3.69118994866986;7315
-5.1168;48.64026;-10.4237214751958;-3.18685146994688;7446
-5.12549;48.6374516666667;-10.3061521133458;-3.54869275938861;7580
-5.13409666666667;48.63468;-10.6700051916076;-3.05957475471599;7678
-5.142175;48.632205;-10.188105125898;-2.54017990379651;7816
-5.15076;48.6298333333333;-9.89098740667033;-3.21377662361883;7958
-5.15987166666667;48.627355;-10.5639942744919;-2.24544630048781;8085
-5.16832166666667;48.625135;-10.8673119492219;-2.70952518457334;8184
-5.17672833333333;48.622725;-10.3280915468014;-3.15761446677104;8308
-5.18503666666667;48.6205233333333;-9.89098740667033;-3.21377662361883;8455
-5.193215;48.6178416666667;-9.83339282554618;-3.38590868216003;8557
-5.201205;48.6149616666667;-9.52721723363389;-4.64673432318955;8670
-5.21049333333333;48.6111333333333;-9.47697757774701;-6.15442119955146;8810
-5.21887;48.6074433333333;-9.53376963886953;-4.85769826062134;8986
-5.22717833333333;48.6038783333333;-9.44753907518163;-5.02334563226444;9096
-5.23511833333333;48.59998;-7.65439184416079;-6.89204537312278;9236
-5.241855;48.5958366666667;-8.65630235335583;-7.2635001120599;9319
-5.24788166666667;48.5914016666667;-7.36558241875585;-7.89862011698169;9451
-5.25412833333333;48.586765;-8.06101703578681;-8.06101703578681;9584
-5.26038166666667;48.58207;-7.7065815987871;-8.26429696779128;9716
-5.26766;48.5767283333333;-7.56117597948163;-8.39753666963818;9851
-5.27406166666667;48.5718233333333;-7.0245832387246;-7.53294326617211;9967
-5.28092;48.566625;-7.56117597948163;-8.39753666963818;10111
-5.28466166666667;48.56386;-7.2635001120599;-8.65630235335583;10165
-5.29127666666667;48.558825;-7.77478104455075;-8.33743191946925;10290
-5.29817666666667;48.55381;-7.84298114071873;-8.41056756862046;10411
-5.30511;48.5487666666667;-7.47907268022513;-8.60368892664074;10550
-5.31127;48.544035;-7.91118123688671;-8.48370321777167;10666
-5.31760666666667;48.5392533333333;-7.71070817708601;-7.98467205816538;10787
-5.32341;48.534305;-6.26296041221478;-9.2852206544901;10918
-5.32925666666667;48.5293116666667;-7.49426266359268;-8.32322190360319;11026
-5.33713;48.5227766666667;-7.32777850522253;-8.73290635933358;11186
-5.34340166666667;48.5173816666667;-7.28225547206129;-8.37727662837163;11316
-5.34937833333333;48.5120283333333;-7.49426266359268;-8.32322190360319;11472
-5.35479166666667;48.507;-6.94210630721663;-8.27328013179634;11565
-5.360765;48.50162;-6.52441652466873;-8.98008894617741;11715
-5.36626;48.4951916666667;-5.87143385750318;-9.77170690102071;11838
-5.370365;48.4894783333333;-4.69106286653783;-10.0600167818358;11984
-5.37405833333333;48.4830416666667;-4.15706835143201;-10.8295333035002;12093
-5.377435;48.4768216666667;-3.58459725263002;-11.032255951823;12233
-5.38054;48.4699816666667;-3.11470217330574;-10.8622573474491;12372
-5.38321166666667;48.4626816666667;-2.01431892717792;-11.423770310616;12481
-5.38541833333333;48.4564233333333;-2.25154618183716;-11.583200951913;12618
-5.388;48.4491116666667;-2.56444193370804;-11.107818366859;12769
-5.390195;48.4428766666667;-1.79899634796265;-11.3584159168441;12876
-5.39247166666667;48.4361816666667;-3.08713833257674;-10.7661308111631;12989
-5.39461333333333;48.43001;-1.1916244413768;-11.3375492278183;13137
-5.39701833333333;48.4232916666667;-2.65442248416362;-11.4975669503121;13254
-5.39946333333333;48.416215;-2.9505370154371;-11.0115540512239;13417
-5.401655;48.4100233333333;-2.78210179939618;-11.158400852174;13504
-5.40401333333333;48.403415;-2.45196640653611;-10.6206333344664;13645
-5.40614;48.3970983333333;-2.89877325578241;-10.8183690702018;13778
-5.408345;48.39099;-3.3038003191324;-10.806243924783;13880
-5.410425;48.3850066666667;-2.49179557081951;-9.99404616571199;14004
-5.41255333333333;48.3789416666667;-2.14149045507893;-10.074920474125;14131
-5.41463;48.37302;-1.54482147374705;-10.9919759407887;14253
-5.41677166666667;48.366945;-2.26623735060156;-10.6618084748648;14404
-5.41903833333333;48.3605466666667;-1.67384874609296;-10.5682650559814;14516
-5.421285;48.3542183333333;-2.07981797681648;-10.6997359251185;14655
-5.42342666666667;48.34774;-2.34940214589669;-11.0530680748589;14786
-5.42508;48.3415016666667;-2.20386400198026;-10.368364940912;14894
-5.42687666666667;48.3353;-0.949997562702194;-10.8585218291819;15018
-5.428135;48.3292133333333;-0.387286081188928;-7.38985865242058;15150
-5.42941833333333;48.323375;0.109950163883668;-6.29904067019108;15517
-5.429415;48.322765;0.334950124945986;-6.39122911766601;15633
-5.42904333333333;48.3196833333333;-1.19874111679355;2.96698837882529;16228
-5.43025166666667;48.3214133333333;-1.20460218701578;3.49841877480331;16368
-5.43205166666667;48.3240016666667;-1.26821334568526;4.7330366409343;16470
-5.432745;48.3255833333333;-0.551274711634;1.92252339187664;16626
-5.43345333333333;48.3265666666667;-0.788409506087977;2.05387698281043;16739
-5.43451;48.3276316666667;-0.985890237078074;1.8541898607993;16880
-5.43569666666667;48.3285883333333;-0.876742293578154;1.79758809259833;17004
-5.43690166666667;48.329425;-1.26186818732256;1.80213453649599;17119
-5.43807666666667;48.3302416666667;-0.891995958100118;1.67760040538085;17278
-5.43876;48.3310033333333;-0.824246266865876;2.14723493642698;17364
-5.43974;48.331905;-0.401722077952353;1.23637342583379;17477
-5.44047333333333;48.3329333333333;-0.580612572510673;2.328709835597;17608
-5.44077;48.3339733333333;-0.0628190924003638;1.7989034409797;17725
-5.44106333333333;48.33614;0.122018037768767;1.39467255357731;18000
-5.44097166666667;48.3373133333333;0.292263498743556;2.07956284991798;18106
-5.44098833333333;48.338445;0.255925609528443;2.0843468237902;18233
-5.44101666666667;48.339705;0.219509762893461;2.08849588542838;18384
-5.4409;48.3408616666667;0.382025999147437;2.16657710358615;18498
-5.44083;48.3420383333333;0.328512361665732;2.07414542105649;18589
-5.44050666666667;48.3465916666667;-0.209056926535307;1.98904379073655;19059
-5.441005;48.3479183333333;-0.595283791394344;2.22162935440592;19204
-5.44169;48.3491233333333;-0.752572659868501;1.96051880661096;19308
-5.44256833333333;48.35026;-1.08957724267082;2.13841574302509;19434
-5.443805;48.3513033333333;-1.11506210344905;2.01162528471549;19549
-5.44495;48.3523633333333;-1.3519060522449;1.86073904848544;19679
-5.44618666666667;48.353355;-1.3519060522449;1.86073904848544;19816
-5.447585;48.3542666666667;-1.11506210344905;2.01162528471549;19978
-5.44864333333333;48.3553183333333;-1.1845875477342;1.97148475074194;20098
-5.44958333333333;48.3564766666667;-0.824134523377641;2.0398045242585;20201
-5.450315;48.35764;-0.427406997890093;1.85130309986115;20330
-5.45072333333333;48.3587416666667;-0.494892330283006;2.1436141889891;20503
-5.450765;48.361;0.306180828748435;2.17858979845112;20718
-5.45034166666667;48.3623566666667;0.7107390723273;2.18742994212894;20884
-5.44988333333333;48.3632833333333;0.457405729713072;2.15192476825608;20944
-5.44916333333333;48.3647733333333;1.17953630370925;2.64928191428603;21109
-5.44866833333333;48.3665816666667;0.531877196055538;3.35814045221677;21254
-5.448415;48.368365;0.216245061954293;3.09244846067033;21345
-5.448835;48.3699783333333;-0.422373063068001;2.66675856670352;21472
-5.44910666666667;48.3713683333333;-0.5197792270444;2.44536900183451;21598
-5.44957666666667;48.372845;-0.803444155904707;2.47274685166758;21745
-5.45028666666667;48.3742883333333;-1.05654565435175;2.26576946759162;21874
-5.45124166666667;48.3755783333333;-1.08957724267082;2.13841574302509;21994
-5.45249833333333;48.37682;-1.34206302165858;1.98969025319528;22126
-5.453825;48.3780016666667;-1.66228601273631;2.12762907231343;22245
-5.45500833333333;48.3790233333333;-1.05209079410012;2.15710579683368;22386
-5.45580166666667;48.3803083333333;-0.730929261806841;2.39076188990759;22504
-5.456485;48.38167;-0.771784583144186;2.69153270279076;22637
-5.45702666666667;48.383405;-0.416755642961016;2.36353870114789;22758
-5.45709833333333;48.3848916666667;-0.162241459361982;3.09575146250245;22901
-5.457015;48.3865733333333;0.469303395120693;2.96306502178541;23034
-5.45621833333333;48.389725;0.64452622170705;3.03225746899137;23294
-5.455935;48.3914;0.252751662280028;2.88896471947059;23404
-5.45560333333333;48.3929533333333;0.14654067498467;2.79616264969444;23517
-5.45563166666667;48.39459;-0.826912067450999;2.88378508781496;23660
-5.45598833333333;48.395965;-0.895919873863252;2.333951066243;23748
-5.45659166666667;48.397445;-1.18360211723367;2.42674396786559;23871
-5.45733333333333;48.3989233333333;-1.23609142890199;2.05720160343091;24035
-5.45811;48.4003016666667;-1.78541833715846;2.28523126061005;24156
-5.45922166666667;48.401625;-1.53584270365293;1.43219649109081;24252
-5.46051166666667;48.4026133333333;-0.157602153069799;0.123132296899946;24409
-5.46128833333333;48.4033816666667;-1.50453755788012;1.99658877511823;24543
-5.46288;48.404925;-1.96224483660449;1.70575341280865;24676
-5.46418;48.4059583333333;-2.20643007252354;1.72385210155482;24792
-5.46551833333333;48.4071683333333;-1.50941916044554;1.31211805798101;24944
-5.46668833333333;48.40817;-1.42574000549815;0.925886385495958;25067
-5.46758666666667;48.40913;-1.55563495232788;1.55563495232788;25180
-5.46882333333333;48.41038;-1.99264152872727;2.37473770061314;25327
-5.47001666666667;48.4117783333333;-1.27279217241831;1.27279217241831;25474
-5.47102333333333;48.4130666666667;-1.44435611295847;1.91672530027732;25614
-5.47180666666667;48.4143716666667;-1.43394109087762;2.04788011072248;25726
-5.472315;48.4156933333333;-0.813920386142894;2.36379643899829;25840
-5.47221;48.4172416666667;-0.520944533000794;2.95442325903662;25953
-5.47169833333333;48.4188666666667;0.104698490107503;2.99817248105729;26094
-5.47065833333333;48.4207033333333;1.27127636749465;2.60650281998326;26213
-5.46885833333333;48.422455;2.68115555091642;2.24975663390289;26374
-5.46667166666667;48.42356;2.88336360780802;1.80172554892994;26487
-5.46397166666667;48.4243533333333;3.05290394041926;0.538309334207104;26625
-5.46105833333333;48.4246766666667;3.06183376165163;-0.484946826705963;26778
-5.45813;48.42426;2.43214472702359;-1.5794532534844;26896
-5.45623333333333;48.4235066666667;1.53915368831415;-1.9700268840168;27032
-5.45461;48.422095;0.64452622170705;-3.03225746899137;27163
-5.45394333333333;48.420725;-0.0697989934050018;-1.99878165403819;27279
-5.45414333333333;48.419505;-0.998779121074956;-1.96021439570091;27384
-5.45492333333333;48.4185233333333;-1.09273896711762;-1.30227558983011;27507
-5.45600166666667;48.4177333333333;-1.39886269356534;-1.13277667388137;27666
-5.45704333333333;48.4170166666667;-1.3777238983134;-1.58489004649311;27791
-5.45787666666667;48.41627;-0.899999976158142;-1.55884568551668;27909
-5.45849666666667;48.4154183333333;-0.7511545116505;-1.41271616962539;28020
-5.45913666666667;48.41445;-0.726384810407251;-1.42561045994464;28184
-5.45948;48.4135666666667;-0.749213186831824;-1.85436770913357;28294
-5.45981666666667;48.4125866666667;-0.52444922185096;-1.29805737428772;28470
-5.46006333333333;48.411655;-0.561909890123868;-1.39077578185018;28552
-5.46011666666667;48.41071;-0.52532890517249;-1.61679612305167;28694
-5.46017833333333;48.4099;-0.561909890123868;-1.39077578185018;28789
-5.460335;48.40911;-0.325568154457157;-0.945518575599317;28934
-5.46031;48.408295;-0.591665556360974;-1.26883088024325;29032
-5.46034333333333;48.4073966666667;-0.520909054893601;-1.51282974350183;29162
-5.46036833333333;48.4064566666667;-0.507950448404544;-1.19665626559508;29284
-5.46037;48.4054216666667;-0.413456033725498;-1.44189254390748;29421
-5.46030833333333;48.4044783333333;-0.353449884304192;-1.66285096788918;29562
-5.46042166666667;48.403615;-0.385892291572092;-1.34576635139538;29674
-5.46057666666667;48.402665;-0.711752518558916;-1.76164930157111;29799
-5.46082;48.4016116666667;-0.573388727816638;-1.49372870465381;29954
-5.46092333333333;48.4002116666667;-0.387075038727335;-1.55247318517525;30150
-5.46069833333333;48.3991883333333;-0.0523492450537514;-1.49908624052864;30282
-5.45997166666667;48.3980633333333;0.0628190924003636;-1.7989034409797;30404
-5.45885666666667;48.3970016666667;0.595283791394345;-2.22162935440592;30609
-5.45729333333333;48.39608;0.618033988749895;-1.90211303259031;30745
-5.45592333333333;48.3951666666667;0.382025999147437;-2.16657710358615;30848
-5.45476;48.3943566666667;0.278346201920131;-1.98053613748314;30998
-5.45391833333333;48.3934083333333;0.104671912485888;-1.99725906950915;31107
-5.45309333333333;48.3923383333333;1.95943490783362e-16;-1.60000002384186;31257
-5.45236166666667;48.3913533333333;-0.104671912485887;-1.99725906950915;31358
-5.45197166666667;48.3903216666667;-0.359921692313435;-1.55899212688717;31512
-5.45182166666667;48.3892966666667;-0.387075038727335;-1.55247318517525;31654
-5.45175333333333;48.38832;-0.609225531315326;-1.58708676956183;31764
-5.45162166666667;48.38731;-0.716735899090601;-1.8671608529944;31894
-5.45156;48.3863133333333;-0.52444922185096;-1.29805737428772;32012
-5.45136;48.3852183333333;-0.523710969480591;-1.82639719936454;32204
-5.45124;48.384185;-0.52532890517249;-1.61679612305167;32296
-5.45107833333333;48.3831233333333;-0.651136308914314;-1.89103715119863;32409
-5.45091;48.3820533333333;-0.846477170540009;-2.45834820638655;32544
-5.45059666666667;48.3809916666667;-0.277837088407184;-1.57569242829918;32684
-5.45019333333333;48.3799533333333;-0.508035957687832;-2.03762093264498;32804
-5.44978833333333;48.3787766666667;-0.312868930080461;-1.97537668119028;32944
-5.44919166666667;48.3777183333333;-0.375442731015307;-2.37045211162163;33065
-5.448785;48.3766466666667;-0.312566711520284;-1.77265390846268;33194
-5.448145;48.3755;-0.375442731015307;-2.37045211162163;33324
-5.44762333333333;48.3743983333333;-0.364661156540173;-2.06809618740705;33446
-5.44712166666667;48.3733;-0.174311485495316;-1.99238939618349;33580
-5.44663833333333;48.372195;-0.229962624173142;-2.1879482172327;33704
-5.44616;48.3709733333333;-0.517387414264387;-2.24105110254446;33870
-5.44585333333333;48.3698916666667;-0.362537086666194;-1.86509162514675;33971
-5.445435;48.36881;-0.595283791394343;-2.22162935440592;34102
-5.445265;48.3673016666667;-0.744220873849311;-2.59540662486999;34199
-5.44519166666667;48.365015;-0.879034032558623;-2.55290019920399;34406
-5.44554333333333;48.3632783333333;-1.1410693268519;-2.44703106821508;34497
-5.44565333333333;48.361935;-0.748806739727161;-2.17469267879259;34624
-5.44538166666667;48.3609766666667;-0.491756179524062;-1.83525904691976;34782
-5.44534333333333;48.3596983333333;-0.523710969480591;-1.82639719936454;34932
-5.44506833333333;48.3586383333333;-0.472397192669112;-2.04617704312582;35022
-5.44438333333333;48.3581183333333;0.0628031499871054;-1.19835548932386;35154
-5.443705;48.3569033333333;0.0331595718147407;-1.89971059695892;35278
-5.44328333333333;48.3563616666667;0.0279238507157513;-1.59975633608845;35352
-5.44243;48.3557966666667;0.324375301238608;-1.66876625866866;35487
-5.44124166666667;48.3550783333333;0.311867536226639;-1.46722140110071;35622
-5.44016;48.3543066666667;0.478196878966844;-2.24973943504604;35754
-5.439045;48.3529216666667;0.701573520310506;-2.813857698735;35924
-5.43773666666667;48.3515283333333;0.750575255480219;-2.80118498835616;35995
-5.43676666666667;48.3500983333333;-0.787328690203527;-3.41029522674832;36135
-5.43821166666667;48.348285;1.68014392702993;-3.95817104541786;36251
-5.43466166666667;48.344655;2.7047569154445;-5.80036992346681;36402
-5.431475;48.3417916666667;3.19974344739078;-5.77248998370978;36544
-5.42812166666667;48.33886;3.35515742082448;-4.97422543533025;36662
-5.42601666666667;48.33607;-2.4930242788806;-2.86789636885918;36774
-5.42751166666667;48.3358433333333;-1.48540210311236;0.208759651440098;36908
-5.42947;48.3362483333333;-1.18176935057394;0.208377821480506;37028
-5.43095833333333;48.3365;-2.07956284991798;0.292263498743556;37164
-5.43261;48.3367133333333;-1.98509230328264;0.243738686810295;37284
-5.43448833333333;48.3373433333333;-2.09908738054479;1.16354313482626;37414
-5.43678;48.3392583333333;-2.64798615926257;3.51399632037191;37551
-5.438585;48.342455;-2.32336716159477;4.76360861681695;37669
-5.439925;48.345155;-2.31535150537578;4.54413318838767;37804
-5.44126833333333;48.3476833333333;-2.12409228849943;3.27081529496901;37937
-5.44210333333333;48.349665;-1.80263326218519;3.00008555245739;38059
-5.442975;48.35162;-1.75;3.03108891324553;38184
-5.44371833333333;48.35345;-1.54925613480729;2.91372701433224;38298
-5.44448166666667;48.3552933333333;-1.90564090172613;3.17151905347074;38415
-5.44534166666667;48.3570683333333;-1.21202405061584;2.18654926784849;38544
-5.44627333333333;48.358885;-1.35746691357222;2.44893513828519;38658
-5.44706;48.360515;-1.63436575576646;3.20762340210512;38794
-5.448055;48.3623516666667;-1.64835275507259;2.97370708768418;38924
-5.44832833333333;48.3628816666667;-1.60000002384186;2.77128133340551;38949
-5.44894333333333;48.3645733333333;-1.74873354670106;2.79855867687812;39085
-5.44978333333333;48.366255;-1.92580810278333;2.55563367023325;39198
-5.45073666666667;48.367915;-1.54356774241037;3.02942226721345;39332
-5.45155166666667;48.3698566666667;-1.74531458665176;3.14863086229159;39467
-5.45197166666667;48.37213;-0.397208155432777;3.77918315497694;39595
-5.45396833333333;48.3751966666667;-3.18739944312568;4.72551400543737;39715
-5.45472666666667;48.3767233333333;-1.20443505953931;1.3376606504234;39847
-5.455335;48.3779366666667;-1.0168416076895;2.2838636441065;39960
-5.45568333333333;48.3791433333333;-0.382416803111073;1.65642915659649;40092
-5.45552166666667;48.3805;-0.587132281944861;1.80700735828584;40219
-5.45567333333333;48.3818;-0.832905168447664;1.7077086665395;40364
-5.456015;48.3830766666667;-0.643217764331389;2.10387050871884;40504
-5.45635833333333;48.384205;-0.732125938141726;1.64438178019544;40622
-5.45696;48.38543;-1.06246650326222;1.57517136808878;40756
-5.457605;48.3864433333333;-1.38450489031798;1.70972115226254;40864
-5.45819833333333;48.3872233333333;-0.86036465452657;1.22872806643349;41004
-5.45842333333333;48.3879733333333;-0.537551924317951;1.4003706397458;41110
-5.45844833333333;48.3888416666667;-0.387075038727336;1.55247318517525;41237
-5.45819333333333;48.38967;-0.465874268843083;1.73866644126139;41354
-5.45797166666667;48.390615;-0.337426581515798;1.46155509717785;41496
-5.45795666666667;48.3916066666667;-0.788409506087977;2.05387698281043;41605
-5.45817333333333;48.3927633333333;-0.772799612146663;1.73573634774032;41736
-5.45857666666667;48.3938366666667;-1.00825361671171;2.06722626363024;41868
-5.45921333333333;48.3949;-1;1.73205080756888;41985
-5.4599;48.3960216666667;-0.894708658885394;1.32646013585386;42114
-5.46093;48.3969416666667;-1.56060406263072;1.40517420954033;42238
-5.46227;48.397645;-1.389316740918;1.4386796006773;42358
-5.46351333333333;48.3983466666667;-0.962904051391665;1.27781683511662;42506
-5.46404;48.398795;-1.11679196534181;1.53713227002393;42566
-5.46493333333333;48.399765;-0.68098574960932;1.33650978628255;42695
-5.46571;48.4009966666667;-0.701393845314106;1.43807049550759;42851
-5.466315;48.4021016666667;-1.06246650326222;1.57517136808878;42988
-5.46719166666667;48.4030333333333;-1.11283040435269;1.78090092105232;43105
-5.46821;48.4039416666667;-0.917722311836802;1.31064329039249;43237
-5.469185;48.4047683333333;-1.10819062622916;1.41841931891682;43361
-5.47000833333333;48.4055366666667;-1.32399307963128;1.75699816018595;43486
-5.47107166666667;48.4064516666667;-0.99923495692499;1.37532892901435;43631
-5.47214666666667;48.4073216666667;-0.980350237056636;1.50960698231083;43774
-5.47307833333333;48.4081833333333;-0.953380006157141;1.87111361582257;43876
-5.47383166666667;48.4091466666667;-0.907980999479094;1.78201304837674;44021
-5.474515;48.4101166666667;-0.68098574960932;1.33650978628255;44144
-5.47518333333333;48.41103;-0.938943125571782;1.76589518571785;44263
-5.47589166666667;48.4118316666667;-0.726384810407252;1.42561045994464;44389
-5.476685;48.4126966666667;-0.67873345678611;1.2244675691426;44542
-5.47629833333333;48.4136566666667;0.250511575091827;1.78248247651517;44646
-5.475105;48.4145966666667;0.899055859923457;2.22524133938343;44784
-5.47308833333333;48.4152166666667;2.52669247749495;2.27504412543339;44893
-5.46975833333333;48.415105;5.29919297503469;-0.0924977574463848;45040
-5.46645833333333;48.4136916666667;3.67701347308248;-3.0853806490974;45135
-5.464145;48.4114383333333;2.31767133709524;-3.85725285315951;45260
-5.46292666666667;48.40874;1.60749460839548;-4.41655513846163;45403
-5.46191833333333;48.4067566666667;0.991858448262022;-2.72510868989521;45554
-5.460885;48.40474;1.34223090275543;-3.01469996665934;45704
-5.459775;48.4026083333333;1.07437489418432;-3.12021125439191;45842
-5.4589;48.4006116666667;1.09446447495093;-3.00701643132294;45988
-5.45785666666667;48.39862;2.17915448534164;-4.27683148605017;46119
-5.45700833333333;48.3968616666667;1.49761347945432;-4.34938535758518;46194
-5.45602333333333;48.3947066666667;1.46425187628345;-3.28876356039088;46334
-5.45505333333333;48.3928316666667;1.79730878957918;-2.76761283422897;46475
-5.45371333333333;48.3907833333333;2.26555334776275;-2.79772538713068;46622
-5.45257666666667;48.3891683333333;1.92836282905962;-2.29813332935693;46734
-5.45143333333333;48.3875083333333;2.20262136867443;-2.7200108650994;46842
-5.45010833333333;48.38573;2.2081309690776;-2.45237788863949;46979
-5.44903;48.384095;2.03378292730391;-2.33959962671588;47136
-5.44799;48.38244;2.08397511137699;-2.15801940101595;47221
-5.44678666666667;48.3806866666667;2.13968938958612;-2.64229634306811;47346
-5.44565833333333;48.3789116666667;1.87356566589817;-2.0808054759008;47480
-5.44455166666667;48.37717;2.31879448925293;-2.4866026552525;47628
-5.44332833333333;48.3754266666667;2.341957122256;-2.60100688917088;47731
-5.44219666666667;48.373685;2.07430481589919;-2.30374888810811;47873
-5.44110666666667;48.3720833333333;2.29620660146678;-2.6414835307797;47986
-5.43985833333333;48.3703633333333;2.22152895810073;-1.86408412939197;48137
-5.43847666666667;48.3684;2.2923725893908;-2.37382130681675;48261
-5.43719;48.3667116666667;1.9450434041613;-2.01415140664743;48394
-5.43605666666667;48.3647833333333;1.54999995231628;-2.68467866914114;48563
-5.435215;48.3630683333333;1.44662476350079;-2.96602030992941;48652
-5.43450166666667;48.3611966666667;1.12866645666592;-3.10098560378546;48794
-5.43373;48.35951;1.00654719958295;-1.49226759106748;48915
-5.43301833333333;48.3579416666667;2.10418158820023;-4.31421159366736;49038
-5.43208666666667;48.3557283333333;1.26050496640543;-2.27401115515219;49174
-5.43095666666667;48.3534983333333;1.64821126109275;-3.53460045587518;49306
-5.43002166666667;48.351755;1.05497406555255;-2.48536314821468;49417
-5.42911833333333;48.3497766666667;1.29012458418645;-3.36088944635676;49540
-5.42849666666667;48.347955;1.31112307695569;-3.24514349098376;49691
-5.427735;48.3465266666667;1.95717516214761;-2.90163150394265;49754
-5.42680833333333;48.3445866666667;1.79730878957918;-2.76761283422897;49880
-5.42554;48.342205;3.16509519009166;-3.05649689626737;50065
-5.423305;48.339855;4.06228418458289;-2.74004528033545;50199
-5.42099833333333;48.338005;3.43058030610869;-1.38604441350151;50287
-5.42050333333333;48.33698;1.27279217241831;-1.27279217241831;50410
-5.41995666666667;48.3358083333333;1.3519060522449;-1.86073904848544;50540
-5.41941666666667;48.3345933333333;1.43078203869817;-2.28972990006043;50664
-5.41905;48.3335716666667;1.36146757685138;-2.56054810349533;50802
-5.41849166666667;48.3323;1.21202405061584;-2.18654926784849;50938
-5.41799;48.33073;1.22559299935205;-2.62829266883853;51056
-5.41729666666667;48.32842;1.05253810911911;-3.4426970302666;51194
-5.41624666666667;48.3258933333333;2.13316237531893;-3.84832679482358;51326
-5.41536;48.32336;1.73273483283285;-3.71586184041802;51454
-5.41489;48.321925;1.19874111679355;-2.96698837882529;51601
-5.414105;48.3194366666667;1.8303148938411;-4.1109545593917;51718
-5.413185;48.3169716666667;1.5629245139571;-3.68201941380976;51897
-5.41286;48.3157316666667;0.781462256978548;-1.84100970690488;51986
-5.41265333333333;48.314635;0.41126723405517;-1.6495027809365;52099
-5.41255666666667;48.31365;0.683693093311431;-1.98558891858689;52221
-5.41220166666667;48.3117383333333;0.776457135307563;-2.8977774788672;52353
-5.41204333333333;48.310275;0.38161799075309;-1.96325436689533;52480
-5.41178666666667;48.308805;0.410424188299594;-1.12763118975113;52615
-5.41152833333333;48.3070433333333;0.496103369782053;-2.55223058334866;52744
-5.41139166666667;48.3056016666667;0.304673358512869;-2.48136537910331;52903
-5.41133666666667;48.3039633333333;0.261467228242976;-2.98858409427524;53000
-5.4114;48.301795;0.610094428575654;-3.85198462251434;53129
-5.41126;48.2992216666667;0.850876087128339;-4.82555808367841;53281
-5.41146833333333;48.2971466666667;-0.177987429854479;-5.09689312248805;53350
-5.41249;48.2943516666667;-4.37634786638725;-4.53184087933668;53474
-5.41535666666667;48.2934833333333;-3.46054201370489;0.992294454654371;53603
-5.41824833333333;48.2930933333333;-3.06017526468188;0.935589469054127;53726
-5.420495;48.2925483333333;-2.45834820638655;0.846477170540008;53834
-5.42351;48.291735;-3.20197585044348;0.798342243943168;54004
-5.42556833333333;48.29121;-2.328709835597;0.580612572510672;54121
-5.42788166666667;48.2906333333333;-3.67242080840118;0.45091657641023;54249
-5.43034333333333;48.2898816666667;-3.07689297543152;0.377794952933592;54355
-5.43213;48.2897883333333;0.031409546200182;0.899451720489852;54498
-5.430355;48.28939;2.66873132351446;-4.10948586291444;54615
-5.42773833333333;48.287205;3.98775434939351;-1.8595203919631;54755
-5.42433833333333;48.2857716666667;4.72863756986747;-1.91049359069588;54870
-5.42063333333333;48.2848466666667;4.44459753267812;-0.70395509268104;54977
-5.417565;48.283355;4.48287614141285;-0.392200842364462;55138
-5.41383;48.2826016666667;3.90000009536743;2.38806131673305e-16;55244
-5.41043166666667;48.28094;4.12283398324966;-0.80139774418756;55407
-5.40736166666667;48.27987;3.66863291312553;-3.5427576230931;55514
-5.40475333333333;48.2775883333333;4.04508497187474;-2.93892626146237;55649
-5.40043333333333;48.2748633333333;5.88616668607761;-3.97026956131351;55761
-5.39666333333333;48.2716316666667;5.91574870374592;-3.14545938112087;55917
-5.39256333333333;48.2689116666667;4.8846535540462;-5.4249573677286;56038
-5.388765;48.2661016666667;5.4559602090232;-3.15000009536743;56195
-5.38461666666667;48.2628366666667;5.91445445659042;-3.55376276599723;56284
-5.38126166666667;48.2593533333333;4.13802753901232;-6.13487811597049;56404
-5.377985;48.2558066666667;5.35085776498923;-4.03216054033162;56534
-5.37502333333333;48.252205;4.01503505445733;-5.73406431002294;56661
-5.37086666666667;48.2491683333333;4.90561227144802;-4.2643836884383;56836
-5.36752166666667;48.2460816666667;5.53522566845794;-3.59461757915835;56922
-5.366465;48.2452466666667;4.86260859321298;-5.03537860237056;56944
-5.36203833333333;48.2416383333333;5.43891547308905;-4.56379196747343;57100
-5.35873166666667;48.23846;5.41833542207575;-5.61085057984466;57211
-5.35457;48.2354266666667;5.74533332339233;-4.82090707264905;57357
-5.35070833333333;48.23156;5.41201746172919;-5.04678792950292;57501
-5.346375;48.2286633333333;5.30330085889911;-5.30330085889911;57623
-5.34287666666667;48.225575;5.73406431002294;-4.01503505445732;57729
-5.33919166666667;48.2222433333333;4.45343122871871;-5.90990285051379;57860
-5.335555;48.2192783333333;4.97907018895491;-4.48317493497782;57999
-5.33272;48.215925;5.12769936666583;-4.61700124768939;58144
-5.32956166666667;48.21268;3.24473997016906;-5.40015415791499;58255
-5.32582;48.2090566666667;3.35952974136855;-6.59344836396693;58396
-5.323795;48.2057166666667;4.12975023232651;-5.89789456263989;58491
-5.319675;48.201915;4.34231075826055;-5.36230720816751;58645
-5.31686333333333;48.1982966666667;6.23503969135743;-7.4306309521427;58755
-5.31112333333333;48.1934333333333;7.29738232258787;-7.82548446783048;58866
-5.306215;48.18764;6.13851312136379;-8.14608205015475;58999
-5.30078833333333;48.1823883333333;5.76842634075689;-9.60027360437197;59165
-5.29520333333333;48.177105;6.74032814451583;-8.94471756020205;59276
-5.28967333333333;48.1720033333333;6.68014698656195;-8.86485446618022;59414
-5.284475;48.1672133333333;5.97191619323078;-7.64370415968408;59525
-5.27936;48.1624466666667;6.37923947498592;-8.46553671115658;59649
-5.27293833333333;48.1564966666667;7.43378186451951;-7.97175506865966;59787
-5.26725166666667;48.1511916666667;6.31905774309651;-8.38567285549658;59911
-5.26224833333333;48.1463833333333;5.93663127237626;-8.17107195180246;60034
-5.256885;48.1414733333333;5.9910293851653;-9.22537624739967;60184
-5.251125;48.1360066666667;6.79666034337159;-8.39317653196411;60314
-5.245485;48.13116;6.13726775955517;-8.76492671765136;60419
-5.23987333333333;48.1262716666667;6.23503969135743;-7.4306309521427;60547
-5.23434666666667;48.1214583333333;7.43378186451951;-7.97175506865966;60677
-5.227385;48.115275;6.05418821072361;-8.3328751963697;60837
-5.219625;48.1083416666667;6.49215510303806;-7.73704916772444;61042
-5.21265166666667;48.102015;7.4328444314157;-7.69693572642039;61195
-5.20007;48.0917633333333;6.62619644307078;-7.62256704814885;61494
-5.19209666666667;48.08614;6.52601187330819;-8.3529142888335;61656
-5.18294833333333;48.0793566666667;6.684990895536;-7.96686191621461;61868
-5.17226;48.07135;5.81907377347321;-8.00926793569649;62076
-5.16592166666667;48.0675333333333;7.87733543354763;-7.09278468265697;62235
-5.11978;48.0438333333333;8.51918094812381;-5.96519471924883;63112
-5.11296333333333;48.040815;7.37843407948714;-4.97681662757448;63227
-5.04831666666667;48.01349;7.28115294937453;-5.29006727063226;64481
