"x";"y";"vx";"vy";"t"
-4.613225;48.3296633333333;-10.77196046447;-5.72755297644327;0
-4.65020833333333;48.31587;-10.5953711143071;-5.63365875343069;500
-4.65875833333333;48.312715;-10.4079741813179;-5.76923429599122;644
-4.67714;48.3061416666667;-10.4079741813179;-5.76923429599122;893
-4.685765;48.3031066666667;-11.0883731045059;-4.03583775647806;1006
-4.71433666666667;48.29573;-11.1262062548014;-4.49527912099095;1377
-4.72445666666667;48.2931333333333;-11.1262062548014;-4.49527912099095;1498
-4.72983833333333;48.29174;-11.2189249939507;-4.53273992323361;1558
-4.73984;48.2891616666667;-11.1262062548014;-4.49527912099095;1692
-4.75021333333333;48.286515;-11.1262062548014;-4.49527912099095;1822
-4.760455;48.28393;-11.1262062548014;-4.49527912099095;1967
-4.77057666666667;48.2813333333333;-11.0460582414293;-4.68877354187129;2101
-4.779895;48.2788716666667;-11.0460582414293;-4.68877354187129;2235
-4.789695;48.276165;-10.9540074049393;-4.64970027997026;2331
-4.79981;48.2733766666667;-11.1262062548014;-4.49527912099095;2475
-4.81029833333333;48.2705333333333;-11.0460582414293;-4.68877354187129;2628
-4.81968166666667;48.2679916666667;-11.0460582414293;-4.68877354187129;2715
-4.82988666666667;48.2652133333333;-11.0460582414293;-4.68877354187129;2895
-4.83994333333333;48.262505;-11.0460582414293;-4.68877354187129;2997
-4.84896666666667;48.2599883333333;-10.7699066098212;-4.57155412879846;3129
-4.85811333333333;48.2574633333333;-10.8619574463112;-4.61062739069948;3249
-4.86789166666667;48.254745;-10.8619574463112;-4.61062739069948;3374
-4.87769166666667;48.2520383333333;-10.8619574463112;-4.61062739069948;3500
-4.88752333333333;48.2493383333333;-10.9540074049393;-4.64970027997026;3615
-4.89676333333333;48.2468816666667;-10.9540074049393;-4.64970027997026;3742
-4.90680666666667;48.24415;-11.0162492107333;-4.22874187298781;3879
-4.9182;48.2430383333333;-11.9926899242291;-0.41879396043002;3993
-4.92891333333333;48.2430733333333;-12.2981268411294;-0.214664602507369;4143
-4.94001;48.2431933333333;-12.098157492804;-0.211174124548695;4264
-4.95102166666667;48.2435366666667;-12.2981268411294;0.214664602507365;4395
-4.96232833333333;48.2438616666667;-12.4980961894549;0.218155080466039;4527
-4.97337666666667;48.24431;-12.2326195027198;1.28570011812935;4657
-4.98423;48.2453066666667;-12.3075719017261;1.51117981173437;4810
-4.99613666666667;48.2464383333333;-12.3320711231866;1.29615290464445;4930
-5.00631333333333;48.247395;-12.3075719017261;1.51117981173437;5033
-5.016465;48.2483716666667;-12.2083178545014;1.49899294712805;5163
-5.02652;48.24934;-12.1331669338029;1.27524723192814;5272
-5.03681;48.2503033333333;-12.2326195027198;1.28570011812935;5414
-5.04686;48.251145;-12.1535751267102;1.06330004489779;5534
-5.05771;48.2519533333333;-12.3528138763195;1.08073117682368;5647
-5.06888;48.2528216666667;-12.2531949765375;1.07201565241983;5800
-5.07889833333333;48.25364;-12.0539562269282;1.05458452049394;5910
-5.08979666666667;48.2545783333333;-12.0539562269282;1.05458452049394;6031
-5.10083333333333;48.2554883333333;-12.2531949765375;1.07201565241983;6154
-5.11091333333333;48.256265;-11.9543363771009;1.04586891297189;6283
-5.12171166666667;48.2570116666667;-12.1535751267102;1.06330004489779;6424
-5.13258666666667;48.2577466666667;-12.0539562269282;1.05458452049394;6532
-5.14256333333333;48.2582883333333;-11.9543363771009;1.04586891297189;6664
-5.152585;48.258895;-12.0539562269282;1.05458452049394;6773
-5.16250333333333;48.25957;-12.1535751267102;1.06330004489779;6893
-5.17357666666667;48.26037;-11.9543363771009;1.04586891297189;7034
-5.18340333333333;48.2612083333333;-12.0539562269282;1.05458452049394;7156
-5.19341;48.262115;-12.0337153133361;1.26479444541305;7264
-5.20424333333333;48.2631266666667;-12.0337153133361;1.26479444541305;7394
-5.21486833333333;48.2641166666667;-12.0337153133361;1.26479444541305;7533
-5.22596;48.265165;-12.2326195027198;1.28570011812935;7660
-5.23596166666667;48.2661066666667;-11.9543363771009;1.04586891297189;7773
-5.24690166666667;48.2685166666667;-10.2860076084253;6.18045689892065;7942
-5.25582833333333;48.2733866666667;-8.99565066941045;8.38857995884959;8076
-5.264635;48.2790666666667;-9.28931031846743;8.36413257948572;8200
-5.272595;48.2842616666667;-9.43386975278465;8.20073786238134;8323
-5.280825;48.2895616666667;-9.50934099870579;8.26634401554705;8462
-5.28832833333333;48.29434;-9.49895080245256;7.97056611490907;8591
-5.29784166666667;48.3001583333333;-9.28931031846743;8.36413257948572;8752
-5.30031666666667;48.30169;-9.43386975278465;8.20073786238134;8777
-5.30875833333333;48.3068366666667;-9.21499555243244;8.29721926359677;8951
-5.31685833333333;48.311955;-9.35839850686352;8.13513170921563;9030
-5.324925;48.317055;-9.35839850686352;8.13513170921563;9155
-5.33316166666667;48.3222733333333;-9.43386975278465;8.20073786238134;9292
-5.34128333333333;48.3274766666667;-9.28292798068953;8.06952618171657;9435
-5.34872;48.3322383333333;-9.35839850686352;8.13513170921563;9537
-5.35745833333333;48.3378833333333;-9.50934099870579;8.26634401554705;9714
-5.36513666666667;48.342705;-9.36362508450243;8.43104589537468;9797
-5.37338333333333;48.347815;-9.50934099870579;8.26634401554705;9933
-5.3823;48.3533916666667;-9.36362508450243;8.43104589537468;10085
-5.389935;48.3582033333333;-9.28931031846743;8.36413257948572;10186
-5.39810333333333;48.36344;-9.35839850686352;8.13513170921563;10317
-5.40619333333333;48.368525;-9.35839850686352;8.13513170921563;10463
-5.41434833333333;48.373775;-9.21499555243244;8.29721926359677;10574
-5.42362333333333;48.3798266666667;-9.21499555243244;8.29721926359677;10755
-5.430935;48.38471;-9.14068149511558;8.23030658584049;10868
-5.438665;48.3900133333333;-8.99565066941045;8.38857995884959;10995
-5.44798666666667;48.3964016666667;-8.99205267176373;8.09648059219525;11147
-5.45649666666667;48.4022;-9.14192127023964;8.52497950078122;11294
-5.46433333333333;48.407535;-9.28931031846743;8.36413257948572;11407
-5.47205166666667;48.4128316666667;-9.21499555243244;8.29721926359677;11534
-5.47933166666667;48.41779;-9.06878562108842;8.45677940461325;11657
-5.488945;48.42438;-9.06878562108842;8.45677940461325;11813
-5.49619666666667;48.4293616666667;-9.21499555243244;8.29721926359677;11950
-5.50392333333333;48.434665;-9.28931031846743;8.36413257948572;12087
-5.51175166666667;48.44008;-9.06878562108842;8.45677940461325;12203
-5.51921833333333;48.444985;-9.403466430087;7.61477697176971;12347
-5.52172333333333;48.44649;-9.32575153748365;7.55184469259805;12360
-5.53104333333333;48.4521333333333;-9.55889547414957;7.74064092994634;12553
-5.53842;48.4567683333333;-9.55889547414957;7.74064092994634;12649
-5.546025;48.4614683333333;-9.63660962560878;7.80357260895131;12757
-5.55357;48.4661283333333;-9.42234679647481;7.90628772174644;12888
-5.5624;48.4716916666667;-9.48118058154622;7.67770865077468;13042
-5.56989833333333;48.47637;-9.42234679647481;7.90628772174644;13123
-5.580925;48.4833666666667;-9.32575153748365;7.55184469259805;13312
-5.58831666666667;48.4880566666667;-9.403466430087;7.61477697176971;13443
-5.59574666666667;48.4927116666667;-9.403466430087;7.61477697176971;13577
-5.60360666666667;48.49757;-9.11592858089308;7.6491723100658;13674
-5.612785;48.5032;-9.32575153748365;7.55184469259805;13863
-5.62081833333333;48.5081316666667;-9.2480366448803;7.48891241342639;13985
-5.62929333333333;48.5132466666667;-9.09260760081773;7.36304845524976;14139
-5.63655166666667;48.5176866666667;-8.73290635933359;7.32777850522253;14260
-5.64612166666667;48.5234683333333;-9.01489344935852;7.30011677624479;14399
-5.65326833333333;48.52782;-9.17032249342108;7.42598073442142;14517
-5.66051;48.5322883333333;-9.09260760081773;7.36304845524976;14614
-5.66774833333333;48.53676;-9.17032249342108;7.42598073442142;14760
-5.67561666666667;48.54154;-9.17032249342108;7.42598073442142;14865
-5.68533166666667;48.5477633333333;-8.5601433496236;8.26643434347092;15042
-5.69141833333333;48.5529033333333;-7.58489391690317;9.03932457491532;15149
-5.69721666666667;48.5588783333333;-6.76820205834337;9.66599427885095;15279
-5.70551833333333;48.569565;-4.9215135363749;11.0539003859654;15518
-5.70835333333333;48.5863583333333;1.97107431918192;12.4448734682719;15792
-5.705495;48.5938316666667;3.33876558309089;12.4604427906575;15947
-5.704685;48.5955933333333;3.12079236094983;12.5168144988219;15960
-5.70086333333333;48.6034716666667;4.01722092687432;12.363734711837;16121
-5.69726;48.6104266666667;3.83006944339881;12.5275926679171;16220
-5.69343166666667;48.618435;3.80083216139558;12.4319618275195;16366
-5.69029666666667;48.6253166666667;4.83242491216419;11.960671370219;16479
-5.686545;48.6319433333333;5.00135851918875;11.7824622997636;16600
-5.68199333333333;48.6395633333333;4.75750366493155;11.7752347761519;16738
-5.67711333333333;48.6472933333333;5.36725184349885;11.510108722501;16899
-5.67190833333333;48.6554333333333;5.36725184349885;11.510108722501;17032
-5.66581;48.664705;5.1655552894838;11.6020271378161;17209
-5.66057666666667;48.6727016666667;5.36725184349885;11.510108722501;17377
-5.656235;48.6793066666667;5.36725184349885;11.510108722501;17486
-5.651095;48.6868333333333;5.24690254052011;11.7847360550996;17644
-5.64635;48.6938583333333;5.24690254052011;11.7847360550996;17771
-5.64104;48.7015983333333;5.24690254052011;11.7847360550996;17891
-5.636195;48.708565;5.24690254052011;11.7847360550996;18038
-5.63128;48.7157516666667;5.3282501794507;11.967445843608;18151
-5.626455;48.7227566666667;5.53629939001924;11.8726323559091;18262
-5.62129833333333;48.7301566666667;5.5785609743692;11.9632626160193;18396
-5.61625;48.737335;5.3282501794507;11.967445843608;18529
-5.61157166666667;48.74392;5.3282501794507;11.967445843608;18688
-5.60646833333333;48.750885;7.39913581012645;10.5670610588463;18772
-5.59797;48.7568966666667;9.72876428149964;8.16340252041704;18923
-5.58932;48.7610033333333;10.9985224628811;6.34999990463257;19060
-5.58026333333333;48.764665;11.0202086435973;6.10860140004404;19197
-5.56953333333333;48.7689283333333;11.1076701138499;6.15708208465839;19305
-5.55972333333333;48.7729016666667;11.1951324182047;6.20556323162321;19443
-5.54893166666667;48.7772316666667;11.0202086435973;6.10860140004404;19606
-5.53814833333333;48.78154;11.1076701138499;6.15708208465839;19727
-5.52908333333333;48.785195;11.1076701138499;6.15708208465839;19827
-5.51921333333333;48.7891166666667;11.1076701138499;6.15708208465839;19951
-5.50770166666667;48.7937883333333;11.1717273784568;6.44999980926514;20135
-5.49773166666667;48.7978233333333;11.3017293570032;6.009236093204;20231
-5.48849;48.8015383333333;11.2825938884573;6.25404391623756;20378
-5.478375;48.80559;11.3900236110624;6.0561829808488;20511
-5.466145;48.810505;11.3900236110624;6.0561829808488;20684
-5.45535166666667;48.8147666666667;11.2134342608995;5.96228875783622;20807
-5.44370666666667;48.8194333333333;11.1076701138499;6.15708208465839;20961
-5.43452666666667;48.823065;11.1251400068403;5.91534187019141;21055
-5.42465833333333;48.827005;11.0202086435973;6.10860140004404;21202
-5.41057333333333;48.8327216666667;10.9327463392424;6.06012025307921;21400
-5.4015;48.8363266666667;10.9327463392424;6.06012025307921;21497
-5.39178333333333;48.8401516666667;11.1251400068403;5.91534187019141;21636
-5.38194166666667;48.8439933333333;10.9327463392424;6.06012025307921;21767
-5.37273666666667;48.8476483333333;10.9485498146329;5.82144719945586;21880
-5.36220833333333;48.851675;10.9327463392424;6.06012025307921;22037
-5.35238833333333;48.8554683333333;10.9485498146329;5.82144719945586;22151
-5.34263166666667;48.85918;11.0368449107366;5.86839453482364;22287
-5.33356;48.86263;10.9485498146329;5.82144719945586;22427
-5.32381666666667;48.8663133333333;10.9485498146329;5.82144719945586;22557
-5.313815;48.8700666666667;10.757822564635;5.96315842150004;22682
-5.30320666666667;48.87404;10.9327463392424;6.06012025307921;22815
-5.29343333333333;48.8777166666667;11.0368449107366;5.86839453482364;22927
-5.28263833333333;48.881765;10.9327463392424;6.06012025307921;23077
-5.27573666666667;48.884375;11.0368449107366;5.86839453482364;23162
-5.265855;48.88811;10.9485498146329;5.82144719945586;23290
-5.25601666666667;48.89186;11.0368449107366;5.86839453482364;23414
-5.23796833333333;48.8989383333333;10.9327463392424;6.06012025307921;23669
-5.22800666666667;48.902825;11.0202086435973;6.10860140004404;23797
-5.21882;48.9063683333333;11.0368449107366;5.86839453482364;23933
-5.20892166666667;48.91007;11.0368449107366;5.86839453482364;24059
-5.197535;48.9143283333333;11.0368449107366;5.86839453482364;24201
-5.18665833333333;48.9183683333333;11.0368449107366;5.86839453482364;24352
-5.176815;48.9220216666667;10.9327463392424;6.06012025307921;24465
-5.16582833333333;48.9260783333333;10.9327463392424;6.06012025307921;24597
-5.13990166666667;48.9357133333333;10.9327463392424;6.06012025307921;24966
-5.08818833333333;48.9555416666667;11.0202086435973;6.10860140004404;25605
