"x";"y";"vx";"vy";"t"
-3.30928333333333;47.4320933333333;-9.68366087413098;2.05832565978379;0
-3.31722166666667;47.43331;-9.64626326968115;2.22701535219225;128
-3.32566833333333;47.4346466666667;-9.68366087413098;2.05832565978379;250
-3.33542;47.4362116666667;-9.36948033076823;2.51054468812864;397
-3.34577833333333;47.4377;-9.54741057491542;1.00347328724391;568
-3.36373333333333;47.4380166666667;-9.49855310398572;-0.165797861154193;841
-3.37408;47.4384316666667;-9.34850543708177;0.982567514841494;1007
-3.383095;47.4390233333333;-9.34850543708177;0.982567514841494;1150
-3.391355;47.4395883333333;-9.46384963187158;0.82797955610275;1277
-3.39973333333333;47.4401866666667;-9.4479580059986;0.993020401042703;1399
-3.40287666666667;47.4403166666667;-9.36422978204429;0.819263948580707;1454
-3.41788;47.4413466666667;-9.66308838148087;0.845410688028643;1678
-3.427055;47.4419433333333;-9.48180844648652;1.50177092406123;1821
-3.435;47.4424083333333;-9.60560007791459;1.34997905276747;1947
-3.44347833333333;47.4429783333333;-9.66308838148087;0.845410688028643;2080
-3.45271;47.4436633333333;-9.67637109725005;0.676637782013023;2219
-3.46057833333333;47.4442066666667;-9.66308838148087;0.845410688028643;2331
-3.47332666666667;47.4451433333333;-9.31483934238801;2.32245029004269;2528
-3.50939833333333;47.450805;-9.42362133555863;1.83176642840268;3089
-3.83763833333333;47.49729;-8.87831966677195;0.620832589712731;8375
-3.85340666666667;47.4989533333333;-8.85124448939764;0.930303283207667;8630
-3.861135;47.49974;-8.83366037098146;1.08463710981635;8760
-3.86966333333333;47.5006;-8.81338543404269;1.23864054545426;8905
-3.88153333333333;47.5018933333333;-8.86613243299842;0.775686077206878;9103
-3.89174333333333;47.5029883333333;-8.76651353321642;0.766970552803028;9276
-3.89883166666667;47.503835;-8.88780247836877;0.465789990597618;9389
-3.90594333333333;47.504695;-8.78794009631372;0.460556424920198;9522
-3.91595833333333;47.5057883333333;-8.78794009631372;0.460556424920198;9683
-3.92789333333333;47.5071233333333;-8.73440632375679;1.07245024521003;9881
-3.99195;47.5091533333333;-8.89864410548025;-0.155326410634258;10957
-4.01450833333333;47.5097;-8.99862925640752;-0.157071657935551;11320
-4.023785;47.5101316666667;-9;-1.65327317884893e-15;11476
-4.0329;47.5105716666667;-8.99862925640752;-0.157071657935551;11623
-4.04083666666667;47.5111583333333;-8.76651353321642;0.766970552803028;11748
-4.04854666666667;47.5118166666667;-8.63515132996635;1.06026326438005;11886
-4.05624666666667;47.5123933333333;-8.65234030001398;0.909397610491359;12017
-4.065675;47.5131366666667;-8.7785638325567;0.613856982253293;12178
-4.07379166666667;47.51473;-8.53860257629799;2.12891272742001;12317
-4.08147833333333;47.517055;-8.32056364561735;2.86499982132017;12451
-4.08796833333333;47.5191883333333;-8.32056364561735;2.86499982132017;12571
-4.09561666666667;47.521585;-8.3632639665303;3.04397914512812;12713
-4.10213833333333;47.52371;-8.21550793124171;3.1536380243519;12833
-4.10919166666667;47.5259333333333;-8.25193595195184;3.33399853850054;12957
-4.11790333333333;47.5286666666667;-8.06649935788477;3.2590772912679;13117
-4.12448333333333;47.5306816666667;-8.3632639665303;3.04397914512812;13246
-4.13425166666667;47.53377;-8.2741915103682;2.68844779212173;13421
-4.14136;47.535975;-8.26929524214814;3.00977732650105;13559
-4.14897666666667;47.5383283333333;-8.17532562160526;2.97557518169815;13689
-4.15611333333333;47.540515;-8.25193595195184;3.33399853850054;13821
-4.16501833333333;47.5432233333333;-8.30886543969243;3.18947461424664;13987
-4.17169666666667;47.545225;-8.19249284458199;3.47750689450244;14100
-4.18002166666667;47.5478233333333;-8.40222383847482;3.2253115459077;14254
-4.18672833333333;47.5498233333333;-8.25193595195184;3.33399853850054;14381
-4.19509666666667;47.5523666666667;-8.22190911878341;3.6606297876822;14522
-4.20291333333333;47.5547366666667;-8.3132640130376;3.7013036071475;14669
-4.21299833333333;47.55792;-8.22190911878341;3.6606297876822;14841
-4.219755;47.5600716666667;-8.28454368107196;3.51658015640346;14962
-4.23002666666667;47.5633183333333;-8.98796427618895;1.42355369154111;15149
-4.24052166666667;47.5651866666667;-8.73648155822316;1.69819998606339;15326
-4.24859333333333;47.5667233333333;-8.76478862613431;1.54546871499415;15463
-4.258585;47.568585;-8.63563159371792;2.15310477855116;15629
-4.27245666666667;47.5711516666667;-8.60769907302434;1.82962291885228;15873
-4.27942666666667;47.5724216666667;-8.6663084143446;1.52810399658975;15996
-4.28813;47.5739266666667;-8.73648155822316;1.69819998606339;16143
-4.29574333333333;47.575255;-8.60769907302434;1.82962291885228;16276
-4.302745;47.5765466666667;-8.53860257629799;2.12891272742001;16387
-4.31683333333333;47.5790933333333;-8.6663084143446;1.52810399658975;16631
-4.324385;47.5803833333333;-8.47701937778521;1.95707412988562;16761
-4.33212166666667;47.581815;-8.60769907302434;1.82962291885228;16891
-4.34025666666667;47.5833;-8.63563159371792;2.15310477855116;17031
-4.34730833333333;47.5845466666667;-8.70551327339717;1.85041396896604;17159
-4.35605166666667;47.5861533333333;-8.81338543404269;1.23864054545426;17298
-4.36480833333333;47.58775;-8.73648155822316;1.69819998606339;17448
-4.37193;47.5889683333333;-8.6663084143446;1.52810399658975;17572
-4.38079;47.59043;-8.76478862613431;1.54546871499415;17739
-4.38975166666667;47.5919216666667;-8.76933058306712;2.02455948909478;17875
-4.39722333333333;47.593095;-8.18470817250329;1.88958877067645;18004
-4.40683833333333;47.5947366666667;-8.18470817250329;1.88958877067645;18180
-4.41411166666667;47.5959783333333;-8.18470817250329;1.88958877067645;18305
-4.42131166666667;47.597435;-8.24751367334597;2.05633611259717;18431
-4.42801333333333;47.5987266666667;-8.21036952345708;2.19996188337143;18550
-4.435295;47.6001566666667;-8.21036952345708;2.19996188337143;18685
-4.44244;47.60162;-8.2821455506745;1.91208396192285;18818
-4.45065833333333;47.6035383333333;-7.63974939354292;3.72615474770716;18961
-4.45861;47.6060883333333;-7.81950803137139;3.81382889345231;19118
-4.46664833333333;47.6087483333333;-7.75175659049279;3.94971726114224;19262
-4.47302333333333;47.6109283333333;-7.69665358964716;4.26632475063786;19387
-4.476585;47.6123983333333;-7.69665358964716;4.26632475063786;19448
-4.48326833333333;47.6150366666667;-7.29321395044994;4.55730587455372;19584
-4.48939833333333;47.6175283333333;-7.53442084774338;4.34999990463257;19708
-4.49551;47.6200416666667;-7.60919128529228;4.21784360367303;19828
-4.50208833333333;47.6227333333333;-7.45735535261669;4.48083115348175;19952
-4.50869166666667;47.6254733333333;-7.53442084774338;4.34999990463257;20079
-4.51418;47.627825;-7.52172981503975;4.16936291905869;20199
-4.52163833333333;47.6310533333333;-7.52172981503975;4.16936291905869;20338
-4.52750333333333;47.633675;-7.36121593216773;4.25;20467
-4.53926;47.6388183333333;-7.50505453930088;3.99050828368007;20704
-4.54661833333333;47.64211;-7.50505453930088;3.99050828368007;20858
-4.55238333333333;47.6446866666667;-7.36121593216773;4.25;20982
-4.56093166666667;47.648615;-7.27461306142681;4.19999980926514;21150
-4.56984666666667;47.6526866666667;-7.02877170226563;4.22331211602673;21339
-4.57646;47.6557666666667;-7.03879935985067;4.39832999420968;21479
-4.58571833333333;47.6601033333333;-7.32846518913798;3.89661406066748;21683
-4.591655;47.66294;-7.10140814585116;4.09999990463257;21810
-4.598515;47.666185;-6.94305546267049;4.17180860324287;21965
-4.60475166666667;47.6691133333333;-6.69958004051194;4.18636223797936;22101
-4.61052833333333;47.67177;-6.75499831469986;3.90000009536743;22230
-4.61574;47.67422;-6.94985105861528;3.54112598456028;22359
-4.62200666666667;47.67708;-6.97528606778997;3.70882539078083;22490
-4.63708166666667;47.683805;-6.66839544395894;3.84999990463257;22832
-4.66394333333333;47.6951116666667;-6.82203388250776;3.78151513039152;23435
-4.67163;47.6983983333333;-6.84160077248768;3.95000004768372;23601
-4.712525;47.7154483333333;-6.77162175729253;4.06880084090729;24481
-4.717095;47.718795;-0.289665829287308;8.29494405487717;24614
-4.72695166666667;47.75789;-1.88937907861422;7.05125871614593;25670
-4.72798166666667;47.7640283333333;-0.601374633270662;6.87374351183757;25865
-4.72797;47.76838;1.00204630036731;7.12992990606066;25996
-4.72771;47.7726216666667;0.509222271637106;7.28221775716696;26131
-4.72466666666667;47.77636;3.4271424978816;6.44551759627906;26255
-4.72062;47.7802283333333;4.1939467760306;6.21778179416281;26389
-4.708335;47.784745;4.1939467760306;6.21778179416281;26666
-4.70737;47.7979016666667;-0.14310972945695;8.1987509095766;27020
-4.72584;47.8540433333333;-0.962767824523036;7.84111469262302;28565
-4.73091833333333;47.8712533333333;-7.60845213036123;-2.47213595499958;29072
-4.73442833333333;47.87427;-2.28049935260282;7.45917727891234;29204
-4.73668166666667;47.8794266666667;-2.37943079774678;7.32313499407305;29353
-4.73607666666667;47.8843416666667;3.9657930785717;6.60018805191458;29506
-4.73309166666667;47.8880283333333;3.4049287480466;6.68254893141276;29627
-4.73309166666667;47.89148;-6.66888201503595;-2.9691775720322;29744
-4.75422166666667;47.8597066666667;1.27842023262892;6.57690194186882;31377
-4.75078333333333;47.8645916666667;2.54732490667874;6.30485038790044;31551
-4.74460333333333;47.8687033333333;8.31425460623735;-1.76724937195095;31744
-4.72975833333333;47.8659666666667;9.12077945685592;-2.274065726351;31982
-4.71864;47.863945;8.98926434125122;-2.74829391286277;32182
-4.71054166666667;47.8625466666667;9.02375043943599;-2.24987367521985;32292
-4.703785;47.86134;7.76236581020797;-1.93537516479734;32423
-4.69624833333333;47.8600033333333;7.69009356750655;-2.20509884653599;32568
-4.68984333333333;47.858855;7.7460688881019;-2.36821091978512;32690
-4.68035333333333;47.857085;7.53173633908346;-1.60091997964074;32872
-4.67240166666667;47.8557216666667;7.66533633011498;-1.91118299830885;33020
-4.66450833333333;47.8543433333333;8.73266153648397;-2.17729706039701;33156
-4.656105;47.852825;8.70551327339717;-1.85041396896604;33296
-4.65072166666667;47.851855;8.74748179973094;-2.508300043082;33417
-4.63938;47.849795;8.63563159371792;-2.15310477855116;33571
-4.631085;47.84833;8.78992538770198;-2.35525340916457;33710
-4.62154;47.8466633333333;8.57445675595641;-1.97956932113202;33877
-4.61505;47.8454216666667;8.40355450447916;-2.25172564302612;33995
-4.60660833333333;47.8438916666667;9.09677287339124;-1.93357876426117;34124
-4.59674833333333;47.8424983333333;9.09445690711112;0.317585433305861;34282
-4.57729166666667;47.840815;9.39427339274216;-0.328055255690405;34592
-4.54877;47.8374466666667;9.17629534974615;-2.45878092847395;35040
-4.5357;47.8354216666667;9.15907823728853;-2.11453982502031;35251
-4.527775;47.8338716666667;7.40730078330094;-5.78721763320497;35380
-4.52347833333333;47.8310583333333;3.93866771677382;-3.54639234132848;35508
-4.517875;47.8273766666667;5.34922332392362;-6.60574067238425;35665
-4.497965;47.81131;5.90459614890148;-6.11438830287854;36181
-4.441555;47.7890683333333;-5.73212489717797;2.08632284166899;37416
-4.44277333333333;47.7893616666667;-3.36441593578412;0.964730745359498;37460
-4.44734166666667;47.7914333333333;-3.62260612901874;3.14908346428776;37672
-4.45523;47.7931183333333;-2.97080420622471;0.417519302880196;37958
-4.45825666666667;47.7935983333333;-3.6541818305704;1.6269465723032;38081
-4.46158833333333;47.794815;-3.83689074785396;1.7082938233395;38236
-4.466;47.79802;-3.44043842977291;2.40902092327337;38509
-4.46803;47.7995116666667;-1.01975606670225;3.1384864584241;38639
-4.46896166666667;47.8014833333333;0.417519302880196;2.97080420622471;38783
-4.46999666666667;47.803875;-2.75771651406249;2.75771651406249;38955
-4.47383;47.8055066666667;-4.48210220508891;1.03477482852877;39082
-4.47806166666667;47.8053216666667;-4.17767534775343;-2.92523977068982;39206
-4.48136333333333;47.8034766666667;-3.39787122206703;-2.46869794751725;39337
-4.48423833333333;47.79992;-2.06668518104654;-3.30738765588623;39517
-4.48587333333333;47.7977266666667;-1.96070047411327;-3.01921396462167;39656
-4.48870166666667;47.79505;-2.3783141864907;-2.83436447606806;39849
-4.49065666666667;47.7936416666667;-1.31985088731015;-1.36674560349304;39972
-4.49204333333333;47.79134;-0.46887737281864;-1.10460586803602;40192
-4.493145;47.789735;-0.957952653092181;-2.94827510981516;40325
-4.494085;47.7883083333333;-1.21202405061584;-2.18654926784849;40446
