"x";"y";"vx";"vy";"t"
-5.61043833333333;48.149135;-1.32214445912063;9.40754665304492;0
-5.61859833333333;48.1957533333333;-0.328055255690406;9.39427339274216;1109
-5.61948166666667;48.2013966666667;-0.321075363006457;9.19439541795701;1240
-5.62155666666667;48.2131183333333;-0.162307383195528;9.29858375566025;1511
-5.622515;48.2186383333333;-1.10901107147631;9.03217035856234;1623
-5.62487;48.22409;-1.45484055471166;9.18550175592138;1784
-5.62782833333333;48.23064;-1.63229280382763;9.25719250264041;1962
-5.63047833333333;48.2365966666667;-1.64965768783585;9.35567365361598;2056
-5.63127333333333;48.2382666666667;-1.50177092406123;9.48180844648652;2087
-5.63406333333333;48.244515;-1.4861274178822;9.38303923565381;2265
-5.63647833333333;48.2499416666667;-1.47048391170316;9.28427002482109;2391
-5.63866333333333;48.2549133333333;-1.42355369154112;8.98796427618895;2534
-5.64121;48.26024;-1.29430986547378;9.20949322817525;2627
-5.64489833333333;48.2680433333333;-1.61492808542322;9.1587122908507;2834
-5.64828333333333;48.2750766666667;-1.77452369339579;9.1291329932938;2990
-5.65106;48.2809133333333;-1.45484055471166;9.18550175592138;3116
-5.65343666666667;48.2858666666667;-1.77452369339579;9.1291329932938;3245
-5.65598666666667;48.2912183333333;-1.61492808542322;9.1587122908507;3370
-5.65839833333333;48.29654;-1.59756320141501;9.06023113987514;3515
-5.660675;48.3014333333333;-1.75544272107028;9.03096990048798;3629
-5.66377333333333;48.30802;-1.43919704853262;9.08673254508867;3777
-5.66598166666667;48.31285;-1.28039250228744;9.1104660435438;3906
-5.66930333333333;48.3201483333333;-1.26647527182692;9.01143980330558;4125
-5.67265833333333;48.327475;-1.45484055471166;9.18550175592138;4273
-5.67554833333333;48.3344383333333;-0.627808263697123;8.97807645233842;4442
-5.67735666666667;48.3397783333333;-0.784401684728925;8.96575228282571;4583
-5.67901833333333;48.3451083333333;-0.961661842125189;9.14960124769812;4710
-5.68086333333333;48.3509516666667;-0.801832816654818;9.164991032435;4856
-5.68246333333333;48.356285;-0.641759545140956;9.17758907212014;4987
-5.68438;48.3629783333333;-0.641759545140956;9.17758907212014;5165
-5.68621;48.36971;-0.641759545140956;9.17758907212014;5283
-5.68786166666667;48.3759766666667;-0.810548424176861;9.26461088226229;5439
-5.68945833333333;48.3819416666667;-0.810548424176861;9.26461088226229;5602
-5.69096;48.387365;-0.801832816654818;9.164991032435;5736
-5.69269;48.393295;-0.810548424176861;9.26461088226229;5895
-5.69401333333333;48.398295;-1.12119793608263;9.13142440578701;6007
-5.695585;48.4037533333333;-0.801832816654818;9.164991032435;6099
-5.69770333333333;48.4108283333333;-0.158816905236853;9.09861440733479;6284
-5.69928333333333;48.4167483333333;0.321075363006458;9.19439541795701;6446
-5.70162166666667;48.4329733333333;0.1640526138529;9.39856795305845;6791
-5.70244;48.439075;-0.167543108455495;9.59853825491298;6945
-5.70313833333333;48.4452916666667;-0.167543108455495;9.59853825491298;7086
-5.70378333333333;48.4505616666667;0.32456532598981;9.29433488189626;7187
-5.70447833333333;48.4562033333333;0.486724403041669;9.287254863691;7336
-5.70505166666667;48.4618383333333;-0.164052613852909;9.39856795305845;7472
-5.70585166666667;48.4675783333333;-0.164052613852909;9.39856795305845;7593
-5.70788666666667;48.48373;0.32456532598981;9.29433488189626;7972
-5.70865166666667;48.4888933333333;0.162307383195519;9.29858375566025;8063
-5.709495;48.4949833333333;0.162307383195519;9.29858375566025;8195
-5.71016833333333;48.5002033333333;0.162307383195519;9.29858375566025;8350
-5.71094;48.505815;0.162307383195519;9.29858375566025;8460
-5.71163333333333;48.511005;0.162307383195519;9.29858375566025;8570
-5.712945;48.5218166666667;-0.162307383195528;9.29858375566025;8821
-5.71434;48.533175;0.1640526138529;9.39856795305845;9094
-5.71504;48.5388016666667;0.165797861154193;9.49855310398572;9213
-5.71602833333333;48.5483683333333;0.328055255690408;9.39427339274216;9430
-5.71655333333333;48.5543916666667;-0.162307383195528;9.29858375566025;9570
-5.71735;48.5600866666667;-0.167543108455495;9.59853825491298;9700
-5.71868;48.5713166666667;0.338525111357709;9.69409083146656;9947
-5.71923666666667;48.57666;0.338525111357709;9.69409083146656;10080
-5.72031833333333;48.5888;1.70175217425668;9.65111616735681;10343
-5.71733666666667;48.5946933333333;4.05713547392679;8.70055510128082;10483
-5.71422666666667;48.59965;4.65417253930503;8.39634952217914;10616
-5.71045333333333;48.6048316666667;4.94436571560795;8.22880641372365;10746
-5.706865;48.6096866666667;5.14021676198801;8.22606637096499;10872
-5.7026;48.615315;4.94436571560795;8.22880641372365;11031
-5.69873;48.620405;4.84999990463257;8.40044625152782;11126
-5.695105;48.6251733333333;4.75;8.22724133595217;11242
-5.69112333333333;48.6304416666667;4.84999990463257;8.40044625152782;11368
-5.68693833333333;48.636005;4.84999990463257;8.40044625152782;11521
-5.68232333333333;48.6420166666667;4.94436571560795;8.22880641372365;11685
-5.67836;48.64718;4.84999990463257;8.40044625152782;11816
-5.67405166666667;48.6527816666667;4.84999990463257;8.40044625152782;11951
-5.67036;48.657585;4.84999990463257;8.40044625152782;12057
-5.66603166666667;48.6632016666667;4.94436571560795;8.22880641372365;12193
-5.66240333333333;48.6679933333333;4.80000019073486;8.31384420669309;12325
-5.65866;48.67281;5.04737323235425;8.40023971037239;12445
-5.65437166666667;48.6783116666667;4.84999990463257;8.40044625152782;12576
-5.65034666666667;48.68353;4.84999990463257;8.40044625152782;12700
-5.64595;48.6892166666667;4.80000019073486;8.31384420669309;12843
-5.64453;48.6911483333333;4.84999990463257;8.40044625152782;12888
-5.64087333333333;48.6959783333333;5.14021676198801;8.22606637096499;13006
-5.63630666666667;48.7019266666667;4.80000019073486;8.31384420669309;13167
-5.63198833333333;48.7076466666667;5.04737323235425;8.40023971037239;13296
-5.627685;48.7133083333333;5.0988767451381;8.48595594996754;13457
-5.62364666666667;48.718575;4.94999980926514;8.57365116710347;13587
-5.619135;48.7243783333333;5.0988767451381;8.48595594996754;13715
-5.61528333333333;48.729285;4.94999980926514;8.57365116710347;13842
-5.61119;48.7346033333333;5.0988767451381;8.48595594996754;13961
-5.60733666666667;48.73951;5.39192623888546;8.30283830273227;14112
-5.60314666666667;48.74476;5.04737323235425;8.40023971037239;14220
-5.59905833333333;48.7496833333333;7.47162455630659;6.49498413673936;14345
-5.59196166666667;48.7534716666667;8.40023971037239;5.04737323235425;14478
-5.58471333333333;48.7568516666667;8.22880641372365;4.94436571560796;14604
-5.57752166666667;48.7602183333333;8.1351043491069;5.28299853576411;14737
-5.57087666666667;48.7633266666667;8.22880641372365;4.94436571560796;14863
-5.56363166666667;48.7667633333333;8.40023971037239;5.04737323235425;14986
-5.55635333333333;48.7702366666667;8.57365116710347;4.94999980926514;15130
-5.54899333333333;48.7737616666667;8.48595594996753;5.0988767451381;15245
-5.54103333333333;48.7776066666667;8.38670567945424;5.44639035015027;15393
-5.53357166666667;48.7812633333333;8.48048096156426;5.29919264233205;15527
-5.52618166666667;48.7848366666667;8.65739006407471;5.20188475306298;15642
-5.5181;48.788715;8.65739006407471;5.20188475306298;15781
-5.51079666666667;48.7923166666667;8.65009041904321;5.40517639410461;15926
-5.50268333333333;48.7962333333333;8.65009041904321;5.40517639410461;16058
-5.495755;48.79955;8.83345895342004;5.09999990463257;16182
-5.48823;48.8031633333333;8.74310630366986;5.25338826584684;16317
-5.48064166666667;48.8067816666667;8.82882336072344;5.30489226980928;16440
-5.47669;48.8086533333333;8.65009041904321;5.40517639410461;16527
-5.469055;48.812315;8.73489555216353;5.45816852267609;16629
-5.460845;48.8162183333333;8.73489555216353;5.45816852267609;16769
-5.45201666666667;48.8204566666667;8.91453960031859;5.35639578259313;16923
-5.44491333333333;48.823825;8.91453960031859;5.35639578259313;17049
-5.43711833333333;48.82732;9.00858315035625;4.99353918100737;17175
-5.42922666666667;48.83069;9.18265462891506;4.88250407388408;17308
-5.42129666666667;48.8340533333333;9.09436037485584;4.83555718623927;17463
-5.41269333333333;48.8377266666667;9.09604462060878;5.04201986562171;17586
-5.40348;48.84173;9.09604462060878;5.04201986562171;17746
-5.39554333333333;48.8452883333333;9.27094972501873;4.92945140925185;17850
-5.38763833333333;48.8488383333333;9.18265462891506;4.88250407388408;18003
-5.37926;48.8525633333333;9.18265462891506;4.88250407388408;18128
-5.37127833333333;48.8561033333333;9.27094972501873;4.92945140925185;18276
-5.36269166666667;48.85992;9.27094972501873;4.92945140925185;18397
-5.35531166666667;48.8631883333333;9.18350692496366;5.09050101258654;18531
-5.347235;48.86667;9.3592448211224;4.97639874461963;18662
-5.33969333333333;48.8698116666667;9.27094972501873;4.92945140925185;18792
-5.33214833333333;48.872965;9.27094972501873;4.92945140925185;18880
-5.32459333333333;48.8761166666667;9.3592448211224;4.97639874461963;19025
-5.314485;48.8802233333333;9.27096922931853;5.13898215955137;19176
-5.30546833333333;48.8839266666667;9.44589300392594;5.23594399113054;19305
-5.29715166666667;48.8873366666667;9.5358341712853;5.07029296763222;19441
-5.28813333333333;48.8909333333333;9.62287063118038;4.90309748377892;19570
-5.27973333333333;48.8942566666667;9.44466949628871;4.81229947042283;19714
-5.27142;48.8975516666667;9.62287063118038;4.90309748377892;19857
-5.26367333333333;48.9005833333333;9.53376963886953;4.85769826062134;19963
-5.255105;48.9039016666667;9.44753907518163;5.02334563226444;20083
-5.245355;48.9076666666667;9.71197077376119;4.94849627397743;20229
-5.23681333333333;48.9109016666667;9.70697587146236;4.7344084689347;20376
-5.22880666666667;48.9138616666667;9.71197077376119;4.94849627397743;20478
-5.22076166666667;48.91686;9.62412842534453;5.11723985527702;20601
-5.21212833333333;48.92004;9.71197077376119;4.94849627397743;20745
-5.20407666666667;48.923095;9.71197077376119;4.94849627397743;20856
-5.18732166666667;48.92943;9.88673450929084;4.82208261467985;21101
-5.179285;48.9324666666667;9.8901727583829;5.0392947202926;21222
-5.17127333333333;48.9354583333333;9.80107176607205;4.99389549713502;21365
-5.16257666666667;48.9386766666667;9.80107176607205;4.99389549713502;21470
-5.15246833333333;48.9424116666667;9.88673450929084;4.82208261467985;21635
-5.14367333333333;48.945635;9.80107176607205;4.99389549713502;21756
-5.13474166666667;48.9489016666667;9.96938565740315;4.64880087914769;21916
-5.12600666666667;48.95208;9.7968547617982;4.77824533277562;22012
-5.11793666666667;48.9550416666667;9.7968547617982;4.77824533277562;22135
-5.10905666666667;48.9582933333333;9.97661425678347;4.86591989658408;22303
-5.08814833333333;48.9659816666667;9.97661425678347;4.86591989658408;22573
-5.07929666666667;48.9692166666667;9.88673450929084;4.82208261467985;22702
-5.07049666666667;48.9724416666667;9.97661425678347;4.86591989658408;22845
-5.062295;48.9754683333333;9.97927290096371;5.08469351049111;22952
-5.05262166666667;48.9789333333333;9.88673450929084;4.82208261467985;23092
-5.04446;48.9819116666667;9.97661425678347;4.86591989658408;23212
-5.03561166666667;48.9851666666667;9.80107176607205;4.99389549713502;23346
-5.026705;48.9884;9.97661425678347;4.86591989658408;23473
-5.01631166666667;48.9921633333333;9.8901727583829;5.0392947202926;23623
-5.01088166666667;48.9941483333333;9.8901727583829;5.0392947202926;23713
-4.99841833333333;48.9986116666667;9.97927290096371;5.08469351049111;23885
-4.989535;49.0018116666667;9.8901727583829;5.0392947202926;24015
-4.97020666666667;49.0088083333333;9.8901727583829;5.0392947202926;24298
-4.95922166666667;49.0128433333333;9.8901727583829;5.0392947202926;24456
-4.95033166666667;49.0161333333333;9.97927290096371;5.08469351049111;24589
-4.940645;49.0197316666667;9.97927290096371;5.08469351049111;24721
-4.92818166666667;49.0243;9.97927290096371;5.08469351049111;24911
-4.91510666666667;49.0290133333333;9.88901287161109;5.25808141365738;25112
-4.903395;49.0333416666667;9.97927290096371;5.08469351049111;25270
-4.88958833333333;49.0383483333333;9.97927290096371;5.08469351049111;25465
-4.875715;49.043415;9.88901287161109;5.25808141365738;25675
-4.86595;49.046905;9.97927290096371;5.08469351049111;25808
-4.85699333333333;49.0501483333333;9.97927290096371;5.08469351049111;25937
-4.847775;49.0534633333333;9.88901287161109;5.25808141365738;26068
-4.81148;49.0664816666667;10.0683738932746;5.1300927336487;26594
-4.79406833333333;49.072695;9.88901287161109;5.25808141365738;26856
-4.77892166666667;49.0782383333333;9.88901287161109;5.25808141365738;27075
-4.75664;49.0864233333333;9.88901287161109;5.25808141365738;27368
-4.74412333333333;49.090975;9.79574055314076;5.42986765428888;27546
-4.67116833333333;49.117505;9.88901287161109;5.25808141365738;28596
-4.66287;49.120515;9.88901287161109;5.25808141365738;28723
-4.64895166666667;49.1255233333333;9.97927290096371;5.08469351049111;28925
-4.63856;49.1293066666667;9.88901287161109;5.25808141365738;29083
-4.62879666666667;49.1328133333333;9.79574055314076;5.42986765428888;29219
-4.62055666666667;49.1358333333333;9.88901287161109;5.25808141365738;29326
-4.61153;49.1390483333333;9.80071861755187;5.21113452601258;29463
-4.60325833333333;49.1420533333333;9.60027360437197;5.76842634075689;29577
-4.594265;49.145485;9.51455736477682;5.71692282797304;29718
-4.58551833333333;49.1488283333333;9.60027360437197;5.76842634075689;29859
-4.56238166666667;49.1577516666667;9.51455736477682;5.71692282797304;30190
-4.54188;49.16561;9.60027360437197;5.76842634075689;30503
-4.528225;49.1708133333333;9.60027360437197;5.76842634075689;30682
