"x";"y";"vx";"vy";"t"
-5.9654;48.3529666666667;5.96315842150004;10.757822564635;0
-5.95813333333333;48.3616166666667;5.82144719945586;10.9485498146329;160
-5.94673333333333;48.37505;5.91467727453522;10.6703602602802;430
-5.93423333333333;48.3904;4.49340797762665;10.5858058147031;741
-5.93041666666667;48.39645;4.19290494132675;10.9228908119509;910
-5.92148333333333;48.41055;3.67892020746307;10.6843600846156;1170
-5.91793333333333;48.4164666666667;4.49340797762665;10.5858058147031;1280
-5.91141666666667;48.4262333333333;4.64970027997026;10.9540074049393;1490
-5.90766666666667;48.4324;4.72784680377231;11.1381090779193;1588
-5.8983;48.4453166666667;5.34812790721408;10.9652871934185;1861
-5.89331666666667;48.4518833333333;5.72028046990192;11.2266825446655;2035
-5.88395;48.46505;5.04353421898221;11.3279633262783;2258
-5.8794;48.4710333333333;6.43797593637568;10.7145912587764;2340
-5.86808333333333;48.4829833333333;6.37227660579417;9.81244548499775;2630
-5.86296666666667;48.4884666666667;6.41202329936994;10.2613822869974;2735
-5.85156666666667;48.5008666666667;6.25;10.8253175473055;3000
-5.84625;48.5067166666667;6.28346441566694;10.4574409050741;3087
-5.83506666666667;48.5190833333333;6.91691564080919;10.6511160529432;3360
-5.82933333333333;48.5256833333333;6.30000019073486;10.9119204180464;3484
-5.82355;48.5323666666667;6.48947994033812;10.80030831583;3600
-5.8183;48.5383666666667;6.25;10.8253175473055;3703
-5.80655;48.5518166666667;6.06012025307921;10.9327463392424;3973
-5.801;48.5582666666667;6.43797593637568;10.7145912587764;4102
-5.78983333333333;48.5707833333333;6.06012025307921;10.9327463392424;4413
-5.78465;48.5767833333333;6.01163910611439;10.8452840348876;4473
-5.77416666666667;48.58905;6.25;10.8253175473055;4785
-5.76733333333333;48.5971833333333;6.30000019073486;10.9119204180464;4882
-5.7612;48.60435;6.20556323162321;11.1951324182047;5048
-5.7593;48.6066333333333;6.20556323162321;11.1951324182047;5066
-5.75411666666667;48.6126;6.20556323162321;11.1951324182047;5183
-5.74313333333333;48.62525;6.28346441566694;10.4574409050741;5466
-5.73755;48.6316166666667;6.46501492257102;10.3461866113561;5650
-5.7266;48.64395;6.23196090288309;10.3717246654789;5870
-5.72151666666667;48.6497666666667;6.53566842018033;10.0640468153451;5990
-5.71098333333333;48.6621333333333;6.15708208465838;11.1076701138499;6250
-5.70533333333333;48.669;6.48947994033812;10.80030831583;6315
-5.69801666666667;48.6772166666667;6.20556323162321;11.1951324182047;6507
-5.69278333333333;48.6834166666667;6.15708208465838;11.1076701138499;6602
-5.68731666666667;48.6899666666667;6.98991129338434;10.362969656938;6721
-5.6821;48.696;6.06012025307921;10.9327463392424;6867
-5.6771;48.7022;6.34999990463257;10.9985224628811;7016
-5.67176666666667;48.7084333333333;6.44999980926514;11.1717273784568;7120
-5.66613333333333;48.7152666666667;6.25404391623755;11.2825938884573;7227
-5.66081666666667;48.72155;6.6954949738307;11.1431749091275;7354
-5.65453333333333;48.7290333333333;6.59999990463257;11.4315351647734;7560
-5.6487;48.7357166666667;5.96228875783622;11.2134342608995;7661
-5.64276666666667;48.7430333333333;6.54098345312197;10.8860245554251;7772
-5.63626666666667;48.7493166666667;9.81122454289604;8.52876737687659;7933
-5.62728333333333;48.75435;10.2745156742541;7.46487259200327;8027
-5.61671666666667;48.7592;11.457518497167;6.35100621016721;8180
-5.60741666666667;48.7627833333333;10.9865847600125;7.13477156646016;8293
-5.59705;48.7671666666667;12.0538937404519;5.62082296175934;8410
-5.58755;48.7709;11.1942347075125;6.99493418680423;8612
-5.57741666666667;48.7750833333333;10.9027173832905;7.08030745519535;8646
-5.57676666666667;48.7753;11.5181380355143;6.65000009536743;8660
-5.56655;48.77955;10.8550157925546;6.7829666832591;8811
-5.5461;48.7876666666667;11.6324422717744;6.44796804174638;9055
-5.53325;48.7928666666667;11.5449799674196;6.39948689478155;9211
-5.52301666666667;48.79715;11.9197925035955;6.33786609760953;9331
-5.51226666666667;48.8013333333333;11.604740080349;6.69999980926514;9490
-5.502;48.8053833333333;11.5045639640607;5.61115076251285;9650
-5.49188333333333;48.80915;11.1717273784568;6.44999980926514;9748
-5.48276666666667;48.81305;11.3900236110624;6.0561829808488;9842
-5.4723;48.8170833333333;11.6549080573289;6.19702453922917;9972
-5.46273333333333;48.8209;11.6324422717744;6.44796804174638;10114
-5.45276666666667;48.8246833333333;12.0963818537584;6.43176032062211;10291
-5.44146666666667;48.8291;12.0080875996992;6.3848134329773;10380
-5.43053333333333;48.8334333333333;11.719903742027;6.49644872636072;10500
-5.4205;48.8372333333333;12.0697521253441;6.69037285186955;10665
-5.41071666666667;48.8409333333333;12.028588076543;6.12887174648388;10726
-5.39983333333333;48.8451166666667;12.0080875996992;6.3848134329773;10900
-5.38855;48.8495333333333;12.0697521253441;6.69037285186955;11038
-5.37866666666667;48.8534666666667;12.0697521253441;6.69037285186955;11140
-5.36851666666667;48.8574;12.1572135955967;6.73885353648389;11235
-5.35791666666667;48.8618333333333;12.1572135955967;6.73885353648389;11380
-5.34681666666667;48.8661666666667;12.2446758999515;6.78733468344872;11521
-5.33626666666667;48.8702833333333;12.4740913386371;6.35586699635366;11618
-5.3256;48.87435;12.2729712039213;6.52565454363469;11780
-5.30323333333333;48.8829833333333;12.1572135955967;6.73885353648389;12091
-5.29325;48.8869166666667;11.5181380355143;6.65000009536743;12230
-5.28303333333333;48.8908333333333;12.2109585237231;7.05000019073487;12255
-5.27271666666667;48.8950166666667;12.2446758999515;6.78733468344872;12384
-5.26065;48.8994;12.0377527822412;6.94999980926514;12536
-5.24966666666667;48.9038;12.0697521253441;6.69037285186955;12662
-5.23928333333333;48.9077333333333;12.2975605685578;7.09999990463257;12797
-5.21933333333333;48.9157333333333;11.6913429510899;6.75;13012
-5.20875;48.9199833333333;12.1572135955967;6.73885353648389;13190
-5.18763333333333;48.9281333333333;12.2446758999515;6.78733468344872;13448
-5.1774;48.93215;12.2109585237231;7.05000019073487;13518
-5.16668333333333;48.93635;12.7144450003508;6.76039032502764;13640
-5.15475;48.9409666666667;12.9195946007313;6.58286224622343;13800
-5.14415;48.9451;12.361266300025;6.57260187900247;13896
-5.13348333333333;48.94905;12.3321382043064;6.83581583041355;14041
-5.12303333333333;48.9530833333333;12.6819857535212;7.02973949357189;14149
-5.10061666666667;48.9619333333333;12.2109585237231;7.05000019073487;14401
-5.08898333333333;48.9665333333333;12.4707654841334;7.19999980926514;14575
-5.07878333333333;48.9705166666667;12.2109585237231;7.05000019073487;14664
-5.06788333333333;48.9748666666667;12.0422828036689;7.52485345103743;14791
-5.05768333333333;48.97905;12.2975605685578;7.09999990463257;14911
-5.03556666666667;48.9877;12.3841634392987;7.15000009536743;15214
-5.0236;48.99255;12.2574925635319;7.36504456944949;15315
-5.01191666666667;48.9970166666667;12.1572135955967;6.73885353648389;15438
-4.99996666666667;49.00155;12.1243556529821;7;15590
-4.98921666666667;49.0056833333333;12.2574925635319;7.36504456944949;15726
-4.97543333333333;49.0111166666667;12.2975605685578;7.09999990463257;15871
-4.96546666666667;49.0150333333333;12.4195996745589;6.88429651502789;15983
-4.94171666666667;49.0239666666667;12.2574925635319;7.36504456944949;16277
-4.90306666666667;49.0386333333333;12.0768558584867;7.84280189645309;16707
-4.87635;49.0489666666667;12.5573683548744;7.25;17025
