"x";"y";"vx";"vy";"t"
-5.20177166666667;48.8860716666667;-1.52824159990486;-2.10344410822099;0
-5.204045;48.8843183333333;-1.044178127753;-2.04931496314674;222
-5.20469833333333;48.88372;-1.044178127753;-2.04931496314674;289
-5.20718333333333;48.881205;-1.10000002384186;-1.90525592962107;591
-5.20807833333333;48.88027;-1.11506210344905;-2.01162528471549;704
-5.20908833333333;48.8791383333333;-0.938943125571782;-1.76589518571785;830
-5.20961666666667;48.878665;-0.998779121074956;-1.96021439570091;890
-5.20994;48.878335;-0.985890237078074;-1.8541898607993;931
-5.210095;48.8781783333333;-1.01810015628226;-1.8367013015825;951
-5.21069;48.8775833333333;-0.985890237078074;-1.8541898607993;1019
-5.210795;48.8774883333333;-0.998779121074956;-1.96021439570091;1031
-5.21189666666667;48.876305;-0.953380006157139;-1.87111361582257;1170
-5.21392333333333;48.874055;-0.964416543839135;-1.97734694471601;1440
-5.21437;48.8735483333333;-1.04999995231628;-1.8186532653567;1500
-5.21453833333333;48.8734;-1.01810015628226;-1.8367013015825;1523
-5.214715;48.873155;-0.985890237078074;-1.8541898607993;1551
-5.21496166666667;48.87291;-1.04999995231628;-1.8186532653567;1581
-5.21519333333333;48.8726766666667;-1;-1.73205080756888;1611
-5.21547833333333;48.8723283333333;-1.14374192159073;-1.76120811270353;1651
-5.21577;48.8721066666667;-1.11283040435269;-1.78090092105233;1679
-5.21796;48.8700466666667;-1.17430504395978;-1.7409788233024;1941
-5.21822166666667;48.8698166666667;-1.20451046163668;-1.72021921488646;1971
-5.220795;48.8677533333333;-1.78541833715846;-2.28523126061006;2209
-5.22215;48.8667783333333;-1.83696524989009;-2.1131867886364;2310
-5.22259333333333;48.8665133333333;-1.90257124663914;-2.18865785462075;2339
-5.22659;48.8641416666667;-1.38957201563959;-1.29579686785864;2635
-5.22722;48.8638516666667;-1.27279217241831;-1.27279217241831;2692
-5.22835666666667;48.8633116666667;-1.50941916044554;-1.31211805798102;2792
-5.22917833333333;48.8629483333333;-1.65482250742355;-1.29288903946983;2862
-5.22928833333333;48.8629166666667;-1.45548442366214;-1.22129644307917;2871
-5.229625;48.862755;-1.43394818442959;-1.2465121394403;2899
-5.2298;48.8625883333333;-0.503273599791474;-0.746133795533742;2941
-5.22968;48.8625266666667;-0.391435025763424;-0.580326290905631;2968
-5.22948;48.8626383333333;-0.745230970444596;-1.52794992156642;2980
-5.22937666666667;48.8627166666667;-0.82053533256445;-1.93306010446394;2987
-5.22918333333333;48.862845;-1.21881428246785;-1.9505105807217;3006
-5.22750833333333;48.8639466666667;-1.40936391287516;-0.950627962564666;3135
-5.22744166666667;48.86399;-1.23612660895139;-0.657260176707173;3152
-5.22738166666667;48.8640366666667;-1.25831164338991;-0.613719595053126;3160
-5.22734;48.8640766666667;-1.07855289841684;-0.526045397050058;3169
-5.22866;48.864085;-0.292541485006876;-0.272799348090027;3379
-5.22870833333333;48.8640633333333;-0.365676850809585;-0.340999180031249;3384
-5.22879666666667;48.86403;-0.689439980543157;-0.578508833392635;3401
-5.22903666666667;48.8639766666667;-0.295832778180487;-0.634415440121624;3452
-5.22909166666667;48.8638383333333;-0.303201097970406;-1.05738788845042;3476
-5.22911333333333;48.863745;-0.322531146046613;-0.84022236158919;3499
-5.22942666666667;48.863185;-1.21202405061584;-2.18654926784849;3559
-5.22984;48.8628366666667;-2.15801940101595;-2.08397511137699;3593
-5.2299;48.8627983333333;-2.22943447643218;-2.00739181907658;3602
-5.23008166666667;48.86271;-2.44283326103028;-1.90855051479549;3608
-5.23043666666667;48.8625766666667;-2.55563367023325;-1.92580810278333;3627
-5.23048833333333;48.8625516666667;-2.48686711371951;-2.01382528136781;3632
-5.23073;48.8624516666667;-2.52794662576478;-2.12119908131508;3639
-5.23108333333333;48.8623066666667;-2.33959962671588;-2.03378292730391;3660
-5.23208;48.86167;-0.517387414264387;-2.24105110254446;3746
-5.23221333333333;48.8609716666667;-1.31511344036723;-2.6963821388975;3796
-5.23234166666667;48.8607883333333;-1.40841468835767;-2.64884277857678;3811
-5.23563666666667;48.8576;-1.8656265143778;-2.47577000498279;4063
-5.236405;48.85693;-1.76335575687742;-2.42705098312484;4120
-5.23653166666667;48.8568183333333;-1.64579867839114;-2.26524754567292;4131
-5.23713;48.85627;-1.38417452455293;-1.83686163502687;4192
-5.23821;48.85548;-1.23434897375862;-1.69893561103352;4302
-5.23832333333333;48.8554083333333;-1.29288903946983;-1.65482250742355;4311
-5.23893166666667;48.85493;-1.29312758307123;-1.77983742620182;4372
-5.23915666666667;48.8547533333333;-1.44435611295847;-1.91672530027732;4394
-5.239485;48.8545116666667;-1.31922577625715;-1.88404966280447;4420
-5.23975833333333;48.85427;-1.17430504395978;-1.7409788233024;4454
-5.24018166666667;48.8538866666667;-1.03481415354335;-1.59347405910084;4512
-5.24025333333333;48.8538166666667;-1.00684658940883;-1.61129136247817;4522
-5.24069666666667;48.8533366666667;-0.699999988079071;-1.21243554465056;4602
-5.24073333333333;48.8532916666667;-0.669549472824141;-1.11431745003982;4616
-5.24076166666667;48.85316;-0.325389319309318;-0.730836377004391;4647
-5.24076;48.8531466666667;-0.422524395314227;-0.794652812521923;4656
-5.24079;48.85308;-0.544639035015027;-0.838670567945424;4661
-5.24099833333333;48.8528783333333;-0.772557112365081;-1.28575095105317;4691
-5.24104333333333;48.852785;-0.800000011920929;-1.38564066670276;4707
-5.24113833333333;48.8526433333333;-0.490175118528318;-0.754803491155417;4743
-5.24123166666667;48.8525466666667;-1.02389516483001;-0.95479768782739;4759
-5.24145;48.85244;-1.59727102009459;-1.2036300463041;4772
-5.24161666666667;48.8523733333333;-2.03531551165159;-1.27180628469673;4784
-5.24174333333333;48.8523416666667;-2.1650635094611;-1.25;4791
-5.241875;48.8523116666667;-2.29566365722877;-1.22062601847102;4798
-5.24204666666667;48.8522716666667;-2.3012621336311;-0.976827821223185;4808
-5.24213833333333;48.8522583333333;-2.45834820638655;-0.846477170540009;4814
-5.24239666666667;48.85225;-2.53336207551844;-0.584872719841045;4826
-5.24244833333333;48.852245;-2.54318366862447;-0.540570376298172;4831
-5.2428;48.852295;-2.7982942679988;-0.0977185891028669;4851
-5.24292833333333;48.852315;-2.89823349366471;0.101208543765529;4857
-5.24310333333333;48.8523616666667;-3.09575146250245;0.162241459361981;4867
-5.24332166666667;48.852415;-3.18247011260097;0.334491087440795;4875
-5.24351333333333;48.8524716666667;-3.16885786719269;0.4453539297085;4880
-5.24401;48.8526683333333;-3.17417353912365;1.21845106263065;4905
-5.24409166666667;48.852715;-3.24514349098376;1.31112307695569;4911
-5.24420166666667;48.8527783333333;-3.14577916204708;1.53429901376177;4917
-5.24488833333333;48.8533966666667;-2.57115043874616;3.06417777247591;4956
-5.24499833333333;48.853565;-2.35114100916989;3.23606797749979;4971
-5.24509666666667;48.8537483333333;-2.1726689328191;3.47699711336518;4978
-5.24516333333333;48.8538816666667;-2.03620031256452;3.67340260316499;4986
-5.24524333333333;48.8540733333333;-1.7082938233395;3.83689074785396;4994
-5.24494833333333;48.8561033333333;1.4650566950572;4.25483359019693;5097
-5.24471666666667;48.8564383333333;2.04295724882796;4.00952935884766;5113
-5.24464166666667;48.856575;2.31767133709524;3.85725285315951;5125
-5.24455166666667;48.85671;2.45087565756762;3.77401755575441;5130
-5.24438166666667;48.85688;2.58625516614245;3.55967485240364;5138
-5.243745;48.8575816666667;2.53514648381611;4.76791708564265;5173
-5.242665;48.858795;3.43122602447632;5.28362473801989;5221
-5.24169;48.8597716666667;3.61353165841261;5.1606580352615;5261
-4.98417833333333;48.972775;2.93534698780898;1.9062366225526;16960
