"x";"y";"vx";"vy";"t"
-6.37958333333333;47.81125;8.87201568062758;16.0055399733691;0
-6.32845;47.8763666666667;9.47670038187356;15.7718780059355;914
-6.31201666666667;47.8971666666667;9.69752213117134;15.5192795126532;1140
-6.2311;47.9885;10.4009882178711;15.4200991657765;2374
-6.20491666666667;48.0213;9.68271541536615;16.114744599233;2805
-6.18583333333333;48.0464333333333;9.44999980926513;16.3678798011634;3136
-6.16778333333333;48.0699666666667;9.39999961853027;16.2812769304225;3438
-6.15301666666667;48.0891;9.06594026848689;16.3553891907886;3681
-6.1458;48.0983166666667;9.63121239376088;16.0290291770963;3814
-6.13535;48.11155;9.39999961853027;16.2812769304225;3985
-6.12815;48.1207833333333;9.35000038146972;16.194675711494;4093
-6.12008333333333;48.1308833333333;9.35000038146972;16.194675711494;4235
-6.04701666666667;48.22305;9.68271541536615;16.114744599233;5441
-6.0392;48.2328166666667;9.39999961853027;16.2812769304225;5562
-6.03078333333333;48.2432333333333;9.39999961853027;16.2812769304225;5694
-6.02275;48.2533833333333;9.39999961853027;16.2812769304225;5835
-6.00643333333333;48.2737666666667;9.44999980926513;16.3678798011634;6091
-5.99848333333333;48.2836666666667;9.44999980926513;16.3678798011634;6233
-5.99103333333333;48.2929666666667;9.73421941932859;16.2004616562865;6345
-5.98136666666667;48.3050333333333;9.44999980926513;16.3678798011634;6496
-5.96498333333333;48.3254333333333;9.5;16.4544826719043;6755
-5.956;48.3365833333333;9.5;16.4544826719043;6923
-5.94283333333333;48.3535;8.62581949505139;16.929123959579;7117
-5.93471666666667;48.3650666666667;8.41672635280093;17.2568463746694;7265
-5.92793333333333;48.3747833333333;8.46056279857855;17.3467244078485;7382
-5.91978333333333;48.3863666666667;8.41672635280093;17.2568463746694;7527
-5.91306666666667;48.39725;8.15653212916335;17.4917395983494;7678
-5.90665;48.4075166666667;8.1987941165535;17.582370722782;7776
-5.89505;48.4259666666667;8.15653212916335;17.4917395983494;8034
-5.87628333333333;48.4546;8.50440008048278;17.4366041553411;8347
-5.86901666666667;48.46465;9.40530644783875;16.9676219848633;8482
-5.85956666666667;48.4771333333333;9.35682530087392;16.8801596805085;8660
-5.85181666666667;48.4873833333333;9.10774813895709;17.1291829646454;8756
-5.84426666666667;48.4969666666667;10.0432424607461;16.7147623636912;8893
-5.83493333333333;48.5084;9.75;16.8874953737966;9037
-5.82635;48.51885;9.40530644783875;16.9676219848633;9162
-5.8186;48.5283333333333;9.69999980926513;16.8008925030556;9271
-5.81076666666667;48.53815;9.88873143121591;16.4576128274473;9404
-5.80233333333333;48.5485333333333;9.64999961853027;16.7142896323147;9548
-5.79348333333333;48.5595166666667;9.88873143121591;16.4576128274473;9681
-5.78558333333333;48.56925;9.64999961853027;16.7142896323147;9820
-5.7778;48.57865;9.64999961853027;16.7142896323147;9944
-5.76933333333333;48.5890166666667;9.64999961853027;16.7142896323147;10081
-5.76571666666667;48.5934166666667;9.60000038146972;16.6276884133862;10104
-5.75783333333333;48.6032;9.35682530087392;16.8801596805085;10229
-5.75028333333333;48.6126;9.83722742725347;16.3718957703937;10345
-5.74221666666667;48.6218166666667;10.4570698878151;16.102475544407;10477
-5.73378333333333;48.6317;10.1744502775738;16.2825240932127;10608
-5.72555;48.6413;10.1744502775738;16.2825240932127;10735
-5.71658333333333;48.6511166666667;10.5115329602634;16.1863413214918;10858
-5.70793333333333;48.6603333333333;11.2420983712825;16.0553803805459;10984
-5.69908333333333;48.6699333333333;11.1847405088454;15.9734648636353;11104
-5.69063333333333;48.6792833333333;11.1847405088454;15.9734648636353;11227
-5.6816;48.6891666666667;10.9042616176796;16.1662326648233;11339
-5.67278333333333;48.6987833333333;10.9601811213418;16.2491367383316;11480
-5.66358333333333;48.7086333333333;10.8483421140173;16.0833285913151;11585
-5.6549;48.7178333333333;10.9042616176796;16.1662326648233;11718
-5.64545;48.7272333333333;11.7955746833544;15.6532563015822;11850
-5.63551666666667;48.7359166666667;14.9378666408201;12.5343583888875;11978
-5.62115;48.74305;16.5369378750503;10.3334256525475;12108
-5.60688333333333;48.7497666666667;16.1662326648233;10.9042616176796;12229
-5.59071666666667;48.7578666666667;16.1662326648233;10.9042616176796;12386
-5.5777;48.7643166666667;15.452224901177;11.2266985430085;12504
-5.56473333333333;48.7708666666667;16.0833285913151;10.8483421140173;12617
-5.55075;48.7778166666667;16.1662326648233;10.9042616176796;12734
-5.53626666666667;48.785;16.1372958974565;11.2994562337197;12878
-5.52253333333333;48.7918166666667;16.5218108283797;10.7293894053226;13018
-5.5093;48.7984333333333;16.7065481412909;10.4394099096905;13115
-5.49608333333333;48.8050166666667;17.0576289569887;10.2492574942386;13241
-5.4815;48.81185;16.6895439821865;10.8383165890357;13372
-5.46796666666667;48.8183833333333;16.7734113589085;10.8927807003005;13493
-5.45268333333333;48.8258666666667;16.2192098519586;11.3568130021466;13625
-5.44218333333333;48.8314833333333;16.6636555246091;11.2397775730772;13702
-5.429;48.8384166666667;16.3011253688692;11.4141708645838;13824
-5.41493333333333;48.8456833333333;15.9376354064174;11.5793699186063;13972
-5.4016;48.8528;15.5238124472569;12.1285315336279;14090
-5.38811666666667;48.86085;15.2320611410143;12.3346799046435;14223
-5.37488333333333;48.8685333333333;15.0766313558076;12.2088153463002;14350
-5.36213333333333;48.87605;15.5238124472569;12.1285315336279;14457
-5.34826666666667;48.88385;16.3320408118398;11.016100625004;14606
-5.33343333333333;48.8903333333333;17.3174695340782;9.59923011099709;14740
-5.3191;48.8964666666667;17.3057731568527;9.20164280969265;14853
-5.305;48.9022666666667;16.8004794207448;10.0947464647085;14968
-5.29101666666667;48.9081666666667;17.1425465935731;9.5022687417684;15097
-5.27696666666667;48.9141333333333;17.3174695340782;9.59923011099709;15205
-5.26158333333333;48.9206833333333;17.3174695340782;9.59923011099709;15338
-5.24656666666667;48.9268833333333;16.9740982445375;9.80000019073487;15470
-5.23206666666667;48.933;16.9740982445375;9.80000019073487;15622
-5.2172;48.9393;17.1473023342069;9.89999961853028;15714
-5.20308333333333;48.9452666666667;17.1433460140422;10.3007614982011;15861
-5.18751666666667;48.95185;17.0576289569887;10.2492574942386;16000
-5.17285;48.95805;17.0576289569887;10.2492574942386;16097
-5.15818333333333;48.9648833333333;16.8761567900082;10.5453931560926;16265
-5.14303333333333;48.9718166666667;16.7913516568879;10.4924010275211;16361
-5.12785;48.9787666666667;17.0576289569887;10.2492574942386;16483
-5.1103;48.9872666666667;16.4149433040844;11.0720190620905;16677
-5.09648333333333;48.994;16.3320408118398;11.016100625004;16768
-5.07628333333333;49.0037333333333;16.3320408118398;11.016100625004;16945
-5.05786666666667;49.01255;16.3320408118398;11.016100625004;17113
-5.02266666666667;49.0291166666667;16.3540760749358;10.620461182793;17422
-5.00833333333333;49.0353833333333;17.0607011152784;9.85000038146973;17556
-4.99145;49.0418833333333;17.4823616649712;9.29553658498226;17685
-4.95836666666667;49.05465;17.3940682529564;9.24859014506043;17971
-4.9436;49.0603666666667;17.3940682529564;9.24859014506043;18085
-4.9283;49.0662166666667;17.2174780607491;9.15469547432487;18212
-4.9149;49.0712833333333;17.463728213984;8.89821396807875;18336
-4.89898333333333;49.0772833333333;17.3940682529564;9.24859014506043;18475
-4.86991666666667;49.0880333333333;17.463728213984;8.89821396807875;18696
-4.85158333333333;49.0947833333333;17.3746272216732;8.85281474492116;18847
-4.83708333333333;49.1000666666667;17.4366041553411;8.50440008048278;18979
-4.82221666666667;49.1055;17.3746272216732;8.85281474492116;19090
-4.80678333333333;49.11115;17.3746272216732;8.85281474492116;19217
-4.78488333333333;49.1192333333333;17.9758809259833;8.76742293578155;19424
-4.76871666666667;49.1250666666667;17.7310294914565;9.03441077163335;19551
-4.752;49.1311;17.9092314760782;9.12520921794852;19696
-4.73633333333333;49.1367;17.706243397819;8.63591192619547;19814
-4.71248333333333;49.1453166666667;17.6163636503264;8.59207464429124;19998
-4.69256666666667;49.15245;17.85426409608;8.32558007872392;20177
-4.61221666666667;49.1812666666667;16.9525944565269;9.01385436366748;20829
-4.42991666666667;49.2466666666667;17.7310294914565;9.03441077163335;22321
