"x";"y";"vx";"vy";"t"
-5.938605;48.3671616666667;7.32062545065988;13.2067579114458;0
-5.931765;48.374705;7.55000019073486;13.0769839275075;135
-5.92523;48.38183;7.5;12.9903810567666;251
-5.91734166666667;48.3905566666667;7.32062545065988;13.2067579114458;415
-5.90808;48.4008783333333;7.32062545065988;13.2067579114458;593
-5.90138166666667;48.408135;7.55000019073486;13.0769839275075;686
-5.89454666666667;48.4155016666667;7.32062545065988;13.2067579114458;824
-5.8879;48.4225716666667;7.44999980926514;12.9037781860257;965
-5.880875;48.4299383333333;7.40000009536743;12.8171761411909;1086
-5.87379833333333;48.4376816666667;6.8098574960932;13.3650978628255;1245
-5.86732333333333;48.4453716666667;6.8098574960932;13.3650978628255;1324
-5.86058333333333;48.4532283333333;6.71905948273711;13.1868967279339;1465
-5.85437833333333;48.4605283333333;7.04207344178836;13.2442138928839;1576
-5.84820666666667;48.46767;6.8098574960932;13.3650978628255;1733
-5.84138833333333;48.4756833333333;6.85525671925079;13.4541988551364;1872
-5.83485166666667;48.4833683333333;7.13596766480095;13.4208032430468;1960
-5.832595;48.4859283333333;7.13596766480095;13.4208032430468;1992
-5.82624666666667;48.4932366666667;6.90065550944929;13.5432989977172;2115
-5.81872;48.5020383333333;7.13596766480095;13.4208032430468;2251
-5.8121;48.5097316666667;6.90065550944929;13.5432989977172;2382
-5.804825;48.51836;6.90065550944929;13.5432989977172;2536
-5.79861166666667;48.525585;7.13596766480095;13.4208032430468;2647
-5.79231833333333;48.5329133333333;6.90065550944929;13.5432989977172;2756
-5.78560333333333;48.540655;7.13596766480095;13.4208032430468;2897
-5.779085;48.54833;6.94605473260688;13.632399990028;3026
-5.772375;48.55607;7.18291500016872;13.5090983391505;3151
-5.76528833333333;48.5642133333333;6.99145352280539;13.7215001326089;3274
-5.758135;48.572485;6.94605473260688;13.632399990028;3407
-5.75155666666667;48.5802216666667;6.94605473260688;13.632399990028;3547
-5.745005;48.5879533333333;6.70707862948554;13.7515490798086;3650
-5.738225;48.59616;6.70707862948554;13.7515490798086;3803
-5.73219;48.603675;6.70707862948554;13.7515490798086;3902
-5.72599333333333;48.6112383333333;6.70707862948554;13.7515490798086;4025
-5.719655;48.6190533333333;6.70707862948554;13.7515490798086;4157
-5.713155;48.62702;6.99145352280539;13.7215001326089;4325
-5.70667166666667;48.63486;6.99145352280539;13.7215001326089;4398
-5.69949666666667;48.6435666666667;7.27680922318131;13.6856876893134;4565
-5.69369166666667;48.65033;7.08225196912056;13.8997021172306;4657
-5.68664666666667;48.6585983333333;7.08225196912056;13.8997021172306;4792
-5.67984833333333;48.6664783333333;6.83859005713493;14.0211874651297;4922
-5.67319333333333;48.6744233333333;6.83859005713493;14.0211874651297;5035
-5.66644166666667;48.6824266666667;7.08225196912056;13.8997021172306;5175
-5.65965833333333;48.69028;7.08225196912056;13.8997021172306;5284
-5.6528;48.6982516666667;6.83859005713493;14.0211874651297;5437
-5.64609833333333;48.7061483333333;7.12765075931907;13.9888022598114;5532
-5.639665;48.7137916666667;6.88242692097585;14.1110663554656;5685
-5.63269333333333;48.7222216666667;6.88242692097585;14.1110663554656;5788
-5.625925;48.7303033333333;7.12765075931907;13.9888022598114;5921
-5.61852666666667;48.7389666666667;6.88242692097585;14.1110663554656;6069
-5.61165;48.7470233333333;6.88242692097585;14.1110663554656;6185
-5.60485166666667;48.7549216666667;7.12765075931907;13.9888022598114;6333
-5.59776;48.7627633333333;8.49636915399773;13.083261179876;6457
-5.58954;48.77011;10.0917653494767;12.0268976108566;6592
-5.58062833333333;48.77657;11.2936347281136;10.9061362837107;6704
-5.57028833333333;48.7826383333333;12.2929680568671;9.60431924993648;6817
-5.559035;48.7880316666667;13.3143549479035;8.31973234738724;6925
-5.54646333333333;48.7927883333333;14.2009461029582;6.92626420288008;7095
-5.533885;48.79664;14.0211874651297;6.83859005713493;7186
-5.52207333333333;48.8002683333333;14.1110663554656;6.88242692097586;7352
-5.508955;48.8042516666667;14.0211874651297;6.83859005713493;7467
-5.49692833333333;48.8078933333333;14.1110663554656;6.88242692097586;7555
-5.48306333333333;48.8121266666667;14.1110663554656;6.88242692097586;7727
-5.470615;48.81587;14.2290320836109;6.63510662872095;7826
-5.45846833333333;48.8195216666667;14.2009461029582;6.92626420288008;7966
-5.44465166666667;48.8237983333333;14.2009461029582;6.92626420288008;8142
-5.43128666666667;48.8279433333333;14.5253724280274;6.46711246974751;8246
-5.41561;48.8326366666667;14.3196632080436;6.67736861611109;8385
-5.40227;48.8366683333333;14.5253724280274;6.46711246974751;8546
-5.38943;48.840475;14.5253724280274;6.46711246974751;8623
-5.37655666666667;48.8442133333333;14.3196632080436;6.67736861611109;8748
-5.36376;48.847845;14.3426635107439;6.3857652187112;8875
-5.35095833333333;48.85147;14.3196632080436;6.67736861611109;9003
-5.33815166666667;48.8550383333333;14.2290320836109;6.63510662872095;9136
-5.32593;48.8585083333333;14.3196632080436;6.67736861611109;9253
-5.31169166666667;48.862615;14.5009245925864;6.76189218785119;9407
-5.29882333333333;48.8663633333333;14.5009245925864;6.76189218785119;9522
-5.28646833333333;48.869965;14.3807047407867;7.01393834862524;9653
-5.27348;48.873735;14.3196632080436;6.67736861611109;9786
-5.26127833333333;48.8773683333333;14.2009461029582;6.92626420288008;9916
-5.24880666666667;48.8814266666667;13.3348617104048;8.65976044897563;10037
-5.23689666666667;48.8863666666667;13.0245171917133;9.11986511917959;10166
-5.22465333333333;48.891825;12.9442719099992;9.40456403667957;10261
-5.21349;48.896745;13.0245171917133;9.11986511917959;10382
-5.20167;48.9019016666667;13.1064327086239;9.17722298161674;10559
-5.18858666666667;48.9075966666667;12.9442719099992;9.40456403667957;10663
-5.17686166666667;48.91277;13.1883482255345;9.23458084405389;10780
-5.165535;48.917715;13.1883482255345;9.23458084405389;10942
-5.15357333333333;48.9228233333333;13.1064327086239;9.17722298161674;11047
-5.14140833333333;48.92798;12.9442719099992;9.40456403667957;11146
-5.12969833333333;48.9330716666667;12.8633699019462;9.34578528722804;11268
-5.11799333333333;48.9381783333333;12.9426024560069;9.06250780374755;11408
-5.10521;48.9437916666667;12.7824686654319;9.28700709833222;11583
-5.09372833333333;48.9490683333333;12.7824686654319;9.28700709833222;11677
-5.08277666666667;48.9540033333333;13.0245171917133;9.11986511917959;11785
-5.07722833333333;48.9564283333333;12.7824686654319;9.28700709833222;11845
-5.06440333333333;48.962095;12.9426024560069;9.06250780374755;12018
-5.05170833333333;48.9676383333333;12.9426024560069;9.06250780374755;12118
-5.036025;48.9742783333333;12.9426024560069;9.06250780374755;12295
-5.024795;48.97908;12.7824686654319;9.28700709833222;12432
-5.01247666666667;48.9845;12.7824686654319;9.28700709833222;12537
-4.98898333333333;48.9946983333333;13.0245171917133;9.11986511917959;12787
-4.95693333333333;49.0081;12.7824686654319;9.28700709833222;13129
-4.94284333333333;49.0141366666667;12.9426024560069;9.06250780374755;13301
-4.93165166666667;49.01888;13.0245171917133;9.11986511917959;13402
