"x";"y";"vx";"vy";"t"
-4.50411666666667;49.3897;-2.66775718317538;7.32960262136223;0
-4.55693333333333;49.3721666666667;-7.18856910596212;2.75943314314554;1060
-4.6126;49.3525833333333;-6.22935713069652;4.69415729537308;2213
-4.6131;49.3524;-6.22935713069652;4.69415729537308;2218
-4.64953333333333;49.3390666666667;-6.77689278162005;5.29468892265688;2964
-4.65111666666667;49.3385833333333;-6.69958004051194;4.18636223797936;2995
-4.65215;49.3382333333333;-7.399718555395;3.2945669640717;3017
-4.65441666666667;49.3374;-8.02081013945036;1.70487582504961;3061
-4.65645;49.3365833333333;-8.03962420692102;0.987141728071161;3098
-4.65741666666667;49.3362333333333;-8.36803508395254;0.732108205833049;3121
-4.65846666666667;49.3358833333333;-7.8987968870884;-0.137874012518931;3139
-4.65948333333333;49.3355833333333;-7.95617516294619;-0.836227706141227;3161
-4.68425;49.32715;-0.132638287258961;-7.59884238783567;3650
-4.68566666666667;49.32665;0.671099202533333;-7.67069898529738;3680
-4.69855;49.3221166666667;5.85082961295336;-5.45598688049999;3939
-4.71166666666667;49.3175;5.05524596490299;6.70853797974199;4196
-4.71386666666667;49.3167166666667;1.29840608967142;8.19781341532624;4243
-4.71453333333333;49.3164666666667;0.434388446798725;8.28862532893643;4256
-4.71685;49.31555;-1.15513676451371;8.21922515943368;4298
-4.71995;49.3145333333333;-4.08037823352161;6.52997017865214;4358
-4.72038333333333;49.31435;-4.76068453111471;6.79896212383948;4371
-4.72188333333333;49.3137333333333;-5.61085057984466;5.41833542207574;4399
-4.72635;49.3121666666667;-8.03295958528818;2.45592220814003;4490
-4.72723333333333;49.3119;-7.92214454993256;1.11338480768052;4505
-4.72838333333333;49.3114833333333;-8.3373872951608;-1.02370243811377;4534
-4.72918333333333;49.3111833333333;-7.53422162929046;-2.01878860116548;4547
-4.73036666666667;49.3106166666667;-6.83083466615799;-3.33162067379066;4573
-4.731;49.3103166666667;-6.82203388250776;-3.78151513039152;4589
-4.73816666666667;49.3077833333333;2.14997142794625;-7.497841411665;4736
-4.73908333333333;49.3073833333333;3.0505248230685;-6.85159093231951;4756
-4.74075;49.30675;4.45343122871871;-5.90990285051379;4790
-4.74181666666667;49.30645;6.37259673571833;-5.16042708657533;4810
-4.74233333333333;49.3063166666667;6.70936454356339;-4.35711228012022;4820
-4.74263333333333;49.3062333333333;7.15187583897509;-3.8027198376549;4825
-4.74283333333333;49.3061666666667;7.01059373256486;-3.41929502856747;4830
-4.74298333333333;49.3061166666667;7.27198843006046;-3.08677595232829;4837
-4.74348333333333;49.3059666666667;7.26791605411874;-2.22202492801006;4848
-4.74398333333333;49.3057833333333;7.97694317507323;-1.40655030534366;4855
-4.74466666666667;49.3055333333333;7.69530917742836;-0.268726117952705;4871
-4.74738333333333;49.30455;6.52997017865214;4.0803782335216;4924
-4.74786666666667;49.3043666666667;6.06962980019561;4.57379411856201;4930
-4.74821666666667;49.30425;5.57358619108046;5.01847954769144;4941
-4.7485;49.30415;5.14047200764436;5.32311459110761;4947
-4.74965;49.3037833333333;4.15000009536743;7.18801101659208;4972
-4.75013333333333;49.3036166666667;2.96955653925546;6.99583679845236;4978
-4.75065;49.30345;2.60454523565725;7.56414860479453;4987
-4.75083333333333;49.3033833333333;2.01878860116548;7.53422162929046;4995
-4.75118333333333;49.3032666666667;1.30236133250198;7.38605814759156;5000
-4.75181666666667;49.30305;0.397753262455227;7.58958436889803;5013
-4.7526;49.3027833333333;-0.697245941981267;7.96955758473396;5027
-4.7528;49.3027166666667;-1.08555021403368;7.72409112506289;5034
-4.75331666666667;49.3025666666667;-1.60091997964074;7.53173633908345;5044
-4.75381666666667;49.3024;-2.50687472722292;7.28049285177138;5055
-4.7568;49.3014166666667;-7.42357179382475;2.70195916489036;5115
-4.75723333333333;49.30125;-7.60008669117118;1.75461826678815;5126
-4.75765;49.3011166666667;-8.21922515943368;1.15513676451371;5132
-4.75818333333333;49.3009166666667;-7.78099978229687;0.544100508509168;5144
-4.75876666666667;49.3007;-7.98903627803659;-0.418687649943554;5154
-4.7589;49.3006666666667;-7.17260163625151;-0.627521331159501;5163
-4.75971666666667;49.3003666666667;-7.21033857233391;-1.66463782359761;5171
-4.76015;49.3002166666667;-7.36354643851471;-2.2512620705996;5186
-4.76053333333333;49.3001;-7.23563300081935;-2.63355503837249;5194
-4.76108333333333;49.2999333333333;-6.62210694644195;-3.52103672089418;5200
-4.76133333333333;49.29985;-6.51447140359021;-3.91428932019856;5210
-4.76168333333333;49.29975;-5.90990285051378;-4.45343122871871;5215
-4.76238333333333;49.2995166666667;-5.4447220802665;-5.4447220802665;5227
-4.76296666666667;49.2993166666667;-4.7828349119621;-5.90630923295856;5239
-4.76363333333333;49.29905;-3.97543879354987;-7.17188143172258;5257
-4.76396666666667;49.2989333333333;-3.59464332005777;-7.37011100822181;5264
-4.76458333333333;49.2987;-2.57198845126014;-7.46959683740628;5276
-4.76526666666667;49.2984666666667;-1.79960843475092;-7.79496051828188;5287
-4.76555;49.29835;-1.46922922800547;-7.55852912531649;5294
-4.7664;49.2981;-0.275706027278032;-7.89518762876019;5311
-4.76705;49.2979;0.688530376018323;-7.86993820992932;5329
-4.76806666666667;49.2976;2.17753513724112;-7.59396748958578;5341
-4.76836666666667;49.2975;2.53943166686302;-7.37504507001803;5349
-4.76856666666667;49.2974166666667;2.92193150009465;-7.23203424246723;5354
-4.76901666666667;49.2972666666667;3.4654696656657;-7.43172368083604;5362
-4.76941666666667;49.29715;3.92695810893552;-7.08441996147005;5369
-4.76993333333333;49.2969833333333;4.35711228012022;-6.70936454356339;5378
-4.77025;49.2968833333333;4.58472507999243;-6.31033271043234;5385
-4.77076666666667;49.2967333333333;5.55378416040506;-6.168102193206;5397
-4.77143333333333;49.2965333333333;6.11314788770331;-5.31407838508977;5408
-4.77178333333333;49.2964166666667;6.30408602885378;-4.92529180260527;5415
-4.7721;49.2963333333333;6.79323192028537;-4.41157639138502;5426
-4.77266666666667;49.29615;7.15187583897509;-3.8027198376549;5436
-4.77348333333333;49.2958833333333;7.65870082304118;-2.63710217529736;5448
-4.77403333333333;49.2956833333333;7.89239789645309;-1.82210362599732;5466
-4.7747;49.2954666666667;8.25453192124667;-0.867586265058745;5474
-4.77535;49.2952333333333;7.90000009536743;4.83735491502776e-16;5486
-4.77583333333333;49.2950333333333;7.85672306825436;0.825774869783073;5498
-4.77668333333333;49.2947166666667;7.76236581020797;1.93537516479734;5514
-4.77738333333333;49.29445;7.51754096628727;2.73616114660535;5527
-4.77758333333333;49.2943666666667;7.89341765613734;2.87296907346529;5533
-4.77808333333333;49.2941833333333;7.34109342072585;3.42320808131574;5540
-4.77835;49.2941;7.24017009303431;3.84966672529971;5548
-4.77906666666667;49.2938666666667;6.79896212383948;4.76068453111471;5564
-4.77936666666667;49.2937666666667;6.3828874048167;4.98685818499405;5570
-4.78026666666667;49.2934833333333;5.55378416040506;6.168102193206;5580
-4.78486666666667;49.2919166666667;-1.44127990775629;8.1739045378385;5672
-4.78538333333333;49.29175;-2.07055236082017;7.72740661031255;5687
-4.78626666666667;49.2914666666667;-3.59464332005777;7.37011100822181;5700
-4.78661666666667;49.2913333333333;-4.09999990463257;7.10140814585116;5705
-4.78735;49.2911;-5.04842398024229;6.46168802927399;5722
-4.78761666666667;49.2910166666667;-5.4868708445161;6.09378742717101;5727
-4.78813333333333;49.2908333333333;-6.168102193206;5.55378416040505;5737
-4.78901666666667;49.2905166666667;-7.27461306142681;4.19999980926514;5752
-4.78953333333333;49.2903333333333;-7.49107257842436;3.33524039564271;5760
-4.79005;49.29015;-7.75325213957104;2.66965880445148;5775
-4.79048333333333;49.29;-8.26685095176178;2.3704813651735;5783
-4.79093333333333;49.2898333333333;-8.07542338686294;1.42391502374806;5790
-4.79146666666667;49.28965;-8.88780247836877;0.465789990597618;5797
-4.79093333333333;49.2898333333333;-8.07542338686294;1.42391502374806;5811
-4.79695;49.2878666666667;-3.08677595232829;-7.27198843006046;5909
-4.8011;49.28645;2.5030377723177;-7.70355814479001;5989
-4.80135;49.2863666666667;3.08677595232829;-7.27198843006046;5995
-4.80176666666667;49.28625;3.50696917431262;-7.19035237039334;6001
-4.80206666666667;49.28615;4.17180860324287;-6.94305546267049;6008
-4.80231666666667;49.28605;4.69722017583911;-6.96391529320961;6016
-4.80308333333333;49.2857833333333;5.31407838508977;-6.11314788770331;6027
-4.80395;49.2854666666667;6.09378742717101;-5.4868708445161;6042
-4.8041;49.2854166666667;6.28156428746424;-5.27085827682762;6049
-4.80438333333333;49.2853;6.46894793603834;-4.8747019171058;6054
-4.8048;49.28515;6.71520465394857;-4.52946273142821;6061
-4.8051;49.28505;6.86918990237173;-4.29234624243712;6067
-4.8062;49.2846333333333;7.70355814479001;-2.5030377723177;6089
-4.80646666666667;49.28455;8.11377657235671;-2.17407988012954;6095
-4.80715;49.2842666666667;7.74186017211547;-0.950580901804882;6106
-4.80758333333333;49.28415;8.08026918764506;-0.565027463937398;6113
-4.80771666666667;49.2840666666667;8.48835104541388;-0.444855628065021;6119
-4.80758333333333;49.28415;8.08026918764506;-0.565027463937398;6134
-4.80881666666667;49.2837166666667;7.97847225963416;2.28779010585475;6139
-4.80895;49.2836666666667;7.49784141166501;2.14997142794625;6147
-4.80953333333333;49.2834833333333;7.64019045922762;3.24306844098702;6153
-4.81025;49.2832333333333;6.96096587391073;4.52050409450638;6169
-4.81051666666667;49.28315;6.45031162832169;5.22335936574699;6177
-4.81108333333333;49.28295;5.55378416040506;6.168102193206;6183
-4.81123333333333;49.2829;5.22335936574699;6.45031162832169;6189
-4.81228333333333;49.28255;3.68231746580293;7.54986964605028;6206
-4.81298333333333;49.2823166666667;2.34291752444449;8.17072441547571;6218
-4.81335;49.2821833333333;1.8088316704585;8.50988393981726;6229
-4.81643333333333;49.2809333333333;-4.32631963277302;7.20020499891437;6286
-4.81668333333333;49.2808333333333;-4.58538170180255;6.79810793682497;6296
-4.81755;49.2804166666667;-6.11299379253475;6.33019038018331;6311
-4.81811666666667;49.28015;-6.03767664178218;5.24847223192406;6320
-4.81843333333333;49.2800166666667;-6.45031162832169;5.22335936574699;6330
-4.81755;49.2804166666667;-6.11299379253475;6.33019038018331;6335
-4.81896666666667;49.2797666666667;-7.29321395044994;4.55730587455372;6341
-4.81933333333333;49.2796;-7.45999075571445;3.638480601962;6349
-4.81958333333333;49.2795166666667;-7.27198843006046;3.08677595232828;6357
-4.82026666666667;49.2792166666667;-7.51334656943153;2.44123428503224;6367
-4.82826666666667;49.2769333333333;-3.92695810893552;-7.08441996147005;6517
-4.83028333333333;49.2764666666667;0.578978745381233;-8.27978180742678;6555
-4.83063333333333;49.27635;1.25147572032185;-7.9015067247611;6560
-4.83108333333333;49.2762;2.28049935260283;-7.45917727891233;6569
-4.83123333333333;49.2761333333333;2.63710217529737;-7.65870082304118;6579
-4.83285;49.2754;5.76566460730525;-5.97052048001398;6609
-4.83398333333333;49.2747666666667;7.19035237039334;-3.50696917431262;6637
-4.83446666666667;49.2744833333333;7.73224041785576;-3.2821413302578;6644
-4.83485;49.2742666666667;7.75325213957104;-2.66965880445149;6655
-4.83516666666667;49.2741166666667;7.92299593907752;-1.68408477493586;6660
-4.83563333333333;49.2738833333333;8.08889961245898;-0.423921265532426;6668
-4.83628333333333;49.2735666666667;8.15507935232984;0.857133378857536;6684
-4.83891666666667;49.2725833333333;6.38908408037834;4.81452018521639;6739
-4.8433;49.2707166666667;0.732108205833051;8.36803508395254;6824
-4.8444;49.2701666666667;-1.01151557350746;8.23813324793613;6849
-4.84473333333333;49.27;-1.28276258349239;8.09904420449353;6856
-4.84536666666667;49.2697166666667;-2.12240758721724;7.40171487537894;6865
-4.84565;49.2695666666667;-2.87296907346529;7.89341765613734;6874
-4.846;49.2694333333333;-2.92193150009465;7.23203424246723;6886
-4.847;49.269;-4.69722017583911;6.96391529320961;6899
-4.8482;49.2684666666667;-6.08111858794414;6.08111858794414;6924
-4.8513;49.2672833333333;-8.49870540882933;0.148345454716907;6983
-4.85166666666667;49.26715;-8.37953764164204;-0.585954352840672;6990
-4.85215;49.2669833333333;-8.2723847496282;-1.45864462616069;6999
-4.85246666666667;49.2668666666667;-8.2821455506745;-1.91208396192285;7005
-4.85493333333333;49.2659666666667;-5.31958733856835;-5.70455901212418;7053
-4.85528333333333;49.2658333333333;-4.93739589503449;-6.79574244413407;7059
-4.8556;49.2657166666667;-4.57496768636292;-7.04483245081413;7065
-4.85595;49.2655666666667;-3.99050828368007;-7.50505453930088;7071
-4.85631666666667;49.2654166666667;-3.43843400523166;-8.10044288595384;7079
-4.85666666666667;49.2652666666667;-2.3034894026808;-8.59673948550125;7087
-4.857;49.2651166666667;-1.67911919570752;-8.63831940156997;7094
-4.85793333333333;49.2647;-0.429154831209846;-8.18876199451404;7113
-4.86478333333333;49.2622166666667;7.51018957568355;-3.03431354956996;7243
-4.86493333333333;49.2621666666667;8.17908640293759;-2.65754626950518;7250
-4.87156666666667;49.2590833333333;4.71628124952737;7.54762773228752;7381
-4.87216666666667;49.2588833333333;3.76812123443005;7.39535432070946;7393
-4.87303333333333;49.2585666666667;2.79988625252594;8.13146011084084;7410
-4.87351666666667;49.2584;1.72566707344341;8.11862527265744;7416
-4.8738;49.2583166666667;1.67911919570752;8.63831940156997;7423
-4.90195;49.2472666666667;4.80905918316359;7.12972344022609;7969
-4.9159;49.2417333333333;-2.00795177962018;-8.05345471315999;8244
-4.91713333333333;49.2412666666667;-0.293155758987906;-8.39488256572306;8266
-4.91891666666667;49.2406833333333;2.42668520496419;-7.93732965689385;8301
-4.92351666666667;49.2393;8.10044288595384;-3.43843400523166;8382
-4.92371666666667;49.2392166666667;7.70547931121231;-2.80456511003532;8390
-4.92695;49.2379166666667;7.8564912842163;3.4979352856096;8447
-4.9313;49.2359833333333;3.90431847094373;7.66265644791198;8534
-4.93161666666667;49.2358666666667;3.2590772912679;8.06649935788477;8540
-4.93216666666667;49.23565;2.66058262450786;8.70237364406494;8550
-4.93255;49.2355;1.91278751586738;8.99895774018416;8559
-4.93588333333333;49.2343;-3.8880879274064;8.33803146787269;8622
-4.93701666666667;49.2339;-6.03574294157934;6.94332799410007;8635
-4.94503333333333;49.2308833333333;-6.74119124555839;-5.65653108784355;8778
-4.95643333333333;49.2259333333333;9.48803154055106;2.01674336127626;8979
-4.95665;49.2258333333333;9.31483934238801;2.32245029004269;8984
-4.95745;49.2254333333333;9.27615595044079;2.83600548004507;8997
-4.96206666666667;49.2238666666667;4.08591449765592;8.01905871769531;9079
-4.96241666666667;49.22375;3.26114847756876;8.49558223725721;9084
-4.96275;49.2236166666667;3.02778389854875;8.793322933417;9089
-4.9641;49.2230833333333;0.32456532598981;9.29433488189626;9110
-4.96635;49.2221166666667;-3.75101898254913;8.83684694428816;9153
-4.96655;49.222;-3.97261149914651;8.51929285241552;9158
-4.96635;49.2221166666667;-3.75101898254913;8.83684694428816;9169
-4.97528333333333;49.2192333333333;-7.95876101278113;-5.36825208663434;9302
-4.9759;49.2190333333333;-6.98556107600025;-6.2898274445202;9309
-4.97615;49.21895;-7.0941307662113;-6.61538396252538;9314
-4.9782;49.2181;-3.55876263745116;-8.80824661838448;9351
-4.97906666666667;49.2176666666667;-1.79360448375167;-9.22729514994699;9367
-4.97951666666667;49.2174666666667;-0.854126295550687;-9.76270823130817;9373
-4.9799;49.2172833333333;1.13892154656532e-15;-9.30000019073486;9383
-4.98815;49.2134166666667;9.48698058016845;-0.497191584307964;9530
-4.98855;49.2132333333333;9.89849180063665;0.172778817071541;9541
-4.98896666666667;49.2130666666667;9.86232713109016;0.862841819954538;9547
-4.98945;49.2129;9.42362133555863;1.83176642840269;9552
-4.98855;49.2132333333333;9.89849180063665;0.172778817071541;9564
-4.99066666666667;49.2123666666667;8.95274565914246;3.9860191797217;9572
-4.9913;49.2120666666667;8.39567582844394;5.24620051376057;9584
-4.99241666666667;49.2115;7.35713348873895;6.62439274769963;9605
-5.0055;49.2056833333333;-9.46384963187158;-0.827979556102753;9835
-5.00841666666667;49.2044166666667;-8.73186410699201;-4.44910698403938;9881
-5.00906666666667;49.20415;-8.48595594996753;-5.09887674513811;9897
-5.0095;49.204;-8.48048096156426;-5.29919264233205;9904
-5.01068333333333;49.2035166666667;-7.01879924002121;-6.10134909474505;9919
-5.01105;49.20335;-6.42787609686539;-7.66044443118978;9927
-5.01716666666667;49.20145;4.64776829249113;-8.7411808324856;10023
-5.01863333333333;49.2009666666667;6.75178350445701;-7.24040136704049;10045
-5.0195;49.2006666666667;7.90649124481293;-5.95796849963107;10063
-5.01986666666667;49.2005166666667;8.48048096156426;-5.29919264233205;10068
-5.01961666666667;49.2006166666667;7.84746469112924;-5.70151683512585;10082
-5.02145;49.1998666666667;9.64428929076968;-3.3207951133658;10091
-5.02566666666667;49.1977333333333;9.9009956515108;2.83906481748874;10165
-5.03076666666667;49.1955666666667;5.78721763320497;7.40730078330094;10253
-5.03295;49.1948;2.58819045102521;9.65925826289068;10290
-5.0345;49.1941666666667;-0.906419691328369;10.360424480136;10315
-5.03593333333333;49.19355;-3.19056797577734;9.26608222121666;10335
-5.03781666666667;49.1927333333333;-5.87785252292473;8.09016994374947;10368
-5.03863333333333;49.1923833333333;-6.92964659049808;6.92964659049808;10385
-5.04056666666667;49.1915666666667;-9.16769910082014;4.47138561363593;10419
-5.04356666666667;49.1903833333333;-9.77811419511866;-1.54870114422327;10466
-5.04445;49.1900666666667;-8.99368321245155;-3.63368388468381;10481
-5.04796666666667;49.1884833333333;-4.44910698403937;-8.73186410699202;10544
-5.04878333333333;49.1881;-3.42020143325669;-9.39692620785909;10554
-5.049;49.1879666666667;-3.18287510100228;-9.79588229923972;10562
-5.05208333333333;49.1862833333333;1.59563151357285;-10.0744208856838;10616
-5.05263333333333;49.1859833333333;2.12069920668514;-9.97710534091797;10622
-5.05285;49.18585;3.3207951133658;-9.64428929076967;10628
-5.05296666666667;49.1858;3.74606593415912;-9.27183854566787;10633
-5.05351666666667;49.1855;4.51522289554016;-9.25757884831278;10642
-5.05441666666667;49.18505;5.93663127237626;-8.17107195180246;10658
-5.06025;49.1827;9.89999961853027;6.06200142219656e-16;10751
-5.0623;49.1818166666667;8.90096535753373;3.59622343969383;10789
-5.06258333333333;49.1817;8.29970703605614;4.41303251109819;10794
-5.06373333333333;49.1812166666667;6.92964659049808;6.92964659049808;10814
-5.06608333333333;49.1802333333333;3.86823802299171;9.11299769803442;10856
-5.06665;49.1799833333333;2.70124613958025;9.42036480354164;10862
-5.06725;49.1797333333333;1.86992819108407;9.61994658501763;10874
-5.07406666666667;49.1769;-7.70002890383482;5.39161828289779;10989
-5.07423333333333;49.1768;-8.30283830273227;5.39192623888546;10994
-5.075;49.1764833333333;-9.07782021048431;4.427548749795;11007
-5.0754;49.1763333333333;-8.99368321245155;3.63368388468381;11012
-5.07556666666667;49.17625;-9.26608222121666;3.19056797577733;11019
-5.07628333333333;49.1759666666667;-9.42362133555863;1.83176642840268;11029
-5.07758333333333;49.17545;-9.89999961853027;-1.81860042665897e-15;11051
-5.07856666666667;49.1750833333333;-9.80365350278426;-1.37781364641432;11065
-5.07875;49.1750166666667;-9.84807753012208;-1.7364817766693;11070
-5.07916666666667;49.17485;-9.65925826289068;-2.58819045102521;11075
-5.0799;49.1745833333333;-9.11299769803442;-3.86823802299171;11089
-5.08138333333333;49.1739666666667;-7.19339800338651;-6.94658370458998;11114
-5.08176666666667;49.1737833333333;-6.62439274769963;-7.35713348873895;11120
-5.08296666666667;49.1732333333333;-5;-8.66025403784439;11144
-5.08763333333333;49.1711;1.61492808542321;-9.15871229085071;11223
-5.08805;49.1709333333333;2.274065726351;-9.12077945685592;11228
-5.09033333333333;49.17005;5.5839598967785;-7.685661446562;11268
-5.09173333333333;49.1695166666667;7.722505535647;-6.03348257561956;11293
-5.09213333333333;49.16935;8.02769019027298;-5.62104918564127;11300
-5.0927;49.1691;8.39634952217914;-4.65417253930503;11308
-5.09286666666667;49.1690333333333;8.62842318733472;-4.20836317640047;11314
-5.09331666666667;49.1688333333333;8.53009128516816;-3.44638058797585;11319
-5.0942;49.1684;10.1860210640232;-0.533826743695733;11339
-5.09466666666667;49.1681666666667;9.79403029540581;0.342015074341061;11344
-5.09486666666667;49.1680666666667;9.34850543708177;0.982567514841498;11351
-5.09541666666667;49.1677666666667;9.79998720552601;2.44341123784253;11358
-5.09573333333333;49.1676;8.77565565294103;3.3686585890193;11364
-5.09608333333333;49.1674;8.28636084489783;4.2221117341696;11371
-5.09691666666667;49.16695;7.58703734544928;5.71724271994446;11392
-5.10046666666667;49.1653166666667;3.40449552068035;8.86901405172342;11451
-5.1024;49.16455;0.523359562429438;9.98629534754574;11484
-5.10266666666667;49.1644833333333;-0.169288339112877;9.69852245231118;11490
-5.1032;49.1642833333333;-1.1821326077852;9.62769748160767;11499
-5.1035;49.1641833333333;-2.0791169081776;9.78147600733806;11504
-5.10443333333333;49.1638333333333;-3.93034991479655;8.42866259230533;11517
-5.1048;49.1636833333333;-4.65417253930503;8.39634952217914;11528
-5.10561666666667;49.1633666666667;-5.89778734167718;7.8266281507911;11540
-5.10621666666667;49.1631333333333;-7.66044443118978;6.42787609686539;11549
-5.10655;49.1629833333333;-8.02769019027297;5.62104918564127;11557
-5.10723333333333;49.1626666666667;-8.8081818251632;4.29603732214562;11566
-5.10753333333333;49.1625666666667;-8.80824661838448;3.55876263745116;11571
-5.10846666666667;49.1621;-9.67934592621895;1.53305778723177;11591
-5.109;49.1618166666667;-9.69409083146656;0.338525111357712;11597
-5.1097;49.1614666666667;-9.74631476429908;-1.02437895996023;11611
-5.11003333333333;49.1613166666667;-9.77811419511866;-1.54870114422327;11617
-5.1097;49.1614666666667;-9.74631476429908;-1.02437895996023;11625
-5.11171666666667;49.1604666666667;-8.28636084489783;-4.2221117341696;11650
-5.11225;49.1602;-7.95876101278113;-5.36825208663434;11659
-5.11258333333333;49.1600333333333;-7.8266281507911;-5.89778734167718;11666
-5.11313333333333;49.1598166666667;-6.04220328584945;-7.20081747309563;11676
-5.1136;49.1596166666667;-5.52518114732697;-7.60475943850902;11683
-5.11435;49.1593166666667;-4.16452589449623;-8.53854343984209;11695
-5.11486666666667;49.1591;-2.59099103953248;-9.03585957512796;11705
-5.11528333333333;49.1589333333333;-1.29430986547377;-9.20949322817525;11712
-5.11683333333333;49.1583166666667;3.05926812643135;-9.41545914852275;11737
-5.11761666666667;49.1579666666667;3.93034991479654;-8.42866259230534;11754
-5.11801666666667;49.1578;4.55000019073486;-7.88083150480087;11759
-5.1182;49.1577;5.51116014587717;-8.81969987652215;11764
-5.11875;49.15745;5.62104918564128;-8.02769019027297;11773
-5.11915;49.1572666666667;6.03348257561956;-7.722505535647;11778
-5.1199;49.15695;6.35674076040915;-7.05987584203524;11794
-5.12023333333333;49.1568;6.7381860609567;-6.97759592608174;11801
-5.1213;49.1564;7.58703734544928;-5.71724271994446;11815
-5.12191666666667;49.1561666666667;8.48048096156426;-5.29919264233205;11828
-5.12528333333333;49.1548666666667;9.5766152630348;0.669662174553587;11884
-5.12895;49.1533166666667;6.7381860609567;6.97759592608174;11944
-5.1299;49.15295;4.31290974752569;8.4645619797895;11961
-5.13085;49.1525833333333;2.6461187209905;9.2281126477001;11978
-5.13133333333333;49.1524;1.77452369339579;9.1291329932938;11986
-5.1321;49.1520833333333;0.862841819954538;9.86232713109016;12001
-5.13235;49.1519833333333;0.352484930008361;10.0938477341302;12006
-5.13281666666667;49.1518166666667;-0.528593178018321;10.0861586819681;12013
-5.13235;49.1519833333333;0.352484930008361;10.0938477341302;12020
-5.14023333333333;49.1490666666667;-9.72695247539811;1.19431958861518;12138
-5.14328333333333;49.148;-8.56528609468458;-5.35218477090353;12185
-5.1442;49.1476166666667;-6.23027163132671;-7.69374472196635;12201
-5.14438333333333;49.1475666666667;-5.40762420897961;-7.44295619394177;12206
-5.14513333333333;49.1472833333333;-3.59225522479594;-7.70361618981152;12221
-5.14616666666667;49.14685;-2.61855488026149;-9.13198611141403;12235
-5.14658333333333;49.1467166666667;-1.83176642840268;-9.42362133555863;12243
-5.14675;49.1466333333333;-1.1577587623489;-9.42918844059256;12248
-5.14743333333333;49.1463666666667;0.502425199896843;-9.58684391459084;12259
-5.14803333333333;49.1461333333333;1.90808995376545;-9.81627183447664;12272
-5.1485;49.1459833333333;2.274065726351;-9.12077945685592;12277
-5.1491;49.1457833333333;3.3686585890193;-8.77565565294103;12285
-5.14968333333333;49.14555;5.05000019073486;-8.7468569085853;12300
-5.15076666666667;49.1451333333333;6.92964659049808;-6.92964659049808;12316
-5.15206666666667;49.1446666666667;7.61811416812848;-5.33426096746575;12338
-5.15656666666667;49.1432666666667;9.12077945685592;2.274065726351;12414
-5.15686666666667;49.1431666666667;9.03503690480396;2.935661446562;12420
-5.15735;49.143;8.58732695335051;3.82332428975481;12425
-5.16006666666667;49.14195;5.17560942868183;6.86826569106199;12473
-5.16035;49.1418166666667;5.19320889055949;8.31087150408531;12480
-5.16061666666667;49.1416833333333;5.20188475306298;8.65739006407471;12486
-5.16145;49.1412666666667;3.40892014298587;8.43737343025034;12502
-5.16635;49.1388166666667;-3.44638058797586;8.53009128516816;12593
-5.16755;49.13835;-5.33746264702892;8.21897172582887;12614
-5.1725;49.1367333333333;-9.17758907212014;0.641759545140961;12696
-5.17261666666667;49.1366833333333;-9.59853825491298;0.167543108455483;12702
-5.17335;49.1364;-9.42918844059256;-1.1577587623489;12713
-5.17371666666667;49.1362666666667;-9.29240220697115;-1.97516106276872;12718
-5.1744;49.136;-8.96237245050581;-3.44033245234141;12728
-5.17456666666667;49.1359333333333;-8.58732695335051;-3.8233242897548;12733
-5.17491666666667;49.1358;-8.14063846521125;-4.69999980926514;12742
-5.17371666666667;49.1362666666667;-9.29240220697115;-1.97516106276872;12767
-5.18021666666667;49.1337;-2.6461187209905;-9.2281126477001;12830
-5.18075;49.1335333333333;-1.58019848301059;-8.96175092808544;12841
-5.18116666666667;49.1333833333333;-0.33503518165711;-9.59415232062067;12846
-5.18336666666667;49.1327;3.59622343969383;-8.90096535753373;12886
-5.18548333333333;49.1319;7.24521225803747;-6.29816692857553;12921
-5.18606666666667;49.1316833333333;8.02769019027298;-5.62104918564127;12927
-5.18631666666667;49.1316;8.1351043491069;-5.28299853576411;12933
-5.18788333333333;49.1309666666667;9.55263501638125;-1.68438729024846;12959
-5.18828333333333;49.1308;9.54741057491542;-1.00347328724392;12965
-5.18938333333333;49.1303333333333;9.6867062966459;0.507658765574265;12984
-5.19086666666667;49.1297333333333;9.27288830084652;2.48466293171583;13008
-5.19123333333333;49.1296;8.98242646819351;3.09289746734299;13017
-5.19086666666667;49.1297333333333;9.27288830084652;2.48466293171583;13032
-5.19403333333333;49.1286;7.77145961456971;6.29320391049838;13061
-5.19555;49.1281333333333;5.39192623888546;8.30283830273227;13087
-5.19865;49.1272333333333;0.345505004041658;9.8939688062517;13136
-5.19935;49.1270166666667;-1.00347328724392;9.54741057491542;13147
-5.20053333333333;49.1266166666667;-3.25568154457158;9.45518575599317;13164
-5.2018;49.1261333333333;-5.14021676198802;8.22606637096499;13187
-5.20226666666667;49.12595;-5.65706098805504;7.50717348978928;13195
-5.20398333333333;49.1252;-8.14308935667007;4.89286171164551;13226
-5.20743333333333;49.12375;-9.79403029540581;-0.342015074341067;13286
-5.21066666666667;49.1227333333333;-7.28281943142209;-6.55748006994335;13341
-5.21751666666667;49.1202833333333;6.81779525153614;-5.72080948100619;13452
-5.21796666666667;49.1200833333333;8.02769019027298;-5.62104918564127;13457
-5.21835;49.1199;8.48595594996754;-5.0988767451381;13465
-5.2189;49.1196166666667;8.64276311468116;-4.40370776088179;13478
-5.21968333333333;49.1192333333333;9.02094773940628;-3.82916513372093;13488
-5.21978333333333;49.1191833333333;8.96237245050581;-3.44033245234141;13493
-5.22061666666667;49.11875;9.17153000297002;-3.15801103613722;13505
-5.22116666666667;49.1185333333333;9.89701622294594;-2.46760328897367;13519
-5.22178333333333;49.1182833333333;8.97807645233842;-0.627808263697128;13529
-5.22238333333333;49.1180666666667;9.39856795305845;0.164052613852899;13535
-5.22298333333333;49.1178833333333;9.94655868109765;1.75384666067752;13548
-5.22446666666667;49.1174166666667;9.0864019516008;3.67114468692647;13572
-5.2249;49.1173;8.58732695335051;3.82332428975481;13577
-5.22446666666667;49.1174166666667;9.0864019516008;3.67114468692647;13585
-5.23166666666667;49.1154833333333;-2.83600548004506;9.27615595044079;13684
-5.23211666666667;49.11535;-3.54784256379195;9.24244586618962;13692
-5.23911666666667;49.11285;-9.03585957512796;-2.59099103953248;13814
-5.24025;49.1124166666667;-8.44866369234945;-4.12068861259201;13834
-5.24126666666667;49.1120666666667;-7.76656345461499;-5.64273864623002;13850
-5.24731666666667;49.1098166666667;1.14557178151892;-9.32993344680212;13952
-5.24771666666667;49.1096666666667;1.64965768783584;-9.35567365361598;13959
-5.2483;49.10945;2.29825800819684;-9.21780939962197;13971
-5.26193333333333;49.1042166666667;1.00347328724392;9.54741057491542;14204
-5.26525;49.1027166666667;-5.9156114358018;7.30517174123787;14268
-5.26586666666667;49.1024166666667;-6.20618533673046;6.65531896372375;14275
-5.27501666666667;49.09915;-6.81998360062498;-7.31353701619171;14431
-5.27783333333333;49.0979166666667;-4.09939705827675;-8.79118536139101;14479
-5.27821666666667;49.0977166666667;-3.54784256379195;-9.24244586618963;14486
-5.27905;49.0974;-2.5881904510252;-9.65925826289068;14500
-5.27986666666667;49.0970833333333;-1.25255790864059;-8.91241261867413;14515
-5.28018333333333;49.0969166666667;-0.34201507434106;-9.79403029540581;14521
-5.28095;49.0966333333333;1.86992819108407;-9.61994658501763;14535
-5.28171666666667;49.0963333333333;3.05926812643135;-9.41545914852275;14548
-5.28218333333333;49.0961333333333;3.47616904223615;-9.05572995895652;14553
-5.28276666666667;49.0959166666667;4.20836317640046;-8.62842318733472;14566
-5.2856;49.0948833333333;8.3145226533188;-4.99586922839181;14613
-5.28711666666667;49.0942666666667;9.42362133555863;-1.83176642840269;14637
-5.31416666666667;49.0829166666667;8.31087150408531;-5.19320889055949;15114
-5.31496666666667;49.0826;8.86139076488826;-3.9453453602564;15132
-5.31578333333333;49.08225;8.37958292884571;-1.93457915316925;15145
-5.31601666666667;49.08215;9.24905381661494;-0.972114728326398;15150
-5.31686666666667;49.0817833333333;9.17758907212014;0.641759545140963;15166
-5.3173;49.0815833333333;8.90114353981133;1.89199646575363;15171
-5.31768333333333;49.0814166666667;9.03585957512796;2.59099103953249;15180
-5.31873333333333;49.0809333333333;8.29970703605614;4.41303251109819;15200
-5.33345;49.0746666666667;-9.58684391459084;0.502425199896845;15460
-5.33633333333333;49.07355;-8.58732695335051;-3.8233242897548;15510
-5.34796666666667;49.06855;8.89806071549903;-4.33987418598655;15709
-5.34843333333333;49.06835;9.05572995895652;-3.47616904223615;15719
-5.34868333333333;49.0682666666667;9.75585121399105;-2.61407245426709;15726
