"x";"y";"vx";"vy";"t"
-5.87514833333333;48.466695;10.075822147778;15.5154055069903;0
-5.86676666666667;48.4752316666667;9.75051425974281;15.6040846457736;126
-5.85805833333333;48.4850833333333;9.44999980926513;16.3678798011634;256
-5.84927666666667;48.49594;8.10986621559793;16.6276898565346;399
-5.841935;48.5057266666667;8.39882424518161;16.4836206974848;518
-5.83451166666667;48.5152816666667;8.32905178899247;17.0770868796842;651
-5.8267;48.5259233333333;8.02219165178947;16.4479303615493;805
-5.81917666666667;48.5356083333333;8.15370349750216;16.7175696040272;936
-5.81138166666667;48.545965;8.67121871820897;17.0182249518898;1059
-5.80413666666667;48.5553833333333;8.24137722518401;16.8973273846989;1167
-5.79674333333333;48.5656166666667;8.39882424518161;16.4836206974848;1296
-5.78890833333333;48.5759033333333;8.4442234683392;16.5727216897957;1427
-5.78164833333333;48.58564;8.48962269149679;16.6618226821065;1568
-5.774365;48.5953516666667;8.39882424518161;16.4836206974848;1703
-5.76597333333333;48.606485;8.73217124690676;16.4228255639938;1824
-5.758175;48.617285;7.5246278969023;16.9005909663881;1958
-5.75163;48.6269116666667;8.10986621559793;16.6276898565346;2086
-5.74517;48.636305;7.6059755358329;17.0833007548965;2224
-5.73868833333333;48.64588;7.90296181698323;16.9479563090433;2335
-5.73195166666667;48.6558283333333;7.5246278969023;16.9005909663881;2445
-5.725145;48.6657216666667;7.7761758548128;16.6760629357454;2567
-5.71845166666667;48.675115;7.5653017163676;16.9919458606423;2697
-5.711845;48.6850283333333;7.6059755358329;17.0833007548965;2817
-5.70494;48.6949116666667;9.68271541536615;16.114744599233;2955
-5.69586833333333;48.7048;11.0503622946539;15.209518877018;3076
-5.68688166666667;48.71344;10.2392134427559;15.7670060375191;3199
-5.67825833333333;48.722085;10.4009882178711;15.4200991657765;3326
-5.66877833333333;48.7311533333333;10.8979522906699;15.5638888414908;3457
-5.65967833333333;48.7402783333333;10.3450687142088;15.3371950922683;3568
-5.65085166666667;48.7489533333333;10.7258797973687;15.3181438531676;3691
-5.64202;48.7576266666667;10.4569077215333;15.5030032392847;3809
-5.632775;48.7666616666667;10.7258797973687;15.3181438531676;3951
-5.62352666666667;48.775885;10.7832365657956;15.4000578076696;4055
-5.61413333333333;48.78504;10.568745662282;15.6688098050376;4204
-5.60435333333333;48.7945533333333;12.4651215508196;14.3394820242327;4345
-5.59245333333333;48.8026566666667;14.4149532701538;12.5307277039853;4447
-5.58022833333333;48.809445;14.4149532701538;12.5307277039853;4571
-5.566775;48.8170166666667;14.6314491557952;12.2772435902169;4693
-5.55317666666667;48.824465;15.6140273742055;11.3442549208002;4838
-5.53921333333333;48.8308616666667;15.6140273742055;11.3442549208002;4969
-5.52473;48.83772;15.6140273742055;11.3442549208002;5097
-5.51033666666667;48.84462;15.7277198753121;11.0126680155442;5247
-5.49636166666667;48.850985;16.543328249584;9.94023445282118;5346
-5.48223833333333;48.8570183333333;16.018608167685;10.4026057765503;5468
-5.46806333333333;48.8632733333333;16.1977189600924;10.1214581490024;5630
-5.45364666666667;48.86915;16.3718957703937;9.83722742725347;5740
-5.43919833333333;48.874955;16.6276884133862;9.60000038146973;5849
-5.423155;48.881115;16.3718957703937;9.83722742725347;6001
-5.40926166666667;48.886615;16.4576128274473;9.88873143121591;6117
-5.39473666666667;48.8922966666667;16.543328249584;9.94023445282118;6245
-5.378845;48.8985866666667;16.2861787133401;9.78572342329103;6391
-5.36420833333333;48.9042633333333;16.2812769304225;9.39999961853028;6497
-5.35526666666667;48.9077216666667;16.2861787133401;9.78572342329103;6592
-5.33956166666667;48.9137733333333;16.2004616562865;9.73421941932859;6757
-5.32487166666667;48.9193716666667;16.5410855426453;9.55000019073487;6835
-5.31095;48.92472;16.4576128274473;9.88873143121591;6970
-5.29505666666667;48.93083;16.6276884133862;9.60000038146973;7108
-5.2809;48.936225;16.6276884133862;9.60000038146973;7224
-5.26601666666667;48.9419466666667;16.543328249584;9.94023445282118;7345
-5.25129333333333;48.9476483333333;16.7142896323147;9.64999961853028;7504
-5.23433333333333;48.9541633333333;16.8008925030556;9.69999980926514;7618
-5.21664166666667;48.9610283333333;16.8008925030556;9.69999980926514;7786
