"x";"y";"vx";"vy";"t"
-5.77148333333333;48.5579833333333;8.16421660398807;12.1039488755563;0
-5.76183333333333;48.56825;7.89726600771789;12.1607232352086;183
-5.75403333333333;48.57655;8.00619371083925;12.328457188834;326
-5.74705;48.58455;7.51955609015822;12.5146429172342;482
-5.73933333333333;48.5934166666667;7.78981308315403;12.4663068517471;672
-5.73233333333333;48.6014833333333;7.51955609015822;12.5146429172342;763
-5.72538333333333;48.6092;7.51955609015822;12.5146429172342;903
-5.71753333333333;48.6178333333333;7.46805208619578;12.4289258601806;1044
-5.70858333333333;48.6282833333333;6.98125834660706;12.5945234491664;1233
-5.70255;48.63565;6.98125834660706;12.5945234491664;1381
-5.69271666666667;48.6475666666667;7.02973949357189;12.6819857535212;1563
-5.68468333333333;48.6571;7.02973949357189;12.6819857535212;1706
-5.67525;48.6683;7.25;12.5573683548744;1900
-5.66483333333333;48.6802333333333;7.07822064053671;12.7694480578761;2123
-5.65411666666667;48.6924333333333;6.98125834660706;12.5945234491664;2313
-5.64538333333333;48.7024;7.25;12.5573683548744;2499
-5.63488333333333;48.7142666666667;7.07822064053671;12.7694480578761;2706
-5.62741666666667;48.7235833333333;6.40021891034585;13.1223934188306;2858
-5.62018333333333;48.7329333333333;6.40021891034585;13.1223934188306;3026
-5.61458333333333;48.74015;6.67366025957952;13.097795735623;3156
-5.61281666666667;48.7424;6.44405577418678;13.2122723091664;3165
-5.60653333333333;48.7503666666667;6.48789305609101;13.302152056659;3303
-5.60053333333333;48.7580333333333;6.48789305609101;13.302152056659;3416
-5.59293333333333;48.7648166666667;12.328457188834;8.00619371083925;3543
-5.57978333333333;48.7703166666667;12.9443718324835;7.17518247211589;3713
-5.56933333333333;48.7745666666667;12.6439712256153;7.30000019073487;3819
-5.55841666666667;48.7791666666667;12.6439712256153;7.30000019073487;3963
-5.54808333333333;48.7835;12.6819857535212;7.02973949357189;4106
-5.53668333333333;48.7884;12.8171761411909;7.40000009536743;4203
-5.5256;48.7931166666667;13.1192956070909;7.27214430369506;4317
-5.5141;48.798;12.7694480578761;7.07822064053672;4474
-5.50321666666667;48.8026166666667;12.5573683548744;7.25;4592
-5.49068333333333;48.80785;12.9443718324835;7.17518247211589;4738
-5.47886666666667;48.81275;12.4289258601806;7.46805208619579;4871
-5.46535;48.81845;12.3841634392987;7.15000009536743;5021
-5.45438333333333;48.82295;12.5573683548744;7.25;5155
-5.44345;48.8274833333333;13.0318333027361;7.22366315673023;5283
-5.43098333333333;48.8326333333333;12.8569095281286;7.12670132515106;5413
-5.41508333333333;48.83905;12.6819857535212;7.02973949357189;5599
-5.40271666666667;48.8441;12.8910351925581;6.8542849957632;5730
-5.38931666666667;48.8494333333333;12.9903810567666;7.5;5896
-5.37426666666667;48.8555;12.5945234491664;6.98125834660706;6075
-5.34128333333333;48.8681833333333;12.4663068517471;7.78981308315403;6453
-5.32806666666667;48.8733833333333;12.0210448020481;8.10829710032583;6588
-5.3155;48.8783333333333;12.3815025273885;7.73682145995295;6728
-5.31178333333333;48.8798;12.6003591568294;7.57105960294208;6770
-5.29725;48.8854;12.5573683548744;7.25;6933
-5.28641666666667;48.88955;13.0289428071804;7.82857864039711;7071
-5.27568333333333;48.8937166666667;12.8569095281286;7.12670132515106;7173
-5.26505;48.8978166666667;12.2118922611479;7.63083720280999;7298
-5.23811666666667;48.9079166666667;13.067624542721;6.94817921877578;7594
-5.2267;48.9121333333333;12.6439712256153;7.30000019073487;7727
-5.21061666666667;48.91815;12.5573683548744;7.25;7904
-5.19346666666667;48.9245166666667;12.7144450003508;6.76039032502764;8100
-5.17898333333333;48.9299;12.9443718324835;7.17518247211589;8244
-5.16603333333333;48.93465;11.9091219048613;7.73387419333173;8413
-5.155;48.9387333333333;12.4195996745589;6.88429651502789;8530
-5.14383333333333;48.9427333333333;13.067624542721;6.94817921877578;8642
-5.13235;48.9468833333333;12.8569095281286;7.12670132515106;8776
-5.121;48.95115;12.6819857535212;7.02973949357189;8893
-5.10935;48.95555;12.4195996745589;6.88429651502789;9024
-5.07943333333333;48.9668;12.5146429172342;7.51955609015823;9379
-5.06736666666667;48.97155;12.5070619789138;6.93277766199272;9498
-5.0569;48.9757;12.7694480578761;7.07822064053672;9626
-5.04215;48.9815333333333;12.6439712256153;7.30000019073487;9795
-5.03141666666667;48.98575;12.9443718324835;7.17518247211589;9910
-5.01976666666667;48.9902166666667;12.3815025273885;7.73682145995295;10055
-5.00706666666667;48.99515;12.7694480578761;7.07822064053672;10188
-4.99465;49.0000166666667;12.6860762138829;7.62256360690452;10343
-4.98876666666667;49.00235;13.1559187967802;6.99512610642059;10393
-4.96956666666667;49.0097666666667;13.114659864234;7.88008264435955;10599
-4.95756666666667;49.0144666666667;13.1192956070909;7.27214430369506;10756
-4.94553333333333;49.01905;13.0769839275075;7.55000019073487;10880
-4.93395;49.0234166666667;12.8575095105317;7.72557112365082;11001
-4.92076666666667;49.02845;12.9443718324835;7.17518247211589;11136
-4.90936666666667;49.0327666666667;13.0318333027361;7.22366315673023;11262
-4.89736666666667;49.0372833333333;13.0318333027361;7.22366315673023;11423
-4.88578333333333;49.0415666666667;12.7694480578761;7.07822064053672;11534
-4.87326666666667;49.0462166666667;12.9443718324835;7.17518247211589;11678
-4.84365;49.0571166666667;12.8171761411909;7.40000009536743;11975
-4.83051666666667;49.062;12.6860762138829;7.62256360690452;12142
-4.8143;49.0679666666667;12.6439712256153;7.30000019073487;12315
-4.73253333333333;49.0977833333333;12.6439712256153;7.30000019073487;13209
-4.71305;49.1049166666667;12.9037781860257;7.44999980926514;13431
-4.69273333333333;49.1123166666667;13.1192956070909;7.27214430369506;13646
-4.66903333333333;49.1210666666667;12.3321382043064;6.83581583041355;13933
-4.66486666666667;49.1225833333333;12.4707654841334;7.19999980926514;13963
-4.62145;49.1382833333333;12.5945234491664;6.98125834660706;14444
-4.5888;49.1502;12.73057327045;7.34999990463257;14811
