"x";"y";"vx";"vy";"t"
-5.37242333333333;46.9580933333333;-4.63399180529564;20.0720237062685;0
-5.37633333333333;46.9721666666667;-4.52151627812371;19.5848386738759;155
-5.5975;48.0816666666667;5.10455208943887;20.473240194562;12425
-5.597;48.0828333333333;5.12874437128471;20.570270137328;12438
-5.59633333333333;48.0843333333333;5.12874437128471;20.570270137328;12451
-5.59583333333333;48.0855;4.40772800396053;20.7367298818241;12463
-5.59507666666667;48.0872583333333;5.17712847354701;20.7643281721679;12488
-5.59401;48.0897916666667;4.74646733246757;20.5592087386611;12509
-5.59383333333333;48.0901666666667;5.10455208943887;20.473240194562;12518
-5.59366666666667;48.0906666666667;5.10455208943887;20.473240194562;12523
-5.59316666666667;48.0916666666667;5.46108195039482;20.3810353031708;12535
-5.59133333333333;48.0958333333333;4.76896252371397;20.6566461168324;12573
-5.59116666666667;48.0963333333333;4.76896252371397;20.6566461168324;12585
-5.59066666666667;48.0973333333333;5.4869639536367;20.4776282542712;12593
-5.59033333333333;48.098;4.76896252371397;20.6566461168324;12598
-5.590125;48.098535;5.12874437128471;20.570270137328;12608
-5.58959;48.0997333333333;5.08035980759302;20.3762102517959;12614
-5.58936166666667;48.1001966666667;5.08035980759302;20.3762102517959;12622
-5.58874166666667;48.1015033333333;5.08035980759302;20.3762102517959;12634
-5.58816666666667;48.103;4.74646733246757;20.5592087386611;12655
-5.58766666666667;48.1036666666667;5.51284546322043;20.5742193630142;12661
-5.58733333333333;48.1043333333333;5.10455208943887;20.473240194562;12667
-5.58699833333333;48.1053416666667;5.10455208943887;20.473240194562;12675
-5.58608833333333;48.107195;5.10455208943887;20.473240194562;12695
-5.5857;48.1080383333333;5.10455208943887;20.473240194562;12708
-5.5855;48.1086666666667;4.76896252371397;20.6566461168324;12715
-5.58516666666667;48.1093333333333;4.76896252371397;20.6566461168324;12721
-5.585;48.1098333333333;4.76896252371397;20.6566461168324;12729
-5.58466666666667;48.1103333333333;5.15293619170116;20.6672982294018;12736
-5.58416666666667;48.1116666666667;5.51284546322043;20.5742193630142;12745
-5.58386166666667;48.1121733333333;4.74646733246757;20.5592087386611;12750
-5.58325833333333;48.1136733333333;4.72397214122117;20.4617713604899;12764
-5.583;48.1143333333333;5.10455208943887;20.473240194562;12775
-5.58325833333333;48.1136733333333;4.72397214122117;20.4617713604899;12785
-5.58216666666667;48.116;5.81594831288599;20.2826221509908;12790
-5.58178333333333;48.1168316666667;5.08035980759302;20.3762102517959;12809
-5.581;48.1185;4.72397214122117;20.4617713604899;12817
-5.58083333333333;48.119;4.74646733246757;20.5592087386611;12823
-5.58047333333333;48.1197233333333;5.46108195039482;20.3810353031708;12831
-5.58018;48.120375;4.72397214122117;20.4617713604899;12837
-5.57966666666667;48.1216666666667;4.72397214122117;20.4617713604899;12855
-5.57917333333333;48.122605;5.08035980759302;20.3762102517959;12861
-5.57883333333333;48.1233333333333;5.08035980759302;20.3762102517959;12870
-5.57817833333333;48.1248516666667;4.76896252371397;20.6566461168324;12884
-5.577515;48.1263433333333;5.46108195039482;20.3810353031708;12901
-5.57706666666667;48.1274683333333;4.72397214122117;20.4617713604899;12914
-5.57672;48.128215;5.46108195039482;20.3810353031708;12925
-5.57632166666667;48.12905;5.08035980759302;20.3762102517959;12932
-5.57572333333333;48.130455;4.74646733246757;20.5592087386611;12945
-5.57466666666667;48.1328333333333;5.43519994715294;20.2844423520704;12979
-5.57363333333333;48.1349283333333;5.10455208943887;20.473240194562;12994
-5.57312666666667;48.1360583333333;5.12874437128471;20.570270137328;13005
-5.572635;48.1372033333333;5.17712847354701;20.7643281721679;13021
-5.57166666666667;48.1393333333333;4.76896252371397;20.6566461168324;13039
-5.5695;48.1441666666667;5.08035980759302;20.3762102517959;13091
-5.56933333333333;48.1446666666667;5.08035980759302;20.3762102517959;13096
-5.56892666666667;48.1454466666667;5.08035980759302;20.3762102517959;13104
-5.568495;48.146375;5.08035980759302;20.3762102517959;13114
-5.56808;48.1473133333333;4.72397214122117;20.4617713604899;13126
-5.56783333333333;48.148;5.4869639536367;20.4776282542712;13131
-5.56741333333333;48.148715;4.74646733246757;20.5592087386611;13142
-5.566545;48.1506933333333;4.74646733246757;20.5592087386611;13162
-5.56597833333333;48.1520116666667;4.02606987523295;20.7123339452068;13174
-5.56533333333333;48.1533333333333;5.10455208943887;20.473240194562;13189
-5.56519666666667;48.153785;4.36614550717295;20.5410996154099;13195
-5.56454166666667;48.1552983333333;5.15293619170116;20.6672982294018;13209
-5.56440666666667;48.1555766666667;5.4869639536367;20.4776282542712;13215
-5.564;48.1565;5.10455208943887;20.473240194562;13222
-5.56357833333333;48.1574516666667;5.10455208943887;20.473240194562;13234
-5.56319666666667;48.1582816666667;5.43519994715294;20.2844423520704;13241
-5.562;48.1608333333333;5.46108195039482;20.3810353031708;13272
-5.5615;48.1618333333333;5.10455208943887;20.473240194562;13279
-5.56140666666667;48.1621;5.46108195039482;20.3810353031708;13285
-5.56016666666667;48.1646666666667;5.08035980759302;20.3762102517959;13311
-5.55998333333333;48.16528;4.72397214122117;20.4617713604899;13317
-5.55966666666667;48.166;5.46108195039482;20.3810353031708;13325
-5.55933333333333;48.1665;5.43519994715294;20.2844423520704;13333
-5.559;48.1675;5.10455208943887;20.473240194562;13345
-5.55833166666667;48.1686166666667;5.843512153615;20.3787486872768;13353
-5.558;48.1693333333333;5.08035980759302;20.3762102517959;13361
-5.5575;48.1701666666667;5.46108195039482;20.3810353031708;13373
-5.55654666666667;48.1723333333333;5.10455208943887;20.473240194562;13395
-5.55633333333333;48.1728333333333;5.4869639536367;20.4776282542712;13405
-5.55561166666667;48.1741983333333;5.4869639536367;20.4776282542712;13415
-5.55509833333333;48.1753233333333;5.12874437128471;20.570270137328;13425
-5.554795;48.1759933333333;4.79145728590029;20.7540816365401;13436
-5.55433333333333;48.1771666666667;5.15293619170116;20.6672982294018;13445
-5.55379;48.1781583333333;5.17712847354701;20.7643281721679;13454
-5.5535;48.1788333333333;5.17712847354701;20.7643281721679;13462
-5.55302166666667;48.17986;5.15293619170116;20.6672982294018;13473
-5.55266666666667;48.1805;5.15293619170116;20.6672982294018;13481
-5.55197166666667;48.1821216666667;4.79145728590029;20.7540816365401;13501
-5.55133333333333;48.1833333333333;5.4869639536367;20.4776282542712;13511
-5.55088833333333;48.1843866666667;5.53872746646231;20.6708123141146;13521
-5.55039666666667;48.1853166666667;5.89863930933648;20.5709999263878;13530
-5.55;48.1861666666667;5.53872746646231;20.6708123141146;13539
-5.54989666666667;48.1863616666667;5.51284546322043;20.5742193630142;13546
-5.5495;48.1871666666667;6.99971532082887;20.3286493753853;13552
-5.549115;48.1877366666667;7.63323705190185;19.8852623721251;13558
-5.54866666666667;48.1883333333333;6.55116051651014;20.1623988710558;13563
-5.54833333333333;48.189;6.61296356174325;20.352609085917;13571
-5.54716666666667;48.1911666666667;5.87107546860747;20.4748733901017;13593
-5.547;48.1916666666667;6.22751708753238;20.36929057241;13599
-5.54610333333333;48.1932683333333;6.1690430811807;20.1780307156214;13618
-5.54566666666667;48.1943333333333;5.87107546860747;20.4748733901017;13627
-5.545275;48.1948433333333;6.1690430811807;20.1780307156214;13635
-5.54495666666667;48.1955;5.17712847354701;20.7643281721679;13642
-5.54416666666667;48.1973333333333;5.15293619170116;20.6672982294018;13663
-5.54366666666667;48.1985;5.53872746646231;20.6708123141146;13671
-5.54335333333333;48.1989;5.51284546322043;20.5742193630142;13677
-5.543;48.1995;5.51284546322043;20.5742193630142;13684
-5.54283333333333;48.2001666666667;5.17712847354701;20.7643281721679;13696
-5.54227;48.2011516666667;5.89863930933648;20.5709999263878;13705
-5.54166666666667;48.2023333333333;5.89863930933648;20.5709999263878;13715
-5.54133333333333;48.203;5.87107546860747;20.4748733901017;13723
-5.54093333333333;48.2037483333333;5.87107546860747;20.4748733901017;13730
-5.54066666666667;48.2043333333333;6.19828036318393;20.273661556019;13735
-5.54042833333333;48.204645;5.40931794391105;20.1878494009701;13740
-5.54;48.2056666666667;5.81594831288599;20.2826221509908;13751
-5.53966666666667;48.206;5.78838447215698;20.1864956147047;13759
-5.539455;48.2066633333333;5.40931794391105;20.1878494009701;13765
-5.53883333333333;48.2078333333333;5.38343594066917;20.0912564498697;13775
-5.53831833333333;48.2088466666667;5.76082063142798;20.0903690784186;13788
-5.538;48.2095;5.05616752574718;20.2791803090299;13800
-5.5375;48.2106666666667;4.70147694997476;20.3643339823187;13805
-5.53733833333333;48.2109783333333;5.05616752574718;20.2791803090299;13813
-5.53694166666667;48.2118066666667;5.40931794391105;20.1878494009701;13819
-5.53666666666667;48.2125;5.05616752574718;20.2791803090299;13825
-5.53643666666667;48.2129216666667;5.40931794391105;20.1878494009701;13831
-5.536;48.214;5.46108195039482;20.3810353031708;13841
-5.535745;48.2144033333333;5.05616752574718;20.2791803090299;13849
-5.53538166666667;48.2151416666667;5.81594831288599;20.2826221509908;13855
-5.535;48.2161666666667;4.67898175872836;20.2668966041475;13865
-5.53466666666667;48.2166666666667;5.05616752574718;20.2791803090299;13875
-5.53416833333333;48.217715;5.05616752574718;20.2791803090299;13885
-5.53316666666667;48.2199633333333;5.10455208943887;20.473240194562;13905
-5.53283333333333;48.2206666666667;4.70147694997476;20.3643339823187;13917
-5.53233333333333;48.2216666666667;5.08035980759302;20.3762102517959;13925
-5.53216666666667;48.2223333333333;5.08035980759302;20.3762102517959;13931
-5.53138666666667;48.22388;5.46108195039482;20.3810353031708;13946
-5.53083333333333;48.2251666666667;5.51284546322043;20.5742193630142;13960
-5.530665;48.2253816666667;6.22751708753238;20.36929057241;13965
-5.53033333333333;48.2261666666667;5.10455208943887;20.473240194562;13972
-5.52950166666667;48.2278883333333;5.81594831288599;20.2826221509908;13996
-5.52869666666667;48.229455;5.81594831288599;20.2826221509908;14006
-5.528515;48.2298183333333;6.13980579917747;20.0823998752237;14011
-5.52833333333333;48.2301666666667;5.76082063142798;20.0903690784186;14018
-5.52783333333333;48.2311666666667;5.78838447215698;20.1864956147047;14026
-5.52766666666667;48.2313333333333;5.78838447215698;20.1864956147047;14035
-5.52701333333333;48.2327666666667;4.72397214122117;20.4617713604899;14044
-5.52667166666667;48.233415;5.81594831288599;20.2826221509908;14050
-5.526;48.2348333333333;5.12874437128471;20.570270137328;14065
-5.52583333333333;48.2353333333333;5.87107546860747;20.4748733901017;14071
-5.52539833333333;48.2360183333333;5.46108195039482;20.3810353031708;14077
-5.52493833333333;48.23705;5.10455208943887;20.473240194562;14088
-5.52466666666667;48.2375;5.843512153615;20.3787486872768;14094
-5.52433333333333;48.2381666666667;5.05616752574718;20.2791803090299;14102
-5.52430166666667;48.23833;5.05616752574718;20.2791803090299;14107
-5.52382833333333;48.2392483333333;5.78838447215698;20.1864956147047;14118
-5.52324166666667;48.2404483333333;5.81594831288599;20.2826221509908;14125
-5.52283333333333;48.2411666666667;5.38343594066917;20.0912564498697;14133
-5.52271;48.2415516666667;5.78838447215698;20.1864956147047;14138
-5.522295;48.2423716666667;5.05616752574718;20.2791803090299;14150
-5.52198166666667;48.2430166666667;5.05616752574718;20.2791803090299;14155
-5.52146833333333;48.2440216666667;5.40931794391105;20.1878494009701;14165
-5.52126833333333;48.24449;5.05616752574718;20.2791803090299;14170
-5.52016666666667;48.2468333333333;5.73325679069897;19.9942425421326;14197
-5.51884333333333;48.2495233333333;5.40931794391105;20.1878494009701;14226
-5.518565;48.25017;5.03197524390133;20.1821503662638;14236
-5.51815166666667;48.250985;5.00778342348488;20.08512227419;14246
-5.51744333333333;48.2524516666667;5.40931794391105;20.1878494009701;14258
-5.517;48.2533333333333;5.73325679069897;19.9942425421326;14265
-5.51689666666667;48.2535483333333;5.73325679069897;19.9942425421326;14271
-5.51666666666667;48.254;5.35755443108544;19.9946653411266;14276
-5.516255;48.25483;5.73325679069897;19.9942425421326;14291
-5.51583666666667;48.2557566666667;5.38343594066917;20.0912564498697;14297
-5.51515166666667;48.2570366666667;5.38343594066917;20.0912564498697;14310
-5.51483333333333;48.2576666666667;5.08035980759302;20.3762102517959;14316
-5.51433333333333;48.2588333333333;5.08035980759302;20.3762102517959;14328
-5.51413333333333;48.2592833333333;5.43519994715294;20.2844423520704;14333
-5.51397333333333;48.2596616666667;5.46108195039482;20.3810353031708;14339
-5.513285;48.2610566666667;5.46108195039482;20.3810353031708;14349
-5.513085;48.2615216666667;5.46108195039482;20.3810353031708;14354
-5.51281666666667;48.2620816666667;5.43519994715294;20.2844423520704;14366
-5.51233333333333;48.2633333333333;5.4869639536367;20.4776282542712;14377
-5.51166666666667;48.2645;5.08035980759302;20.3762102517959;14385
-5.5115;48.2648333333333;5.10455208943887;20.473240194562;14393
-5.51121666666667;48.26544;5.87107546860747;20.4748733901017;14399
-5.51086833333333;48.2661833333333;5.4869639536367;20.4776282542712;14406
-5.51066666666667;48.2666666666667;5.46108195039482;20.3810353031708;14411
-5.51044666666667;48.267125;5.10455208943887;20.473240194562;14417
-5.50990666666667;48.26825;5.12874437128471;20.570270137328;14428
-5.50916666666667;48.27;5.4869639536367;20.4776282542712;14446
-5.50859;48.2710566666667;6.22751708753238;20.36929057241;14466
-5.50792833333333;48.2724483333333;5.10455208943887;20.473240194562;14471
-5.507;48.2745;5.843512153615;20.3787486872768;14495
-5.50666666666667;48.275;5.46108195039482;20.3810353031708;14507
-5.50604333333333;48.276475;5.51284546322043;20.5742193630142;14514
-5.505715;48.2772083333333;5.43519994715294;20.2844423520704;14525
-5.50533333333333;48.2778333333333;5.81594831288599;20.2826221509908;14531
-5.50489333333333;48.2788766666667;5.78838447215698;20.1864956147047;14542
-5.50463333333333;48.2793233333333;6.52025869919202;20.067292856627;14547
-5.504;48.2806666666667;5.40931794391105;20.1878494009701;14559
-5.50375166666667;48.2810616666667;5.46108195039482;20.3810353031708;14566
-5.50321833333333;48.2821683333333;5.43519994715294;20.2844423520704;14577
-5.50296166666667;48.2827183333333;5.05616752574718;20.2791803090299;14585
-5.50245833333333;48.283835;5.05616752574718;20.2791803090299;14600
-5.50201333333333;48.2848616666667;5.40931794391105;20.1878494009701;14605
-5.50184333333333;48.285125;5.40931794391105;20.1878494009701;14611
-5.50133333333333;48.2861666666667;5.46108195039482;20.3810353031708;14621
-5.50090666666667;48.2871883333333;5.4869639536367;20.4776282542712;14630
-5.500405;48.28831;5.46108195039482;20.3810353031708;14645
-5.50016666666667;48.289;5.81594831288599;20.2826221509908;14651
-5.499335;48.2905516666667;5.12874437128471;20.570270137328;14667
-5.499;48.2911666666667;5.53872746646231;20.6708123141146;14675
-5.49866666666667;48.292;5.12874437128471;20.570270137328;14682
-5.49833333333333;48.2925;5.53872746646231;20.6708123141146;14689
-5.498;48.2933333333333;5.46108195039482;20.3810353031708;14696
-5.49781333333333;48.29372;5.46108195039482;20.3810353031708;14703
-5.49741833333333;48.2944583333333;5.843512153615;20.3787486872768;14709
-5.49713;48.2950066666667;5.43519994715294;20.2844423520704;14718
-5.49616666666667;48.2968333333333;5.43519994715294;20.2844423520704;14735
-5.496;48.2973333333333;5.08035980759302;20.3762102517959;14742
-5.49567;48.2979733333333;5.843512153615;20.3787486872768;14750
-5.49521333333333;48.298895;5.81594831288599;20.2826221509908;14759
-5.49494;48.2994516666667;5.43519994715294;20.2844423520704;14765
-5.494185;48.3009433333333;5.43519994715294;20.2844423520704;14780
-5.49390333333333;48.3014966666667;5.4869639536367;20.4776282542712;14787
-5.49371;48.3019683333333;5.46108195039482;20.3810353031708;14795
-5.49275666666667;48.3039383333333;5.51284546322043;20.5742193630142;14811
-5.49371;48.3019683333333;5.46108195039482;20.3810353031708;14819
-5.49221666666667;48.30506;5.4869639536367;20.4776282542712;14826
-5.49194166666667;48.3056266666667;5.89863930933648;20.5709999263878;14835
-5.491565;48.3063683333333;5.53872746646231;20.6708123141146;14846
-5.4905;48.3085;5.12874437128471;20.570270137328;14859
-5.49028;48.3089633333333;5.87107546860747;20.4748733901017;14866
-5.48983333333333;48.3098333333333;5.46108195039482;20.3810353031708;14873
-5.48964;48.31034;5.4869639536367;20.4776282542712;14879
-5.48943833333333;48.3106033333333;5.43519994715294;20.2844423520704;14884
-5.48922;48.3111533333333;5.78838447215698;20.1864956147047;14892
-5.48902166666667;48.3115183333333;5.38343594066917;20.0912564498697;14897
-5.48822666666667;48.31326;5.38343594066917;20.0912564498697;14911
-5.488055;48.3136316666667;4.67898175872836;20.2668966041475;14923
-5.48766333333333;48.3144616666667;5.38343594066917;20.0912564498697;14928
-5.487;48.3156666666667;5.78838447215698;20.1864956147047;14937
-5.48693333333333;48.315935;5.40931794391105;20.1878494009701;14942
-5.48676833333333;48.3163;5.38343594066917;20.0912564498697;14948
-5.48633333333333;48.3173333333333;5.43519994715294;20.2844423520704;14956
-5.48580666666667;48.3182383333333;5.43519994715294;20.2844423520704;14969
-5.48552333333333;48.3189016666667;5.10455208943887;20.473240194562;14974
-5.48516666666667;48.3195;5.10455208943887;20.473240194562;14980
-5.484965;48.32001;5.46108195039482;20.3810353031708;14985
-5.48468833333333;48.3205666666667;5.4869639536367;20.4776282542712;14991
-5.48402666666667;48.3220716666667;5.46108195039482;20.3810353031708;15008
-5.48366666666667;48.3228333333333;5.43519994715294;20.2844423520704;15021
-5.48284333333333;48.324475;5.08035980759302;20.3762102517959;15033
-5.48263333333333;48.32494;5.08035980759302;20.3762102517959;15040
-5.48235166666667;48.3255933333333;5.08035980759302;20.3762102517959;15046
-5.48216666666667;48.326;5.10455208943887;20.473240194562;15051
-5.48181833333333;48.32671;5.08035980759302;20.3762102517959;15058
-5.48263333333333;48.32494;5.08035980759302;20.3762102517959;15063
-5.48135166666667;48.3278333333333;4.72397214122117;20.4617713604899;15073
-5.480855;48.32885;5.46108195039482;20.3810353031708;15078
-5.48066666666667;48.3291666666667;5.08035980759302;20.3762102517959;15085
-5.48034;48.3300516666667;5.05616752574718;20.2791803090299;15093
-5.48;48.3306666666667;5.08035980759302;20.3762102517959;15100
-5.47983833333333;48.3311716666667;5.43519994715294;20.2844423520704;15109
-5.479475;48.331995;5.03197524390133;20.1821503662638;15117
-5.47888666666667;48.3331866666667;5.73325679069897;19.9942425421326;15128
-5.47867666666667;48.333745;5.05616752574718;20.2791803090299;15135
-5.47830166666667;48.3344816666667;5.38343594066917;20.0912564498697;15140
-5.478;48.3351666666667;5.40931794391105;20.1878494009701;15148
-5.47783333333333;48.3356666666667;5.05616752574718;20.2791803090299;15157
-5.47700833333333;48.3373416666667;5.08035980759302;20.3762102517959;15172
-5.47616666666667;48.339;5.40931794391105;20.1878494009701;15195
-5.47576666666667;48.3400333333333;5.43519994715294;20.2844423520704;15200
-5.4755;48.3406666666667;5.76082063142798;20.0903690784186;15217
-5.47483333333333;48.342;5.38343594066917;20.0912564498697;15223
-5.47466666666667;48.3425;5.03197524390133;20.1821503662638;15228
-5.47425;48.3433183333333;5.73325679069897;19.9942425421326;15238
-5.474;48.344;4.61149661404923;19.9745863280973;15250
-5.47353;48.3448666666667;5.35755443108544;19.9946653411266;15255
-5.47327333333333;48.3453983333333;5.65056579424848;19.7058647667355;15262
-5.473;48.3461666666667;4.93520657794734;19.7940324458919;15271
-5.472665;48.3467683333333;5.30579042460167;19.8014794389259;15281
-5.471885;48.3482916666667;4.95939885979319;19.8910623886579;15293
-5.47168666666667;48.348735;5.67812963497749;19.8019913030216;15299
-5.4715;48.3493333333333;4.61149661404923;19.9745863280973;15307
-5.470965;48.35038;4.95939885979319;19.8910623886579;15314
-5.47066666666667;48.351;5.27990842135979;19.7048864878255;15322
-5.4705;48.3515;4.93520657794734;19.7940324458919;15327
-5.47016666666667;48.3521666666667;4.95939885979319;19.8910623886579;15335
-5.46977;48.3530966666667;5.27990842135979;19.7048864878255;15345
-5.46926166666667;48.3541633333333;5.25402641811791;19.6082935367252;15358
-5.46886833333333;48.3550533333333;4.54401146937011;19.6822760520471;15368
-5.468585;48.3555733333333;4.88682247568505;19.599974411052;15377
-5.46810166666667;48.3566483333333;5.567874797798;19.4174869913385;15387
-5.46766666666667;48.3578333333333;4.5215162781237;19.5848386738759;15398
-5.4675;48.3581666666667;4.88682247568505;19.599974411052;15407
-5.466975;48.35913;4.8626301938392;19.502944468286;15413
-5.46665;48.3599466666667;4.88682247568505;19.599974411052;15425
-5.46633333333333;48.3606666666667;4.8626301938392;19.502944468286;15430
-5.46622833333333;48.36093;4.8626301938392;19.502944468286;15435
-5.46583333333333;48.3618333333333;4.88682247568505;19.599974411052;15443
-5.46566666666667;48.3623333333333;5.59543811279047;19.5136116941634;15449
-5.465405;48.36273;5.22814490853418;19.5117024279821;15455
-5.46526333333333;48.3630933333333;4.9110142961015;19.6970025031258;15460
-5.46507166666667;48.3634533333333;4.9110142961015;19.6970025031258;15465
-5.464655;48.3644566666667;4.58900142280283;19.8771489499261;15471
-5.46447333333333;48.3649166666667;5.27990842135979;19.7048864878255;15480
-5.46372666666667;48.3665466666667;5.30579042460167;19.8014794389259;15496
-5.46316666666667;48.3676666666667;5.33167242784356;19.8980723900263;15507
-5.46300333333333;48.3682083333333;5.7056934757065;19.8981178393077;15516
-5.46265;48.3689333333333;5.33167242784356;19.8980723900263;15525
-5.46232166666667;48.3696716666667;5.00778342348488;20.08512227419;15530
-5.4615;48.3713333333333;5.73325679069897;19.9942425421326;15549
-5.46128;48.371765;5.73325679069897;19.9942425421326;15556
-5.46066666666667;48.373;5.35755443108544;19.9946653411266;15566
-5.4605;48.3733333333333;5.73325679069897;19.9942425421326;15571
-5.46029666666667;48.3738533333333;5.33167242784356;19.8980723900263;15576
-5.46016833333333;48.3742316666667;5.00778342348488;20.08512227419;15582
-5.45939;48.3758616666667;5.7056934757065;19.8981178393077;15599
-5.45917666666667;48.3763066666667;5.30579042460167;19.8014794389259;15607
-5.45883333333333;48.3771666666667;4.93520657794734;19.7940324458919;15616
-5.45833333333333;48.3781666666667;5.27990842135979;19.7048864878255;15622
-5.45816666666667;48.3786666666667;5.30579042460167;19.8014794389259;15628
-5.45766666666667;48.3795;5.25402641811791;19.6082935367252;15638
-5.4574;48.3801733333333;5.27990842135979;19.7048864878255;15652
-5.45691833333333;48.381165;5.62300195351948;19.6097382304495;15658
-5.456585;48.3818866666667;5.62300195351948;19.6097382304495;15667
-5.45606833333333;48.3828716666667;5.96438266481288;19.5086166568446;15676
-5.45583333333333;48.3835;5.27990842135979;19.7048864878255;15681
-5.45528166666667;48.3845;5.65056579424848;19.7058647667355;15693
-5.455015;48.3850383333333;5.27990842135979;19.7048864878255;15701
-5.45466666666667;48.3856666666667;5.67812963497749;19.8019913030216;15706
-5.45449;48.3861366666667;5.67812963497749;19.8019913030216;15711
-5.45416666666667;48.3868333333333;5.30579042460167;19.8014794389259;15718
-5.4539;48.3873033333333;5.7056934757065;19.8981178393077;15725
-5.45371333333333;48.3876683333333;4.95939885979319;19.8910623886579;15731
-5.45342166666667;48.3883033333333;5.30579042460167;19.8014794389259;15736
-5.45316666666667;48.389;5.33167242784356;19.8980723900263;15742
-5.45264666666667;48.3899466666667;5.7056934757065;19.8981178393077;15755
-5.45240666666667;48.3904933333333;4.61149661404923;19.9745863280973;15761
-5.45201333333333;48.3913133333333;5.35755443108544;19.9946653411266;15766
-5.45194166666667;48.3914983333333;5.67812963497749;19.8019913030216;15773
-5.4515;48.3921666666667;5.35755443108544;19.9946653411266;15778
-5.45125333333333;48.3927566666667;5.35755443108544;19.9946653411266;15786
-5.4505;48.3943333333333;5.7056934757065;19.8981178393077;15805
-5.45019166666667;48.3950016666667;5.30579042460167;19.8014794389259;15810
-5.45003666666667;48.3953716666667;5.33167242784356;19.8980723900263;15815
-5.4495;48.3965;5.33167242784356;19.8980723900263;15825
-5.44929833333333;48.39701;5.33167242784356;19.8980723900263;15831
-5.449;48.3976666666667;5.30579042460167;19.8014794389259;15838
-5.448675;48.3981733333333;5.65056579424848;19.7058647667355;15844
-5.44843166666667;48.39872;5.30579042460167;19.8014794389259;15849
-5.44824333333333;48.39918;5.33167242784356;19.8980723900263;15854
-5.44783333333333;48.3998333333333;5.65056579424848;19.7058647667355;15862
-5.44766666666667;48.4003333333333;5.65056579424848;19.7058647667355;15868
-5.4475;48.4008333333333;4.95939885979319;19.8910623886579;15879
-5.44697166666667;48.4017983333333;5.67812963497749;19.8019913030216;15885
-5.446675;48.40243;5.33167242784356;19.8980723900263;15891
-5.44633333333333;48.403;5.67812963497749;19.8019913030216;15898
-5.446105;48.4036166666667;5.7056934757065;19.8981178393077;15906
-5.445625;48.4046233333333;5.33167242784356;19.8980723900263;15915
-5.44533333333333;48.4053333333333;5.35755443108544;19.9946653411266;15921
-5.445;48.4058333333333;5.73325679069897;19.9942425421326;15929
-5.44466666666667;48.4066666666667;5.03197524390133;20.1821503662638;15937
-5.44433333333333;48.4075;5.35755443108544;19.9946653411266;15946
-5.44403166666667;48.4079016666667;4.98359114163903;19.988092331424;15951
-5.44374166666667;48.4085416666667;5.33167242784356;19.8980723900263;15957
-5.44347666666667;48.409095;4.63399180529564;20.0720237062685;15964
-5.44339166666667;48.40938;4.67898175872836;20.2668966041475;15972
-5.44266666666667;48.4106666666667;5.33167242784356;19.8980723900263;15985
-5.44216666666667;48.4118333333333;5.73325679069897;19.9942425421326;15994
-5.44201666666667;48.4123083333333;5.35755443108544;19.9946653411266;16001
-5.441475;48.4134116666667;5.7056934757065;19.8981178393077;16015
-5.44085833333333;48.4146;5.76082063142798;20.0903690784186;16023
-5.44054333333333;48.41512;6.08133123517102;19.8911381944285;16029
-5.44015666666667;48.415945;5.38343594066917;20.0912564498697;16039
-5.43991833333333;48.4164983333333;5.35755443108544;19.9946653411266;16044
-5.43983333333333;48.4168333333333;5.35755443108544;19.9946653411266;16050
-5.439325;48.4176733333333;5.33167242784356;19.8980723900263;16061
-5.439;48.4183333333333;5.35755443108544;19.9946653411266;16066
-5.43875;48.4188466666667;4.95939885979319;19.8910623886579;16079
-5.438205;48.4200283333333;5.33167242784356;19.8980723900263;16084
-5.438;48.4205;5.30579042460167;19.8014794389259;16091
-5.43755;48.4213883333333;5.67812963497749;19.8019913030216;16105
-5.43716666666667;48.4221666666667;5.7056934757065;19.8981178393077;16111
-5.43642333333333;48.4237616666667;5.35755443108544;19.9946653411266;16129
-5.43594333333333;48.4246583333333;5.67812963497749;19.8019913030216;16134
-5.43579333333333;48.424925;5.67812963497749;19.8019913030216;16144
-5.43516666666667;48.426;5.73325679069897;19.9942425421326;16152
-5.43494;48.4266666666667;5.35755443108544;19.9946653411266;16162
-5.4345;48.4276666666667;5.7056934757065;19.8981178393077;16181
-5.43366666666667;48.4295;5.35755443108544;19.9946653411266;16188
-5.43337166666667;48.42996;5.73325679069897;19.9942425421326;16193
-5.43312833333333;48.4304066666667;5.7056934757065;19.8981178393077;16199
-5.43266666666667;48.4313333333333;5.40931794391105;20.1878494009701;16207
-5.43235833333333;48.432155;5.03197524390133;20.1821503662638;16218
-5.432115;48.4327166666667;5.38343594066917;20.0912564498697;16224
-5.43183333333333;48.4331666666667;5.38343594066917;20.0912564498697;16232
-5.43143166666667;48.4341766666667;5.35755443108544;19.9946653411266;16241
-5.43098333333333;48.4350833333333;5.7056934757065;19.8981178393077;16249
-5.43078666666667;48.4355433333333;5.7056934757065;19.8981178393077;16255
-5.43038;48.4363716666667;5.73325679069897;19.9942425421326;16262
-5.43016333333333;48.4367316666667;5.73325679069897;19.9942425421326;16267
-5.42985833333333;48.4374633333333;5.00778342348488;20.08512227419;16278
-5.42939833333333;48.4383733333333;5.7056934757065;19.8981178393077;16286
-5.42907833333333;48.43911;5.38343594066917;20.0912564498697;16300
-5.428395;48.4404533333333;5.67812963497749;19.8019913030216;16310
-5.42775;48.4418133333333;5.65056579424848;19.7058647667355;16325
-5.42733333333333;48.4428333333333;5.67812963497749;19.8019913030216;16336
-5.427095;48.4431683333333;5.67812963497749;19.8019913030216;16342
-5.42641;48.4445066666667;5.27990842135979;19.7048864878255;16355
-5.42583333333333;48.4458333333333;4.93520657794734;19.7940324458919;16369
-5.42536666666667;48.4466683333333;5.62300195351948;19.6097382304495;16377
-5.42510666666667;48.4472066666667;5.27990842135979;19.7048864878255;16386
-5.42459166666667;48.4482983333333;5.30579042460167;19.8014794389259;16398
-5.42419333333333;48.4492016666667;4.95939885979319;19.8910623886579;16405
-5.42359;48.450465;4.93520657794734;19.7940324458919;16420
-5.42338333333333;48.4510183333333;5.30579042460167;19.8014794389259;16425
-5.423185;48.4513783333333;5.30579042460167;19.8014794389259;16433
-5.42283166666667;48.4520866666667;5.62300195351948;19.6097382304495;16438
-5.42233333333333;48.4533333333333;4.93520657794734;19.7940324458919;16451
-5.42213666666667;48.453635;4.61149661404923;19.9745863280973;16459
-5.42183666666667;48.4542716666667;5.30579042460167;19.8014794389259;16469
-5.42133333333333;48.4555;5.67812963497749;19.8019913030216;16477
-5.42091833333333;48.4562766666667;4.98359114163903;19.988092331424;16483
-5.42005666666667;48.45806;5.27990842135979;19.7048864878255;16504
-5.41955166666667;48.4591483333333;5.65056579424848;19.7058647667355;16517
-5.41928;48.459675;5.25402641811791;19.6082935367252;16523
-5.419;48.4603333333333;5.27990842135979;19.7048864878255;16529
-5.41853;48.46132;5.30579042460167;19.8014794389259;16541
-5.41775166666667;48.4629566666667;5.7056934757065;19.8981178393077;16564
-5.41724666666667;48.46405;5.67812963497749;19.8019913030216;16574
-5.41683333333333;48.465;5.33167242784356;19.8980723900263;16582
-5.41633333333333;48.4658333333333;5.67812963497749;19.8019913030216;16588
-5.41623666666667;48.466015;6.02285722881933;19.6998783376398;16602
-5.41514833333333;48.468365;5.65056579424848;19.7058647667355;16618
-5.41439833333333;48.469895;5.62300195351948;19.6097382304495;16633
-5.41419666666667;48.4703466666667;4.93520657794734;19.7940324458919;16638
-5.414125;48.47053;5.30579042460167;19.8014794389259;16643
-5.41383333333333;48.4711666666667;5.59543811279047;19.5136116941634;16648
-5.4135;48.4716666666667;5.25402641811791;19.6082935367252;16658
-5.41326833333333;48.47232;5.62300195351948;19.6097382304495;16666
-5.41262333333333;48.4736616666667;5.62300195351948;19.6097382304495;16678
-5.4125;48.474;5.25402641811791;19.6082935367252;16685
-5.41204833333333;48.4750466666667;4.95939885979319;19.8910623886579;16691
-5.41164;48.4759516666667;4.93520657794734;19.7940324458919;16702
-5.41133333333333;48.4766666666667;5.33167242784356;19.8980723900263;16707
-5.41103333333333;48.4772266666667;5.30579042460167;19.8014794389259;16716
-5.41073;48.4779583333333;5.33167242784356;19.8980723900263;16724
-5.410535;48.4783183333333;5.30579042460167;19.8014794389259;16729
-5.41033333333333;48.479;4.95939885979319;19.8910623886579;16738
-5.40967166666667;48.48031;4.93520657794734;19.7940324458919;16753
-5.40917;48.4813983333333;5.65056579424848;19.7058647667355;16762
-5.408765;48.482285;5.27990842135979;19.7048864878255;16771
-5.40841833333333;48.4830083333333;5.27990842135979;19.7048864878255;16788
-5.40783333333333;48.4841666666667;5.27990842135979;19.7048864878255;16796
-5.40742;48.4851833333333;5.27990842135979;19.7048864878255;16805
-5.40665666666667;48.4868166666667;5.30579042460167;19.8014794389259;16822
-5.40633333333333;48.4875;5.33167242784356;19.8980723900263;16827
-5.40616666666667;48.4881666666667;4.98359114163903;19.988092331424;16837
-5.40583333333333;48.489;4.95939885979319;19.8910623886579;16846
-5.40533333333333;48.4896666666667;4.95939885979319;19.8910623886579;16852
-5.40525;48.4901133333333;4.95939885979319;19.8910623886579;16857
-5.40469833333333;48.491195;5.33167242784356;19.8980723900263;16868
-5.40450833333333;48.491555;5.67812963497749;19.8019913030216;16873
-5.40437;48.4919233333333;4.95939885979319;19.8910623886579;16879
-5.404;48.4926666666667;4.93520657794734;19.7940324458919;16888
-5.40366666666667;48.4935;4.9110142961015;19.6970025031258;16894
-5.403425;48.49398;4.24139841337027;19.9542106818359;16901
-5.403265;48.4944333333333;3.15997631316269;19.9513052335682;16909
-5.403;48.495;2.10102215155428;19.9898904762823;16916
-5.40288166666667;48.49603;1.37420258597923;19.6520125511995;16925
-5.40266666666667;48.497;2.38863917723036;19.4539049507962;16935
-5.40266666666667;48.4973333333333;2.38863917723036;19.4539049507962;16942
-5.40233333333333;48.4981666666667;3.38613946450514;19.2037511837381;16947
-5.40214666666667;48.4986916666667;3.40350434851336;19.3022323347136;16956
-5.40184166666667;48.4992816666667;5.04697137949915;18.8355536126368;16961
-5.40116666666667;48.5005;7.89069072051281;17.7227815297765;16973
-5.40100833333333;48.5007;8.1987941165535;17.582370722782;16979
-5.400615;48.5011733333333;9.10774813895709;17.1291829646454;16987
-5.399885;48.50195;10.6749252940578;16.4379434516577;16995
-5.39957;48.5022583333333;10.7293894053226;16.5218108283797;17000
-5.3989;48.5028516666667;11.5793699186063;15.9376354064174;17005
-5.3985;48.5031666666667;11.6381475469464;16.018535871393;17013
-5.39758;48.5039416666667;12.0964821949304;16.0525740566059;17021
-5.39666666666667;48.5046666666667;11.814483795301;16.2612418955519;17029
-5.3965;48.5048333333333;11.5288865894581;16.4649564026904;17035
-5.39512666666667;48.5060183333333;11.2956970767394;16.7465595981173;17047
-5.39452833333333;48.5065616666667;11.1106361065432;17.1088792661592;17056
-5.39416666666667;48.507;11.2195643290729;17.2766140196032;17062
-5.3935;48.5075;11.1106361065432;17.1088792661592;17068
-5.39304666666667;48.5079566666667;10.8633449167807;17.3849859712067;17074
-5.392115;48.50881;11.4634545211503;16.9952702373784;17083
-5.39105666666667;48.5097333333333;11.8730326700707;16.9564479417455;17095
-5.39066666666667;48.51;11.8730326700707;16.9564479417455;17102
-5.38989333333333;48.510715;12.1671551708988;16.7466524007924;17109
-5.389;48.5115;11.7430509728857;17.4097890236559;17119
-5.388515;48.5119616666667;11.9303894384977;17.0383618962476;17125
-5.388;48.5123333333333;11.5752935284748;17.1610783843948;17134
-5.38746333333333;48.5128733333333;11.9877473009348;17.1202774131582;17139
-5.38666666666667;48.5135;11.9303894384977;17.0383618962476;17146
-5.38616666666667;48.514;12.2259327992389;16.8275528657679;17151
-5.38564833333333;48.51438;13.4985398034173;16.0869333054985;17158
-5.38518;48.5147433333333;13.369981791072;15.9337238324292;17168
-5.38391166666667;48.51568;13.1527959328749;16.242350297993;17175
-5.383405;48.5161316666667;11.2740284403377;17.3604813963251;17182
-5.38272833333333;48.51675;11.0223202917543;17.6393997530443;17189
-5.38133333333333;48.518;11.4075350174881;16.9123661638701;17206
-5.380585;48.5186066666667;12.5594938617872;16.0754190729749;17216
-5.38009666666667;48.5190666666667;11.9320401730926;16.4230443685804;17222
-5.37924833333333;48.5197133333333;12.9010680165217;15.9314922098679;17230
-5.37815833333333;48.520565;12.5594938617872;16.0754190729749;17244
-5.37702166666667;48.5214283333333;12.9010680165217;15.9314922098679;17255
-5.376595;48.521805;11.9908189225442;16.5039463766334;17261
-5.37583333333333;48.5225;11.8156748076336;16.8745324248349;17266
-5.37533333333333;48.5228333333333;11.8156748076336;16.8745324248349;17275
-5.37388333333333;48.524165;11.5193740248125;17.0781743108866;17289
-5.37344833333333;48.524555;11.5752935284748;17.1610783843948;17296
-5.372305;48.5255566666667;12.1671551708988;16.7466524007924;17308
-5.37177166666667;48.52601;12.1671551708988;16.7466524007924;17315
-5.37081833333333;48.5268666666667;11.6871314692234;17.3268849501476;17323
-5.37066666666667;48.527;12.045105163372;17.2021929300688;17328
-5.37036166666667;48.52724;12.2259327992389;16.8275528657679;17337
-5.3695;48.528;11.9303894384977;17.0383618962476;17349
-5.36807166666667;48.52921;12.2259327992389;16.8275528657679;17356
-5.36752666666667;48.5296416666667;12.1083764214472;16.6657503927394;17366
-5.367005;48.5300916666667;12.1083764214472;16.6657503927394;17373
-5.36607;48.5308216666667;12.3973897065064;16.4518918116295;17379
-5.36556833333333;48.5312983333333;12.1671551708988;16.7466524007924;17388
-5.36461333333333;48.5320233333333;12.7441930089536;16.3118232008636;17395
-5.363695;48.532755;12.4575714383958;16.5317556672895;17405
-5.36313333333333;48.533185;12.3973897065064;16.4518918116295;17412
-5.36223833333333;48.5339366666667;12.5177520224142;16.6116179996732;17418
-5.362055;48.534085;12.4575714383958;16.5317556672895;17423
-5.36095;48.534965;12.7441930089536;16.3118232008636;17435
-5.36025666666667;48.53555;11.7009590827593;16.7107013910137;17442
-5.35949166666667;48.5361366666667;12.4575714383958;16.5317556672895;17452
-5.35866666666667;48.5368333333333;12.9640002956933;16.0092071024713;17458
-5.357635;48.537605;12.4575714383958;16.5317556672895;17469
-5.35651166666667;48.53848;12.1671551708988;16.7466524007924;17489
-5.35540166666667;48.5393883333333;12.2847115486904;16.9084548738209;17495
-5.35416666666667;48.5403333333333;12.2847115486904;16.9084548738209;17506
-5.35372166666667;48.54072;12.86732459945;16.4694244497782;17511
-5.353;48.5411666666667;12.1083764214472;16.6657503927394;17520
-5.35202166666667;48.5420216666667;13.0898636537033;16.1646354053897;17529
-5.35156666666667;48.5423783333333;12.7441930089536;16.3118232008636;17537
-5.35076;48.54305;12.4575714383958;16.5317556672895;17542
-5.34984333333333;48.5437816666667;12.1083764214472;16.6657503927394;17555
-5.349;48.5445;12.4575714383958;16.5317556672895;17562
-5.3485;48.5448333333333;12.3973897065064;16.4518918116295;17572
-5.3475;48.5456666666667;12.4575714383958;16.5317556672895;17578
-5.34727666666667;48.5458533333333;12.7441930089536;16.3118232008636;17583
-5.346575;48.54646;12.1671551708988;16.7466524007924;17588
-5.34583333333333;48.547;12.5177520224142;16.6116179996732;17597
-5.34533333333333;48.5475;12.1671551708988;16.7466524007924;17605
-5.34470333333333;48.5479416666667;12.9288909818388;16.5482258257412;17610
-5.34432;48.5482183333333;13.0898636537033;16.1646354053897;17615
-5.34395666666667;48.5485016666667;12.0495976719957;16.5848483846864;17621
-5.34333166666667;48.5490266666667;12.1671551708988;16.7466524007924;17626
-5.34233333333333;48.5496666666667;13.026932574865;16.0869219950746;17632
-5.342;48.55;12.9010680165217;15.9314922098679;17639
-5.34157666666667;48.5503766666667;11.9320401730926;16.4230443685804;17645
-5.341;48.5508333333333;12.1083764214472;16.6657503927394;17658
-5.33983333333333;48.5518333333333;12.2770262427276;16.2921641003095;17669
-5.33833333333333;48.553;12.2770262427276;16.2921641003095;17678
-5.33811;48.5531483333333;12.621060244176;16.1542204489378;17685
-5.33699833333333;48.5540166666667;12.337207974617;16.3720279559695;17695
-5.33664;48.5542983333333;12.2168445108382;16.2123002446495;17701
-5.33567166666667;48.55512;12.0495976719957;16.5848483846864;17716
-5.3345;48.5561666666667;11.9320401730926;16.4230443685804;17722
-5.33398833333333;48.5565166666667;11.6436012203221;16.6287858741031;17727
-5.33347666666667;48.5569783333333;11.7583169451964;16.7926169079243;17735
-5.333;48.5573333333333;12.337207974617;16.3720279559695;17740
-5.33274666666667;48.5575383333333;12.1566639268198;16.1324379122659;17745
-5.33161166666667;48.5585033333333;12.2770262427276;16.2921641003095;17756
-5.33104;48.5589233333333;12.4979274793984;15.996617697012;17765
-5.33016666666667;48.5596666666667;11.9320401730926;16.4230443685804;17775
-5.329;48.5605;12.1566639268198;16.1324379122659;17784
-5.32842833333333;48.5610266666667;11.6436012203221;16.6287858741031;17790
-5.32778166666667;48.5615433333333;12.337207974617;16.3720279559695;17795
-5.32733333333333;48.562;12.2770262427276;16.2921641003095;17806
-5.326425;48.5626483333333;12.6826266265648;16.2330218249007;17815
-5.32566666666667;48.5633333333333;11.9908189225442;16.5039463766334;17822
-5.32466666666667;48.564;12.7441930089536;16.3118232008636;17831
-5.32434333333333;48.5643433333333;12.621060244176;16.1542204489378;17836
-5.32366666666667;48.565;12.0495976719957;16.5848483846864;17843
-5.32317333333333;48.5653233333333;12.1671551708988;16.7466524007924;17848
-5.32261833333333;48.5657683333333;12.7441930089536;16.3118232008636;17855
-5.322;48.5663333333333;12.9640002956933;16.0092071024713;17861
-5.32102833333333;48.56701;12.7441930089536;16.3118232008636;17872
-5.32031333333333;48.567485;13.9179161017581;15.4574118029553;17878
-5.31977;48.567915;12.621060244176;16.1542204489378;17885
-5.319;48.5685;12.7441930089536;16.3118232008636;17892
-5.318;48.5693333333333;12.337207974617;16.3720279559695;17901
-5.31755833333333;48.5696616666667;12.337207974617;16.3720279559695;17909
-5.31633333333333;48.5706666666667;12.337207974617;16.3720279559695;17921
-5.31583333333333;48.571;12.0495976719957;16.5848483846864;17931
-5.31484166666667;48.571865;12.337207974617;16.3720279559695;17936
-5.314335;48.57232;12.0495976719957;16.5848483846864;17944
-5.31383333333333;48.5726666666667;11.8156748076336;16.8745324248349;17951
-5.313;48.5735;12.1083764214472;16.6657503927394;17959
-5.3115;48.5746666666667;12.4575714383958;16.5317556672895;17975
-5.31069833333333;48.5753083333333;12.2259327992389;16.8275528657679;17983
-5.31031833333333;48.5756083333333;12.5177520224142;16.6116179996732;17991
-5.30933333333333;48.5765;12.4575714383958;16.5317556672895;17997
-5.30816666666667;48.5773333333333;12.86732459945;16.4694244497782;18015
-5.30738;48.5779766666667;13.0898636537033;16.1646354053897;18022
-5.3065;48.5786666666667;12.5177520224142;16.6116179996732;18031
-5.306;48.579;13.4342607972447;16.0103285689639;18038
-5.30533333333333;48.5795;13.026932574865;16.0869219950746;18043
-5.30433333333333;48.5803333333333;12.5177520224142;16.6116179996732;18051
-5.30366666666667;48.5808333333333;12.8057582170613;16.3906230738153;18058
-5.303065;48.58135;12.7441930089536;16.3118232008636;18065
-5.30266666666667;48.5816666666667;12.8057582170613;16.3906230738153;18072
-5.30119833333333;48.5828283333333;12.8057582170613;16.3906230738153;18086
-5.300645;48.5832733333333;12.8057582170613;16.3906230738153;18091
-5.29935666666667;48.584315;12.2259327992389;16.8275528657679;18104
-5.29883333333333;48.5846666666667;12.5779337543036;16.6914818553332;18109
-5.29859333333333;48.58489;13.0898636537033;16.1646354053897;18115
-5.29785333333333;48.5854616666667;12.1083764214472;16.6657503927394;18121
-5.29733333333333;48.5858333333333;12.7441930089536;16.3118232008636;18129
-5.29656833333333;48.5864883333333;12.621060244176;16.1542204489378;18138
-5.29533333333333;48.5875;12.337207974617;16.3720279559695;18147
-5.29483333333333;48.5878333333333;12.6826266265648;16.2330218249007;18155
-5.29381666666667;48.5886766666667;12.9010680165217;15.9314922098679;18165
-5.29291166666667;48.589425;12.4575714383958;16.5317556672895;18175
-5.29236333333333;48.5898683333333;12.6826266265648;16.2330218249007;18185
-5.2915;48.5905;12.3973897065064;16.4518918116295;18192
-5.29069333333333;48.591205;13.369981791072;15.9337238324292;18199
-5.29015333333333;48.59163;12.621060244176;16.1542204489378;18206
-5.28933333333333;48.5923333333333;12.8057582170613;16.3906230738153;18214
-5.28864333333333;48.5927866666667;13.1771459985741;15.703911083939;18224
-5.28781333333333;48.59345;12.6826266265648;16.2330218249007;18229
-5.287;48.594;12.3973897065064;16.4518918116295;18238
-5.286;48.595;12.337207974617;16.3720279559695;18249
-5.28552666666667;48.595295;12.1671551708988;16.7466524007924;18259
-5.28433333333333;48.5963333333333;12.337207974617;16.3720279559695;18268
-5.28382166666667;48.5967133333333;12.3973897065064;16.4518918116295;18273
-5.28281333333333;48.59752;12.3973897065064;16.4518918116295;18285
-5.28216666666667;48.598;12.3973897065064;16.4518918116295;18292
-5.28173;48.5984233333333;12.4575714383958;16.5317556672895;18298
-5.281;48.599;13.026932574865;16.0869219950746;18303
-5.2805;48.5993333333333;12.337207974617;16.3720279559695;18309
-5.27933333333333;48.6003333333333;12.5177520224142;16.6116179996732;18322
-5.27883333333333;48.6006666666667;12.6826266265648;16.2330218249007;18328
-5.27833;48.6011333333333;12.337207974617;16.3720279559695;18336
-5.27730666666667;48.60194;12.621060244176;16.1542204489378;18349
-5.27640333333333;48.602685;12.7441930089536;16.3118232008636;18355
-5.27583333333333;48.603115;12.9010680165217;15.9314922098679;18364
-5.275;48.6038333333333;13.0898636537033;16.1646354053897;18373
-5.27433333333333;48.6043333333333;12.337207974617;16.3720279559695;18379
-5.273535;48.60483;13.5804224006368;15.6224888864091;18391
-5.27271166666667;48.605465;12.2770262427276;16.2921641003095;18398
-5.271;48.6068333333333;12.5594938617872;16.0754190729749;18412
-5.27068833333333;48.6070433333333;12.5594938617872;16.0754190729749;18419
-5.27;48.6076666666667;12.2770262427276;16.2921641003095;18425
-5.2695;48.608;12.83813573735;15.8537773172645;18431
-5.26866666666667;48.6086666666667;12.621060244176;16.1542204489378;18438
-5.26783333333333;48.6093333333333;12.621060244176;16.1542204489378;18448
-5.26733333333333;48.6096666666667;12.337207974617;16.3720279559695;18454
-5.26633333333333;48.61051;13.1527959328749;16.242350297993;18463
-5.26596;48.6108;13.026932574865;16.0869219950746;18469
-5.26513333333333;48.6114766666667;12.5177520224142;16.6116179996732;18479
-5.26433333333333;48.612;13.1527959328749;16.242350297993;18485
-5.26366666666667;48.6126666666667;12.86732459945;16.4694244497782;18491
-5.26266666666667;48.6133333333333;12.2259327992389;16.8275528657679;18503
-5.26216666666667;48.6138333333333;13.2786604912182;16.3977800831997;18508
-5.26157333333333;48.614295;12.86732459945;16.4694244497782;18516
-5.261;48.6146666666667;12.8057582170613;16.3906230738153;18523
-5.25983333333333;48.6156666666667;13.1527959328749;16.242350297993;18531
-5.25946833333333;48.6159816666667;12.0495976719957;16.5848483846864;18539
-5.25883333333333;48.6165;12.4575714383958;16.5317556672895;18544
-5.2585;48.6168333333333;12.7441930089536;16.3118232008636;18551
-5.25666666666667;48.6181666666667;12.337207974617;16.3720279559695;18568
-5.25615833333333;48.6186116666667;12.337207974617;16.3720279559695;18574
-5.25559;48.619045;12.3973897065064;16.4518918116295;18581
-5.255;48.6195;12.621060244176;16.1542204489378;18589
-5.25395833333333;48.6203783333333;12.3973897065064;16.4518918116295;18598
-5.25333333333333;48.6208333333333;12.337207974617;16.3720279559695;18604
-5.25278;48.621335;12.6826266265648;16.2330218249007;18609
-5.25213666666667;48.6218383333333;12.2770262427276;16.2921641003095;18617
-5.251205;48.6225766666667;12.6826266265648;16.2330218249007;18628
-5.25067333333333;48.6230216666667;12.337207974617;16.3720279559695;18633
-5.25030833333333;48.62332;12.3973897065064;16.4518918116295;18638
-5.24993666666667;48.623615;12.6826266265648;16.2330218249007;18643
-5.24866666666667;48.6245;12.3973897065064;16.4518918116295;18655
-5.24783333333333;48.6253333333333;13.0898636537033;16.1646354053897;18664
-5.24648333333333;48.6263416666667;12.86732459945;16.4694244497782;18676
-5.24616666666667;48.6266666666667;13.0898636537033;16.1646354053897;18685
-5.245095;48.62745;13.0898636537033;16.1646354053897;18694
-5.24453;48.6278933333333;13.0898636537033;16.1646354053897;18700
-5.24383333333333;48.6285;13.4342607972447;16.0103285689639;18709
-5.24315333333333;48.628895;14.1855653689765;15.2121564357002;18715
-5.24236666666667;48.6294616666667;13.7116334556349;15.7734299387571;18721
-5.241755;48.6298883333333;13.9848294176471;15.5317265689903;18728
-5.24095166666667;48.6304483333333;13.9848294176471;15.5317265689903;18738
-5.23972333333333;48.6312966666667;13.7772396088007;15.8489011846782;18746
-5.23783333333333;48.6326666666667;13.4342607972447;16.0103285689639;18772
-5.23704166666667;48.6332216666667;13.8428457619664;15.9243724305993;18777
-5.236;48.634;13.4985398034173;16.0869333054985;18785
-5.235165;48.634575;13.7772396088007;15.8489011846782;18793
-5.23436166666667;48.6351483333333;13.8428457619664;15.9243724305993;18805
-5.23314333333333;48.6359883333333;14.3901656574804;15.4315633831538;18815
-5.23236;48.6365516666667;13.4342607972447;16.0103285689639;18821
-5.23164166666667;48.6370516666667;14.118656049425;15.6803561010603;18827
-5.23123;48.6373283333333;14.051742733536;15.6060413350253;18832
-5.23112833333333;48.6373983333333;14.051742733536;15.6060413350253;18838
-5.23;48.6381666666667;13.9179161017581;15.4574118029553;18844
-5.22911666666667;48.6387933333333;13.8428457619664;15.9243724305993;18852
-5.22883333333333;48.639;14.3219655613125;15.3584277340026;18861
-5.22797833333333;48.6395016666667;14.0491664774492;15.0658865323442;18868
-5.22720666666667;48.6400716666667;13.5804224006368;15.6224888864091;18876
-5.22651333333333;48.640555;13.2414250047467;15.7805158204737;18881
-5.22583333333333;48.641;13.5804224006368;15.6224888864091;18891
-5.22514333333333;48.6415366666667;13.2414250047467;15.7805158204737;18897
-5.224;48.6423333333333;14.1855653689765;15.2121564357002;18904
-5.22391833333333;48.6423666666667;14.1855653689765;15.2121564357002;18909
-5.22283333333333;48.6431666666667;13.7772396088007;15.8489011846782;18916
-5.22229166666667;48.643505;14.3901656574804;15.4315633831538;18921
-5.22149833333333;48.6440583333333;13.7116334556349;15.7734299387571;18934
-5.22005333333333;48.64506;14.4583657536484;15.504699032305;18945
-5.21924;48.6456033333333;14.051742733536;15.6060413350253;18951
-5.218625;48.646025;14.3219655613125;15.3584277340026;18959
-5.2175;48.6468333333333;13.7772396088007;15.8489011846782;18971
-5.21618;48.6476966666667;14.051742733536;15.6060413350253;18982
-5.21557333333333;48.648115;13.9848294176471;15.5317265689903;18988
-5.21483333333333;48.6486666666667;14.051742733536;15.6060413350253;18995
-5.21373666666667;48.649395;14.1855693653139;15.7546708670953;19012
-5.21293833333333;48.6499633333333;13.8428457619664;15.9243724305993;19018
-5.21128166666667;48.6510783333333;14.118656049425;15.6803561010603;19029
-5.21023166666667;48.65176;14.3901656574804;15.4315633831538;19040
-5.209625;48.652185;13.8428457619664;15.9243724305993;19045
-5.20866666666667;48.6528333333333;13.8428457619664;15.9243724305993;19054
-5.206975;48.6540283333333;14.3901656574804;15.4315633831538;19076
-5.20433333333333;48.6556666666667;14.3901656574804;15.4315633831538;19095
-5.203875;48.656105;14.051742733536;15.6060413350253;19102
-5.20336666666667;48.6564583333333;13.7772396088007;15.8489011846782;19108
-5.2025;48.657;14.2524814049375;15.828984215694;19118
-5.20140833333333;48.657785;13.7772396088007;15.8489011846782;19124
-5.20033333333333;48.6585;13.7772396088007;15.8489011846782;19138
-5.199165;48.659325;14.3901656574804;15.4315633831538;19150
-5.19833333333333;48.66;13.4985398034173;16.0869333054985;19156
-5.19746166666667;48.660545;14.051742733536;15.6060413350253;19168
-5.1965;48.6613333333333;13.8428457619664;15.9243724305993;19174
-5.195915;48.6615916666667;14.4583657536484;15.504699032305;19188
-5.19451833333333;48.6625883333333;14.118656049425;15.6803561010603;19198
-5.19348833333333;48.66328;14.3219655613125;15.3584277340026;19204
-5.19286;48.6636833333333;14.5878257796389;15.1061358071117;19209
-5.19216666666667;48.6641666666667;14.3219655613125;15.3584277340026;19222
-5.1905;48.6653333333333;14.5183596776019;15.0342015526715;19233
-5.18973333333333;48.6657383333333;14.051742733536;15.6060413350253;19241
-5.188;48.6668333333333;14.3901656574804;15.4315633831538;19256
-5.18726666666667;48.6674033333333;14.3219655613125;15.3584277340026;19264
-5.18633333333333;48.668;14.5265645490078;15.5778332865097;19271
-5.18583333333333;48.6683333333333;14.1855693653139;15.7546708670953;19277
-5.18533333333333;48.6686666666667;14.118656049425;15.6803561010603;19282
-5.18467;48.6691316666667;14.3219655613125;15.3584277340026;19288
-5.184;48.6695;14.118656049425;15.6803561010603;19295
-5.18289833333333;48.6702966666667;14.051742733536;15.6060413350253;19305
-5.18266666666667;48.6705;13.7116334556349;15.7734299387571;19313
-5.181095;48.671545;13.369981791072;15.9337238324292;19325
-5.17981833333333;48.6723383333333;14.4488935755649;14.9622672982312;19335
-5.17916666666667;48.6728333333333;13.9179161017581;15.4574118029553;19343
-5.17860333333333;48.673165;13.9179161017581;15.4574118029553;19349
-5.17735833333333;48.674;14.118656049425;15.6803561010603;19358
-5.17675333333333;48.6744066666667;13.9179161017581;15.4574118029553;19366
-5.17595333333333;48.674965;13.7772396088007;15.8489011846782;19373
-5.17553666666667;48.6752383333333;14.051742733536;15.6060413350253;19379
-5.17433666666667;48.6760783333333;13.7116334556349;15.7734299387571;19388
-5.17382;48.676425;13.7116334556349;15.7734299387571;19395
-5.173;48.677;13.9848294176471;15.5317265689903;19402
-5.17247166666667;48.677325;14.3901656574804;15.4315633831538;19408
-5.17183333333333;48.6778333333333;13.8510040621345;15.3830984543566;19414
-5.17127833333333;48.6781366666667;13.5804224006368;15.6224888864091;19421
-5.16982666666667;48.679095;14.1855653689765;15.2121564357002;19436
-5.168825;48.6797916666667;13.6460273024692;15.6979586928359;19442
-5.16819333333333;48.6801983333333;13.9848294176471;15.5317265689903;19451
-5.16683333333333;48.6811666666667;13.9179161017581;15.4574118029553;19462
-5.16675666666667;48.6811516666667;13.9179161017581;15.4574118029553;19469
-5.16566666666667;48.682;13.4342607972447;16.0103285689639;19474
-5.16497166666667;48.6824366666667;13.7772396088007;15.8489011846782;19481
-5.16433333333333;48.683;13.9848294176471;15.5317265689903;19487
-5.163965;48.6831316666667;13.6460273024692;15.6979586928359;19492
-5.16283333333333;48.6838333333333;14.118656049425;15.6803561010603;19502
-5.16212166666667;48.6844;14.051742733536;15.6060413350253;19509
-5.16153166666667;48.6848183333333;13.7116334556349;15.7734299387571;19514
-5.16083333333333;48.6853333333333;14.2537654651445;15.2852920848514;19523
-5.16031166666667;48.6856483333333;13.7116334556349;15.7734299387571;19528
-5.16;48.6858333333333;13.7772396088007;15.8489011846782;19534
-5.15908333333333;48.6864816666667;13.9848294176471;15.5317265689903;19541
-5.15833333333333;48.687;13.9848294176471;15.5317265689903;19546
-5.15767333333333;48.6874366666667;13.8510040621345;15.3830984543566;19558
-5.15677333333333;48.6880716666667;13.6460273024692;15.6979586928359;19563
-5.15647;48.688285;14.051742733536;15.6060413350253;19568
-5.15548;48.6889716666667;13.5804224006368;15.6224888864091;19575
-5.15483333333333;48.6895;13.8510040621345;15.3830984543566;19582
-5.1535;48.6903333333333;14.1173665736172;15.1390221814954;19598
-5.15233333333333;48.691;14.3794287984835;14.8903344158228;19606
-5.15187833333333;48.691425;13.3836039411397;15.3960751486457;19611
-5.15134166666667;48.6917483333333;13.4492100943054;15.4715463945668;19616
-5.151;48.692;14.4488935755649;14.9622672982312;19622
-5.15001;48.6925833333333;13.317997787974;15.3206039027246;19630
-5.14962333333333;48.6928616666667;13.7171774303566;15.2344689222866;19636
-5.14866666666667;48.6935;13.5833507985787;15.0858393902166;19642
-5.14781333333333;48.6940833333333;13.4492100943054;15.4715463945668;19651
-5.14701833333333;48.694645;13.5148162474711;15.547017640488;19660
-5.14633333333333;48.6951666666667;13.4492100943054;15.4715463945668;19666
-5.14585333333333;48.69548;13.4492100943054;15.4715463945668;19673
-5.14527166666667;48.6959133333333;13.2414250047467;15.7805158204737;19678
-5.14466833333333;48.6963333333333;13.9179161017581;15.4574118029553;19684
-5.14383333333333;48.697;13.7171774303566;15.2344689222866;19691
-5.14308;48.6974383333333;13.5804224006368;15.6224888864091;19699
-5.14236833333333;48.6979133333333;13.8510040621345;15.3830984543566;19705
-5.14167833333333;48.6984016666667;13.5804224006368;15.6224888864091;19716
-5.14033333333333;48.6993333333333;13.5804224006368;15.6224888864091;19728
-5.13983333333333;48.6996666666667;13.8510040621345;15.3830984543566;19733
-5.13925833333333;48.7000666666667;13.5804224006368;15.6224888864091;19738
-5.13824333333333;48.7007533333333;14.1173665736172;15.1390221814954;19748
-5.1375;48.7011666666667;13.9179161017581;15.4574118029553;19758
-5.13616666666667;48.7021666666667;13.6460273024692;15.6979586928359;19767
-5.13581166666667;48.702415;13.9848294176471;15.5317265689903;19772
-5.13533333333333;48.7028333333333;13.9179161017581;15.4574118029553;19780
-5.13440833333333;48.703365;13.8510040621345;15.3830984543566;19789
-5.13321;48.7042116666667;13.9179161017581;15.4574118029553;19798
-5.13203;48.7050416666667;13.2414250047467;15.7805158204737;19814
-5.13083333333333;48.706;13.5148162474711;15.547017640488;19822
-5.13016666666667;48.7063333333333;13.9179161017581;15.4574118029553;19827
-5.12966666666667;48.7066666666667;14.1173665736172;15.1390221814954;19835
-5.12883333333333;48.7071666666667;14.3099626964465;14.8184001613826;19843
-5.12721;48.7083516666667;13.5804224006368;15.6224888864091;19857
-5.1258;48.7093066666667;13.8510040621345;15.3830984543566;19873
-5.12466666666667;48.71;13.8510040621345;15.3830984543566;19886
-5.12416666666667;48.7105;13.3057040109194;15.8571205570084;19892
-5.123;48.7113333333333;13.5148162474711;15.547017640488;19900
-5.12246333333333;48.7117;13.5804224006368;15.6224888864091;19905
-5.12183333333333;48.7121666666667;13.6460273024692;15.6979586928359;19911
-5.121255;48.712555;13.9848294176471;15.5317265689903;19918
-5.12068;48.71297;13.8510040621345;15.3830984543566;19925
-5.11950666666667;48.71382;13.5804224006368;15.6224888864091;19938
-5.11889666666667;48.7142433333333;13.7116334556349;15.7734299387571;19945
-5.11816666666667;48.7146666666667;13.8510040621345;15.3830984543566;19952
-5.117;48.7155;13.8510040621345;15.3830984543566;19963
-5.11572833333333;48.7164633333333;13.8510040621345;15.3830984543566;19976
-5.11466666666667;48.7171666666667;13.6460273024692;15.6979586928359;19985
-5.114;48.7176666666667;14.1855653689765;15.2121564357002;19990
-5.11354166666667;48.7179916666667;13.5804224006368;15.6224888864091;19995
-5.11275833333333;48.7185416666667;13.7840907462455;15.3087836883216;20005
-5.11174666666667;48.7192383333333;13.8510040621345;15.3830984543566;20018
-5.11056333333333;48.72009;13.9179161017581;15.4574118029553;20025
-5.10996;48.720505;13.8510040621345;15.3830984543566;20035
-5.10866666666667;48.7215;13.5804224006368;15.6224888864091;20048
-5.10773666666667;48.7220333333333;14.5183596776019;15.0342015526715;20056
-5.10653666666667;48.7228616666667;13.9179161017581;15.4574118029553;20065
-5.10573166666667;48.7234233333333;13.9179161017581;15.4574118029553;20072
-5.105;48.724;13.9179161017581;15.4574118029553;20080
-5.10396333333333;48.7247116666667;13.4342607972447;16.0103285689639;20092
-5.10297666666667;48.72541;13.6460273024692;15.6979586928359;20101
-5.10233333333333;48.7258333333333;13.7116334556349;15.7734299387571;20108
-5.10160666666667;48.726415;13.4342607972447;16.0103285689639;20121
-5.10033333333333;48.7273333333333;13.1771459985741;15.703911083939;20129
-5.10001833333333;48.7274983333333;13.2414250047467;15.7805158204737;20139
-5.09883333333333;48.7285;13.1771459985741;15.703911083939;20145
-5.09826833333333;48.7287516666667;14.3099626964465;14.8184001613826;20153
-5.09733333333333;48.7293333333333;13.1128669924014;15.6273063474044;20158
-5.09683333333333;48.7298333333333;13.3836039411397;15.3960751486457;20167
-5.09633333333333;48.7301666666667;13.317997787974;15.3206039027246;20176
-5.0945;48.7315;13.1128669924014;15.6273063474044;20187
-5.09283333333333;48.7326666666667;13.9809663812812;14.992750883193;20206
-5.092255;48.7330466666667;13.9809663812812;14.992750883193;20212
-5.090625;48.73416;14.5183596776019;15.0342015526715;20230
-5.08983166666667;48.7347016666667;13.5148162474711;15.547017640488;20236
-5.08944;48.7349866666667;13.5804224006368;15.6224888864091;20244
-5.08831;48.7357333333333;14.1173665736172;15.1390221814954;20250
-5.08666666666667;48.7368333333333;13.5804224006368;15.6224888864091;20272
-5.0855;48.7376666666667;13.7171774303566;15.2344689222866;20278
-5.08481333333333;48.73814;14.1855653689765;15.2121564357002;20286
-5.08433333333333;48.7385;14.0491664774492;15.0658865323442;20291
-5.08322333333333;48.7392216666667;13.9809663812812;14.992750883193;20304
-5.082035;48.740055;14.1173665736172;15.1390221814954;20319
-5.08083333333333;48.7408333333333;13.8445661889453;14.8464795848906;20325
-5.07941;48.741895;13.4492100943054;15.4715463945668;20341
-5.07863;48.742435;13.9127662851132;14.9196152340418;20349
-5.07812166666667;48.7427583333333;13.8445661889453;14.8464795848906;20354
-5.07737666666667;48.743335;13.3836039411397;15.3960751486457;20360
-5.07697166666667;48.743615;13.4492100943054;15.4715463945668;20366
-5.07655166666667;48.743875;14.0491664774492;15.0658865323442;20373
-5.07515333333333;48.7448233333333;13.7840907462455;15.3087836883216;20388
-5.07390666666667;48.7457383333333;13.1128669924014;15.6273063474044;20395
-5.07284;48.746495;13.6502641144676;15.1601541562516;20409
-5.07186833333333;48.7471966666667;13.7171774303566;15.2344689222866;20418
-5.07087666666667;48.74789;13.7171774303566;15.2344689222866;20426
-5.07027166666667;48.7483;14.0491664774492;15.0658865323442;20433
-5.06949166666667;48.7488383333333;13.6502641144676;15.1601541562516;20441
-5.06894166666667;48.7492833333333;13.1771459985741;15.703911083939;20448
-5.068515;48.74955;13.7840907462455;15.3087836883216;20455
-5.06770333333333;48.7500733333333;13.9127662851132;14.9196152340418;20464
-5.06683166666667;48.750695;13.6502641144676;15.1601541562516;20469
-5.06616;48.75118;13.317997787974;15.3206039027246;20474
-5.06555833333333;48.7515866666667;13.6502641144676;15.1601541562516;20486
-5.06380166666667;48.7528583333333;14.0491664774492;15.0658865323442;20498
-5.06333333333333;48.7531666666667;13.9127662851132;14.9196152340418;20506
-5.06267166666667;48.7536766666667;13.317997787974;15.3206039027246;20511
-5.06210166666667;48.7541066666667;13.1128669924014;15.6273063474044;20518
-5.06152333333333;48.75453;13.3836039411397;15.3960751486457;20523
-5.06074166666667;48.7550666666667;13.8445661889453;14.8464795848906;20536
-5.05900666666667;48.7563316666667;13.9127662851132;14.9196152340418;20551
-5.05804;48.7570033333333;13.5833507985787;15.0858393902166;20560
-5.05733333333333;48.7575;13.3836039411397;15.3960751486457;20566
-5.05627833333333;48.7582283333333;13.5164387589551;15.0115260416179;20578
-5.05571333333333;48.7586466666667;13.5833507985787;15.0858393902166;20585
-5.0545;48.7595;13.7763673935859;14.7733453306858;20596
-5.05339;48.760285;13.5164387589551;15.0115260416179;20607
-5.05283333333333;48.7606666666667;13.7763673935859;14.7733453306858;20613
-5.05222666666667;48.7610966666667;13.5164387589551;15.0115260416179;20618
-5.0515;48.7616666666667;13.3836039411397;15.3960751486457;20626
-5.05104833333333;48.7619233333333;13.8445661889453;14.8464795848906;20631
-5.05047166666667;48.7623116666667;13.7081672974179;14.7002096815346;20638
-5.05027666666667;48.7624416666667;13.7081672974179;14.7002096815346;20643
-5.0495;48.763;13.1867867329759;15.1696628503766;20648
-5.04866666666667;48.7636666666667;13.5833507985787;15.0858393902166;20656
-5.04758166666667;48.7643733333333;13.2523928861416;15.2451340962977;20668
-5.047;48.7648333333333;13.1128669924014;15.6273063474044;20674
-5.04583333333333;48.7656666666667;13.8445661889453;14.8464795848906;20686
-5.045315;48.7660683333333;13.5833507985787;15.0858393902166;20691
-5.04475166666667;48.7664983333333;13.3836039411397;15.3960751486457;20698
-5.04234833333333;48.768235;13.5833507985787;15.0858393902166;20723
-5.04187;48.7685866666667;13.317997787974;15.3206039027246;20728
-5.04116666666667;48.769;14.2404965944094;14.7464659069423;20733
-5.04074833333333;48.7693266666667;14.1710304923724;14.6745316525021;20746
-5.03899166666667;48.7705783333333;13.6502641144676;15.1601541562516;20754
-5.03866666666667;48.7708333333333;13.7171774303566;15.2344689222866;20760
-5.03816666666667;48.7711666666667;13.4492100943054;15.4715463945668;20765
-5.03666666666667;48.7721666666667;13.8445661889453;14.8464795848906;20779
-5.03633333333333;48.7725;13.317997787974;15.3206039027246;20786
-5.03516666666667;48.7731666666667;14.3099626964465;14.8184001613826;20794
-5.03457;48.7736383333333;13.1211805798101;15.0941916044554;20801
-5.03433333333333;48.7738333333333;12.5864078209967;15.5429192291394;20807
-5.03363833333333;48.7743333333333;13.1867867329759;15.1696628503766;20815
-5.03283333333333;48.775;13.1211805798101;15.0941916044554;20824
-5.03183333333333;48.7756666666667;13.1867867329759;15.1696628503766;20829
-5.03133333333333;48.776;13.4495254430661;14.9372112755829;20836
-5.03073833333333;48.77648;13.4495254430661;14.9372112755829;20843
-5.0295;48.7773333333333;14.1015643903354;14.6025973980619;20855
-5.02833333333333;48.7781666666667;13.5833507985787;15.0858393902166;20866
-5.02787666666667;48.7784666666667;13.9127662851132;14.9196152340418;20871
-5.02728166666667;48.7788666666667;13.8445661889453;14.8464795848906;20878
-5.02666666666667;48.7793333333333;13.3836039411397;15.3960751486457;20884
-5.026;48.7798333333333;13.7840907462455;15.3087836883216;20889
-5.02566666666667;48.78;14.0491664774492;15.0658865323442;20895
-5.025;48.7805;13.9809663812812;14.992750883193;20902
-5.02451833333333;48.7808216666667;13.7840907462455;15.3087836883216;20907
-5.02316666666667;48.7816666666667;13.5833507985787;15.0858393902166;20918
-5.02266666666667;48.7821666666667;13.6502641144676;15.1601541562516;20923
-5.02183333333333;48.7826666666667;13.9127662851132;14.9196152340418;20931
-5.02135833333333;48.7829666666667;13.5833507985787;15.0858393902166;20938
-5.02066666666667;48.7835;13.0485879862287;15.5507016108697;20944
-5.02016666666667;48.7838333333333;13.9809663812812;14.992750883193;20949
-5.01972666666667;48.784145;13.8445661889453;14.8464795848906;20955
-5.01924833333333;48.78449;13.317997787974;15.3206039027246;20963
-5.01800333333333;48.7853866666667;13.5164387589551;15.0115260416179;20975
-5.01666666666667;48.7863333333333;13.2523928861416;15.2451340962977;20986
-5.016;48.7866666666667;13.5164387589551;15.0115260416179;20991
-5.01554666666667;48.7870766666667;13.8445661889453;14.8464795848906;20997
-5.01433333333333;48.788;13.8445661889453;14.8464795848906;21009
-5.01366666666667;48.7883333333333;13.2523928861416;15.2451340962977;21015
-5.012785;48.788975;14.1710304923724;14.6745316525021;21024
-5.01200333333333;48.78954;13.4492100943054;15.4715463945668;21035
-5.01092166666667;48.7902583333333;13.7763673935859;14.7733453306858;21047
-5.00995;48.7909566666667;13.317997787974;15.3206039027246;21053
-5.00965666666667;48.79117;13.6502641144676;15.1601541562516;21059
-5.00887666666667;48.7917066666667;13.2523928861416;15.2451340962977;21065
-5.00866666666667;48.7918333333333;13.5164387589551;15.0115260416179;21072
-5.00724333333333;48.792875;13.317997787974;15.3206039027246;21085
-5.00616833333333;48.793635;13.317997787974;15.3206039027246;21095
-5.00497;48.7944516666667;13.9809663812812;14.992750883193;21105
-5.00433333333333;48.795;13.2523928861416;15.2451340962977;21111
-5.00416666666667;48.795;13.317997787974;15.3206039027246;21118
-5.00316666666667;48.7958333333333;13.6502641144676;15.1601541562516;21125
-5.00279;48.7959533333333;13.9127662851132;14.9196152340418;21130
-5.00183333333333;48.7965;13.6502641144676;15.1601541562516;21139
-5.00076833333333;48.7972966666667;13.9809663812812;14.992750883193;21148
-5.000165;48.7977083333333;13.9809663812812;14.992750883193;21155
-4.99956166666667;48.7981233333333;13.5148162474711;15.547017640488;21162
-4.99897333333333;48.798545;13.5148162474711;15.547017640488;21169
-4.997755;48.7993533333333;13.8510040621345;15.3830984543566;21178
-4.997;48.7998333333333;13.9809663812812;14.992750883193;21185
-4.996;48.8005;13.9179161017581;15.4574118029553;21193
-4.99583333333333;48.8006666666667;13.8510040621345;15.3830984543566;21198
-4.99515;48.80111;13.9127662851132;14.9196152340418;21209
-4.99416333333333;48.8017933333333;13.3836039411397;15.3960751486457;21215
-4.99376166666667;48.8020716666667;13.7171774303566;15.2344689222866;21222
-4.99294;48.8025983333333;13.9809663812812;14.992750883193;21227
-4.99174166666667;48.8034033333333;14.1710304923724;14.6745316525021;21238
-4.991;48.8038333333333;14.4956890143242;14.4956890143242;21247
-4.99033333333333;48.8041666666667;14.4249780664657;14.4249780664657;21252
-4.98933333333333;48.8048333333333;14.0491664774492;15.0658865323442;21264
-4.988655;48.8053666666667;14.1710304923724;14.6745316525021;21270
-4.98799666666667;48.8057383333333;14.5663999621827;14.5663999621827;21275
-4.987;48.8063333333333;14.1710304923724;14.6745316525021;21282
-4.98625166666667;48.80687;13.7840907462455;15.3087836883216;21291
-4.98551666666667;48.8073216666667;14.2404965944094;14.7464659069423;21301
-4.98416666666667;48.8081666666667;13.6502641144676;15.1601541562516;21309
-4.98333333333333;48.8086666666667;14.3794287984835;14.8903344158228;21319
-4.98279666666667;48.8091316666667;14.2404965944094;14.7464659069423;21332
-4.98133333333333;48.8101666666667;13.7840907462455;15.3087836883216;21337
-4.98069333333333;48.8105616666667;14.2404965944094;14.7464659069423;21345
-4.98029666666667;48.8108333333333;14.2404965944094;14.7464659069423;21351
-4.97958333333333;48.8113066666667;13.9809663812812;14.992750883193;21359
-4.97816666666667;48.8121666666667;13.9127662851132;14.9196152340418;21369
-4.9775;48.8126666666667;14.0491664774492;15.0658865323442;21375
-4.97733333333333;48.8128333333333;14.3099626964465;14.8184001613826;21382
-4.97605666666667;48.8136483333333;13.9809663812812;14.992750883193;21394
-4.975145;48.81425;13.9127662851132;14.9196152340418;21401
-4.974225;48.8148333333333;14.3542671186073;14.3542671186073;21409
-4.97366666666667;48.8151666666667;13.7763673935859;14.7733453306858;21417
-4.97266666666667;48.8158333333333;14.1710304923724;14.6745316525021;21425
-4.97183333333333;48.8163333333333;14.6025973980619;14.1015643903354;21432
-4.97133333333333;48.8166666666667;14.2835575194479;14.2835575194479;21437
-4.97083333333333;48.817;14.2835575194479;14.2835575194479;21442
-4.97016666666667;48.8173333333333;14.6025973980619;14.1015643903354;21451
-4.96919333333333;48.8180066666667;14.1015643903354;14.6025973980619;21461
-4.96826;48.8185433333333;14.0714246758725;14.0714246758725;21468
-4.967445;48.819065;13.5164387589551;15.0115260416179;21476
-4.96638666666667;48.81979;13.0555744266444;15.0187203585343;21486
-4.96583333333333;48.8201666666667;13.962633511217;14.4587302612132;21492
-4.965215;48.82056;13.4353682135547;14.4076684798763;21502
-4.96416666666667;48.8211666666667;14.4587302612132;13.962633511217;21508
-4.96365833333333;48.8214983333333;14.2429274978926;13.7542352051059;21514
-4.96299166666667;48.8219683333333;13.503567008914;14.480802734081;21520
-4.9625;48.8221666666667;13.63996720125;14.6270740323834;21525
-4.96207666666667;48.8225483333333;13.8237013071429;14.3148617523328;21532
-4.95946666666667;48.8242216666667;13.8237013071429;14.3148617523328;21555
-4.95878;48.8247;13.7081672974179;14.7002096815346;21562
-4.95816666666667;48.8251666666667;13.8445661889453;14.8464795848906;21569
-4.95762;48.8254166666667;14.4249780664657;14.4249780664657;21574
-4.957225;48.82567;13.962633511217;14.4587302612132;21581
-4.95644166666667;48.8262116666667;13.5164387589551;15.0115260416179;21588
-4.95522833333333;48.8270016666667;13.8445661889453;14.8464795848906;21597
-4.95455333333333;48.8274716666667;14.032099613254;14.5306645156535;21606
-4.953635;48.8280316666667;14.1421356237309;14.142135623731;21615
-4.95272333333333;48.8286316666667;13.7763673935859;14.7733453306858;21622
-4.95216666666667;48.829;14.2835575194479;14.2835575194479;21627
-4.95172666666667;48.8292783333333;13.8931674091799;14.386796006773;21632
-4.95036833333333;48.8301083333333;14.4587302612132;13.962633511217;21647
-4.94933333333333;48.8308333333333;13.7763673935859;14.7733453306858;21656
-4.94845333333333;48.831365;14.032099613254;14.5306645156535;21666
-4.94783333333333;48.8318333333333;14.032099613254;14.5306645156535;21671
-4.94683333333333;48.8323333333333;14.032099613254;14.5306645156535;21683
-4.94587833333333;48.8329866666667;14.6745316525021;14.1710304923724;21688
-4.94546166666667;48.83323;14.5306645156535;14.032099613254;21694
-4.94516666666667;48.8335;14.2128465715894;14.2128465715894;21700
-4.94447333333333;48.83391;13.5833507985787;15.0858393902166;21708
-4.94324166666667;48.8346766666667;13.962633511217;14.4587302612132;21716
-4.9425;48.8351666666667;13.3826121271772;14.8628965095479;21721
-4.94216666666667;48.8354083333333;13.7081672974179;14.7002096815346;21726
-4.94183333333333;48.8356666666667;13.962633511217;14.4587302612132;21734
-4.940955;48.8361833333333;13.962633511217;14.4587302612132;21739
-4.94055;48.8364466666667;13.962633511217;14.4587302612132;21745
-4.9395;48.837;14.3148617523328;13.8237013071429;21752
-4.93903333333333;48.8373716666667;13.571767105082;14.5539383832322;21762
-4.93786833333333;48.83806;14.5306645156535;14.032099613254;21771
-4.937;48.8386666666667;13.2307679250507;14.1882615324226;21779
-4.936225;48.8391183333333;13.4353682135547;14.4076684798763;21786
-4.93521666666667;48.83974;13.6153043259875;14.0990603610439;21797
-4.93453833333333;48.840175;13.7885822331377;13.7885822331377;21805
-4.93367166666667;48.8407816666667;12.9899682734787;14.9432491126132;21812
-4.93276666666667;48.8413766666667;13.8237013071429;14.3148617523328;21820
-4.93238666666667;48.8416366666667;13.503567008914;14.480802734081;21829
-4.931;48.8425;14.1421356237309;14.142135623731;21839
-4.930395;48.84295;13.8931674091799;14.386796006773;21844
-4.92983333333333;48.8433333333333;13.63996720125;14.6270740323834;21851
-4.92916666666667;48.8438333333333;13.962633511217;14.4587302612132;21857
-4.92856166666667;48.84414;14.2835575194479;14.2835575194479;21863
-4.928;48.8445;14.3542671186073;14.3542671186073;21869
-4.92682333333333;48.8452666666667;13.6502641144676;15.1601541562516;21882
-4.9255;48.8461666666667;13.8445661889453;14.8464795848906;21891
-4.924335;48.8469666666667;13.9809663812812;14.992750883193;21906
-4.92316666666667;48.8478333333333;13.9127662851132;14.9196152340418;21916
-4.921435;48.8489316666667;13.9809663812812;14.992750883193;21935
-4.92103666666667;48.8492133333333;14.0491664774492;15.0658865323442;21942
-4.92011166666667;48.8498183333333;14.0491664774492;15.0658865323442;21947
-4.919;48.8506666666667;14.3099626964465;14.8184001613826;21959
-4.91831;48.85106;13.8510040621345;15.3830984543566;21969
-4.91727;48.8517133333333;14.5663999621827;14.5663999621827;21978
-4.91608;48.8525316666667;14.0491664774492;15.0658865323442;21989
-4.915365;48.852995;14.4956890143242;14.4956890143242;21995
-4.91476;48.8533933333333;14.2404965944094;14.7464659069423;22000
-4.91355666666667;48.8542033333333;13.9127662851132;14.9196152340418;22011
-4.91283333333333;48.8546666666667;14.5663999621827;14.5663999621827;22019
-4.91252;48.8548666666667;14.4249780664657;14.4249780664657;22028
-4.911;48.8558333333333;14.1710304923724;14.6745316525021;22036
-4.91042833333333;48.856275;14.1710304923724;14.6745316525021;22042
-4.90993;48.85661;14.1710304923724;14.6745316525021;22047
-4.90932166666667;48.8570166666667;13.9809663812812;14.992750883193;22052
-4.908705;48.857415;14.4956890143242;14.4956890143242;22059
-4.90829833333333;48.8576716666667;14.3542671186073;14.3542671186073;22069
-4.90683333333333;48.8586666666667;14.1710304923724;14.6745316525021;22079
-4.90628166666667;48.8590133333333;14.1710304923724;14.6745316525021;22085
-4.90521333333333;48.8596666666667;15.1390221814954;14.1173665736172;22093
-4.90480666666667;48.8599083333333;14.6025973980619;14.1015643903354;22098
-4.90425;48.8603133333333;13.1867867329759;15.1696628503766;22103
-4.904;48.8605;13.2523928861416;15.2451340962977;22111
-4.90319833333333;48.86096;14.6745316525021;14.1710304923724;22120
-4.901805;48.861885;13.8445661889453;14.8464795848906;22128
-4.9015;48.8621666666667;14.1015643903354;14.6025973980619;22133
-4.90091;48.8624716666667;13.7081672974179;14.7002096815346;22141
-4.90023333333333;48.8629433333333;13.7081672974179;14.7002096815346;22146
-4.89916666666667;48.8636666666667;14.032099613254;14.5306645156535;22155
-4.89874833333333;48.86395;13.7763673935859;14.7733453306858;22163
-4.89783833333333;48.8645316666667;14.2128465715894;14.2128465715894;22171
-4.89692833333333;48.8651283333333;14.032099613254;14.5306645156535;22177
-4.895;48.8665;14.032099613254;14.5306645156535;22200
-4.89424833333333;48.866955;14.1710304923724;14.6745316525021;22205
-4.8935;48.8673333333333;14.3542671186073;14.3542671186073;22215
-4.89256;48.8680716666667;14.032099613254;14.5306645156535;22227
-4.891225;48.8689266666667;14.1015643903354;14.6025973980619;22234
-4.89072;48.86926;14.4249780664657;14.4249780664657;22241
-4.89023;48.8695883333333;14.032099613254;14.5306645156535;22246
-4.88924;48.87027;14.1710304923724;14.6745316525021;22252
-4.88882666666667;48.8705333333333;14.1710304923724;14.6745316525021;22259
-4.88822666666667;48.87093;14.1015643903354;14.6025973980619;22265
-4.88643166666667;48.8721333333333;14.1015643903354;14.6025973980619;22281
-4.886235;48.872265;14.032099613254;14.5306645156535;22288
-4.88525;48.87297;13.7171774303566;15.2344689222866;22296
-4.88421333333333;48.8736266666667;14.4249780664657;14.4249780664657;22304
-4.8825;48.8748333333333;13.9809663812812;14.992750883193;22319
-4.88218833333333;48.8749866666667;13.7840907462455;15.3087836883216;22325
-4.88177;48.8752566666667;14.3794287984835;14.8903344158228;22331
-4.88069;48.8759916666667;13.6502641144676;15.1601541562516;22337
-4.88059666666667;48.8760666666667;13.4492100943054;15.4715463945668;22346
-4.87937333333333;48.87688;14.2404965944094;14.7464659069423;22353
-4.878895;48.8772133333333;13.9127662851132;14.9196152340418;22359
-4.87756166666667;48.878065;14.3542671186073;14.3542671186073;22369
-4.87674333333333;48.8785983333333;14.2404965944094;14.7464659069423;22377
-4.876025;48.8790483333333;14.4249780664657;14.4249780664657;22385
-4.87501;48.8797216666667;14.1710304923724;14.6745316525021;22393
-4.87483333333333;48.8798333333333;14.2404965944094;14.7464659069423;22399
-4.873675;48.8805866666667;14.2404965944094;14.7464659069423;22408
-4.873;48.881;14.0491664774492;15.0658865323442;22413
-4.87184;48.8817916666667;14.4249780664657;14.4249780664657;22429
-4.87058833333333;48.8825866666667;14.8184001613826;14.3099626964465;22437
-4.869895;48.88305;13.8445661889453;14.8464795848906;22444
-4.86937333333333;48.883395;14.0491664774492;15.0658865323442;22449
-4.86866666666667;48.8838333333333;14.2404965944094;14.7464659069423;22455
-4.86805666666667;48.884255;14.1710304923724;14.6745316525021;22464
-4.8665;48.8853333333333;14.1015643903354;14.6025973980619;22477
-4.86570833333333;48.8857516666667;14.6745316525021;14.1710304923724;22485
-4.86511;48.886145;14.3542671186073;14.3542671186073;22498
-4.86329666666667;48.8873283333333;14.3542671186073;14.3542671186073;22509
-4.86199166666667;48.8881933333333;13.8445661889453;14.8464795848906;22521
-4.86148833333333;48.8885166666667;14.1015643903354;14.6025973980619;22528
-4.86083333333333;48.889;13.7763673935859;14.7733453306858;22537
-4.85998666666667;48.8895216666667;14.1015643903354;14.6025973980619;22548
-4.85908833333333;48.8901283333333;13.8445661889453;14.8464795848906;22555
-4.85804666666667;48.890775;14.3542671186073;14.3542671186073;22563
-4.85682666666667;48.8915833333333;14.2404965944094;14.7464659069423;22574
-4.85616666666667;48.892;14.4249780664657;14.4249780664657;22579
-4.8555;48.8925;13.9127662851132;14.9196152340418;22588
-4.85466666666667;48.893;14.2404965944094;14.7464659069423;22593
-4.85386166666667;48.893485;14.3542671186073;14.3542671186073;22601
-4.85357166666667;48.893695;13.8445661889453;14.8464795848906;22608
-4.85273833333333;48.8942333333333;14.3099626964465;14.8184001613826;22620
-4.85149666666667;48.8949866666667;14.1015643903354;14.6025973980619;22628
-4.85066833333333;48.8955283333333;13.9809663812812;14.992750883193;22634
-4.84976833333333;48.8961283333333;13.9127662851132;14.9196152340418;22641
-4.84924166666667;48.8964583333333;14.2404965944094;14.7464659069423;22650
-4.84843333333333;48.89699;13.9127662851132;14.9196152340418;22655
-4.848;48.8973333333333;13.7171774303566;15.2344689222866;22663
-4.84742166666667;48.8976816666667;14.3099626964465;14.8184001613826;22669
-4.84661833333333;48.8982066666667;13.9127662851132;14.9196152340418;22676
-4.84500333333333;48.899295;13.9127662851132;14.9196152340418;22690
-4.84466666666667;48.8995;13.9809663812812;14.992750883193;22695
-4.84374833333333;48.900075;14.4249780664657;14.4249780664657;22702
-4.84312833333333;48.9004566666667;14.1710304923724;14.6745316525021;22707
-4.8425;48.901;14.1710304923724;14.6745316525021;22713
-4.84131;48.9016666666667;14.2404965944094;14.7464659069423;22726
-4.84079333333333;48.9019866666667;14.4249780664657;14.4249780664657;22731
-4.84033333333333;48.9023333333333;14.1015643903354;14.6025973980619;22739
-4.83906166666667;48.9031066666667;14.4249780664657;14.4249780664657;22751
-4.837665;48.9040366666667;13.8445661889453;14.8464795848906;22761
-4.83704833333333;48.9044333333333;14.4249780664657;14.4249780664657;22769
-4.83623166666667;48.9049583333333;14.1710304923724;14.6745316525021;22781
-4.835205;48.905605;14.3542671186073;14.3542671186073;22787
-4.83461666666667;48.9060083333333;13.8445661889453;14.8464795848906;22792
-4.83398833333333;48.9064083333333;13.9127662851132;14.9196152340418;22797
-4.83229333333333;48.90756;13.9127662851132;14.9196152340418;22817
-4.83177666666667;48.9078916666667;14.2404965944094;14.7464659069423;22827
-4.83033333333333;48.9088333333333;14.2404965944094;14.7464659069423;22833
-4.82986333333333;48.909155;14.1015643903354;14.6025973980619;22838
-4.829375;48.90949;13.2523928861416;15.2451340962977;22843
-4.828765;48.9098916666667;13.9809663812812;14.992750883193;22848
-4.82777666666667;48.910555;13.5833507985787;15.0858393902166;22861
-4.82666666666667;48.9113333333333;13.8445661889453;14.8464795848906;22869
-4.826;48.9116666666667;13.6502641144676;15.1601541562516;22876
-4.8255;48.9121666666667;13.9809663812812;14.992750883193;22881
-4.82416666666667;48.9131666666667;13.7171774303566;15.2344689222866;22899
-4.82352666666667;48.913505;13.6502641144676;15.1601541562516;22908
-4.822015;48.9145416666667;13.7840907462455;15.3087836883216;22917
-4.81833333333333;48.9171666666667;14.0491664774492;15.0658865323442;22953
-4.81783333333333;48.9175;13.9127662851132;14.9196152340418;22962
-4.81664;48.9182383333333;14.2404965944094;14.7464659069423;22971
-4.81584333333333;48.9187783333333;13.9127662851132;14.9196152340418;22979
-4.81511833333333;48.91926;14.0491664774492;15.0658865323442;22989
-4.81384;48.9201416666667;13.3836039411397;15.3960751486457;22998
-4.81333333333333;48.9205;13.9809663812812;14.992750883193;23003
-4.81301333333333;48.9206633333333;14.2404965944094;14.7464659069423;23011
-4.81206;48.92135;13.0485879862287;15.5507016108697;23020
-4.81121;48.9218583333333;14.4249780664657;14.4249780664657;23027
-4.810825;48.9221083333333;13.8931674091799;14.386796006773;23034
-4.81005833333333;48.92266;13.1867867329759;15.1696628503766;23039
-4.809085;48.92334;13.4495254430661;14.9372112755829;23049
-4.80848333333333;48.92373;13.962633511217;14.4587302612132;23059
-4.80715166666667;48.9246866666667;13.4495254430661;14.9372112755829;23066
-4.806;48.9253333333333;13.63996720125;14.6270740323834;23079
-4.80516666666667;48.9261666666667;13.5164387589551;15.0115260416179;23087
-4.80433333333333;48.9266666666667;13.7081672974179;14.7002096815346;23097
-4.80394;48.9269166666667;13.4495254430661;14.9372112755829;23103
-4.80313333333333;48.9274516666667;14.032099613254;14.5306645156535;23111
-4.80246833333333;48.9279333333333;13.5164387589551;15.0115260416179;23118
-4.80128166666667;48.928745;13.7763673935859;14.7733453306858;23133
-4.80028333333333;48.929435;14.1710304923724;14.6745316525021;23140
-4.79933333333333;48.93;13.7763673935859;14.7733453306858;23149
-4.798735;48.93052;13.5833507985787;15.0858393902166;23159
-4.797715;48.9311716666667;14.032099613254;14.5306645156535;23171
-4.79624333333333;48.9321916666667;13.8445661889453;14.8464795848906;23179
-4.7955;48.9326666666667;13.7763673935859;14.7733453306858;23186
-4.795;48.9330783333333;13.2523928861416;15.2451340962977;23191
-4.79466666666667;48.9333333333333;13.2523928861416;15.2451340962977;23201
-4.79336166666667;48.93424;13.5164387589551;15.0115260416179;23207
-4.79308;48.9344533333333;13.5164387589551;15.0115260416179;23213
-4.79248166666667;48.9348533333333;13.8445661889453;14.8464795848906;23218
-4.7919;48.9352466666667;13.7081672974179;14.7002096815346;23223
-4.79116666666667;48.9356666666667;13.4495254430661;14.9372112755829;23230
-4.79074666666667;48.9360716666667;13.5164387589551;15.0115260416179;23238
-4.78956666666667;48.9368966666667;13.8445661889453;14.8464795848906;23246
-4.78899833333333;48.9372916666667;13.7081672974179;14.7002096815346;23253
-4.788075;48.93799;13.1867867329759;15.1696628503766;23263
-4.78783333333333;48.9381666666667;13.7763673935859;14.7733453306858;23269
-4.787;48.9386666666667;13.7763673935859;14.7733453306858;23276
-4.786225;48.9392666666667;13.7081672974179;14.7002096815346;23281
-4.78612666666667;48.9393333333333;13.63996720125;14.6270740323834;23286
-4.78489666666667;48.9402383333333;13.5164387589551;15.0115260416179;23295
-4.78439666666667;48.9405683333333;14.032099613254;14.5306645156535;23303
-4.78351333333333;48.9411566666667;13.63996720125;14.6270740323834;23309
-4.78321666666667;48.9413583333333;13.7081672974179;14.7002096815346;23315
-4.782;48.9423333333333;13.6502641144676;15.1601541562516;23329
-4.78089833333333;48.9430116666667;13.1867867329759;15.1696628503766;23337
-4.78041666666667;48.94336;13.5164387589551;15.0115260416179;23343
-4.77902666666667;48.94431;14.1015643903354;14.6025973980619;23358
-4.77804833333333;48.945;13.6502641144676;15.1601541562516;23367
-4.776;48.9463333333333;13.6502641144676;15.1601541562516;23389
-4.77549;48.946755;13.8445661889453;14.8464795848906;23397
-4.774415;48.9475166666667;13.9127662851132;14.9196152340418;23405
-4.77330333333333;48.9482433333333;14.3542671186073;14.3542671186073;23415
-4.77225333333333;48.94902;13.3836039411397;15.3960751486457;23426
-4.77105833333333;48.9498166666667;13.5164387589551;15.0115260416179;23443
-4.77016666666667;48.9505;14.2404965944094;14.7464659069423;23449
-4.76910166666667;48.9511616666667;12.9200311999035;15.3974935989142;23463
-4.76793166666667;48.9519733333333;13.7081672974179;14.7002096815346;23470
-4.76766666666667;48.9521666666667;13.7081672974179;14.7002096815346;23475
-4.76617;48.953215;13.8445661889453;14.8464795848906;23488
-4.76200833333333;48.9560983333333;14.5663999621827;14.5663999621827;23530
-4.76084;48.9569233333333;13.9809663812812;14.992750883193;23546
-4.75833333333333;48.9586666666667;14.0491664774492;15.0658865323442;23565
-4.75726666666667;48.9594083333333;13.9809663812812;14.992750883193;23581
-4.75609833333333;48.9602533333333;13.7171774303566;15.2344689222866;23591
-4.75501333333333;48.9610266666667;14.0491664774492;15.0658865323442;23599
-4.752545;48.9627566666667;13.9809663812812;14.992750883193;23625
-4.749785;48.9646866666667;14.4956890143242;14.4956890143242;23653
-4.74816666666667;48.9658333333333;13.6502641144676;15.1601541562516;23669
-4.74621666666667;48.9671366666667;13.5833507985787;15.0858393902166;23689
-4.74564666666667;48.96758;13.4492100943054;15.4715463945668;23696
-4.74183333333333;48.9703333333333;13.9809663812812;14.992750883193;23735
-4.73839;48.9726666666667;14.4956890143242;14.4956890143242;23769
-4.73783333333333;48.973;14.1015643903354;14.6025973980619;23775
-4.73723833333333;48.9734833333333;13.8445661889453;14.8464795848906;23785
-4.735135;48.9749033333333;14.1015643903354;14.6025973980619;23803
-4.73307166666667;48.9763966666667;14.3794287984835;14.8903344158228;23825
-4.73228833333333;48.97693;13.9127662851132;14.9196152340418;23831
-4.73131666666667;48.9776266666667;13.9127662851132;14.9196152340418;23841
-4.72983333333333;48.9786666666667;14.5663999621827;14.5663999621827;23855
-4.72966666666667;48.9788333333333;14.4956890143242;14.4956890143242;23860
-4.727745;48.98012;14.1173665736172;15.1390221814954;23879
-4.726975;48.98066;13.9127662851132;14.9196152340418;23885
-4.72543833333333;48.9818;13.7840907462455;15.3087836883216;23905
-4.72483333333333;48.9823333333333;13.7171774303566;15.2344689222866;23911
-4.71921666666667;48.98624;13.6502641144676;15.1601541562516;23965
-4.71862666666667;48.9866533333333;13.7171774303566;15.2344689222866;23977
-4.71678;48.987975;13.7171774303566;15.2344689222866;23989
-4.71491333333333;48.9892733333333;14.1710304923724;14.6745316525021;24008
-4.71383333333333;48.99;13.7171774303566;15.2344689222866;24019
-4.713535;48.990245;14.2404965944094;14.7464659069423;24025
-4.71040833333333;48.992435;14.1710304923724;14.6745316525021;24055
-4.70944666666667;48.993125;13.9127662851132;14.9196152340418;24066
-4.70833333333333;48.9938333333333;13.9127662851132;14.9196152340418;24078
-4.70716666666667;48.9946666666667;13.5833507985787;15.0858393902166;24088
-4.70666333333333;48.9951316666667;14.1015643903354;14.6025973980619;24095
-4.70589833333333;48.995675;13.7763673935859;14.7733453306858;24102
-4.70433333333333;48.9968333333333;14.032099613254;14.5306645156535;24119
-4.70309833333333;48.9976816666667;13.6502641144676;15.1601541562516;24131
-4.700405;48.99962;13.9127662851132;14.9196152340418;24158
-4.69583333333333;49.0028333333333;14.3542671186073;14.3542671186073;24207
-4.69477;49.00357;13.1867867329759;15.1696628503766;24217
-4.69231166666667;49.0053633333333;13.1867867329759;15.1696628503766;24248
-4.69133333333333;49.0061666666667;13.7081672974179;14.7002096815346;24253
-4.68935833333333;49.0074983333333;13.7763673935859;14.7733453306858;24273
-4.68870666666667;49.0079883333333;13.4495254430661;14.9372112755829;24281
-4.68674;49.0093583333333;14.2835575194479;14.2835575194479;24300
-4.68028166666667;49.014035;13.962633511217;14.4587302612132;24371
-4.67324666666667;49.0190916666667;13.8931674091799;14.386796006773;24442
-4.66233333333333;49.027;13.6502641144676;15.1601541562516;24555
-4.65483333333333;49.0325;13.4492100943054;15.4715463945668;24633
-4.629625;49.051365;13.3836039411397;15.3960751486457;24901
-4.4445;49.1846666666667;14.6371109100412;14.6371109100412;26819
-4.44185;49.1865633333333;15.4715463945668;13.4492100943054;26845
-4.434005;49.19196;14.5306645156535;14.032099613254;26925
