"x";"y";"vx";"vy";"t"
-4.95501833333333;49.2256333333333;-13.7617537190916;-9.63608369309349;0
-4.974415;49.2174983333333;-14.0075002698235;-9.80815728040494;158
-5.11536833333333;49.1584083333333;-14.0936387334357;-9.5062793590027;1556
-5.12752833333333;49.1533;-14.0936387334357;-9.5062793590027;1703
-5.140185;49.1479933333333;-14.0107346599275;-9.45035985534046;1806
-5.15457166666667;49.141935;-13.9278305864192;-9.39444035167823;1954
-5.18166;49.130565;-13.7620240206664;-9.28260241092957;2256
-5.20640666666667;49.121695;-14.2289775186384;-8.54963223997834;2483
-5.24962833333333;49.1064833333333;-14.0813776185852;-7.80543507090622;2904
-5.26172833333333;49.1021733333333;-14.0296122020328;-8.10000038146973;3026
-5.279095;49.0960383333333;-14.1162134209614;-8.14999961853028;3196
-5.29238666666667;49.0913366666667;-14.2028162917023;-8.19999980926514;3324
-5.30631;49.0864233333333;-14.0296122020328;-8.10000038146973;3450
-5.32148;49.0811283333333;-14.1162134209614;-8.14999961853028;3616
-5.33495833333333;49.0764533333333;-14.2894191624432;-8.25000000000001;3753
-5.34854166666667;49.0716933333333;-14.1162134209614;-8.14999961853028;3876
-5.360775;49.06748;-13.9939153142303;-7.75695392394139;3992
-5.380335;49.0607383333333;-14.1432604615849;-8.4981282360159;4201
-5.39554;49.0554183333333;-14.2028162917023;-8.19999980926514;4343
-5.41034;49.0503283333333;-13.886110925341;-8.34361720648575;4487
-5.42435333333333;49.0455466666667;-14.2894191624432;-8.25000000000001;4642
-5.43915333333333;49.040515;-14.2894191624432;-8.25000000000001;4756
-5.453445;49.035685;-14.2028162917023;-8.19999980926514;4913
-5.46457666666667;49.0319333333333;-14.1162134209614;-8.14999961853028;5001
-5.47746;49.02765;-14.3760220331842;-8.30000019073487;5122
-5.48975;49.0235066666667;-14.2563005590903;-7.9023964401349;5250
-5.503835;49.018695;-14.1162134209614;-8.14999961853028;5382
-5.52176333333333;49.0125466666667;-14.314694575692;-8.60113624394078;5553
-5.53477666666667;49.0081033333333;-14.1162134209614;-8.14999961853028;5727
-5.560375;48.9995416666667;-13.992793586581;-8.74366785984788;5957
-5.57207333333333;48.9949283333333;-13.4187290871268;-8.71422456024043;6106
-5.588955;48.9882233333333;-13.2646011608807;-8.94708645553196;6226
-5.600665;48.9836633333333;-13.2702637424451;-9.29193870649104;6356
-5.62346166666667;48.9745016666667;-13.2646011608807;-8.94708645553196;6611
-5.63967;48.9681766666667;-13.3475052343889;-9.00300595919419;6748
-5.65825666666667;48.9607816666667;-13.098793804496;-8.83524798149539;6968
-5.66967833333333;48.95631;-13.1816970873724;-8.89116695186972;7057
-5.68255;48.951355;-13.1064327086239;-9.17722298161674;7220
-5.69348333333333;48.9461466666667;-11.6285235767555;-10.843773664832;7313
-5.70654333333333;48.9373433333333;-10.3001266300176;-11.8489402655481;7536
-5.71938;48.927995;-10.0061939776257;-12.3566204907082;7656
-5.72862166666667;48.9211766666667;-10.4384377144513;-11.5930595609346;7779
-5.73791833333333;48.9145;-10.0917653494767;-12.0268976108566;7906
-5.74906166666667;48.9063283333333;-10.3657327831833;-11.9244115114692;8075
-5.75928666666667;48.899105;-10.1320585359691;-12.5120502759149;8216
-5.76886666666667;48.89185;-9.22822834888069;-12.7015666573789;8316
-5.77730833333333;48.8832333333333;-7.55000019073487;-13.0769839275075;8492
-5.784705;48.8747766666667;-7.03685274596297;-13.8106011249197;8598
-5.79381;48.8639366666667;-7.18291500016872;-13.5090983391505;8776
-5.80246;48.853605;-6.99145352280538;-13.7215001326089;8955
-5.81038166666667;48.84402;-7.08902077715614;-13.3325089889876;9106
-5.816675;48.8363766666667;-7.41758728223905;-13.3816816860532;9222
-5.82227333333333;48.829185;-6.76039032502764;-12.7144450003508;9346
-5.82842;48.8216166666667;-7.04207344178836;-13.2442138928839;9471
-5.83485666666667;48.8139633333333;-6.94817921877578;-13.067624542721;9603
-5.84490333333333;48.8016683333333;-6.53746302306583;-12.8304936084205;9796
-5.851145;48.7941683333333;-6.901231883408;-12.9793294466173;9929
-5.85833333333333;48.7852266666667;-6.08570280785;-13.0508317875988;10073
-5.86222333333333;48.7778016666667;-4.20263124137992;-12.9343689844134;10223
-5.865975;48.7694516666667;-4.29533610393115;-13.2196852137034;10328
-5.869285;48.7621766666667;-3.96917781861748;-13.8421680548196;10452
-5.87325333333333;48.7534966666667;-4.12244114812154;-13.4838974238801;10590
-5.87710833333333;48.74428;-4.03472958093924;-13.1970058146905;10740
-5.88061666666667;48.7365316666667;-4.32623792124927;-13.3147912281321;10878
-5.88405;48.72868;-4.59051110204031;-13.3318122766371;10995
-5.88796;48.7204016666667;-4.21015243647645;-13.7707881210664;11146
-5.89316833333333;48.7089966666667;-4.15167815129738;-13.5795273522744;11305
-5.89663833333333;48.70109;-4.38804126118394;-13.5050023499915;11425
-5.90063833333333;48.69315;-4.72073823962877;-13.7100193461901;11556
-5.90445166666667;48.6856783333333;-4.9592920782222;-13.6255430013957;11713
-5.90922666666667;48.6760833333333;-4.89088811479223;-13.4376046564706;11852
-5.91549;48.6644916666667;-4.81840874806312;-13.9936750992132;12043
-5.919435;48.6567783333333;-5.06189818645506;-13.9074509668636;12126
-5.92231;48.6513533333333;-4.85096537721724;-14.0882264157431;12255
-5.92557166666667;48.64208;-2.33087346942443;-14.7165558980944;12374
-5.92584666666667;48.633395;-0.263531343860541;-15.0977005782731;12480
-5.925465;48.625015;1.88595602397036e-15;-15.3999996185303;12587
-5.92478666666667;48.6150566666667;1.91044905338644e-15;-15.6000003814697;12753
-5.92426666666667;48.6061383333333;1.92269545130306e-15;-15.6999998092651;12861
-5.92358166666667;48.5969316666667;1.92269545130306e-15;-15.6999998092651;12990
-5.92283166666667;48.5862533333333;1.91044905338644e-15;-15.6000003814697;13130
-5.92200666666667;48.5753366666667;1.91044905338644e-15;-15.6000003814697;13340
-5.92151666666667;48.5660266666667;1.94718836392772e-15;-15.8999996185303;13403
-5.92087333333333;48.5562833333333;1.97168139334381e-15;-16.1000003814697;13561
-5.92021333333333;48.5469333333333;-0.279238502996531;-15.9975631225023;13672
-5.91972166666667;48.5376333333333;1.97168139334381e-15;-16.1000003814697;13787
-5.91905333333333;48.5281866666667;1.99617418917705e-15;-16.2999992370605;13928
-5.91756666666667;48.5189366666667;2.22676961536105;-15.8442890998651;14062
-5.91454333333333;48.509895;2.7957357266791;-15.8554051991709;14207
-5.91101166666667;48.4998466666667;2.83046516348792;-16.0523656227503;14334
-5.90807166666667;48.4906916666667;2.83046516348792;-16.0523656227503;14479
-5.90495;48.481445;2.81310061068732;-15.9538863501465;14566
-5.90151166666667;48.4709;2.54988166080574;-16.0993191981543;14706
-5.898175;48.4596916666667;2.84783004749613;-16.1508467737259;14886
-5.895095;48.45043;2.83046516348792;-16.0523656227503;15001
-5.89227833333333;48.441545;3.38896040170545;-15.9438051456936;15133
-5.88851666666667;48.4300483333333;2.86519493150435;-16.2493279247014;15272
-5.885585;48.4211316666667;2.58116867316381;-16.2968576198198;15373
-5.88222333333333;48.4098833333333;3.11018647906197;-16.0005223412748;15547
-5.87899333333333;48.4000916666667;3.09110587067574;-15.9023611207743;15676
-5.87562666666667;48.3893583333333;2.86519493150435;-16.2493279247014;15812
-5.87252166666667;48.379345;2.9346541363296;-16.643250650232;15949
-5.869125;48.3686016666667;2.88255981551257;-16.347809075677;16098
-5.86620166666667;48.35856;2.89992469952078;-16.4462902266526;16227
-5.86277333333333;48.34757;2.91728925232138;-16.5447694992564;16386
-5.86002;48.33845;3.18651036836401;-16.3931747124981;16516
-5.85708333333333;48.3286133333333;2.88255981551257;-16.347809075677;16636
-5.853015;48.315455;2.86519493150435;-16.2493279247014;16791
-5.849575;48.30406;3.1674293960385;-16.2950116196923;16932
-5.84672333333333;48.2945616666667;2.62809889332586;-16.5931633684519;17076
-5.84386833333333;48.2851166666667;2.89992469952078;-16.4462902266526;17202
-5.84098666666667;48.2761066666667;2.88255981551257;-16.347809075677;17314
-5.838325;48.2664333333333;2.61245568552188;-16.4943960414852;17443
-5.8356;48.2565333333333;2.88255981551257;-16.347809075677;17579
-5.83270333333333;48.2457766666667;3.1674293960385;-16.2950116196923;17720
-5.83012666666667;48.2358666666667;3.14834842371299;-16.1968485268865;17832
-5.8273;48.22646;3.68919720542737;-15.9796686907852;17991
-5.823805;48.2170866666667;4.29639624743348;-16.03436908487;18086
-5.82035833333333;48.2081933333333;4.32227825067536;-16.1309620359704;18214
-5.81675333333333;48.1985616666667;4.34815976025909;-16.2275531447134;18338
-5.81333;48.18963;4.34815976025909;-16.2275531447134;18452
-5.80987833333333;48.1805666666667;4.68583504888899;-16.3414488309514;18573
-5.80582833333333;48.1706433333333;4.37404176350097;-16.3241460958138;18713
-5.80204833333333;48.1611616666667;4.2705142441916;-15.9377761337696;18834
-5.798215;48.1512683333333;4.34815976025909;-16.2275531447134;18989
-5.794365;48.1416366666667;4.45168777322662;-16.6139249491149;19109
-5.790565;48.1324183333333;4.47756928281035;-16.710516057858;19210
-5.786055;48.1212983333333;4.76852604533948;-16.6298266063484;19370
-5.784595;48.1180933333333;5.05803026864144;-16.5440715485579;19393
-5.78024833333333;48.1085166666667;5.05803026864144;-16.5440715485579;19524
-5.776015;48.0993366666667;4.68583504888899;-16.3414488309514;19649
-5.771275;48.0899866666667;6.12809207393116;-15.9642256492348;19775
-5.76589166666667;48.0807516666667;6.16392900559221;-16.0575840480172;19897
-5.76049;48.0714166666667;6.5181545825358;-16.1329987157695;20019
-5.75485;48.06218;6.64242918431766;-15.6485825086915;20148
-5.749115;48.052405;6.44323369255584;-15.9475630059339;20281
-5.74362166666667;48.043075;6.5181545825358;-16.1329987157695;20413
-5.73845;48.03431;6.40577289031317;-15.8548442667846;20531
-5.73306166666667;48.02544;6.40577289031317;-15.8548442667846;20652
-5.727585;48.0161916666667;6.91452293228861;-15.5302727799242;20769
-5.721545;48.0061166666667;6.64242918431766;-15.6485825086915;20913
-5.71616333333333;47.9969533333333;6.36831208807051;-15.7621255276354;21028
-5.71070666666667;47.9881066666667;6.64242918431766;-15.6485825086915;21157
-5.705125;47.9788866666667;6.44323369255584;-15.9475630059339;21274
-5.70001166666667;47.9700483333333;6.12809207393116;-15.9642256492348;21401
-5.69487;47.961255;6.64242918431766;-15.6485825086915;21527
-5.689285;47.9520016666667;6.40577289031317;-15.8548442667846;21647
-5.68392666666667;47.942865;6.25593039584788;-15.4839710786505;21780
-5.67835833333333;47.9333383333333;6.33085128582784;-15.6694067884861;21906
-5.67241;47.9232016666667;6.33085128582784;-15.6694067884861;22043
-5.66729166666667;47.914485;6.29339048358518;-15.5766880493369;22161
-5.66184666666667;47.9053066666667;6.33085128582784;-15.6694067884861;22298
-5.656275;47.8961633333333;6.33085128582784;-15.6694067884861;22421
-5.65032833333333;47.8860466666667;6.40577289031317;-15.8548442667846;22548
-5.64476166666667;47.8768;6.0922551422701;-15.8708672504524;22692
-5.63968333333333;47.8679316666667;6.40577289031317;-15.8548442667846;22793
-5.63431833333333;47.8587066666667;6.68150244621869;-15.7406333451815;22933
-5.63082666666667;47.8528683333333;6.5181545825358;-16.1329987157695;23005
-5.625185;47.84361;6.72057570811971;-15.8326841816714;23129
-5.61968166666667;47.8343383333333;6.36831208807051;-15.7621255276354;23258
-5.61421833333333;47.8250983333333;6.0922551422701;-15.8708672504524;23385
-5.60888;47.81593;6.29339048358518;-15.5766880493369;23504
-5.603415;47.8064416666667;5.98474503081956;-15.5907938347686;23637
-5.59826666666667;47.7977833333333;6.29339048358518;-15.5766880493369;23767
-5.59283333333333;47.7887483333333;5.98474503081956;-15.5907938347686;23886
-5.58741333333333;47.7793966666667;5.91307116749745;-15.4040770372038;24016
-5.58179333333333;47.7700183333333;6.25593039584788;-15.4839710786505;24151
-5.57620833333333;47.7605216666667;6.751828430216;-15.1648549453571;24277
-5.57094166666667;47.7516733333333;6.21846959360522;-15.3912523395012;24409
-5.56568833333333;47.742725;6.44706362007302;-15.1883300819653;24547
-5.55859666666667;47.730645;6.25593039584788;-15.4839710786505;24705
-5.55309333333333;47.7211916666667;6.56428266051561;-15.4644808357115;24850
-5.547625;47.7119583333333;6.56428266051561;-15.4644808357115;24957
-5.54231;47.7029583333333;6.52521014387507;-15.3724317549452;25101
-5.53602;47.6922416666667;6.7925022496813;-15.2562098396113;25232
-5.53084;47.6835983333333;6.83317529335801;-15.3475629914158;25353
-5.51914666666667;47.6641;6.751828430216;-15.1648549453571;25638
-5.51304;47.6533216666667;6.52521014387507;-15.3724317549452;25778
-5.50734833333333;47.6438983333333;6.87384911282331;-15.43891788567;25918
-5.49996166666667;47.6313933333333;6.52521014387507;-15.3724317549452;26100
-5.49392;47.6211383333333;6.751828430216;-15.1648549453571;26223
-5.48850333333333;47.6122816666667;6.56428266051561;-15.4644808357115;26349
-5.47317;47.5859566666667;6.48613688197405;-15.2803809184552;26726
-5.45243166666667;47.5507466666667;6.18100879136255;-15.298533600352;27209
-5.44716833333333;47.5418733333333;6.21846959360522;-15.3912523395012;27362
-5.43249833333333;47.5168666666667;5.8772342358364;-15.3107186384214;27694
-5.40627333333333;47.4723966666667;5.9937054946546;-14.8349416730686;28330
-5.39651666666667;47.45554;5.76972412438586;-15.0306452227376;28553
-5.39141333333333;47.4467416666667;5.7338871927248;-14.9372868239552;28678
-5.386635;47.43847;5.9937054946546;-14.8349416730686;28808
-5.37101;47.411925;6.06862709913993;-15.0203791513671;29216
-5.36106666666667;47.3949266666667;5.7338871927248;-14.9372868239552;29445
-5.35580166666667;47.3857266666667;6.10608718687722;-15.1130961220535;29582
-5.35089666666667;47.3772883333333;6.10608718687722;-15.1130961220535;29706
-5.33347333333333;47.3480033333333;6.03116629689726;-14.9276604122178;30104
-5.32780166666667;47.33841;6.06862709913993;-15.0203791513671;30257
-5.32268166666667;47.329705;6.10608718687722;-15.1130961220535;30364
-5.31702333333333;47.3199583333333;6.10608718687722;-15.1130961220535;30505
-5.311635;47.3107266666667;6.32984457963043;-14.912179328219;30643
-5.306505;47.3020683333333;5.76972412438586;-15.0306452227376;30801
-5.30154833333333;47.293315;6.03116629689726;-14.9276604122178;30917
-5.25711333333333;47.217615;5.76972412438586;-15.0306452227376;31997
-5.24678333333333;47.199795;5.76972412438586;-15.0306452227376;32254
-5.24176;47.191065;5.9937054946546;-14.8349416730686;32386
-5.23682;47.1827866666667;6.03116629689726;-14.9276604122178;32496
-5.22671666666667;47.1654133333333;5.76972412438586;-15.0306452227376;32747
-5.2216;47.15674;6.03116629689726;-14.9276604122178;32874
-5.21591;47.1471966666667;5.9937054946546;-14.8349416730686;33027
-5.21087666666667;47.1384966666667;5.69805026106375;-14.8439284251728;33145
-5.20592833333333;47.1300366666667;5.88132344517928;-14.5567863398523;33277
-5.19948333333333;47.11896;5.40391832978073;-14.8471435876495;33425
-5.194815;47.11075;5.7338871927248;-14.9372868239552;33557
-5.189655;47.1017033333333;5.69805026106375;-14.8439284251728;33687
-5.18271;47.0897433333333;5.4723222932107;-15.0350819325745;33849
-5.17553333333333;47.0773133333333;5.5407265828165;-15.2230211736603;34045
-5.16843;47.0649066666667;5.66221367116901;-14.7505709167221;34221
-5.16282833333333;47.05499;5.4381201484078;-14.9411123120317;34354
