"x";"y";"vx";"vy";"t"
-3.33364;47.624425;6.95301401128573;-11.5717585594785;0
-3.32680833333333;47.6160133333333;6.84999990463257;-11.8645478666656;152
-3.32546833333333;47.6143366666667;6.84999990463257;-11.8645478666656;180
-3.322355;47.6104533333333;6.90000009536743;-11.9511507374065;249
-3.321955;47.6099533333333;6.90000009536743;-11.9511507374065;258
-3.32055666666667;47.608155;7.10752553199447;-11.8289089131808;291
-3.29308;47.57326;6.94999980926514;-12.0377527822412;911
-3.29254166666667;47.5725533333333;6.94999980926514;-12.0377527822412;923
-3.21147833333333;47.46241;6.75;-11.6913429510899;2855
-3.096275;47.3618733333333;9.50759812104922;-8.86597868081248;5017
-3.09325166666667;47.3598233333333;9.66088273120613;-8.69869788266516;5066
-3.09191666666667;47.358955;9.66088273120613;-8.69869788266516;5087
-3.09122166666667;47.35848;9.66088273120613;-8.69869788266516;5101
-3.09064166666667;47.3581016666667;9.66088273120613;-8.69869788266516;5110
-3.08869833333333;47.3567766666667;9.73519749724112;-8.76561119855411;5136
-3.096275;47.3618733333333;9.50759812104922;-8.86597868081248;5164
-3.09191666666667;47.358955;9.66088273120613;-8.69869788266516;5170
-3.086145;47.35507;9.73519749724112;-8.76561119855411;5178
-3.08554833333333;47.3546883333333;9.58073377020043;-8.93417877698046;5191
-3.08371333333333;47.3534416666667;9.80951155455798;-8.83252387631039;5222
-3.08300666666667;47.352975;9.6538687218784;-9.00237822274411;5227
-3.082335;47.352495;9.80951155455798;-8.83252387631039;5256
-3.080475;47.3512383333333;9.6538687218784;-9.00237822274411;5270
-3.07917;47.3503733333333;9.6538687218784;-9.00237822274411;5287
-3.077935;47.349555;9.72700437102962;-9.07057831891209;5305
-3.07917;47.3503733333333;9.6538687218784;-9.00237822274411;5330
-3.07603666666667;47.3482783333333;9.88382632059297;-8.89943719219935;5336
-3.07458;47.3473333333333;9.88382632059297;-8.89943719219935;5358
-3.074055;47.3470016666667;9.88382632059297;-8.89943719219935;5366
-3.07458;47.3473333333333;9.88382632059297;-8.89943719219935;5438
-3.074055;47.3470016666667;9.88382632059297;-8.89943719219935;5451
-3.06087166666667;47.3382833333333;10.7169465496537;-8.37299629928517;5572
-3.05947;47.3375;10.8614432412985;-8.18468454444207;5592
-3.05733;47.3363616666667;11.2749113030013;-7.60502370051732;5623
-3.05357;47.3345066666667;11.2749113030013;-7.60502370051732;5666
-3.05131166666667;47.3333766666667;11.3578145858777;-7.66094267089165;5696
-3.06087166666667;47.3382833333333;10.7169465496537;-8.37299629928517;5764
-3.04443833333333;47.3299333333333;11.4407186593859;-7.71686217455389;5785
-3.03987666666667;47.32762;11.4407186593859;-7.71686217455389;5848
-3.03533;47.3253033333333;11.4407186593859;-7.71686217455389;5908
-3.02832666666667;47.321155;10.1658161735172;-9.479776944707;6007
-3.02561166666667;47.31909;9.1848264058671;-10.5659341231188;6049
-3.02449833333333;47.3181016666667;9.1848264058671;-10.5659341231188;6069
-3.0238;47.317475;8.99902653561155;-10.7246222036657;6086
-3.02282833333333;47.3165816666667;9.06330554178422;-10.8012269402004;6103
-3.02214666666667;47.3159466666667;9.25043255903281;-10.6414053690399;6112
-3.02072666666667;47.3146283333333;9.25043255903281;-10.6414053690399;6136
-3.02003666666667;47.3139966666667;9.25043255903281;-10.6414053690399;6149
-3.01969666666667;47.3136766666667;9.25043255903281;-10.6414053690399;6155
-3.01872;47.3127733333333;9.25043255903281;-10.6414053690399;6172
-2.51582833333333;46.911735;8.06952618171657;-9.28292798068953;14825
-2.50150666666667;46.90058;8.06952618171657;-9.28292798068953;15085
-2.26732;46.7199633333333;7.86650488812297;-9.71432451821213;19111
-2.26628333333333;46.7190716666667;7.63420205918195;-9.77133304412111;19128
-2.26209833333333;46.715555;7.57263626393371;-9.6925324196638;19207
-2.261005;46.7146333333333;7.63420205918195;-9.77133304412111;19228
-2.25176166666667;46.7067266666667;7.11234759195093;-10.1574850367018;19406
-2.228955;46.6858466666667;7.58242953035063;-10.4363189188213;19846
-1.90234833333333;46.3902216666667;7.75876521814951;-10.6790241714416;25899
-1.89753166666667;46.3859133333333;7.62856671286994;-10.8947223452844;25985
-1.89695166666667;46.38536;7.87632215649686;-10.8408274160088;25999
