"x";"y";"vx";"vy";"t"
-6.00765;48.3390333333333;7.62704004925712;14.9689089265805;0
-6.00436666666667;48.3430666666667;7.88712189662459;14.8335188863944;61
-6.00406666666667;48.3435;7.88712189662459;14.8335188863944;68
-6.00241666666667;48.3455666666667;7.88712189662459;14.8335188863944;97
-6.00108333333333;48.3472166666667;7.58164169201769;14.8798096337298;120
-6.00043333333333;48.34805;7.88712189662459;14.8335188863944;132
-5.99631666666667;48.3530333333333;7.88712189662459;14.8335188863944;205
-5.996;48.3534333333333;7.62704004925712;14.9689089265805;213
-5.99533333333333;48.3542333333333;7.62704004925712;14.9689089265805;226
-5.99405;48.3558833333333;7.58164169201769;14.8798096337298;247
-5.99345;48.35665;7.62704004925712;14.9689089265805;258
-5.99118333333333;48.35955;7.88712189662459;14.8335188863944;301
-5.99086666666667;48.3599666666667;8.14480125025808;14.69361041266;310
-5.98851666666667;48.3628166666667;7.79322812133498;14.656930378276;349
-5.98718333333333;48.3645333333333;7.79322812133498;14.656930378276;375
-5.9862;48.36575;7.58164169201769;14.8798096337298;391
-5.98598333333333;48.3660333333333;7.79322812133498;14.656930378276;397
-5.98566666666667;48.36645;7.58164169201769;14.8798096337298;402
-5.9847;48.3676666666667;7.79322812133498;14.656930378276;420
-5.98396666666667;48.3686333333333;7.79322812133498;14.656930378276;432
-5.98231666666667;48.3706833333333;7.58164169201769;14.8798096337298;464
-5.9814;48.37185;7.84017545670275;14.7452254743796;482
-5.98075;48.3726833333333;7.58164169201769;14.8798096337298;493
-5.98043333333333;48.3731;7.62704004925712;14.9689089265805;498
-5.97946666666667;48.3743333333333;7.84017545670275;14.7452254743796;518
-5.97818333333333;48.376;7.84017545670275;14.7452254743796;540
-5.97673333333333;48.3777666666667;7.88712189662459;14.8335188863944;568
-5.97558333333333;48.3792;7.84017545670275;14.7452254743796;596
-5.96988333333333;48.3862666666667;7.88712189662459;14.8335188863944;690
-5.96923333333333;48.3871;7.62704004925712;14.9689089265805;708
-5.96528333333333;48.3920333333333;8.14480125025808;14.69361041266;775
-5.96158333333333;48.39645;8.09632102799421;14.6061497765098;840
-5.96078333333333;48.3974;8.14480125025808;14.69361041266;853
-5.95581666666667;48.4034666666667;7.84017545670275;14.7452254743796;943
-5.95371666666667;48.40605;7.84017545670275;14.7452254743796;980
-5.9535;48.4063333333333;7.88712189662459;14.8335188863944;989
-5.94945;48.4113333333333;7.88712189662459;14.8335188863944;1063
-5.94876666666667;48.4121666666667;7.62704004925712;14.9689089265805;1070
-5.94848333333333;48.4125833333333;7.88712189662459;14.8335188863944;1080
-5.94781666666667;48.4134;7.88712189662459;14.8335188863944;1089
-5.94746666666667;48.4138166666667;7.93406923199237;14.9218139824981;1100
-5.94683333333333;48.41465;8.14480125025808;14.69361041266;1108
-5.94448333333333;48.41745;8.44999980926513;14.6358289935945;1149
-5.94376666666667;48.4182666666667;8.70414326950848;14.4861270548823;1160
-5.94268333333333;48.4194666666667;8.44999980926513;14.6358289935945;1179
-5.94145;48.4208166666667;8.44999980926513;14.6358289935945;1194
-5.94115;48.4212333333333;8.70414326950848;14.4861270548823;1200
-5.94073333333333;48.4216166666667;8.44999980926513;14.6358289935945;1209
-5.93966666666667;48.4228333333333;8.44999980926513;14.6358289935945;1228
-5.9395;48.4230333333333;8.44999980926513;14.6358289935945;1234
-5.93876666666667;48.4238333333333;8.65263926554604;14.4004099978287;1242
-5.93721666666667;48.4255833333333;8.39999961853027;14.5492261228536;1271
-5.9365;48.4264;8.39999961853027;14.5492261228536;1280
-5.92866666666667;48.4351833333333;8.44999980926513;14.6358289935945;1410
-5.92728333333333;48.4368166666667;8.39999961853027;14.5492261228536;1440
-5.92618333333333;48.4381166666667;8.39999961853027;14.5492261228536;1453
-5.92101666666667;48.4442166666667;8.39999961853027;14.5492261228536;1543
-5.91125;48.4556;8.39999961853027;14.5492261228536;1713
-5.90981666666667;48.4572;8.14480125025808;14.69361041266;1736
-5.90923333333333;48.4578833333333;8.39999961853027;14.5492261228536;1748
-5.90746666666667;48.4599833333333;8.39999961853027;14.5492261228536;1777
-5.90711666666667;48.4603833333333;8.39999961853027;14.5492261228536;1786
-5.90676666666667;48.4608;8.39999961853027;14.5492261228536;1792
-5.90641666666667;48.4612;8.44999980926513;14.6358289935945;1800
-5.90536666666667;48.4624166666667;8.65263926554604;14.4004099978287;1813
-5.90325;48.46485;8.65263926554604;14.4004099978287;1850
-5.90275;48.4653833333333;8.39999961853027;14.5492261228536;1856
-5.90223333333333;48.466;8.44999980926513;14.6358289935945;1869
-5.90115;48.4672166666667;8.39999961853027;14.5492261228536;1885
-5.90035;48.4681666666667;8.39999961853027;14.5492261228536;1896
-5.90003333333333;48.4685;8.70414326950848;14.4861270548823;1902
-5.89965;48.4689833333333;8.44999980926513;14.6358289935945;1910
-5.89868333333333;48.47005;8.44999980926513;14.6358289935945;1928
-5.89803333333333;48.4708;8.44999980926513;14.6358289935945;1938
-5.89618333333333;48.4729666666667;8.44999980926513;14.6358289935945;1969
-5.89541666666667;48.47385;8.1932823972229;14.7810727170148;1981
-5.89506666666667;48.4741666666667;8.39999961853027;14.5492261228536;1986
-5.8947;48.4746;8.44999980926513;14.6358289935945;1995
-5.89408333333333;48.4753333333333;8.44999980926513;14.6358289935945;2004
-5.89373333333333;48.4757333333333;8.39999961853027;14.5492261228536;2023
-5.89196666666667;48.4777666666667;8.1932823972229;14.7810727170148;2042
-5.89126666666667;48.4786;8.5;14.7224318643355;2052
-5.89056666666667;48.4794;8.44999980926513;14.6358289935945;2068
-5.88988333333333;48.4802333333333;8.1932823972229;14.7810727170148;2079
-5.88906666666667;48.4811833333333;8.5;14.7224318643355;2092
-5.88871666666667;48.4816;8.44999980926513;14.6358289935945;2102
-5.88746666666667;48.4830333333333;8.44999980926513;14.6358289935945;2118
-5.8871;48.4834166666667;8.44999980926513;14.6358289935945;2128
-5.88656666666667;48.4840333333333;8.44999980926513;14.6358289935945;2134
-5.8859;48.4847666666667;8.44999980926513;14.6358289935945;2142
-5.88555;48.4851833333333;8.5;14.7224318643355;2149
-5.88518333333333;48.4855833333333;8.5;14.7224318643355;2155
-5.88483333333333;48.486;8.44999980926513;14.6358289935945;2161
-5.88448333333333;48.4864166666667;8.24176354418773;14.8685350213697;2170
-5.88378333333333;48.4872333333333;8.44999980926513;14.6358289935945;2179
-5.88305;48.48805;8.5;14.7224318643355;2194
-5.88268333333333;48.48845;8.5;14.7224318643355;2199
-5.88233333333333;48.48885;8.5;14.7224318643355;2208
-5.88198333333333;48.4892666666667;8.75564727347092;14.5718441119359;2214
-5.8813;48.49;8.75564727347092;14.5718441119359;2223
-5.88091666666667;48.4904;8.5;14.7224318643355;2228
-5.88056666666667;48.4908;8.5;14.7224318643355;2234
-5.88016666666667;48.4912;8.75564727347092;14.5718441119359;2239
-5.87945;48.4920166666667;8.75564727347092;14.5718441119359;2252
-5.87911666666667;48.4924333333333;8.75564727347092;14.5718441119359;2257
-5.87825;48.4933833333333;8.75564727347092;14.5718441119359;2272
-5.87791666666667;48.4937833333333;8.5;14.7224318643355;2279
-5.87716666666667;48.4946;8.5;14.7224318643355;2288
-5.87695;48.4948666666667;8.44999980926513;14.6358289935945;2295
-5.87621666666667;48.4956833333333;8.5;14.7224318643355;2305
-5.87585;48.4960833333333;8.5;14.7224318643355;2310
-5.8755;48.4965;8.24176354418773;14.8685350213697;2320
-5.87515;48.4969166666667;8.24176354418773;14.8685350213697;2332
-5.87438333333333;48.4978;8.24176354418773;14.8685350213697;2337
-5.87328333333333;48.4990333333333;8.5;14.7224318643355;2352
-5.87295;48.49945;8.24176354418773;14.8685350213697;2359
-5.87236666666667;48.5001333333333;8.24176354418773;14.8685350213697;2370
-5.87186666666667;48.5006666666667;8.5;14.7224318643355;2377
-5.87151666666667;48.5010833333333;8.55000019073486;14.8090347350764;2382
-5.87116666666667;48.5015;8.5;14.7224318643355;2389
-5.87151666666667;48.5010833333333;8.55000019073486;14.8090347350764;2395
-5.87045;48.5023166666667;8.5;14.7224318643355;2403
-5.87008333333333;48.5027166666667;8.55000019073486;14.8090347350764;2411
-5.86936666666667;48.50355;8.55000019073486;14.8090347350764;2420
-5.86898333333333;48.5039333333333;8.55000019073486;14.8090347350764;2427
-5.86833333333333;48.5047;8.55000019073486;14.8090347350764;2437
-5.86798333333333;48.5051;8.5;14.7224318643355;2446
-5.86763333333333;48.5055333333333;8.55000019073486;14.8090347350764;2452
-5.86726666666667;48.5059333333333;8.5;14.7224318643355;2460
-5.86655;48.50675;8.55000019073486;14.8090347350764;2469
-5.86585;48.5075833333333;8.5;14.7224318643355;2478
-5.86513333333333;48.5084;8.55000019073486;14.8090347350764;2491
-5.86478333333333;48.5088166666667;8.55000019073486;14.8090347350764;2497
-5.86441666666667;48.5092333333333;8.55000019073486;14.8090347350764;2502
-5.86371666666667;48.51005;8.55000019073486;14.8090347350764;2517
-5.863;48.5108833333333;8.55000019073486;14.8090347350764;2531
-5.86251666666667;48.5114333333333;8.80715127743336;14.6575611689895;2538
-5.86163333333333;48.5124666666667;8.80715127743336;14.6575611689895;2550
-5.86126666666667;48.5128833333333;9.06161962053596;14.5016227677796;2556
-5.86043333333333;48.51385;9.11461174910744;14.5864279008999;2569
-5.85941666666667;48.5149333333333;9.11461174910744;14.5864279008999;2586
-5.85811666666667;48.5162666666667;9.06161962053596;14.5016227677796;2607
-5.85556666666667;48.5189666666667;9.11461174910744;14.5864279008999;2646
-5.85321666666667;48.5214666666667;9.11461174910744;14.5864279008999;2685
-5.85245;48.5222666666667;9.06161962053596;14.5016227677796;2697
-5.85168333333333;48.5230833333333;9.36779181778507;14.4251344085162;2707
-5.8513;48.5234833333333;9.11461174910744;14.5864279008999;2714
-5.85078333333333;48.5240166666667;9.36779181778507;14.4251344085162;2720
-5.84976666666667;48.5251;9.11461174910744;14.5864279008999;2736
-5.84921666666667;48.5256166666667;9.06161962053596;14.5016227677796;2744
-5.84886666666667;48.5260333333333;9.36779181778507;14.4251344085162;2752
-5.8486;48.5263;9.06161962053596;14.5016227677796;2758
-5.8479;48.5270333333333;9.06161962053596;14.5016227677796;2770
-5.847;48.5279666666667;9.06161962053596;14.5016227677796;2780
-5.84585;48.5291666666667;8.80715127743336;14.6575611689895;2796
-5.84546666666667;48.5295666666667;9.00862749196448;14.4168176346592;2803
-5.84508333333333;48.5299666666667;8.80715127743336;14.6575611689895;2814
-5.84446666666667;48.53065;8.80715127743336;14.6575611689895;2821
-5.84406666666667;48.5310333333333;9.06161962053596;14.5016227677796;2829
-5.8432;48.5319833333333;9.06161962053596;14.5016227677796;2840
-5.84246666666667;48.5328;8.80715127743336;14.6575611689895;2851
-5.84105;48.53435;9.06161962053596;14.5016227677796;2874
-5.84065;48.53475;9.06161962053596;14.5016227677796;2883
-5.83991666666667;48.5355666666667;9.31332770652027;14.3412670317942;2893
-5.83951666666667;48.5359666666667;9.11461174910744;14.5864279008999;2899
-5.83835;48.5371666666667;9.06161962053596;14.5016227677796;2919
-5.83708333333333;48.5385166666667;9.31332770652027;14.3412670317942;2939
-5.83603333333333;48.5395833333333;9.31332770652027;14.3412670317942;2958
-5.83565;48.5399833333333;9.06161962053596;14.5016227677796;2965
-5.83435;48.5413166666667;9.31332770652027;14.3412670317942;2977
-5.83366666666667;48.54205;9.00862749196448;14.4168176346592;2990
-5.83325;48.5424333333333;9.06161962053596;14.5016227677796;3004
-5.83366666666667;48.54205;9.00862749196448;14.4168176346592;3009
-5.83098333333333;48.5448666666667;9.00862749196448;14.4168176346592;3033
-5.83021666666667;48.5456666666667;9.00862749196448;14.4168176346592;3044
-5.82981666666667;48.54605;9.00862749196448;14.4168176346592;3049
-5.82906666666667;48.54685;9.00862749196448;14.4168176346592;3060
-5.82791666666667;48.54805;9.00862749196448;14.4168176346592;3085
-5.82721666666667;48.5487833333333;9.06161962053596;14.5016227677796;3095
-5.82608333333333;48.5499833333333;9.00862749196448;14.4168176346592;3111
-5.82568333333333;48.5503833333333;9.00862749196448;14.4168176346592;3117
-5.82533333333333;48.5508;8.75564727347092;14.5718441119359;3125
-5.82456666666667;48.5516;9.06161962053596;14.5016227677796;3133
-5.82415;48.552;9.06161962053596;14.5016227677796;3138
-5.82456666666667;48.5516;9.06161962053596;14.5016227677796;3143
-5.82341666666667;48.5528;9.00862749196448;14.4168176346592;3153
-5.82303333333333;48.5532;9.06161962053596;14.5016227677796;3159
-5.82215;48.55415;9.06161962053596;14.5016227677796;3169
-5.82188333333333;48.5544166666667;9.06161962053596;14.5016227677796;3174
-5.82113333333333;48.5552166666667;9.06161962053596;14.5016227677796;3187
-5.82036666666667;48.5560333333333;9.06161962053596;14.5016227677796;3198
-5.81951666666667;48.5569;9.31332770652027;14.3412670317942;3213
-5.81876666666667;48.5577;9.31332770652027;14.3412670317942;3223
-5.81838333333333;48.5581166666667;9.11461174910744;14.5864279008999;3232
-5.81761666666667;48.5589166666667;9.11461174910744;14.5864279008999;3247
-5.81686666666667;48.5597166666667;9.06161962053596;14.5016227677796;3253
-5.81658333333333;48.5599833333333;9.11461174910744;14.5864279008999;3259
-5.81623333333333;48.5604;9.06161962053596;14.5016227677796;3264
-5.8157;48.5609333333333;9.06161962053596;14.5016227677796;3270
-5.81623333333333;48.5604;9.06161962053596;14.5016227677796;3279
-5.81455;48.5621333333333;9.11461174910744;14.5864279008999;3292
-5.81378333333333;48.56295;8.80715127743336;14.6575611689895;3305
-5.81271666666667;48.5641;9.11461174910744;14.5864279008999;3319
-5.81233333333333;48.5645;9.11461174910744;14.5864279008999;3325
-5.81198333333333;48.5649166666667;9.06161962053596;14.5016227677796;3331
-5.81121666666667;48.5657333333333;9.11461174910744;14.5864279008999;3343
-5.81081666666667;48.5661333333333;9.11461174910744;14.5864279008999;3349
-5.81041666666667;48.5665333333333;9.36779181778507;14.4251344085162;3354
-5.81005;48.5669333333333;9.11461174910744;14.5864279008999;3362
-5.81041666666667;48.5665333333333;9.36779181778507;14.4251344085162;3367
-5.80926666666667;48.5677333333333;9.06161962053596;14.5016227677796;3373
-5.80888333333333;48.56815;9.11461174910744;14.5864279008999;3379
-5.80848333333333;48.56855;9.36779181778507;14.4251344085162;3384
-5.80811666666667;48.56895;9.11461174910744;14.5864279008999;3393
-5.80733333333333;48.5697666666667;9.36779181778507;14.4251344085162;3403
-5.80695;48.5701666666667;9.16760286693813;14.6712314164968;3409
-5.8064;48.5707;9.11461174910744;14.5864279008999;3414
-5.8061;48.57105;9.42225489023336;14.509000185601;3421
-5.80583333333333;48.5713166666667;9.16760286693813;14.6712314164968;3427
-5.8053;48.5718333333333;9.16760286693813;14.6712314164968;3433
-5.80465;48.5725;9.11461174910744;14.5864279008999;3445
-5.80413333333333;48.57305;9.11461174910744;14.5864279008999;3453
-5.80258333333333;48.5746666666667;9.16760286693813;14.6712314164968;3479
-5.80181666666667;48.5754833333333;8.91015830300107;14.8289936481798;3487
-5.80103333333333;48.5763;8.91015830300107;14.8289936481798;3499
-5.80066666666667;48.5767166666667;8.91015830300107;14.8289936481798;3505
-5.80021666666667;48.5771833333333;9.16760286693813;14.6712314164968;3513
-5.79996666666667;48.5774666666667;8.96166230696351;14.9147107052334;3518
-5.79956666666667;48.5778666666667;9.16760286693813;14.6712314164968;3523
-5.79888333333333;48.5786333333333;9.16760286693813;14.6712314164968;3542
-5.79798333333333;48.5796;9.47671900149817;14.5928675623229;3547
-5.79733333333333;48.5802666666667;9.22059499550961;14.7560365496171;3559
-5.79691666666667;48.5806833333333;9.22059499550961;14.7560365496171;3565
-5.796;48.5816333333333;9.22059499550961;14.7560365496171;3579
-5.7952;48.58245;9.22059499550961;14.7560365496171;3588
-5.79483333333333;48.5828666666667;9.22059499550961;14.7560365496171;3598
-5.79405;48.5836833333333;9.22059499550961;14.7560365496171;3610
-5.79323333333333;48.5844833333333;9.22059499550961;14.7560365496171;3618
-5.79283333333333;48.5849;8.96166230696351;14.9147107052334;3625
-5.79243333333333;48.5853;9.01316631092595;15.000427762287;3633
-5.79206666666667;48.5857166666667;8.69999980926513;15.0688416954868;3638
-5.79136666666667;48.5864666666667;8.69999980926513;15.0688416954868;3649
-5.79096666666667;48.5868833333333;9.01316631092595;15.000427762287;3657
-5.79058333333333;48.5873;8.69999980926513;15.0688416954868;3662
-5.79021666666667;48.5877166666667;8.96166230696351;14.9147107052334;3668
-5.78971666666667;48.5882666666667;8.69999980926513;15.0688416954868;3678
-5.78906666666667;48.58895;9.01316631092595;15.000427762287;3685
-5.7886;48.5895166666667;8.69999980926513;15.0688416954868;3691
-5.78831666666667;48.5897833333333;9.01316631092595;15.000427762287;3698
-5.7876;48.5906333333333;8.69999980926513;15.0688416954868;3709
-5.7872;48.5910333333333;8.96166230696351;14.9147107052334;3716
-5.78646666666667;48.5918833333333;9.01316631092595;15.000427762287;3728
-5.78593333333333;48.5924166666667;9.01316631092595;15.000427762287;3733
-5.78516666666667;48.59325;9.01316631092595;15.000427762287;3745
-5.78488333333333;48.5936166666667;9.27358712408109;14.8408416827375;3751
-5.7841;48.5944333333333;9.32657925265256;14.9256468158578;3763
-5.78373333333333;48.59485;9.01316631092595;15.000427762287;3769
-5.78333333333333;48.5952666666667;9.27358712408109;14.8408416827375;3777
-5.78306666666667;48.5955333333333;9.01316631092595;15.000427762287;3783
-5.7827;48.59595;9.01316631092595;15.000427762287;3791
-5.78178333333333;48.5969166666667;9.01316631092595;15.000427762287;3798
-5.78023333333333;48.5985666666667;9.06467031488839;15.0861448193406;3826
-5.77945;48.5994;9.01316631092595;15.000427762287;3835
-5.7791;48.5998333333333;9.01316631092595;15.000427762287;3843
-5.7787;48.6002333333333;9.06467031488839;15.0861448193406;3848
-5.77833333333333;48.60065;9.01316631092595;15.000427762287;3855
-5.77795;48.6010833333333;9.06467031488839;15.0861448193406;3862
-5.77726666666667;48.60185;9.06467031488839;15.0861448193406;3871
-5.7761;48.6031;9.06467031488839;15.0861448193406;3890
-5.77575;48.6035166666667;8.80000019073486;15.2420474369686;3897
-5.77533333333333;48.6039333333333;8.80000019073486;15.2420474369686;3905
-5.7746;48.6047833333333;8.80000019073486;15.2420474369686;3912
-5.7742;48.6052;8.80000019073486;15.2420474369686;3919
-5.77331666666667;48.6061833333333;8.80000019073486;15.2420474369686;3931
-5.77256666666667;48.6070166666667;8.80000019073486;15.2420474369686;3943
-5.77221666666667;48.60745;9.11617431885083;15.1718618763941;3950
-5.77158333333333;48.60815;9.06467031488839;15.0861448193406;3961
-5.7711;48.6087166666667;8.80000019073486;15.2420474369686;3967
-5.7705;48.6093333333333;8.80000019073486;15.2420474369686;3978
-5.77015;48.6097666666667;8.80000019073486;15.2420474369686;3985
-5.76965;48.6103166666667;8.80000019073486;15.2420474369686;3991
-5.76926666666667;48.61075;8.80000019073486;15.2420474369686;3996
-5.76891666666667;48.6111833333333;8.80000019073486;15.2420474369686;4003
-5.76815;48.6120166666667;8.80000019073486;15.2420474369686;4022
-5.76741666666667;48.61285;8.53264950127573;15.3933071792943;4027
-5.76705;48.6132833333333;8.75;15.1554445662277;4036
-5.7663;48.6141166666667;8.80000019073486;15.2420474369686;4044
-5.76595;48.61455;8.80000019073486;15.2420474369686;4053
-5.76555;48.6149666666667;9.06467031488839;15.0861448193406;4060
-5.7652;48.6154;8.80000019073486;15.2420474369686;4067
-5.76443333333333;48.6162333333333;8.80000019073486;15.2420474369686;4075
-5.76413333333333;48.6166;8.80000019073486;15.2420474369686;4085
-5.76481666666667;48.6158166666667;8.80000019073486;15.2420474369686;4091
-5.76336666666667;48.6174333333333;8.80000019073486;15.2420474369686;4098
-5.76263333333333;48.6182833333333;8.80000019073486;15.2420474369686;4105
-5.76226666666667;48.6187166666667;8.80000019073486;15.2420474369686;4110
-5.76155;48.6195666666667;8.80000019073486;15.2420474369686;4124
-5.76115;48.6199833333333;8.53264950127573;15.3933071792943;4129
-5.75991666666667;48.6214;8.80000019073486;15.2420474369686;4148
-5.75968333333333;48.6216833333333;8.85000038146972;15.3286503077095;4158
-5.75858333333333;48.6229666666667;8.85000038146972;15.3286503077095;4174
-5.75746666666667;48.6242333333333;8.80000019073486;15.2420474369686;4191
-5.75665;48.6251666666667;8.85000038146972;15.3286503077095;4200
-5.75623333333333;48.6255666666667;8.85000038146972;15.3286503077095;4207
-5.75585;48.626;8.85000038146972;15.3286503077095;4212
-5.75473333333333;48.6272666666667;8.85000038146972;15.3286503077095;4232
-5.75445;48.6275333333333;8.85000038146972;15.3286503077095;4239
-5.75396666666667;48.6281;8.80000019073486;15.2420474369686;4248
-5.75321666666667;48.62895;8.58113064824055;15.4807694836492;4258
-5.75246666666667;48.6298;8.58113064824055;15.4807694836492;4268
-5.75175;48.63065;8.58113064824055;15.4807694836492;4278
-5.75136666666667;48.6310666666667;8.80000019073486;15.2420474369686;4287
-5.75101666666667;48.6315166666667;8.85000038146972;15.3286503077095;4294
-5.75066666666667;48.6319333333333;8.85000038146972;15.3286503077095;4300
-5.75035;48.6323;8.85000038146972;15.3286503077095;4305
-5.74961666666667;48.63315;8.85000038146972;15.3286503077095;4319
-5.74923333333333;48.6335833333333;8.85000038146972;15.3286503077095;4328
-5.7485;48.6344333333333;8.85000038146972;15.3286503077095;4338
-5.74736666666667;48.6357;9.11617431885083;15.1718618763941;4351
-5.747;48.6361333333333;8.85000038146972;15.3286503077095;4357
-5.74661666666667;48.6365666666667;8.85000038146972;15.3286503077095;4362
-5.74621666666667;48.6369833333333;9.1676773404561;15.2575772985308;4372
-5.74533333333333;48.6379666666667;9.11617431885083;15.1718618763941;4380
-5.74498333333333;48.6384;8.85000038146972;15.3286503077095;4388
-5.7447;48.6386666666667;8.80000019073486;15.2420474369686;4398
-5.7435;48.64;8.53264950127573;15.3933071792943;4410
-5.74325;48.6402833333333;8.53264950127573;15.3933071792943;4419
-5.74251666666667;48.6411333333333;8.58113064824055;15.4807694836492;4429
-5.742;48.6416833333333;8.80000019073486;15.2420474369686;4437
-5.74126666666667;48.6425333333333;8.80000019073486;15.2420474369686;4448
-5.74093333333333;48.6429833333333;8.53264950127573;15.3933071792943;4457
-5.7403;48.6436833333333;8.58113064824055;15.4807694836492;4465
-5.73945;48.6446833333333;8.85000038146972;15.3286503077095;4476
-5.7403;48.6436833333333;8.58113064824055;15.4807694836492;4481
-5.73906666666667;48.6451;8.85000038146972;15.3286503077095;4488
-5.73833333333333;48.6459666666667;8.85000038146972;15.3286503077095;4499
-5.7376;48.6468166666667;8.85000038146972;15.3286503077095;4508
-5.73721666666667;48.64725;8.85000038146972;15.3286503077095;4515
-5.73683333333333;48.6476833333333;8.85000038146972;15.3286503077095;4520
-5.73653333333333;48.6480333333333;8.89999961853027;15.4152515266381;4525
-5.73613333333333;48.64845;8.85000038146972;15.3286503077095;4534
-5.7358;48.6489;8.85000038146972;15.3286503077095;4539
-5.73505;48.64975;8.89999961853027;15.4152515266381;4559
-5.7339;48.6510166666667;8.85000038146972;15.3286503077095;4567
-5.73273333333333;48.6523;8.89999961853027;15.4152515266381;4591
-5.73236666666667;48.6527166666667;8.58113064824055;15.4807694836492;4602
-5.73125;48.654;8.85000038146972;15.3286503077095;4608
-5.73088333333333;48.6544333333333;8.62961087050441;15.5682301197994;4614
-5.7305;48.6548666666667;8.62961087050441;15.5682301197994;4620
-5.73001666666667;48.6554333333333;8.89999961853027;15.4152515266381;4627
-5.7297;48.6558;8.62961087050441;15.5682301197994;4638
-5.72908333333333;48.6565166666667;8.89999961853027;15.4152515266381;4645
-5.7286;48.6571;8.89999961853027;15.4152515266381;4650
-5.72821666666667;48.6575166666667;8.89999961853027;15.4152515266381;4661
-5.7276;48.6582333333333;8.89999961853027;15.4152515266381;4671
-5.72686666666667;48.6591;8.89999961853027;15.4152515266381;4680
-5.72648333333333;48.6595333333333;8.89999961853027;15.4152515266381;4686
-5.726;48.6601;8.89999961853027;15.4152515266381;4692
-5.7256;48.6605333333333;8.89999961853027;15.4152515266381;4708
-5.72446666666667;48.6618166666667;9.21918134441854;15.3432943555844;4719
-5.7237;48.6626666666667;9.43256249905473;15.095255464575;4730
-5.72338333333333;48.6631166666667;8.89999961853027;15.4152515266381;4735
-5.72301666666667;48.66345;9.1676773404561;15.2575772985308;4740
-5.72186666666667;48.6647166666667;9.1676773404561;15.2575772985308;4758
-5.72151666666667;48.6651666666667;8.89999961853027;15.4152515266381;4768
-5.72111666666667;48.6655833333333;8.89999961853027;15.4152515266381;4782
-5.72;48.6668666666667;8.89999961853027;15.4152515266381;4790
-5.71963333333333;48.6672833333333;8.89999961853027;15.4152515266381;4800
-5.71885;48.66815;8.89999961853027;15.4152515266381;4811
-5.71848333333333;48.6685666666667;8.89999961853027;15.4152515266381;4818
-5.71721666666667;48.6700166666667;8.89999961853027;15.4152515266381;4830
-5.71688333333333;48.67045;8.89999961853027;15.4152515266381;4841
-5.71623333333333;48.67115;8.89999961853027;15.4152515266381;4848
-5.71591666666667;48.6715;9.1676773404561;15.2575772985308;4855
-5.71553333333333;48.6719333333333;8.89999961853027;15.4152515266381;4866
-5.71478333333333;48.6727833333333;8.89999961853027;15.4152515266381;4872
-5.7144;48.6732;8.89999961853027;15.4152515266381;4884
-5.71351666666667;48.6742;8.89999961853027;15.4152515266381;4891
-5.71276666666667;48.6750666666667;8.94999980926513;15.501854397379;4904
-5.7124;48.6754833333333;8.67809201746924;15.6556924241542;4911
-5.712;48.6759166666667;8.94999980926513;15.501854397379;4919
-5.71126666666667;48.6767666666667;8.94999980926513;15.501854397379;4932
-5.71065;48.6775;8.94999980926513;15.501854397379;4938
-5.71015;48.6780666666667;9.21918134441854;15.3432943555844;4944
-5.70938333333333;48.6789333333333;9.21918134441854;15.3432943555844;4957
-5.70908333333333;48.6793;8.94999980926513;15.501854397379;4968
-5.70833333333333;48.68015;8.94999980926513;15.501854397379;4980
-5.70758333333333;48.6810166666667;9.21918134441854;15.3432943555844;4987
-5.7072;48.68145;8.94999980926513;15.501854397379;4992
-5.7068;48.6818666666667;9.21918134441854;15.3432943555844;4998
-5.70603333333333;48.6827333333333;8.94999980926513;15.501854397379;5011
-5.70566666666667;48.6831666666667;9;15.5884572681199;5016
-5.7053;48.6836;8.94999980926513;15.501854397379;5028
-5.70455;48.6844666666667;9.27068534838097;15.429011412638;5039
-5.70378333333333;48.6853166666667;8.94999980926513;15.501854397379;5047
-5.70303333333333;48.6862;9;15.5884572681199;5058
-5.70181666666667;48.68755;8.94999980926513;15.501854397379;5079
-5.70105;48.6884;8.94999980926513;15.501854397379;5088
-5.70068333333333;48.68885;8.94999980926513;15.501854397379;5100
-5.70005;48.6895666666667;9;15.5884572681199;5107
-5.69966666666667;48.69;8.94999980926513;15.501854397379;5114
-5.69915;48.6905666666667;9.27068534838097;15.429011412638;5119
-5.69853333333333;48.6912833333333;8.94999980926513;15.501854397379;5130
-5.69765;48.6923;9;15.5884572681199;5145
-5.6969;48.6931833333333;9;15.5884572681199;5155
-5.69616666666667;48.69405;9;15.5884572681199;5166
-5.69575;48.6944666666667;9;15.5884572681199;5173
-5.69538333333333;48.6949166666667;9;15.5884572681199;5182
-5.69478333333333;48.69555;9.27068534838097;15.429011412638;5191
-5.69383333333333;48.6966333333333;9;15.5884572681199;5208
-5.69308333333333;48.6975;8.72657316443407;15.7431547285091;5215
-5.69266666666667;48.6979166666667;9;15.5884572681199;5220
-5.69206666666667;48.69865;8.67809201746924;15.6556924241542;5234
-5.69158333333333;48.6992333333333;9;15.5884572681199;5242
-5.69058333333333;48.7004;8.72657316443407;15.7431547285091;5261
-5.6897;48.7014;9;15.5884572681199;5268
-5.68933333333333;48.7018333333333;9;15.5884572681199;5275
-5.68896666666667;48.7022833333333;9;15.5884572681199;5280
-5.68858333333333;48.7027;9;15.5884572681199;5288
-5.68788333333333;48.7035;9.27068534838097;15.429011412638;5300
-5.68713333333333;48.7043666666667;9;15.5884572681199;5310
-5.68671666666667;48.7048;9;15.5884572681199;5316
-5.68638333333333;48.70525;9;15.5884572681199;5323
-5.68561666666667;48.7061166666667;9;15.5884572681199;5339
-5.68488333333333;48.7069833333333;8.72657316443407;15.7431547285091;5351
-5.68415;48.70785;9;15.5884572681199;5359
-5.68375;48.7082833333333;9;15.5884572681199;5367
-5.68338333333333;48.7087166666667;9;15.5884572681199;5372
-5.68265;48.7096;9;15.5884572681199;5387
-5.68176666666667;48.7106;8.72657316443407;15.7431547285091;5399
-5.6811;48.7114166666667;8.72657316443407;15.7431547285091;5406
-5.68071666666667;48.71185;8.72657316443407;15.7431547285091;5413
-5.67998333333333;48.7127166666667;9;15.5884572681199;5424
-5.67963333333333;48.7131666666667;9;15.5884572681199;5430
-5.67926666666667;48.7136;9;15.5884572681199;5440
-5.67888333333333;48.7140333333333;9;15.5884572681199;5447
-5.67776666666667;48.71535;9.05000019073486;15.6750601388608;5460
-5.6774;48.7157833333333;9;15.5884572681199;5466
-5.67703333333333;48.7162166666667;9;15.5884572681199;5479
-5.67591666666667;48.7175333333333;9;15.5884572681199;5490
-5.67553333333333;48.7179666666667;9;15.5884572681199;5499
-5.67516666666667;48.7184;9;15.5884572681199;5507
-5.6745;48.7192;9;15.5884572681199;5519
-5.67375;48.7200666666667;9;15.5884572681199;5528
-5.67338333333333;48.7205166666667;8.72657316443407;15.7431547285091;5533
-5.673;48.7209333333333;9;15.5884572681199;5539
-5.67226666666667;48.7218166666667;9;15.5884572681199;5551
-5.67193333333333;48.7222666666667;9;15.5884572681199;5558
-5.67155;48.7227;9.05000019073486;15.6750601388608;5567
-5.67081666666667;48.7236;9.32218935234341;15.5147284696916;5576
-5.67031666666667;48.7241833333333;9;15.5884572681199;5581
-5.66995;48.7246333333333;9.32218935234341;15.5147284696916;5588
-5.66931666666667;48.72535;9.59153888476917;15.349670863936;5599
-5.66883333333333;48.72595;10.1213917661357;15.005580379499;5605
-5.66931666666667;48.72535;9.59153888476917;15.349670863936;5618
-5.66746666666667;48.7274666666667;10.8928521486263;14.4553030365113;5630
-5.66603333333333;48.72885;11.1434729382506;14.2629949408839;5647
-5.6656;48.7292666666667;11.3906993180687;14.0663421988288;5652
-5.66515;48.7296833333333;11.698734986703;13.9420094492109;5660
-5.66473333333333;48.7301;11.8746686749948;13.660243689931;5665
-5.66426666666667;48.7305;12.3441705772929;13.2375022782963;5671
-5.66381666666667;48.7309166666667;12.642782872336;13.0919849149762;5680
-5.66255;48.7319666666667;14.1440570914322;11.4536315972404;5698
-5.6617;48.7325833333333;14.3754391808513;10.8326704167369;5708
-5.66133333333333;48.7328166666667;14.5623058987491;10.5801345412645;5713
-5.66021666666667;48.7334833333333;14.7447367972019;10.3243758543188;5721
-5.65961666666667;48.7337833333333;14.5809057633806;10.2096601294445;5726
-5.65795;48.73465;14.7568681589743;9.95363325514897;5742
-5.65555;48.73585;15.0122028462957;9.74903851900568;5768
-5.65431666666667;48.7364333333333;15.1800605976953;9.48555462762621;5779
-5.65348333333333;48.7368;15.1800605976953;9.48555462762621;5786
-5.65285;48.7370833333333;15.0960702230176;9.80350263027049;5795
-5.65116666666667;48.7378166666667;15.0122028462957;9.74903851900568;5819
-5.6499;48.7383666666667;15.2648657308157;9.53854675619769;5825
-5.6478;48.7392833333333;15.0960702230176;9.80350263027049;5841
-5.64725;48.7394833333333;15.0122028462957;9.74903851900568;5848
-5.64598333333333;48.7400333333333;15.0122028462957;9.74903851900568;5862
-5.64473333333333;48.7405833333333;14.7568681589743;9.95363325514897;5871
-5.64368333333333;48.7410333333333;14.8397722324825;10.0095527588112;5881
-5.6443;48.74075;14.8397722324825;10.0095527588112;5886
-5.64306666666667;48.7413166666667;14.8397722324825;10.0095527588112;5892
-5.64161666666667;48.7419666666667;14.8397722324825;10.0095527588112;5901
-5.64098333333333;48.74225;14.6628212802912;10.2670179918817;5908
-5.64036666666667;48.7425333333333;14.6628212802912;10.2670179918817;5913
-5.63973333333333;48.7428;14.8397722324825;10.0095527588112;5919
-5.63913333333333;48.7431;14.8397722324825;10.0095527588112;5927
-5.63851666666667;48.7433833333333;14.8397722324825;10.0095527588112;5932
-5.63728333333333;48.74395;15.0122028462957;9.74903851900568;5941
-5.63666666666667;48.74425;14.8397722324825;10.0095527588112;5947
-5.63603333333333;48.7445166666667;14.8397722324825;10.0095527588112;5952
-5.63551666666667;48.74475;15.0122028462957;9.74903851900568;5961
-5.63426666666667;48.7453166666667;14.8397722324825;10.0095527588112;5971
-5.63301666666667;48.7458833333333;14.8397722324825;10.0095527588112;5982
-5.63176666666667;48.7464333333333;14.6628212802912;10.2670179918817;5994
-5.63113333333333;48.7467;14.7447367972019;10.3243758543188;6001
-5.63051666666667;48.747;14.6628212802912;10.2670179918817;6007
-5.62926666666667;48.7475666666667;14.5623058987491;10.5801345412645;6021
-5.62783333333333;48.74825;14.5623058987491;10.5801345412645;6031
-5.62723333333333;48.74855;14.5623058987491;10.5801345412645;6038
-5.62601666666667;48.74915;14.5623058987491;10.5801345412645;6049
-5.6245;48.7499166666667;14.8266523141125;10.381733716756;6067
-5.62388333333333;48.7502;14.9226763059908;10.0654722624734;6072
-5.62328333333333;48.7505;15.005580379499;10.1213917661357;6082
-5.62245;48.7508833333333;15.1799375997396;9.8579667415353;6089
-5.62121666666667;48.7514833333333;15.1799375997396;9.8579667415353;6103
-5.61996666666667;48.7520666666667;15.005580379499;10.1213917661357;6109
-5.61931666666667;48.7523166666667;15.1799375997396;9.8579667415353;6114
-5.6187;48.7526166666667;15.2638049764616;9.9124308528001;6121
-5.61828333333333;48.7528166666667;15.1799375997396;9.8579667415353;6130
-5.617;48.7533666666667;15.1799375997396;9.8579667415353;6138
-5.61615;48.7537333333333;15.1799375997396;9.8579667415353;6145
-5.61573333333333;48.7539166666667;15.005580379499;10.1213917661357;6151
-5.61478333333333;48.7543333333333;15.1799375997396;9.8579667415353;6157
-5.61435;48.7545333333333;15.0884844530072;10.1773112697979;6162
-5.61306666666667;48.7550666666667;15.1799375997396;9.8579667415353;6175
-5.61191666666667;48.7555833333333;15.005580379499;10.1213917661357;6190
-5.61065;48.7561666666667;15.005580379499;10.1213917661357;6198
-5.60918333333333;48.7568166666667;15.005580379499;10.1213917661357;6210
-5.60791666666667;48.7574;15.1799375997396;9.8579667415353;6222
-5.60665;48.75795;15.005580379499;10.1213917661357;6235
-5.60601666666667;48.7582333333333;15.005580379499;10.1213917661357;6250
-5.60413333333333;48.7590833333333;15.005580379499;10.1213917661357;6258
-5.6035;48.7593666666667;15.005580379499;10.1213917661357;6267
-5.60286666666667;48.75965;15.005580379499;10.1213917661357;6275
-5.60221666666667;48.7599333333333;15.2638049764616;9.9124308528001;6280
-5.60161666666667;48.7602333333333;15.0884844530072;10.1773112697979;6291
-5.60043333333333;48.7607333333333;15.2638049764616;9.9124308528001;6297
-5.59916666666667;48.7612833333333;15.1799375997396;9.8579667415353;6307
-5.59853333333333;48.7615833333333;15.005580379499;10.1213917661357;6315
-5.59726666666667;48.7621333333333;15.005580379499;10.1213917661357;6325
-5.59665;48.7624333333333;15.0884844530072;10.1773112697979;6332
-5.59536666666667;48.7629833333333;15.005580379499;10.1213917661357;6348
-5.5941;48.76355;15.0884844530072;10.1773112697979;6357
-5.59451666666667;48.7633666666667;15.2638049764616;9.9124308528001;6363
-5.5922;48.7644166666667;15.0884844530072;10.1773112697979;6375
-5.59155;48.7646833333333;15.0884844530072;10.1773112697979;6384
-5.59071666666667;48.7650666666667;15.005580379499;10.1213917661357;6390
-5.58955;48.7655833333333;15.2638049764616;9.9124308528001;6397
-5.58913333333333;48.7657666666667;15.0884844530072;10.1773112697979;6402
-5.58828333333333;48.7661333333333;15.005580379499;10.1213917661357;6409
-5.58765;48.7664166666667;15.0884844530072;10.1773112697979;6417
-5.5866;48.7669;14.9085678310231;10.4390915791931;6427
-5.58828333333333;48.7661333333333;15.005580379499;10.1213917661357;6435
-5.58533333333333;48.7674666666667;15.2638049764616;9.9124308528001;6443
-5.58383333333333;48.7681166666667;15.2638049764616;9.9124308528001;6454
-5.58278333333333;48.7685833333333;15.0884844530072;10.1773112697979;6465
-5.5813;48.76925;15.005580379499;10.1213917661357;6480
-5.58003333333333;48.7698166666667;15.0884844530072;10.1773112697979;6487
-5.5813;48.76925;15.005580379499;10.1213917661357;6494
-5.58065;48.7695166666667;15.005580379499;10.1213917661357;6503
-5.5776;48.7708833333333;15.0884844530072;10.1773112697979;6511
-5.57698333333333;48.7711833333333;15.0884844530072;10.1773112697979;6516
-5.5776;48.7708833333333;15.0884844530072;10.1773112697979;6523
-5.57571666666667;48.77175;15.005580379499;10.1213917661357;6531
-5.57443333333333;48.7723;15.0884844530072;10.1773112697979;6543
-5.57381666666667;48.7726;15.005580379499;10.1213917661357;6550
-5.5717;48.7735333333333;15.1799375997396;9.8579667415353;6569
-5.57066666666667;48.7740166666667;15.005580379499;10.1213917661357;6577
-5.57001666666667;48.7742833333333;15.1799375997396;9.8579667415353;6585
-5.56811666666667;48.7751333333333;15.005580379499;10.1213917661357;6601
-5.57001666666667;48.7742833333333;15.1799375997396;9.8579667415353;6609
-5.56663333333333;48.7758;15.1799375997396;9.8579667415353;6615
-5.56546666666667;48.7763;15.1799375997396;9.8579667415353;6630
-5.56443333333333;48.7767833333333;15.1799375997396;9.8579667415353;6638
-5.5619;48.7779166666667;15.005580379499;10.1213917661357;6665
-5.5598;48.77885;15.1799375997396;9.8579667415353;6679
-5.56103333333333;48.7782666666667;15.005580379499;10.1213917661357;6685
-5.55853333333333;48.7794333333333;15.1799375997396;9.8579667415353;6695
-5.556;48.78055;15.1799375997396;9.8579667415353;6719
-5.55535;48.7808333333333;15.2638049764616;9.9124308528001;6725
-5.5542;48.78135;15.1799375997396;9.8579667415353;6736
-5.55228333333333;48.7821833333333;15.1799375997396;9.8579667415353;6755
-5.551;48.78275;15.2638049764616;9.9124308528001;6769
-5.54973333333333;48.7833166666667;15.1799375997396;9.8579667415353;6780
-5.54845;48.7838666666667;15.2638049764616;9.9124308528001;6786
-5.54718333333333;48.7844333333333;15.1799375997396;9.8579667415353;6798
-5.54633333333333;48.7848166666667;15.2638049764616;9.9124308528001;6804
-5.54463333333333;48.7855666666667;15.0884844530072;10.1773112697979;6822
-5.54336666666667;48.7861333333333;15.0884844530072;10.1773112697979;6834
-5.54283333333333;48.7863833333333;15.3476707535464;9.96689392524839;6840
-5.54221666666667;48.7866833333333;15.0884844530072;10.1773112697979;6847
-5.54136666666667;48.78705;15.2638049764616;9.9124308528001;6853
-5.5401;48.7876333333333;15.1713869452518;10.2332297068843;6868
-5.53881666666667;48.7882166666667;15.3476707535464;9.96689392524839;6878
-5.53756666666667;48.7887833333333;15.3476707535464;9.96689392524839;6889
-5.53713333333333;48.7889833333333;15.3476707535464;9.96689392524839;6894
-5.5363;48.7893833333333;15.3476707535464;9.96689392524839;6906
-5.5346;48.7901333333333;15.5192795126532;9.69752213117134;6921
-5.5331;48.7908;15.5192795126532;9.69752213117134;6936
-5.53183333333333;48.7913833333333;15.5192795126532;9.69752213117134;6947
-5.53066666666667;48.7919;15.5192795126532;9.69752213117134;6954
-5.52936666666667;48.79245;15.3476707535464;9.96689392524839;6967
-5.52808333333333;48.7930333333333;15.3476707535464;9.96689392524839;6981
-5.5268;48.7935833333333;15.3476707535464;9.96689392524839;6989
-5.52551666666667;48.7941333333333;15.3476707535464;9.96689392524839;7009
-5.52425;48.7947;15.3476707535464;9.96689392524839;7016
-5.52276666666667;48.7953666666667;15.3476707535464;9.96689392524839;7027
-5.52235;48.79555;15.3476707535464;9.96689392524839;7035
-5.52171666666667;48.79585;15.3476707535464;9.96689392524839;7041
-5.52043333333333;48.7964166666667;15.3476707535464;9.96689392524839;7051
-5.5198;48.7967;15.3476707535464;9.96689392524839;7056
-5.51906666666667;48.79705;15.3476707535464;9.96689392524839;7065
-5.52043333333333;48.7964166666667;15.3476707535464;9.96689392524839;7070
-5.51715;48.7979166666667;15.3476707535464;9.96689392524839;7082
-5.5165;48.7981833333333;15.4315381302684;10.0213580365132;7087
-5.51545;48.7986833333333;15.3476707535464;9.96689392524839;7100
-5.51458333333333;48.79905;15.5192795126532;9.69752213117134;7108
-5.5134;48.7995833333333;15.6040846457736;9.75051425974281;7116
-5.51256666666667;48.7999666666667;15.3476707535464;9.96689392524839;7128
-5.51146666666667;48.8004166666667;15.6040846457736;9.75051425974281;7135
-5.51063333333333;48.8008166666667;15.4315381302684;10.0213580365132;7142
-5.50998333333333;48.8010833333333;15.3476707535464;9.96689392524839;7147
-5.50935;48.8013833333333;15.6040846457736;9.75051425974281;7160
-5.50826666666667;48.80185;15.3476707535464;9.96689392524839;7165
-5.50773333333333;48.8020833333333;15.6040846457736;9.75051425974281;7171
-5.50688333333333;48.8024833333333;15.4315381302684;10.0213580365132;7176
-5.50623333333333;48.80275;15.3476707535464;9.96689392524839;7184
-5.5043;48.8036;15.1713869452518;10.2332297068843;7203
-5.50366666666667;48.8038833333333;15.25429101876;10.2891492105466;7211
-5.50261666666667;48.8043833333333;15.25429101876;10.2891492105466;7220
-5.50131666666667;48.8049333333333;15.25429101876;10.2891492105466;7230
-5.49983333333333;48.8056166666667;14.9904817855251;10.4964483476201;7245
-5.49921666666667;48.8059166666667;15.3476707535464;9.96689392524839;7252
-5.4986;48.8062333333333;15.1713869452518;10.2332297068843;7258
-5.4967;48.8071;15.1713869452518;10.2332297068843;7274
-5.49605;48.8073833333333;14.9904817855251;10.4964483476201;7281
-5.49551666666667;48.8076166666667;15.1713869452518;10.2332297068843;7287
-5.49426666666667;48.8082;14.9904817855251;10.4964483476201;7296
-5.49341666666667;48.8085833333333;14.9904817855251;10.4964483476201;7302
-5.49301666666667;48.8088;14.9904817855251;10.4964483476201;7312
-5.49218333333333;48.8091833333333;14.8050103798306;10.7564696685077;7318
-5.49093333333333;48.8097833333333;14.8050103798306;10.7564696685077;7328
-5.49051666666667;48.8099833333333;14.8050103798306;10.7564696685077;7335
-5.4899;48.8103;14.8050103798306;10.7564696685077;7340
-5.48926666666667;48.8105833333333;14.6150292245549;11.0132144645341;7350
-5.48866666666667;48.8109;14.8050103798306;10.7564696685077;7359
-5.48743333333333;48.8115166666667;14.8050103798306;10.7564696685077;7364
-5.48601666666667;48.8122333333333;14.724109914855;10.6976920401676;7378
-5.48476666666667;48.81285;14.8050103798306;10.7564696685077;7387
-5.48381666666667;48.8132666666667;15.0884844530072;10.1773112697979;7400
-5.48321666666667;48.8136;14.8050103798306;10.7564696685077;7411
-5.4805;48.81485;14.9085678310231;10.4390915791931;7432
-5.47928333333333;48.8154666666667;14.9085678310231;10.4390915791931;7440
-5.47803333333333;48.8160666666667;14.9904817855251;10.4964483476201;7453
-5.4774;48.81635;14.9085678310231;10.4390915791931;7465
-5.47615;48.81695;14.9904817855251;10.4964483476201;7470
-5.47553333333333;48.81725;14.9085678310231;10.4390915791931;7478
-5.47493333333333;48.81755;14.9085678310231;10.4390915791931;7485
-5.47368333333333;48.81815;14.9904817855251;10.4964483476201;7494
-5.47316666666667;48.8184;14.8266523141125;10.381733716756;7500
-5.4719;48.8189666666667;14.9085678310231;10.4390915791931;7513
-5.47128333333333;48.8192666666667;14.8266523141125;10.381733716756;7520
-5.4694;48.82015;14.9085678310231;10.4390915791931;7539
-5.4688;48.82045;14.724109914855;10.6976920401676;7545
-5.46816666666667;48.8207333333333;14.9085678310231;10.4390915791931;7552
-5.46755;48.8210333333333;14.9085678310231;10.4390915791931;7558
-5.46671666666667;48.8214333333333;14.9085678310231;10.4390915791931;7566
-5.4661;48.8217333333333;14.9085678310231;10.4390915791931;7571
-5.4657;48.8219333333333;14.724109914855;10.6976920401676;7578
-5.46383333333333;48.8228333333333;14.8266523141125;10.381733716756;7591
-5.46298333333333;48.8232166666667;15.0884844530072;10.1773112697979;7597
-5.46238333333333;48.8235333333333;14.9085678310231;10.4390915791931;7603
-5.46081666666667;48.82425;14.9085678310231;10.4390915791931;7620
-5.45998333333333;48.8246333333333;14.9085678310231;10.4390915791931;7631
-5.45871666666667;48.8252166666667;14.9085678310231;10.4390915791931;7640
-5.45748333333333;48.8258;14.9085678310231;10.4390915791931;7650
-5.45686666666667;48.8261166666667;15.0884844530072;10.1773112697979;7657
-5.45625;48.8264;14.643207906802;10.638913290716;7664
-5.45748333333333;48.8258;14.9085678310231;10.4390915791931;7670
-5.455;48.8269833333333;14.9085678310231;10.4390915791931;7679
-5.45436666666667;48.8272666666667;14.643207906802;10.638913290716;7687
-5.45315;48.8278666666667;14.8266523141125;10.381733716756;7693
-5.4519;48.82845;14.8266523141125;10.381733716756;7704
-5.45126666666667;48.8287333333333;14.8266523141125;10.381733716756;7710
-5.4495;48.8295666666667;14.8266523141125;10.381733716756;7729
-5.44763333333333;48.83045;14.8266523141125;10.381733716756;7747
-5.44638333333333;48.8310333333333;14.8266523141125;10.381733716756;7759
-5.44576666666667;48.8313333333333;14.9085678310231;10.4390915791931;7767
-5.44513333333333;48.8316166666667;14.643207906802;10.638913290716;7772
-5.44451666666667;48.8319166666667;14.8266523141125;10.381733716756;7777
-5.4439;48.8322166666667;14.9085678310231;10.4390915791931;7782
-5.44328333333333;48.8325;14.643207906802;10.638913290716;7790
-5.44265;48.8328;14.8266523141125;10.381733716756;7797
-5.44203333333333;48.8331;14.9085678310231;10.4390915791931;7806
-5.44058333333333;48.8337833333333;14.8266523141125;10.381733716756;7813
-5.43996666666667;48.8340833333333;14.8266523141125;10.381733716756;7818
-5.43935;48.8343833333333;14.9085678310231;10.4390915791931;7830
-5.43893333333333;48.8345833333333;14.9085678310231;10.4390915791931;7835
-5.4382;48.8349166666667;15.0884844530072;10.1773112697979;7840
-5.43778333333333;48.8351166666667;14.9085678310231;10.4390915791931;7851
-5.43631666666667;48.8358;14.9085678310231;10.4390915791931;7856
-5.43591666666667;48.836;14.9085678310231;10.4390915791931;7864
-5.43506666666667;48.8363833333333;15.0884844530072;10.1773112697979;7871
-5.43446666666667;48.8366833333333;14.9085678310231;10.4390915791931;7878
-5.4332;48.8372666666667;15.0884844530072;10.1773112697979;7887
-5.43258333333333;48.8375666666667;14.9085678310231;10.4390915791931;7896
-5.43131666666667;48.8381333333333;14.8266523141125;10.381733716756;7902
-5.4307;48.8384333333333;14.9085678310231;10.4390915791931;7908
-5.42881666666667;48.8393;15.0884844530072;10.1773112697979;7932
-5.42703333333333;48.8401166666667;14.9085678310231;10.4390915791931;7944
-5.42576666666667;48.8407;14.9085678310231;10.4390915791931;7958
-5.42515;48.841;15.1713869452518;10.2332297068843;7970
-5.42326666666667;48.84185;15.0884844530072;10.1773112697979;7980
-5.42263333333333;48.84215;14.9085678310231;10.4390915791931;7987
-5.422;48.8424333333333;14.9085678310231;10.4390915791931;7995
-5.42136666666667;48.8427166666667;14.9085678310231;10.4390915791931;8000
-5.42053333333333;48.8431166666667;14.9085678310231;10.4390915791931;8006
-5.42011666666667;48.8433;14.9085678310231;10.4390915791931;8011
-5.41865;48.8439833333333;14.9085678310231;10.4390915791931;8022
-5.41801666666667;48.8442666666667;14.9085678310231;10.4390915791931;8029
-5.4174;48.8445666666667;14.8050103798306;10.7564696685077;8036
-5.41635;48.84505;14.9085678310231;10.4390915791931;8052
-5.41458333333333;48.8458833333333;14.9085678310231;10.4390915791931;8064
-5.41371666666667;48.8462666666667;14.9904817855251;10.4964483476201;8071
-5.41246666666667;48.84685;14.9085678310231;10.4390915791931;8083
-5.41121666666667;48.84745;14.9085678310231;10.4390915791931;8096
-5.40995;48.848;14.9085678310231;10.4390915791931;8111
-5.40868333333333;48.8485666666667;14.724109914855;10.6976920401676;8121
-5.40765;48.8490666666667;14.8266523141125;10.381733716756;8131
-5.40618333333333;48.8497333333333;14.9085678310231;10.4390915791931;8143
-5.40556666666667;48.8500333333333;14.8266523141125;10.381733716756;8152
-5.40493333333333;48.8503166666667;14.8266523141125;10.381733716756;8159
-5.40381666666667;48.8508666666667;14.8266523141125;10.381733716756;8168
-5.40316666666667;48.8511333333333;14.8266523141125;10.381733716756;8178
-5.40191666666667;48.8517166666667;15.005580379499;10.1213917661357;8184
-5.40128333333333;48.852;14.8266523141125;10.381733716756;8191
-5.40065;48.8523;14.643207906802;10.638913290716;8201
-5.3998;48.8526666666667;14.9085678310231;10.4390915791931;8206
-5.3994;48.8528833333333;14.8266523141125;10.381733716756;8212
-5.39813333333333;48.8534333333333;14.9085678310231;10.4390915791931;8220
-5.39753333333333;48.85375;14.9085678310231;10.4390915791931;8232
-5.39625;48.8543166666667;14.8266523141125;10.381733716756;8240
-5.39498333333333;48.8548833333333;14.9085678310231;10.4390915791931;8255
-5.39561666666667;48.8546;14.9085678310231;10.4390915791931;8261
-5.3929;48.85585;14.9085678310231;10.4390915791931;8268
-5.39248333333333;48.85605;15.0884844530072;10.1773112697979;8274
-5.39111666666667;48.8566666666667;15.0884844530072;10.1773112697979;8291
-5.39046666666667;48.85695;15.2638049764616;9.9124308528001;8299
-5.38941666666667;48.8574333333333;15.0884844530072;10.1773112697979;8304
-5.38878333333333;48.8577;15.2638049764616;9.9124308528001;8310
-5.38815;48.858;15.2638049764616;9.9124308528001;8317
-5.38601666666667;48.8589333333333;15.4344759970563;9.64453101334064;8340
-5.38473333333333;48.8594666666667;15.2638049764616;9.9124308528001;8351
-5.38408333333333;48.85975;15.4344759970563;9.64453101334064;8360
-5.38216666666667;48.8605833333333;15.349670863936;9.59153888476917;8370
-5.38086666666667;48.8611166666667;15.2638049764616;9.9124308528001;8385
-5.37968333333333;48.8616166666667;15.2638049764616;9.9124308528001;8394
-5.3784;48.8621833333333;15.2638049764616;9.9124308528001;8407
-5.37775;48.8624333333333;15.2638049764616;9.9124308528001;8413
-5.37646666666667;48.863;15.2638049764616;9.9124308528001;8428
-5.37453333333333;48.8638333333333;15.2638049764616;9.9124308528001;8442
-5.3739;48.8641;15.4344759970563;9.64453101334064;8455
-5.37171666666667;48.8649833333333;15.4344759970563;9.64453101334064;8468
-5.3713;48.8651833333333;15.2638049764616;9.9124308528001;8473
-5.37065;48.86545;15.2638049764616;9.9124308528001;8479
-5.36936666666667;48.866;15.2638049764616;9.9124308528001;8490
-5.3687;48.86625;15.2638049764616;9.9124308528001;8497
-5.36816666666667;48.8665;15.2638049764616;9.9124308528001;8504
-5.36753333333333;48.8667666666667;15.2638049764616;9.9124308528001;8509
-5.36688333333333;48.86705;15.2638049764616;9.9124308528001;8519
-5.36538333333333;48.8676833333333;15.0884844530072;10.1773112697979;8527
-5.36473333333333;48.8679666666667;15.2638049764616;9.9124308528001;8535
-5.3641;48.86825;15.2638049764616;9.9124308528001;8544
-5.36281666666667;48.8688;15.0884844530072;10.1773112697979;8551
-5.36153333333333;48.8693666666667;15.0884844530072;10.1773112697979;8564
-5.36046666666667;48.8698333333333;15.2638049764616;9.9124308528001;8575
-5.35983333333333;48.8701166666667;15.0884844530072;10.1773112697979;8583
-5.35896666666667;48.8704666666667;15.4344759970563;9.64453101334064;8591
-5.35768333333333;48.8710166666667;15.2638049764616;9.9124308528001;8598
-5.35703333333333;48.8713;15.2638049764616;9.9124308528001;8608
-5.35585;48.8718;15.2638049764616;9.9124308528001;8621
-5.35523333333333;48.8720833333333;15.2638049764616;9.9124308528001;8627
-5.35395;48.87265;15.2638049764616;9.9124308528001;8636
-5.35328333333333;48.8729;15.2638049764616;9.9124308528001;8641
-5.35243333333333;48.8732833333333;15.2638049764616;9.9124308528001;8651
-5.35135;48.8737166666667;15.0884844530072;10.1773112697979;8659
-5.35048333333333;48.8741;15.3476707535464;9.96689392524839;8668
-5.34921666666667;48.87465;15.005580379499;10.1213917661357;8678
-5.34876666666667;48.8748166666667;15.2638049764616;9.9124308528001;8683
-5.3481;48.8750833333333;15.3476707535464;9.96689392524839;8690
-5.34681666666667;48.8756333333333;15.005580379499;10.1213917661357;8701
-5.34616666666667;48.8759166666667;15.2638049764616;9.9124308528001;8709
-5.34488333333333;48.8764666666667;15.005580379499;10.1213917661357;8721
-5.3435;48.8770666666667;15.2638049764616;9.9124308528001;8736
-5.34241666666667;48.8775;15.1799375997396;9.8579667415353;8743
-5.34158333333333;48.8779;15.005580379499;10.1213917661357;8750
-5.34115;48.8780666666667;15.1799375997396;9.8579667415353;8757
-5.33965;48.8787166666667;15.005580379499;10.1213917661357;8769
-5.33921666666667;48.8788833333333;15.005580379499;10.1213917661357;8778
-5.33771666666667;48.8795333333333;15.2638049764616;9.9124308528001;8785
-5.33728333333333;48.8797166666667;15.0884844530072;10.1773112697979;8791
-5.33591666666667;48.8803166666667;15.005580379499;10.1213917661357;8802
-5.33528333333333;48.8806166666667;15.0884844530072;10.1773112697979;8809
-5.33591666666667;48.8803166666667;15.005580379499;10.1213917661357;8818
-5.33316666666667;48.88155;15.0884844530072;10.1773112697979;8828
-5.33273333333333;48.8817333333333;15.2638049764616;9.9124308528001;8833
-5.33198333333333;48.8820666666667;15.2638049764616;9.9124308528001;8840
-5.33135;48.88235;15.2638049764616;9.9124308528001;8845
-5.3307;48.8826166666667;15.2638049764616;9.9124308528001;8850
-5.33008333333333;48.8829;15.4344759970563;9.64453101334064;8860
-5.32941666666667;48.8831666666667;15.4344759970563;9.64453101334064;8867
-5.32748333333333;48.884;15.6861609488819;9.42519637791113;8880
-5.32685;48.8842833333333;15.4344759970563;9.64453101334064;8888
-5.3264;48.88445;15.4344759970563;9.64453101334064;8893
-5.32573333333333;48.8847;15.6861609488819;9.42519637791113;8898
-5.32356666666667;48.8856;15.6004455267452;9.37369335630586;8917
-5.32293333333333;48.8859;15.4344759970563;9.64453101334064;8922
-5.32096666666667;48.8866666666667;15.349670863936;9.59153888476917;8941
-5.31913333333333;48.8874;15.349670863936;9.59153888476917;8959
-5.31848333333333;48.8876833333333;15.349670863936;9.59153888476917;8971
-5.31696666666667;48.8883;15.2638049764616;9.9124308528001;8977
-5.31848333333333;48.8876833333333;15.349670863936;9.59153888476917;8986
-5.31588333333333;48.8887666666667;15.4344759970563;9.64453101334064;8991
-5.3146;48.8893166666667;15.4344759970563;9.64453101334064;9003
-5.31395;48.8895833333333;15.4344759970563;9.64453101334064;9009
-5.31266666666667;48.8901333333333;15.349670863936;9.59153888476917;9022
-5.31115;48.8907833333333;15.4344759970563;9.64453101334064;9031
-5.3105;48.89105;15.4344759970563;9.64453101334064;9037
-5.30985;48.8913166666667;15.2638049764616;9.9124308528001;9042
-5.30918333333333;48.8915833333333;15.2638049764616;9.9124308528001;9048
-5.30865;48.8918;15.0884844530072;10.1773112697979;9064
-5.30691666666667;48.8925333333333;14.724109914855;10.6976920401676;9073
-5.3063;48.8928166666667;14.5351668921713;10.9530338805157;9079
-5.30566666666667;48.8931166666667;14.3417963168468;11.2050393206394;9087
-5.30421666666667;48.8938166666667;14.3417963168468;11.2050393206394;9100
-5.303;48.8944166666667;13.9420094492109;11.698734986703;9110
-5.3024;48.8947333333333;13.9420094492109;11.698734986703;9120
-5.3012;48.89535;13.4509216246281;12.1112642303484;9127
-5.30003333333333;48.896;13.2375022782963;12.3441705772929;9141
-5.29943333333333;48.8963333333333;13.0200506605359;12.573316770299;9148
-5.2983;48.897;13.0200506605359;12.573316770299;9157
-5.29773333333333;48.89735;12.7986330092163;12.7986330092163;9163
-5.29726666666667;48.8976333333333;12.8693439570748;12.8693439570748;9168
-5.2967;48.8979833333333;12.573316770299;13.0200506605359;9181
-5.29561666666667;48.8986833333333;12.3441705772929;13.2375022782963;9187
-5.29508333333333;48.89905;12.3441705772929;13.2375022782963;9193
-5.29453333333333;48.8994;12.1112642303484;13.4509216246281;9202
-5.29401666666667;48.8997666666667;11.8746686749948;13.660243689931;9209
-5.29296666666667;48.9005;11.6344559805304;13.8654047126763;9218
-5.29228333333333;48.9009833333333;11.3906993180687;14.0663421988288;9229
-5.29143333333333;48.9016166666667;11.1434729382506;14.2629949408839;9235
-5.29093333333333;48.902;10.8928521486263;14.4553030365113;9240
-5.29045;48.9023833333333;10.638913290716;14.643207906802;9248
-5.28996666666667;48.9027833333333;10.638913290716;14.643207906802;9257
-5.28888333333333;48.9037166666667;10.381733716756;14.8266523141125;9265
-5.28951666666667;48.9031833333333;10.3243758543188;14.7447367972019;9272
-5.28813333333333;48.9043666666667;10.0654722624734;14.9226763059907;9277
-5.28888333333333;48.9037166666667;10.381733716756;14.8266523141125;9282
-5.28673333333333;48.9056666666667;9.80350263027049;15.0960702230176;9295
-5.28631666666667;48.9060833333333;9.80350263027049;15.0960702230176;9300
-5.28586666666667;48.9064833333333;9.53854675619769;15.2648657308157;9307
-5.28545;48.9069;9.53854675619769;15.2648657308157;9316
-5.28381666666667;48.9085833333333;8.94999980926513;15.501854397379;9335
-5.28341666666667;48.909;8.94999980926513;15.501854397379;9343
-5.28265;48.9098666666667;8.94999980926513;15.501854397379;9355
-5.28231666666667;48.9103166666667;8.67809201746924;15.6556924241542;9367
-5.2812;48.9116166666667;8.67809201746924;15.6556924241542;9379
-5.28078333333333;48.9120333333333;8.94999980926513;15.501854397379;9386
-5.28015;48.91285;8.94999980926513;15.501854397379;9400
-5.27943333333333;48.9137333333333;8.94999980926513;15.501854397379;9410
-5.27793333333333;48.9154666666667;9.27068534838097;15.429011412638;9438
-5.27716666666667;48.9163166666667;9.27068534838097;15.429011412638;9445
-5.2768;48.9167666666667;9;15.5884572681199;9451
-5.27643333333333;48.9172;8.94999980926513;15.501854397379;9458
-5.27603333333333;48.9176166666667;9.27068534838097;15.429011412638;9463
-5.27568333333333;48.9180666666667;9;15.5884572681199;9468
-5.27531666666667;48.9185;9.27068534838097;15.429011412638;9475
-5.27481666666667;48.9190833333333;9.27068534838097;15.429011412638;9485
-5.27418333333333;48.9198;9.27068534838097;15.429011412638;9492
-5.27381666666667;48.92025;9;15.5884572681199;9499
-5.27311666666667;48.92105;8.72657316443407;15.7431547285091;9513
-5.27225;48.9220666666667;8.77505431139889;15.830617032864;9525
-5.27198333333333;48.92235;8.77505431139889;15.830617032864;9530
-5.27161666666667;48.9228;8.77505431139889;15.830617032864;9539
-5.27125;48.9232333333333;8.45048813014603;15.8930566714607;9549
-5.27005;48.9247166666667;8.21722821846943;16.1272184277015;9560
-5.26971666666667;48.9251666666667;8.21722821846943;16.1272184277015;9565
-5.26935;48.9256166666667;8.49743546551381;15.9813517675644;9571
-5.26905;48.9260833333333;8.49743546551381;15.9813517675644;9578
-5.26868333333333;48.9265166666667;8.77505431139889;15.830617032864;9583
-5.26935;48.9256166666667;8.49743546551381;15.9813517675644;9588
-5.268;48.9274166666667;9.05000019073486;15.6750601388608;9595
-5.26766666666667;48.9278833333333;9.37369335630585;15.6004455267452;9605
-5.26665;48.92915;9.9124308528001;15.2638049764616;9618
-5.26585;48.9300166666667;10.1773112697979;15.0884844530072;9630
-5.26545;48.93045;10.1773112697979;15.0884844530072;9637
-5.26503333333333;48.9308666666667;10.1773112697979;15.0884844530072;9643
-5.26465;48.9313166666667;10.4390915791931;14.9085678310231;9650
-5.26421666666667;48.9317333333333;10.4390915791931;14.9085678310231;9659
-5.26383333333333;48.9321666666667;10.7564696685077;14.8050103798306;9665
-5.26285;48.9331666666667;11.0132144645341;14.6150292245549;9672
-5.26198333333333;48.934;11.2050393206394;14.3417963168468;9687
-5.26123333333333;48.9347;11.2666045287471;14.4205961897985;9696
-5.26168333333333;48.9342833333333;11.2666045287471;14.4205961897985;9701
-5.26033333333333;48.9355333333333;11.2666045287471;14.4205961897985;9708
-5.25986666666667;48.9359333333333;11.2050393206394;14.3417963168468;9715
-5.25923333333333;48.9364666666667;11.0132144645341;14.6150292245549;9720
-5.25901666666667;48.9366833333333;11.0132144645341;14.6150292245549;9727
-5.25833333333333;48.9371833333333;10.7564696685077;14.8050103798306;9735
-5.25743333333333;48.938;10.2332297068843;15.1713869452518;9751
-5.25663333333333;48.9387833333333;10.1773112697979;15.0884844530072;9757
-5.25615;48.9391666666667;10.1773112697979;15.0884844530072;9763
-5.25578333333333;48.9396166666667;10.49644834762;14.9904817855251;9770
-5.25493333333333;48.9404666666667;10.6976920401676;14.724109914855;9780
-5.25448333333333;48.9408833333333;10.9530338805157;14.5351668921713;9788
-5.25301666666667;48.9422666666667;11.2050393206394;14.3417963168468;9804
-5.25273333333333;48.94255;11.2666045287471;14.4205961897985;9814
-5.25181666666667;48.9433666666667;11.4536315972404;14.1440570914322;9822
-5.25136666666667;48.9437666666667;11.698734986703;13.9420094492109;9828
-5.25088333333333;48.9441833333333;11.7630127668556;14.0186127246318;9834
-5.24988333333333;48.94505;11.9402748281605;13.7357149358522;9848
-5.24938333333333;48.94545;12.005879729993;13.811184742279;9853
-5.24906666666667;48.9457166666667;11.7630127668556;14.0186127246318;9859
-5.24856666666667;48.9461;12.005879729993;13.811184742279;9867
-5.24693333333333;48.9474166666667;12.005879729993;13.811184742279;9882
-5.24641666666667;48.9477833333333;11.9402748281605;13.7357149358522;9888
-5.24593333333333;48.9481833333333;12.245089585861;13.5995497392618;9894
-5.24545;48.9485833333333;12.245089585861;13.5995497392618;9900
-5.24493333333333;48.9489666666667;12.4805694688203;13.3837721816522;9907
-5.24445;48.9493666666667;12.7122476494174;13.1639177973846;9915
-5.24395;48.94975;12.9400535562342;12.9400535562342;9920
-5.24348333333333;48.9501666666667;12.9400535562342;12.9400535562342;9926
-5.24293333333333;48.9505166666667;13.1639177973846;12.7122476494174;9935
-5.24188333333333;48.9512666666667;13.0919849149762;12.642782872336;9942
-5.24143333333333;48.95155;12.8693439570748;12.8693439570748;9954
-5.24188333333333;48.9512666666667;13.0919849149762;12.642782872336;9960
-5.24143333333333;48.95155;12.8693439570748;12.8693439570748;9968
-5.23928333333333;48.9530166666667;13.3837721816522;12.4805694688203;9974
-5.23875;48.9534;13.3837721816522;12.4805694688203;9979
-5.23821666666667;48.95375;13.5252363906631;12.1781775462374;9984
-5.23765;48.9541;13.811184742279;12.005879729993;9993
-5.23713333333333;48.9544666666667;13.811184742279;12.005879729993;10001
-5.236;48.9551666666667;13.7357149358522;11.9402748281605;10010
-5.23541666666667;48.9555;14.0186127246318;11.7630127668556;10020
-5.23406666666667;48.9562833333333;13.811184742279;12.005879729993;10027
-5.23368333333333;48.9565;14.0186127246318;11.7630127668556;10035
-5.2331;48.95685;13.9420094492109;11.698734986703;10040
-5.23195;48.9575166666667;14.2217705017473;11.5165626760787;10051
-5.23138333333333;48.9578666666667;14.4205961897985;11.2666045287471;10057
-5.22911666666667;48.9591166666667;14.8050103798306;10.7564696685077;10080
-5.22833333333333;48.95955;14.8050103798306;10.7564696685077;10087
-5.2279;48.95975;14.8050103798306;10.7564696685077;10094
-5.22668333333333;48.9603833333333;14.9904817855251;10.4964483476201;10104
-5.22605;48.9606833333333;14.9904817855251;10.4964483476201;10111
-5.22398333333333;48.9617;15.0723973024357;10.5538062100572;10128
-5.22273333333333;48.9623166666667;15.25429101876;10.2891492105466;10139
-5.22148333333333;48.9629166666667;15.4315381302684;10.0213580365132;10154
-5.22085;48.9632166666667;15.6040846457736;9.75051425974281;10159
-5.22021666666667;48.9635166666667;15.7718780059355;9.47670038187357;10164
-5.21956666666667;48.9638;15.7718780059355;9.47670038187357;10170
-5.21903333333333;48.9640333333333;15.6861609488819;9.42519637791113;10179
-5.21771666666667;48.9645666666667;15.7718780059355;9.47670038187357;10189
-5.21573333333333;48.9653666666667;15.5192795126532;9.69752213117134;10206
-5.21506666666667;48.9656333333333;15.6040846457736;9.75051425974281;10215
-5.2144;48.9659;15.4315381302684;10.0213580365132;10225
-5.2131;48.96645;15.3476707535464;9.96689392524839;10230
-5.21245;48.9667333333333;15.4315381302684;10.0213580365132;10237
-5.21115;48.9672833333333;15.1713869452518;10.2332297068843;10249
-5.21028333333333;48.9676666666667;15.4315381302684;10.0213580365132;10258
-5.209;48.9682333333333;15.1713869452518;10.2332297068843;10267
-5.20856666666667;48.9684166666667;15.3476707535464;9.96689392524839;10275
-5.20793333333333;48.9687166666667;15.25429101876;10.2891492105466;10280
-5.20716666666667;48.9690333333333;15.4315381302684;10.0213580365132;10285
-5.21115;48.9672833333333;15.1713869452518;10.2332297068843;10296
-5.20461666666667;48.9701833333333;15.4315381302684;10.0213580365132;10312
-5.20266666666667;48.9710333333333;15.6040846457736;9.75051425974281;10327
-5.20201666666667;48.9713166666667;15.6040846457736;9.75051425974281;10334
-5.20071666666667;48.9718833333333;15.6040846457736;9.75051425974281;10345
-5.19941666666667;48.97245;15.6040846457736;9.75051425974281;10357
-5.19876666666667;48.9727333333333;15.4315381302684;10.0213580365132;10363
-5.1981;48.973;15.7718780059355;9.47670038187357;10370
-5.19611666666667;48.9738166666667;15.7718780059355;9.47670038187357;10387
-5.19493333333333;48.9743333333333;15.7718780059355;9.47670038187357;10401
-5.1936;48.9748833333333;15.8575950629891;9.52820438583601;10411
-5.19295;48.97515;15.7718780059355;9.47670038187357;10417
-5.19226666666667;48.9754;15.9348670992712;9.19999980926514;10423
-5.1936;48.9748833333333;15.8575950629891;9.52820438583601;10432
-5.19026666666667;48.9762;15.9348670992712;9.19999980926514;10443
-5.1894;48.9765666666667;15.7718780059355;9.47670038187357;10449
-5.18895;48.9767333333333;15.7718780059355;9.47670038187357;10459
-5.1874;48.97735;15.7718780059355;9.47670038187357;10465
-5.18695;48.9775166666667;15.6861609488819;9.42519637791113;10471
-5.18828333333333;48.9769833333333;15.9348670992712;9.19999980926514;10477
-5.1854;48.9781333333333;15.9348670992712;9.19999980926514;10483
-5.18496666666667;48.9783166666667;15.7718780059355;9.47670038187357;10489
-5.18361666666667;48.9788166666667;15.6861609488819;9.42519637791113;10501
-5.18296666666667;48.9790833333333;15.6861609488819;9.42519637791113;10507
-5.18086666666667;48.9799166666667;15.6861609488819;9.42519637791113;10525
-5.18018333333333;48.9801833333333;15.7718780059355;9.47670038187357;10531
-5.17951666666667;48.98045;15.7718780059355;9.47670038187357;10537
-5.17886666666667;48.9807166666667;15.6861609488819;9.42519637791113;10543
-5.17841666666667;48.9808833333333;15.6861609488819;9.42519637791113;10549
-5.17753333333333;48.98125;15.7718780059355;9.47670038187357;10556
-5.1762;48.9817666666667;15.6861609488819;9.42519637791113;10568
-5.17553333333333;48.9820333333333;15.6861609488819;9.42519637791113;10573
-5.1742;48.9825666666667;15.7718780059355;9.47670038187357;10585
-5.17353333333333;48.9828166666667;15.6861609488819;9.42519637791113;10590
-5.17286666666667;48.9830833333333;15.7718780059355;9.47670038187357;10597
-5.1722;48.9833666666667;15.7718780059355;9.47670038187357;10606
-5.16963333333333;48.98435;15.7718780059355;9.47670038187357;10627
-5.16896666666667;48.9846166666667;15.7718780059355;9.47670038187357;10633
-5.16765;48.9851333333333;15.6861609488819;9.42519637791113;10647
-5.1663;48.9856833333333;15.7718780059355;9.47670038187357;10658
-5.16498333333333;48.9862166666667;15.9348670992712;9.19999980926514;10668
-5.1663;48.9856833333333;15.7718780059355;9.47670038187357;10676
-5.16365;48.9867333333333;15.9348670992712;9.19999980926514;10681
-5.16166666666667;48.9875;16.0214699700121;9.25;10701
-5.16101666666667;48.9878;15.7718780059355;9.47670038187357;10707
-5.15966666666667;48.9882833333333;15.9348670992712;9.19999980926514;10722
-5.15711666666667;48.9893;15.7718780059355;9.47670038187357;10741
-5.1549;48.9901333333333;15.6861609488819;9.42519637791113;10758
-5.15356666666667;48.99065;15.6861609488819;9.42519637791113;10771
-5.15158333333333;48.9914333333333;15.6861609488819;9.42519637791113;10788
-5.15091666666667;48.9917;15.6861609488819;9.42519637791113;10798
-5.1496;48.9922333333333;15.6861609488819;9.42519637791113;10809
-5.14826666666667;48.99275;15.7718780059355;9.47670038187357;10819
-5.14761666666667;48.9930166666667;15.6861609488819;9.42519637791113;10824
-5.14693333333333;48.9932666666667;15.8482642285303;9.14999961853028;10831
-5.14626666666667;48.9935333333333;15.7718780059355;9.47670038187357;10838
-5.14505;48.994;15.8482642285303;9.14999961853028;10849
-5.1444;48.9942833333333;15.7718780059355;9.47670038187357;10856
-5.14371666666667;48.9945166666667;15.7718780059355;9.47670038187357;10861
-5.14306666666667;48.9948;15.7718780059355;9.47670038187357;10868
-5.14171666666667;48.9953166666667;15.7718780059355;9.47670038187357;10879
-5.14038333333333;48.9958333333333;15.7718780059355;9.47670038187357;10891
-5.1395;48.9962;15.7718780059355;9.47670038187357;10901
-5.13881666666667;48.99645;16.0214699700121;9.25;10910
-5.14371666666667;48.9945166666667;15.7718780059355;9.47670038187357;10919
-5.13638333333333;48.9974333333333;15.9348670992712;9.19999980926514;10932
-5.13483333333333;48.9980333333333;15.7718780059355;9.47670038187357;10942
-5.13225;48.9990333333333;16.0214699700121;9.25;10965
-5.13091666666667;48.9995666666667;16.0214699700121;9.25;10977
-5.10865;49.0082333333333;15.8575950629891;9.52820438583601;11173
-5.10798333333333;49.0085;15.8575950629891;9.52820438583601;11179
-5.10743333333333;49.0087166666667;16.0214699700121;9.25;11186
-5.10565;49.0094333333333;15.8575950629891;9.52820438583601;11205
-5.10273333333333;49.0105666666667;16.108072840753;9.30000019073487;11228
-5.10071666666667;49.0113666666667;16.108072840753;9.30000019073487;11247
-5.09801666666667;49.0124333333333;16.108072840753;9.30000019073487;11270
-5.09666666666667;49.01295;16.108072840753;9.30000019073487;11280
-5.09598333333333;49.0132166666667;16.2679268864337;9.01745912152206;11291
-5.09476666666667;49.0137166666667;16.2679268864337;9.01745912152206;11299
-5.0934;49.0142333333333;16.2679268864337;9.01745912152206;11310
-5.09271666666667;49.0145;16.2679268864337;9.01745912152206;11319
-5.09203333333333;49.01475;16.2679268864337;9.01745912152206;11329
-5.09066666666667;49.0152666666667;16.2679268864337;9.01745912152206;11334
-5.09203333333333;49.01475;16.2679268864337;9.01745912152206;11340
-5.08861666666667;49.0160333333333;16.3553891907886;9.06594026848689;11352
-5.08725;49.0165333333333;16.2679268864337;9.01745912152206;11366
-5.08586666666667;49.01705;16.3553891907886;9.06594026848689;11377
-5.08448333333333;49.01755;16.3553891907886;9.06594026848689;11390
-5.08253333333333;49.01825;16.2679268864337;9.01745912152206;11410
-5.08025;49.0190833333333;16.2679268864337;9.01745912152206;11425
-5.07751666666667;49.0201;16.2679268864337;9.01745912152206;11450
-5.0757;49.0207666666667;16.1804645820788;8.96897797455724;11468
-5.07478333333333;49.0211;16.2679268864337;9.01745912152206;11473
-5.0757;49.0207666666667;16.1804645820788;8.96897797455724;11481
-5.07136666666667;49.0223666666667;16.2679268864337;9.01745912152206;11504
-5.06998333333333;49.0228666666667;16.5111206600975;8.77911858227454;11519
-5.06871666666667;49.0233333333333;16.4228255639938;8.73217124690676;11527
-5.06735;49.0238333333333;16.5111206600975;8.77911858227454;11539
-5.06525;49.0245666666667;16.5111206600975;8.77911858227454;11558
-5.06386666666667;49.0250666666667;16.6618226821065;8.48962269149679;11571
-5.06248333333333;49.0255833333333;16.5111206600975;8.77911858227454;11581
-5.06176666666667;49.0258;16.7509219749573;8.53502104873622;11588
-5.0611;49.0260833333333;16.6618226821065;8.48962269149679;11593
-5.05806666666667;49.0271333333333;16.7509219749573;8.53502104873622;11616
-5.05736666666667;49.0273833333333;16.7509219749573;8.53502104873622;11630
-5.0563;49.0277333333333;16.7509219749573;8.53502104873622;11635
-5.05278333333333;49.02895;16.7509219749573;8.53502104873622;11664
-5.05185;49.0292666666667;16.8973273846989;8.24137722518401;11670
-5.05113333333333;49.0295166666667;16.9872071321915;8.28521450708824;11678
-5.05043333333333;49.0297833333333;16.9872071321915;8.28521450708824;11683
-5.04971666666667;49.03005;16.8973273846989;8.24137722518401;11689
-5.04901666666667;49.0303166666667;16.8973273846989;8.24137722518401;11697
-5.04758333333333;49.0308;16.9872071321915;8.28521450708824;11710
-5.04616666666667;49.0312666666667;17.038585704831;7.945222998293;11719
-5.04473333333333;49.03175;17.1292168292637;7.98748498568315;11733
-5.0427;49.0324;17.038585704831;7.945222998293;11749
-5.04128333333333;49.0328666666667;16.9872071321915;8.28521450708824;11760
-5.04056666666667;49.0331;16.8973273846989;8.24137722518401;11767
-5.03986666666667;49.0333333333333;16.9872071321915;8.28521450708824;11772
-5.0377;49.0340166666667;17.1292168292637;7.98748498568315;11791
-5.03676666666667;49.0343666666667;16.9872071321915;8.28521450708824;11800
-5.03603333333333;49.0345666666667;16.8973273846989;8.24137722518401;11807
-5.03533333333333;49.0348;16.9872071321915;8.28521450708824;11812
-5.03415;49.0352;16.8973273846989;8.24137722518401;11821
-5.0332;49.0355;16.9872071321915;8.28521450708824;11828
-5.03201666666667;49.0359;16.8973273846989;8.24137722518401;11840
-5.03058333333333;49.03635;16.8973273846989;8.24137722518401;11851
-5.03;49.0365666666667;16.8973273846989;8.24137722518401;11856
-5.02833333333333;49.0371;17.038585704831;7.945222998293;11869
-5.02716666666667;49.0374833333333;16.8973273846989;8.24137722518401;11880
-5.0262;49.0378;17.038585704831;7.945222998293;11887
-5.0255;49.0380333333333;17.038585704831;7.945222998293;11895
-5.0262;49.0378;17.038585704831;7.945222998293;11904
-5.02263333333333;49.03895;17.038585704831;7.945222998293;11918
-5.02121666666667;49.0394;17.038585704831;7.945222998293;11935
-5.01835;49.0403166666667;17.038585704831;7.945222998293;11959
-5.01558333333333;49.0411666666667;16.8973273846989;8.24137722518401;11978
-5.01391666666667;49.0417;16.8973273846989;8.24137722518401;11989
-5.01343333333333;49.04185;16.7509219749573;8.53502104873622;11994
-5.0113;49.04255;16.7509219749573;8.53502104873622;12014
-5.01058333333333;49.0428;16.6877091682159;8.87301235756415;12020
-5.01343333333333;49.04185;16.7509219749573;8.53502104873622;12027
-5.00776666666667;49.04375;16.5994140721123;8.82606502219637;12046
-5.00705;49.044;16.6877091682159;8.87301235756415;12053
-5.00565;49.0445;16.5994140721123;8.82606502219637;12061
-5.00341666666667;49.0452833333333;16.6877091682159;8.87301235756415;12077
-5.00133333333333;49.04605;16.6877091682159;8.87301235756415;12096
-5.00016666666667;49.0464666666667;16.4428498269388;9.11442049075075;12114
-4.99643333333333;49.0478166666667;16.6877091682159;8.87301235756415;12140
-4.99433333333333;49.04855;16.8400229672681;8.5804202718938;12158
-4.98745;49.0509833333333;16.5994140721123;8.82606502219637;12217
-4.98231666666667;49.0528166666667;16.6877091682159;8.87301235756415;12260
-4.98183333333333;49.0529833333333;16.6877091682159;8.87301235756415;12270
-4.97973333333333;49.0537333333333;16.8400229672681;8.5804202718938;12283
-4.97701666666667;49.0546666666667;16.8400229672681;8.5804202718938;12313
-4.97536666666667;49.0552333333333;16.8400229672681;8.5804202718938;12321
-4.97608333333333;49.0550166666667;16.6877091682159;8.87301235756415;12326
-4.97396666666667;49.05575;16.6877091682159;8.87301235756415;12337
-4.97041666666667;49.05695;16.8400229672681;8.5804202718938;12360
-4.96995;49.0571166666667;16.8400229672681;8.5804202718938;12370
-4.96758333333333;49.0579;16.6877091682159;8.87301235756415;12387
-4.96416666666667;49.0590833333333;16.6877091682159;8.87301235756415;12414
-4.96333333333333;49.0593666666667;16.5994140721123;8.82606502219637;12424
-4.96416666666667;49.0590833333333;16.6877091682159;8.87301235756415;12432
-4.96053333333333;49.06035;16.4428498269388;9.11442049075075;12445
-4.95771666666667;49.06135;16.4428498269388;9.11442049075075;12468
-4.95703333333333;49.0616166666667;16.4428498269388;9.11442049075075;12475
-4.95356666666667;49.0628833333333;16.2812769304225;9.39999961853028;12505
-4.9515;49.0636666666667;16.2812769304225;9.39999961853028;12525
-4.95023333333333;49.06415;16.2812769304225;9.39999961853028;12535
-4.94746666666667;49.0651833333333;16.2812769304225;9.39999961853028;12561
-4.9461;49.0657333333333;16.2812769304225;9.39999961853028;12571
-4.94403333333333;49.0665166666667;16.2812769304225;9.39999961853028;12589
-4.94335;49.0667666666667;16.2812769304225;9.39999961853028;12595
-4.94196666666667;49.0673;16.2812769304225;9.39999961853028;12607
-4.94128333333333;49.06755;16.2812769304225;9.39999961853028;12612
-4.93703333333333;49.0691666666667;16.2812769304225;9.39999961853028;12650
-4.93361666666667;49.0705;16.2812769304225;9.39999961853028;12681
-4.93291666666667;49.07075;16.4428498269388;9.11442049075075;12686
-4.93178333333333;49.0712;16.2812769304225;9.39999961853028;12700
-4.93016666666667;49.0718;16.114744599233;9.68271541536616;12712
-4.92948333333333;49.07205;16.2812769304225;9.39999961853028;12717
-4.92671666666667;49.0731;16.4428498269388;9.11442049075075;12740
-4.92431666666667;49.074;16.3553891907886;9.06594026848689;12762
-4.9234;49.07435;16.194675711494;9.35000038146973;12770
-4.92246666666667;49.0746833333333;16.194675711494;9.35000038146973;12778
-4.91788333333333;49.0764166666667;16.0290291770963;9.63121239376088;12821
-4.9172;49.0766666666667;16.194675711494;9.35000038146973;12827
-4.91628333333333;49.0770333333333;16.194675711494;9.35000038146973;12833
-4.91446666666667;49.0777333333333;16.194675711494;9.35000038146973;12848
-4.91238333333333;49.0785;16.194675711494;9.35000038146973;12865
-4.90978333333333;49.0795166666667;16.194675711494;9.35000038146973;12892
-4.90681666666667;49.08065;16.194675711494;9.35000038146973;12912
-4.90065;49.0830166666667;16.194675711494;9.35000038146973;12968
-4.89926666666667;49.08355;16.2812769304225;9.39999961853028;12980
-4.89868333333333;49.08375;16.4428498269388;9.11442049075075;12985
-4.898;49.0840166666667;16.2812769304225;9.39999961853028;12991
-4.89591666666667;49.0848;16.4428498269388;9.11442049075075;13011
-4.89315;49.0858333333333;16.2812769304225;9.39999961853028;13033
-4.88831666666667;49.0876666666667;16.3678798011634;9.44999980926514;13075
-4.8876;49.0879166666667;16.5303121312936;9.16290163771558;13080
-4.88473333333333;49.089;16.3678798011634;9.44999980926514;13105
-4.88335;49.0895166666667;16.2812769304225;9.39999961853028;13117
-4.88473333333333;49.089;16.3678798011634;9.44999980926514;13127
-4.88126666666667;49.0903;16.2812769304225;9.39999961853028;13135
-4.87988333333333;49.0908333333333;16.3678798011634;9.44999980926514;13148
-4.87918333333333;49.0910833333333;16.3678798011634;9.44999980926514;13155
-4.87781666666667;49.0916166666667;16.2812769304225;9.39999961853028;13165
-4.87641666666667;49.0921333333333;16.3678798011634;9.44999980926514;13181
-4.87503333333333;49.09265;16.3678798011634;9.44999980926514;13190
-4.87363333333333;49.0931666666667;16.2812769304225;9.39999961853028;13204
-4.87168333333333;49.0939333333333;16.3678798011634;9.44999980926514;13220
-4.871;49.0941833333333;16.3678798011634;9.44999980926514;13225
-4.86545;49.0962666666667;16.3678798011634;9.44999980926514;13277
-4.86405;49.0968;16.6177744356485;9.2113827846804;13285
-4.86241666666667;49.0974;16.5303121312936;9.16290163771558;13299
-4.86103333333333;49.0979166666667;16.5303121312936;9.16290163771558;13310
-4.85976666666667;49.0984;16.5303121312936;9.16290163771558;13327
-4.8586;49.0988333333333;16.5303121312936;9.16290163771558;13334
-4.85696666666667;49.0994333333333;16.5303121312936;9.16290163771558;13344
-4.85568333333333;49.0999;16.3678798011634;9.44999980926514;13357
-4.85426666666667;49.1004166666667;16.4544826719043;9.5;13371
-4.85148333333333;49.10145;16.4544826719043;9.5;13396
-4.85006666666667;49.1019666666667;16.6177744356485;9.2113827846804;13404
-4.84575;49.10355;16.4544826719043;9.5;13441
-4.84528333333333;49.1037166666667;16.3678798011634;9.44999980926514;13447
-4.84458333333333;49.104;16.4544826719043;9.5;13452
-4.83738333333333;49.10675;16.4544826719043;9.5;13513
-4.83666666666667;49.107;16.4544826719043;9.5;13520
-4.83598333333333;49.1072833333333;16.4544826719043;9.5;13529
-4.83528333333333;49.1075333333333;16.5410855426453;9.55000019073487;13541
-4.8333;49.1082833333333;16.2861787133401;9.78572342329103;13551
-4.8319;49.1088166666667;16.3718957703937;9.83722742725347;13571
-4.82981666666667;49.1096166666667;16.2861787133401;9.78572342329103;13580
-4.8319;49.1088166666667;16.3718957703937;9.83722742725347;13586
-4.82471666666667;49.1116166666667;16.5410855426453;9.55000019073487;13629
-4.82075;49.1131166666667;16.6177744356485;9.2113827846804;13657
-4.81923333333333;49.1137;16.5410855426453;9.55000019073487;13669
-4.81783333333333;49.1142333333333;16.5410855426453;9.55000019073487;13680
-4.81083333333333;49.1169166666667;16.5410855426453;9.55000019073487;13741
-4.80873333333333;49.1177333333333;16.6276884133862;9.60000038146973;13759
-4.80746666666667;49.1182333333333;16.5410855426453;9.55000019073487;13775
-4.80606666666667;49.1187833333333;16.6276884133862;9.60000038146973;13783
-4.80466666666667;49.1193333333333;16.5410855426453;9.55000019073487;13797
-4.80116666666667;49.1206833333333;16.6276884133862;9.60000038146973;13827
-4.7967;49.1223833333333;16.7926990443583;9.30834507861006;13864
-4.7891;49.1252833333333;16.6276884133862;9.60000038146973;13927
-4.78838333333333;49.12555;16.6276884133862;9.60000038146973;13937
-4.78698333333333;49.1260833333333;16.7926990443583;9.30834507861006;13945
-4.78556666666667;49.1266166666667;16.7926990443583;9.30834507861006;13958
-4.77345;49.1311333333333;16.5410855426453;9.55000019073487;14060
-4.77061666666667;49.1321833333333;16.6276884133862;9.60000038146973;14085
-4.76013333333333;49.1361333333333;16.6276884133862;9.60000038146973;14174
-4.74825;49.1405333333333;16.2861787133401;9.78572342329103;14278
-4.74545;49.1415666666667;16.2861787133401;9.78572342329103;14299
-4.73863333333333;49.1442166666667;16.4544826719043;9.5;14359
