"x";"y";"vx";"vy";"t"
-5.93395;48.3645;9.53854675619769;15.2648657308157;0
-5.9313;48.3675;9.53854675619769;15.2648657308157;41
-5.93085;48.3680166666667;9.27068534838097;15.429011412638;51
-5.92866666666667;48.3705666666667;9.27068534838097;15.429011412638;84
-5.92825;48.3711;9.27068534838097;15.429011412638;91
-5.92573333333333;48.3741333333333;9.53854675619769;15.2648657308157;133
-5.92498333333333;48.3750166666667;9.53854675619769;15.2648657308157;143
-5.92573333333333;48.3741333333333;9.53854675619769;15.2648657308157;163
-5.9208;48.3799666666667;9.53854675619769;15.2648657308157;212
-5.91968333333333;48.3813;9.53854675619769;15.2648657308157;227
-5.91893333333333;48.3821833333333;9.53854675619769;15.2648657308157;241
-5.91486666666667;48.3869666666667;9.48555462762621;15.1800605976953;304
-5.91451666666667;48.3874166666667;9.48555462762621;15.1800605976953;310
-5.91376666666667;48.3883;9.74903851900568;15.0122028462957;324
-5.91486666666667;48.3869666666667;9.48555462762621;15.1800605976953;336
-5.85785;48.4174833333333;13.2375022782963;12.3441705772929;889
-5.8537;48.42035;12.1112642303484;13.4509216246281;935
-5.85225;48.4215;11.6344559805304;13.8654047126763;956
-5.8513;48.4222833333333;11.1434729382506;14.2629949408839;969
-5.84916666666667;48.42435;10.381733716756;14.8266523141125;998
-5.84681666666667;48.4269;9.27068534838097;15.429011412638;1032
-5.84566666666667;48.4282666666667;8.72657316443407;15.7431547285091;1050
-5.84536666666667;48.4286333333333;8.45048813014603;15.8930566714607;1059
-5.83831666666667;48.4401666666667;6.95501378900488;16.384985689164;1207
-5.83751666666667;48.4415833333333;6.95501378900488;16.384985689164;1224
-5.8367;48.443;6.95501378900488;16.384985689164;1243
-5.83565;48.4448;6.95501378900488;16.384985689164;1264
-5.83506666666667;48.4458166666667;6.9940870509059;16.4770365256539;1277
-5.82976666666667;48.4547833333333;6.9940870509059;16.4770365256539;1395
-5.82923333333333;48.4557333333333;6.9940870509059;16.4770365256539;1404
-5.82868333333333;48.4566833333333;6.9940870509059;16.4770365256539;1416
-5.82841666666667;48.4571666666667;6.9940870509059;16.4770365256539;1422
-5.82976666666667;48.4547833333333;6.9940870509059;16.4770365256539;1434
-5.82753333333333;48.4586666666667;7.03316031280693;16.5690873621439;1446
-5.82675;48.46;7.3212595753644;16.4438182375668;1457
-5.82615;48.4610333333333;7.3212595753644;16.4438182375668;1470
-5.82561666666667;48.4619;7.3212595753644;16.4438182375668;1484
-5.82446666666667;48.4637833333333;7.3212595753644;16.4438182375668;1506
-5.8239;48.4647333333333;7.03316031280693;16.5690873621439;1517
-5.82305;48.46615;7.03316031280693;16.5690873621439;1537
-5.8239;48.4647333333333;7.03316031280693;16.5690873621439;1554
-5.82195;48.46815;6.74291868148642;16.6893093822022;1561
-5.82173333333333;48.46855;6.78037948372908;16.7820281213514;1566
-5.8212;48.4695166666667;7.07223357470795;16.6611381986339;1579
-5.81983333333333;48.4719833333333;7.07223357470795;16.6611381986339;1610
-5.81905;48.4733333333333;7.3619333948297;16.535173131821;1626
-5.81846666666667;48.4742833333333;7.3619333948297;16.535173131821;1637
-5.81613333333333;48.4780666666667;7.40260721429499;16.6265280260752;1686
-5.81556666666667;48.4790166666667;7.40260721429499;16.6265280260752;1698
-5.81498333333333;48.4799666666667;7.40260721429499;16.6265280260752;1713
-5.8144;48.4809;7.40260721429499;16.6265280260752;1721
-5.81406666666667;48.48145;7.40260721429499;16.6265280260752;1728
-5.81348333333333;48.4824;7.11130683660897;16.7531890351239;1742
-5.81268333333333;48.48375;7.11130683660897;16.7531890351239;1757
-5.81241666666667;48.4842333333333;7.11130683660897;16.7531890351239;1764
-5.81213333333333;48.4847;7.11130683660897;16.7531890351239;1772
-5.81241666666667;48.4842333333333;7.11130683660897;16.7531890351239;1779
-5.81108333333333;48.4866166666667;7.15037935324952;16.8452381158902;1794
-5.81075;48.4871666666667;7.15037935324952;16.8452381158902;1801
-5.81051666666667;48.48755;7.15037935324952;16.8452381158902;1806
-5.8103;48.48795;7.15037935324952;16.8452381158902;1813
-5.80945;48.48945;6.52229695513751;16.9911644745144;1830
-5.80915;48.4899166666667;7.11130683660897;16.7531890351239;1836
-5.80888333333333;48.4904;7.11130683660897;16.7531890351239;1842
-5.80856666666667;48.49095;7.11130683660897;16.7531890351239;1850
-5.80725;48.4932333333333;7.44328025797171;16.7178811778797;1878
-5.80696666666667;48.4937166666667;7.44328025797171;16.7178811778797;1884
-5.80641666666667;48.4946666666667;7.44328025797171;16.7178811778797;1895
-5.80696666666667;48.4937166666667;7.44328025797171;16.7178811778797;1909
-5.80555;48.4960833333333;7.15037935324952;16.8452381158902;1914
-5.80498333333333;48.4970166666667;7.15037935324952;16.8452381158902;1926
-5.80445;48.4979666666667;7.15037935324952;16.8452381158902;1938
-5.80395;48.4989166666667;7.15037935324952;16.8452381158902;1957
-5.80286666666667;48.5008166666667;7.15037935324952;16.8452381158902;1974
-5.80256666666667;48.5013833333333;7.15037935324952;16.8452381158902;1981
-5.80205;48.5022333333333;7.15037935324952;16.8452381158902;1991
-5.8015;48.5031666666667;7.44328025797171;16.7178811778797;2003
-5.80015;48.5055333333333;7.40260721429499;16.6265280260752;2032
-5.7998;48.5060833333333;7.40260721429499;16.6265280260752;2043
-5.79901666666667;48.5074166666667;7.40260721429499;16.6265280260752;2057
-5.79876666666667;48.5079;7.40260721429499;16.6265280260752;2065
-5.79846666666667;48.5083666666667;7.40260721429499;16.6265280260752;2070
-5.79791666666667;48.5093166666667;7.40260721429499;16.6265280260752;2081
-5.79755;48.50985;7.40260721429499;16.6265280260752;2088
-5.79733333333333;48.5102333333333;7.40260721429499;16.6265280260752;2094
-5.79696666666667;48.5107833333333;7.40260721429499;16.6265280260752;2100
-5.79673333333333;48.5111666666667;7.40260721429499;16.6265280260752;2105
-5.79588333333333;48.5125666666667;7.11130683660897;16.7531890351239;2125
-5.79453333333333;48.5149166666667;7.11130683660897;16.7531890351239;2154
-5.79405;48.5159;6.81784028597175;16.8747468605007;2164
-5.79351666666667;48.5168166666667;6.81784028597175;16.8747468605007;2177
-5.7925;48.5187333333333;7.11130683660897;16.7531890351239;2202
-5.79198333333333;48.5196833333333;7.40260721429499;16.6265280260752;2213
-5.7917;48.52015;7.40260721429499;16.6265280260752;2223
-5.79086666666667;48.52155;7.40260721429499;16.6265280260752;2239
-5.79033333333333;48.5225;7.3619333948297;16.535173131821;2252
-5.78976666666667;48.5234333333333;7.07223357470795;16.6611381986339;2262
-5.78921666666667;48.5243666666667;7.3619333948297;16.535173131821;2274
-5.7889;48.5249166666667;7.3619333948297;16.535173131821;2283
-5.78866666666667;48.5253;7.3212595753644;16.4438182375668;2289
-5.78921666666667;48.5243666666667;7.3619333948297;16.535173131821;2294
-5.78728333333333;48.5276333333333;7.3212595753644;16.4438182375668;2316
-5.787;48.5281;7.3212595753644;16.4438182375668;2322
-5.78611666666667;48.5295833333333;7.3212595753644;16.4438182375668;2339
-5.78588333333333;48.5299666666667;7.3212595753644;16.4438182375668;2348
-5.78531666666667;48.5309;7.03316031280693;16.5690873621439;2358
-5.7847;48.5319166666667;7.03316031280693;16.5690873621439;2369
-5.78448333333333;48.5323;7.03316031280693;16.5690873621439;2376
-5.78425;48.5327833333333;7.03316031280693;16.5690873621439;2383
-5.78398333333333;48.5332666666667;7.03316031280693;16.5690873621439;2389
-5.78341666666667;48.5342833333333;7.03316031280693;16.5690873621439;2399
-5.78268333333333;48.5356333333333;7.03316031280693;16.5690873621439;2418
-5.7824;48.5361;7.03316031280693;16.5690873621439;2423
-5.78158333333333;48.5375;7.03316031280693;16.5690873621439;2443
-5.78106666666667;48.53845;7.03316031280693;16.5690873621439;2453
-5.78075;48.539;7.03316031280693;16.5690873621439;2462
-5.77941666666667;48.5413333333333;7.3212595753644;16.4438182375668;2489
-5.77891666666667;48.5422;7.3212595753644;16.4438182375668;2503
-5.77833333333333;48.5431166666667;7.3212595753644;16.4438182375668;2513
-5.77775;48.5440333333333;7.3212595753644;16.4438182375668;2524
-5.77748333333333;48.5445;7.3212595753644;16.4438182375668;2532
-5.7772;48.5449666666667;7.03316031280693;16.5690873621439;2538
-5.77775;48.5440333333333;7.3212595753644;16.4438182375668;2550
-5.77556666666667;48.54775;7.03316031280693;16.5690873621439;2573
-5.77523333333333;48.5482833333333;7.03316031280693;16.5690873621439;2579
-5.77501666666667;48.5486666666667;7.03316031280693;16.5690873621439;2588
-5.77448333333333;48.5496;7.3212595753644;16.4438182375668;2598
-5.77421666666667;48.5500833333333;7.3212595753644;16.4438182375668;2603
-5.77391666666667;48.5506166666667;7.3212595753644;16.4438182375668;2609
-5.7734;48.5514666666667;7.28058575589911;16.3524633433126;2621
-5.77201666666667;48.5537833333333;7.28058575589911;16.3524633433126;2653
-5.77113333333333;48.55525;7.28058575589911;16.3524633433126;2669
-5.7709;48.5556333333333;7.28058575589911;16.3524633433126;2678
-5.77061666666667;48.5561;7.28058575589911;16.3524633433126;2683
-5.77005;48.5570166666667;7.28058575589911;16.3524633433126;2694
-5.76973333333333;48.5575666666667;7.28058575589911;16.3524633433126;2699
-5.76893333333333;48.5588666666667;6.9940870509059;16.4770365256539;2717
-5.76838333333333;48.5597833333333;6.9940870509059;16.4770365256539;2730
-5.76811666666667;48.56025;6.9940870509059;16.4770365256539;2736
-5.76785;48.5607166666667;6.9940870509059;16.4770365256539;2741
-5.76728333333333;48.5616333333333;6.9940870509059;16.4770365256539;2754
-5.76623333333333;48.5635;6.3789492284933;16.6177308793849;2778
-5.76596666666667;48.56395;6.95501378900488;16.384985689164;2783
-5.76566666666667;48.5645;6.95501378900488;16.384985689164;2790
-5.76543333333333;48.5648833333333;7.23991193643381;16.2611084490584;2796
-5.76516666666667;48.56535;7.23991193643381;16.2611084490584;2801
-5.76458333333333;48.56625;7.23991193643381;16.2611084490584;2813
-5.76268333333333;48.5695166666667;6.95501378900488;16.384985689164;2858
-5.75998333333333;48.57415;7.23991193643381;16.2611084490584;2915
-5.75886666666667;48.5760833333333;6.91594127236434;16.2929366083977;2940
-5.75836666666667;48.5769333333333;6.91594127236434;16.2929366083977;2951
-5.75728333333333;48.5787833333333;7.1992388927571;16.1697552972539;2978
-5.75615;48.5807333333333;7.1992388927571;16.1697552972539;3000
-5.75568333333333;48.5815833333333;7.1992388927571;16.1697552972539;3011
-5.75133333333333;48.5891166666667;7.23991193643381;16.2611084490584;3108
-5.7511;48.5895;7.23991193643381;16.2611084490584;3116
-5.75053333333333;48.5904333333333;7.23991193643381;16.2611084490584;3124
-5.75026666666667;48.5909;7.23991193643381;16.2611084490584;3131
-5.7497;48.5918333333333;7.23991193643381;16.2611084490584;3145
-5.74938333333333;48.5923833333333;6.95501378900488;16.384985689164;3151
-5.74916666666667;48.5927666666667;6.95501378900488;16.384985689164;3157
-5.74858333333333;48.5937833333333;6.95501378900488;16.384985689164;3167
-5.7458;48.59845;6.66799707700108;16.5038719039037;3228
-5.7453;48.5993833333333;6.66799707700108;16.5038719039037;3241
-5.74436666666667;48.6012;6.66799707700108;16.5038719039037;3262
-5.74361666666667;48.6026166666667;0.931579981195234;17.7756049567375;3281
-5.74331666666667;48.6031666666667;6.95501378900488;16.384985689164;3288
-5.74231666666667;48.6048833333333;7.23991193643381;16.2611084490584;3311
-5.7414;48.60645;7.23991193643381;16.2611084490584;3331
-5.74056666666667;48.60785;7.23991193643381;16.2611084490584;3348
-5.74003333333333;48.6087833333333;6.95501378900488;16.384985689164;3360
-5.73953333333333;48.60965;6.95501378900488;16.384985689164;3371
-5.73901666666667;48.6105833333333;6.95501378900488;16.384985689164;3384
-5.73846666666667;48.6115166666667;6.95501378900488;16.384985689164;3395
-5.73821666666667;48.6119833333333;6.95501378900488;16.384985689164;3401
-5.7379;48.6125333333333;7.23991193643381;16.2611084490584;3408
-5.73768333333333;48.6129333333333;6.95501378900488;16.384985689164;3417
-5.73661666666667;48.6148;7.28058575589911;16.3524633433126;3438
-5.73633333333333;48.6152666666667;7.28058575589911;16.3524633433126;3444
-5.7355;48.6166666666667;6.9940870509059;16.4770365256539;3461
-5.73518333333333;48.6172166666667;7.28058575589911;16.3524633433126;3467
-5.73465;48.61815;6.9940870509059;16.4770365256539;3479
-5.73363333333333;48.61995;6.9940870509059;16.4770365256539;3503
-5.73308333333333;48.6208833333333;7.3212595753644;16.4438182375668;3515
-5.73363333333333;48.61995;6.9940870509059;16.4770365256539;3522
-5.73171666666667;48.6232166666667;7.28058575589911;16.3524633433126;3545
-5.73118333333333;48.62415;7.28058575589911;16.3524633433126;3557
-5.7309;48.6246166666667;7.3212595753644;16.4438182375668;3562
-5.73058333333333;48.62515;7.3212595753644;16.4438182375668;3569
-5.73033333333333;48.6255333333333;7.3212595753644;16.4438182375668;3575
-5.73005;48.626;7.3212595753644;16.4438182375668;3582
-5.72918333333333;48.6274833333333;7.03316031280693;16.5690873621439;3599
-5.7284;48.6288166666667;7.03316031280693;16.5690873621439;3617
-5.72813333333333;48.6292833333333;6.74291868148642;16.6893093822022;3623
-5.72781666666667;48.6298333333333;7.03316031280693;16.5690873621439;3631
-5.72698333333333;48.6312666666667;7.03316031280693;16.5690873621439;3648
-5.72645;48.6322;7.07223357470795;16.6611381986339;3664
-5.72541666666667;48.6339833333333;7.3619333948297;16.535173131821;3684
-5.72511666666667;48.6345333333333;7.3619333948297;16.535173131821;3695
-5.72371666666667;48.6368833333333;7.07223357470795;16.6611381986339;3724
-5.72295;48.6382166666667;7.07223357470795;16.6611381986339;3736
-5.72235;48.6392333333333;7.07223357470795;16.6611381986339;3752
-5.72211666666667;48.6396333333333;7.07223357470795;16.6611381986339;3757
-5.72153333333333;48.64065;7.07223357470795;16.6611381986339;3768
-5.7213;48.64105;7.3619333948297;16.535173131821;3775
-5.72098333333333;48.6416;6.78037948372908;16.7820281213514;3781
-5.72075;48.642;7.3619333948297;16.535173131821;3786
-5.7199;48.6434;7.3619333948297;16.535173131821;3804
-5.71903333333333;48.6448;7.3619333948297;16.535173131821;3822
-5.7187;48.64535;7.3619333948297;16.535173131821;3829
-5.71813333333333;48.6462833333333;7.3619333948297;16.535173131821;3842
-5.71703333333333;48.6481;7.07223357470795;16.6611381986339;3864
-5.71673333333333;48.64865;7.07223357470795;16.6611381986339;3872
-5.71541666666667;48.6510166666667;7.07223357470795;16.6611381986339;3901
-5.7152;48.6514166666667;7.07223357470795;16.6611381986339;3912
-5.71403333333333;48.6533666666667;7.3619333948297;16.535173131821;3934
-5.71353333333333;48.6542333333333;7.3619333948297;16.535173131821;3941
-5.71321666666667;48.6547833333333;7.3619333948297;16.535173131821;3953
-5.71241666666667;48.6561166666667;7.93451792410762;16.2681725808776;3968
-5.71148333333333;48.6575166666667;8.21722821846943;16.1272184277015;3984
-5.71083333333333;48.6584333333333;8.21722821846943;16.1272184277015;3994
-5.71051666666667;48.6589;8.21722821846943;16.1272184277015;4001
-5.70948333333333;48.66035;8.21722821846943;16.1272184277015;4023
-5.70761666666667;48.6630166666667;7.93451792410762;16.2681725808776;4056
-5.70728333333333;48.6634833333333;7.93451792410762;16.2681725808776;4063
-5.70666666666667;48.6644;7.93451792410762;16.2681725808776;4072
-5.70633333333333;48.6649666666667;7.93451792410762;16.2681725808776;4080
-5.70575;48.6658166666667;7.93451792410762;16.2681725808776;4090
-5.70513333333333;48.6667333333333;7.93451792410762;16.2681725808776;4102
-5.70483333333333;48.6671833333333;7.93451792410762;16.2681725808776;4113
-5.70385;48.66865;8.21722821846943;16.1272184277015;4127
-5.7032;48.6695666666667;8.21722821846943;16.1272184277015;4144
-5.70265;48.6704;8.21722821846943;16.1272184277015;4152
-5.70163333333333;48.67185;8.49743546551381;15.9813517675644;4169
-5.70136666666667;48.67225;8.49743546551381;15.9813517675644;4175
-5.70066666666667;48.6732333333333;8.77505431139889;15.830617032864;4187
-5.70036666666667;48.6736166666667;8.77505431139889;15.830617032864;4194
-5.69966666666667;48.6745166666667;8.77505431139889;15.830617032864;4204
-5.69933333333333;48.6749833333333;8.72657316443407;15.7431547285091;4215
-5.69861666666667;48.6758833333333;8.72657316443407;15.7431547285091;4224
-5.69821666666667;48.6764;8.72657316443407;15.7431547285091;4232
-5.6979;48.6767666666667;8.72657316443407;15.7431547285091;4241
-5.69715;48.67775;8.72657316443407;15.7431547285091;4249
-5.69646666666667;48.6786666666667;8.72657316443407;15.7431547285091;4262
-5.69618333333333;48.6790333333333;8.72657316443407;15.7431547285091;4273
-5.6955;48.67995;8.45048813014603;15.8930566714607;4281
-5.69448333333333;48.6813;8.45048813014603;15.8930566714607;4302
-5.69378333333333;48.6823;8.45048813014603;15.8930566714607;4307
-5.6935;48.6826833333333;8.45048813014603;15.8930566714607;4314
-5.69311666666667;48.6832166666667;8.45048813014603;15.8930566714607;4327
-5.69181666666667;48.68495;8.72657316443407;15.7431547285091;4342
-5.6908;48.6863166666667;8.72657316443407;15.7431547285091;4360
-5.68945;48.68815;8.45048813014603;15.8930566714607;4387
-5.6891;48.6886;8.72657316443407;15.7431547285091;4394
-5.68875;48.68905;8.72657316443407;15.7431547285091;4400
-5.688;48.6900333333333;8.45048813014603;15.8930566714607;4414
-5.68738333333333;48.6908666666667;8.45048813014603;15.8930566714607;4421
-5.68698333333333;48.6913833333333;8.45048813014603;15.8930566714607;4429
-5.68536666666667;48.6935833333333;8.77505431139889;15.830617032864;4458
-5.68501666666667;48.6940333333333;8.49743546551381;15.9813517675644;4463
-5.68461666666667;48.6945666666667;8.77505431139889;15.830617032864;4471
-5.68398333333333;48.6954;8.77505431139889;15.830617032864;4481
-5.68356666666667;48.6959333333333;8.77505431139889;15.830617032864;4493
-5.6829;48.6968333333333;8.77505431139889;15.830617032864;4501
-5.68225;48.6976666666667;8.49743546551381;15.9813517675644;4514
-5.68156666666667;48.6985666666667;8.49743546551381;15.9813517675644;4523
-5.6812;48.6991166666667;2.51903318046751;17.9238524219797;4533
-5.68056666666667;48.6999333333333;8.49743546551381;15.9813517675644;4543
-5.67986666666667;48.70085;8.49743546551381;15.9813517675644;4552
-5.67951666666667;48.7013833333333;8.49743546551381;15.9813517675644;4561
-5.67986666666667;48.70085;8.49743546551381;15.9813517675644;4568
-5.67886666666667;48.7022166666667;8.49743546551381;15.9813517675644;4575
-5.67781666666667;48.70365;8.49743546551381;15.9813517675644;4594
-5.67718333333333;48.7044833333333;8.49743546551381;15.9813517675644;4601
-5.6768;48.7050166666667;8.49743546551381;15.9813517675644;4613
-5.67581666666667;48.7063;8.77505431139889;15.830617032864;4626
-5.67513333333333;48.7072;8.77505431139889;15.830617032864;4638
-5.67376666666667;48.7090166666667;8.49743546551381;15.9813517675644;4664
-5.67336666666667;48.70955;8.49743546551381;15.9813517675644;4672
-5.6727;48.7104666666667;8.49743546551381;15.9813517675644;4684
-5.67208333333333;48.7113;8.77505431139889;15.830617032864;4692
-5.67173333333333;48.71175;8.49743546551381;15.9813517675644;4698
-5.67098333333333;48.7127166666667;8.77505431139889;15.830617032864;4712
-5.66996666666667;48.7140833333333;8.49743546551381;15.9813517675644;4731
-5.66926666666667;48.7149833333333;8.49743546551381;15.9813517675644;4743
-5.66865;48.7158166666667;8.49743546551381;15.9813517675644;4753
-5.6683;48.7162666666667;8.77505431139889;15.830617032864;4761
-5.66653333333333;48.7186;8.49743546551381;15.9813517675644;4790
-5.66626666666667;48.7189833333333;8.49743546551381;15.9813517675644;4799
-5.6656;48.7198833333333;8.49743546551381;15.9813517675644;4808
-5.66525;48.7203333333333;8.49743546551381;15.9813517675644;4813
-5.66353333333333;48.7225833333333;8.77505431139889;15.830617032864;4842
-5.6631;48.7231;8.77505431139889;15.830617032864;4847
-5.6624;48.724;8.49743546551381;15.9813517675644;4861
-5.66038333333333;48.7266166666667;2.51903318046751;17.9238524219797;4895
-5.66005;48.7270666666667;8.49743546551381;15.9813517675644;4902
-5.65938333333333;48.7279666666667;8.49743546551381;15.9813517675644;4915
-5.65836666666667;48.7293166666667;8.21722821846943;16.1272184277015;4931
-5.65805;48.7297833333333;8.49743546551381;15.9813517675644;4938
-5.65771666666667;48.7302333333333;8.49743546551381;15.9813517675644;4943
-5.65733333333333;48.7307666666667;8.49743546551381;15.9813517675644;4952
-5.65565;48.7330333333333;8.49743546551381;15.9813517675644;4979
-5.65536666666667;48.7334;8.49743546551381;15.9813517675644;4984
-5.65503333333333;48.73385;8.77505431139889;15.830617032864;4992
-5.6547;48.7343;8.49743546551381;15.9813517675644;4999
-5.65331666666667;48.7361;8.49743546551381;15.9813517675644;5021
-5.65263333333333;48.737;8.77505431139889;15.830617032864;5037
-5.65196666666667;48.7379;8.77505431139889;15.830617032864;5044
-5.65161666666667;48.7383666666667;8.77505431139889;15.830617032864;5053
-5.65128333333333;48.7388166666667;8.77505431139889;15.830617032864;5061
-5.65161666666667;48.7383666666667;8.77505431139889;15.830617032864;5073
-5.64845;48.7424;8.49743546551381;15.9813517675644;5106
-5.64811666666667;48.74285;8.49743546551381;15.9813517675644;5113
-5.64706666666667;48.7442666666667;8.49743546551381;15.9813517675644;5130
-5.6468;48.74465;8.49743546551381;15.9813517675644;5143
-5.64581666666667;48.746;8.45048813014603;15.8930566714607;5154
-5.64513333333333;48.7469;8.45048813014603;15.8930566714607;5166
-5.6448;48.74735;8.77505431139889;15.830617032864;5175
-5.64411666666667;48.7482666666667;8.45048813014603;15.8930566714607;5186
-5.64343333333333;48.7491666666667;8.45048813014603;15.8930566714607;5195
-5.64203333333333;48.75105;8.45048813014603;15.8930566714607;5221
-5.64175;48.7514166666667;8.45048813014603;15.8930566714607;5228
-5.64106666666667;48.7523166666667;8.72657316443407;15.7431547285091;5243
-5.63835;48.7559166666667;8.72657316443407;15.7431547285091;5288
-5.6373;48.7572666666667;8.45048813014603;15.8930566714607;5302
-5.6369;48.7577833333333;8.45048813014603;15.8930566714607;5311
-5.63661666666667;48.7581666666667;8.45048813014603;15.8930566714607;5317
-5.6359;48.7591333333333;8.45048813014603;15.8930566714607;5331
-5.63561666666667;48.7595166666667;8.45048813014603;15.8930566714607;5337
-5.63498333333333;48.7604333333333;8.45048813014603;15.8930566714607;5353
-5.63296666666667;48.76315;8.72657316443407;15.7431547285091;5382
-5.63256666666667;48.7636666666667;8.72657316443407;15.7431547285091;5388
-5.63186666666667;48.7645666666667;8.45048813014603;15.8930566714607;5401
-5.63125;48.7654;8.45048813014603;15.8930566714607;5412
-5.63091666666667;48.76585;8.45048813014603;15.8930566714607;5423
-5.63018333333333;48.7668333333333;8.45048813014603;15.8930566714607;5431
-5.63091666666667;48.76585;8.45048813014603;15.8930566714607;5438
-5.62916666666667;48.7681833333333;8.45048813014603;15.8930566714607;5448
-5.62848333333333;48.7690833333333;8.45048813014603;15.8930566714607;5467
-5.6268;48.7713333333333;8.45048813014603;15.8930566714607;5489
-5.62656666666667;48.7716333333333;8.45048813014603;15.8930566714607;5495
-5.62616666666667;48.7721666666667;8.45048813014603;15.8930566714607;5503
-5.62578333333333;48.7727;8.45048813014603;15.8930566714607;5508
-5.62551666666667;48.7730666666667;8.45048813014603;15.8930566714607;5517
-5.62485;48.7739833333333;8.45048813014603;15.8930566714607;5526
-5.6193;48.7811333333333;10.5801345412645;14.5623058987491;5624
-5.61793333333333;48.7824666666667;11.3277670388971;13.9886273062255;5640
-5.61756666666667;48.7828166666667;11.3277670388971;13.9886273062255;5645
-5.6171;48.7832166666667;11.5701769743577;13.7887999761416;5652
-5.6162;48.7840333333333;11.8090625218291;13.5847724440099;5666
-5.61523333333333;48.7848166666667;12.275970481125;13.1643666291451;5677
-5.61475;48.7852166666667;12.503850668262;12.9481164060957;5683
-5.6137;48.7859833333333;12.9481164060957;12.503850668262;5695
-5.61308333333333;48.7864166666667;13.1643666291451;12.275970481125;5702
-5.611;48.7877833333333;13.8654047126763;11.6344559805304;5723
-5.60811666666667;48.7894333333333;14.643207906802;10.638913290716;5761
-5.60628333333333;48.7903833333333;15.005580379499;10.1213917661357;5777
-5.60505;48.7909833333333;15.005580379499;10.1213917661357;5783
-5.60431666666667;48.7913166666667;15.1799375997396;9.8579667415353;5793
-5.6019;48.7924333333333;15.349670863936;9.59153888476917;5818
-5.59998333333333;48.7932833333333;15.349670863936;9.59153888476917;5832
-5.59741666666667;48.7943833333333;15.5147284696916;9.32218935234342;5859
-5.59603333333333;48.7949833333333;15.6750601388608;9.05000019073487;5867
-5.59548333333333;48.7952;15.6750601388608;9.05000019073487;5873
-5.59475;48.7955333333333;15.830617032864;8.7750543113989;5882
-5.59353333333333;48.7959833333333;15.9813517675644;8.49743546551381;5892
-5.59288333333333;48.79625;15.9813517675644;8.49743546551381;5898
-5.59141666666667;48.7967666666667;16.1272184277015;8.21722821846943;5909
-5.59016666666667;48.7972;16.1272184277015;8.21722821846943;5921
-5.58938333333333;48.7975;16.1272184277015;8.21722821846943;5928
-5.58881666666667;48.7976833333333;16.1272184277015;8.21722821846943;5935
-5.58801666666667;48.79795;16.1272184277015;8.21722821846943;5943
-5.58746666666667;48.79815;16.1272184277015;8.21722821846943;5948
-5.58543333333333;48.7988666666667;15.9813517675644;8.49743546551381;5963
-5.58345;48.7996;15.9813517675644;8.49743546551381;5981
-5.58268333333333;48.7999;15.9813517675644;8.49743546551381;5989
-5.58211666666667;48.8000833333333;15.9813517675644;8.49743546551381;5995
-5.58135;48.8003833333333;15.9813517675644;8.49743546551381;6006
-5.57948333333333;48.8010833333333;15.9813517675644;8.49743546551381;6019
-5.57805;48.8016166666667;16.1272184277015;8.21722821846943;6029
-5.57683333333333;48.80205;16.1272184277015;8.21722821846943;6043
-5.57551666666667;48.8025333333333;16.1272184277015;8.21722821846943;6054
-5.57418333333333;48.803;16.0381174353906;8.17182899531184;6067
-5.57283333333333;48.80345;16.0381174353906;8.17182899531184;6077
-5.57138333333333;48.80395;16.0381174353906;8.17182899531184;6093
-5.57081666666667;48.8041666666667;16.178292833385;7.89068064220339;6098
-5.56936666666667;48.80465;16.178292833385;7.89068064220339;6107
-5.56881666666667;48.80485;16.0381174353906;8.17182899531184;6119
-5.56805;48.8051333333333;16.178292833385;7.89068064220339;6127
-5.56615;48.8057666666667;16.178292833385;7.89068064220339;6138
-5.56548333333333;48.806;16.178292833385;7.89068064220339;6143
-5.5647;48.8062666666667;16.178292833385;7.89068064220339;6154
-5.5627;48.8069666666667;16.178292833385;7.89068064220339;6168
-5.56081666666667;48.8076;15.9490164430798;8.12642977215426;6186
-5.55946666666667;48.80805;15.9490164430798;8.12642977215426;6197
-5.55881666666667;48.8083;15.9490164430798;8.12642977215426;6203
-5.55803333333333;48.8085666666667;15.9490164430798;8.12642977215426;6213
-5.55681666666667;48.809;15.9490164430798;8.12642977215426;6222
-5.55605;48.8092833333333;15.9490164430798;8.12642977215426;6227
-5.5555;48.8094666666667;15.9490164430798;8.12642977215426;6235
-5.55473333333333;48.80975;15.9490164430798;8.12642977215426;6240
-5.55418333333333;48.80995;15.9490164430798;8.12642977215426;6246
-5.55351666666667;48.8101666666667;15.9490164430798;8.12642977215426;6255
-5.55218333333333;48.81065;15.9490164430798;8.12642977215426;6264
-5.5514;48.8109166666667;15.9490164430798;8.12642977215426;6272
-5.55021666666667;48.8113833333333;15.9490164430798;8.12642977215426;6286
-5.54888333333333;48.81185;15.9490164430798;8.12642977215426;6296
-5.54483333333333;48.8133333333333;15.9490164430798;8.12642977215426;6332
-5.54285;48.8140666666667;15.9490164430798;8.12642977215426;6348
-5.54028333333333;48.8149666666667;16.0884130858924;7.84684336029917;6375
-5.53761666666667;48.8159166666667;16.0884130858924;7.84684336029917;6397
-5.53695;48.81615;16.0884130858924;7.84684336029917;6404
-5.53428333333333;48.8171;16.0884130858924;7.84684336029917;6430
-5.53295;48.8175833333333;16.0884130858924;7.84684336029917;6443
-5.52946666666667;48.8187833333333;16.0884130858924;7.84684336029917;6467
-5.52891666666667;48.819;16.0884130858924;7.84684336029917;6472
-5.52813333333333;48.8192666666667;16.0884130858924;7.84684336029917;6482
-5.52625;48.81995;15.9490164430798;8.12642977215426;6502
-5.52423333333333;48.8206666666667;15.9490164430798;8.12642977215426;6518
-5.52225;48.8214166666667;15.9490164430798;8.12642977215426;6535
-5.52146666666667;48.8217;15.9490164430798;8.12642977215426;6540
-5.52091666666667;48.8219;15.9490164430798;8.12642977215426;6545
-5.51758333333333;48.8231333333333;15.9490164430798;8.12642977215426;6574
-5.51613333333333;48.8236666666667;16.0381174353906;8.17182899531184;6586
-5.51558333333333;48.8239;16.0381174353906;8.17182899531184;6592
-5.5148;48.8241666666667;16.0381174353906;8.17182899531184;6599
-5.5129;48.8248666666667;16.0381174353906;8.17182899531184;6621
-5.51156666666667;48.8253833333333;16.0381174353906;8.17182899531184;6630
-5.5109;48.8256333333333;16.0381174353906;8.17182899531184;6635
-5.50886666666667;48.8263666666667;16.2681725808776;7.93451792410762;6652
-5.50808333333333;48.82665;16.2681725808776;7.93451792410762;6663
-5.50683333333333;48.8271;16.2681725808776;7.93451792410762;6673
-5.50548333333333;48.8275833333333;16.2681725808776;7.93451792410762;6682
-5.50266666666667;48.8286166666667;16.1272184277015;8.21722821846943;6708
-5.5013;48.8291166666667;16.1272184277015;8.21722821846943;6722
-5.4994;48.8298333333333;16.2163194200123;8.26262744162702;6741
-5.49793333333333;48.8303833333333;16.2163194200123;8.26262744162702;6750
-5.49738333333333;48.8306;16.2163194200123;8.26262744162702;6755
-5.49401666666667;48.8318833333333;16.3580523283703;7.97835520601185;6785
-5.4906;48.8331166666667;16.3054187128631;8.30802579886644;6815
-5.48993333333333;48.8333833333333;16.3054187128631;8.30802579886644;6823
-5.48855;48.8338666666667;16.3054187128631;8.30802579886644;6835
-5.48581666666667;48.8348833333333;16.394519705174;8.35342502202403;6862
-5.48376666666667;48.83565;16.394519705174;8.35342502202403;6879
-5.48168333333333;48.8363833333333;16.537810109042;8.0660289336937;6895
-5.4809;48.8366833333333;16.537810109042;8.0660289336937;6903
-5.47963333333333;48.8371333333333;16.766694060178;7.81843784220294;6910
-5.47743333333333;48.8379166666667;16.6276898565346;8.10986621559793;6931
-5.47476666666667;48.8388666666667;16.4836206974848;8.39882424518162;6957
-5.472;48.8398833333333;16.5727216897957;8.4442234683392;6979
-5.46995;48.8406666666667;16.5727216897957;8.4442234683392;6995
-5.46926666666667;48.8409333333333;16.5727216897957;8.4442234683392;7007
-5.46708333333333;48.8417333333333;16.5727216897957;8.4442234683392;7021
-5.46581666666667;48.8422;16.5727216897957;8.4442234683392;7030
-5.46156666666667;48.8438166666667;16.8074493515199;8.19754077940639;7067
-5.461;48.8440333333333;16.8074493515199;8.19754077940639;7075
-5.46016666666667;48.8443;16.8074493515199;8.19754077940639;7084
-5.45391666666667;48.8464333333333;16.8074493515199;8.19754077940639;7135
-5.4525;48.8469;16.8973273846989;8.24137722518401;7144
-5.45038333333333;48.84765;16.5994140721123;8.82606502219637;7162
-5.44831666666667;48.8484333333333;16.5994140721123;8.82606502219637;7182
-5.44613333333333;48.8493166666667;16.5994140721123;8.82606502219637;7202
-5.44488333333333;48.8497833333333;16.7509219749573;8.53502104873622;7213
-5.44211666666667;48.8508166666667;16.8973273846989;8.24137722518401;7238
-5.4414;48.85105;16.8973273846989;8.24137722518401;7244
-5.44001666666667;48.8515666666667;16.7509219749573;8.53502104873622;7257
-5.4386;48.8520833333333;16.7509219749573;8.53502104873622;7268
-5.4357;48.85315;16.6877091682159;8.87301235756415;7293
-5.43301666666667;48.8541166666667;16.9872071321915;8.28521450708824;7314
-5.43161666666667;48.8546333333333;16.9872071321915;8.28521450708824;7328
-5.43021666666667;48.8551166666667;16.9872071321915;8.28521450708824;7338
-5.42951666666667;48.8553666666667;16.9872071321915;8.28521450708824;7344
-5.42811666666667;48.8558666666667;16.8400229672681;8.5804202718938;7357
-5.42658333333333;48.8563833333333;16.8400229672681;8.5804202718938;7367
-5.42521666666667;48.8569;16.929123959579;8.62581949505139;7386
-5.42396666666667;48.8573833333333;16.929123959579;8.62581949505139;7394
-5.42258333333333;48.8578666666667;17.0770868796842;8.32905178899247;7402
-5.42121666666667;48.8583833333333;17.0770868796842;8.32905178899247;7415
-5.42051666666667;48.8586333333333;16.9872071321915;8.28521450708824;7423
-5.41983333333333;48.8588833333333;16.9872071321915;8.28521450708824;7428
-5.41915;48.8591166666667;16.9872071321915;8.28521450708824;7434
-5.41636666666667;48.8600666666667;17.0770868796842;8.32905178899247;7458
-5.41566666666667;48.8603166666667;16.9872071321915;8.28521450708824;7464
-5.41485;48.8605833333333;16.9872071321915;8.28521450708824;7473
-5.41358333333333;48.8610166666667;16.8400229672681;8.5804202718938;7483
-5.41276666666667;48.8612833333333;16.9872071321915;8.28521450708824;7490
-5.4122;48.8615;16.8400229672681;8.5804202718938;7497
-5.4114;48.8617833333333;16.8400229672681;8.5804202718938;7502
-5.41015;48.8622333333333;16.8400229672681;8.5804202718938;7515
-5.40876666666667;48.8627;16.8400229672681;8.5804202718938;7522
-5.40795;48.8629666666667;16.8400229672681;8.5804202718938;7530
-5.40588333333333;48.8637;16.7509219749573;8.53502104873622;7549
-5.40453333333333;48.8642;16.7509219749573;8.53502104873622;7562
-5.40395;48.8643833333333;16.7509219749573;8.53502104873622;7570
-5.40261666666667;48.8649;16.7509219749573;8.53502104873622;7578
-5.40193333333333;48.8651333333333;16.7509219749573;8.53502104873622;7587
-5.40261666666667;48.8649;16.7509219749573;8.53502104873622;7595
-5.39988333333333;48.86585;16.8074493515199;8.19754077940639;7603
-5.39715;48.8668166666667;16.8074493515199;8.19754077940639;7624
-5.3951;48.8675333333333;16.6618226821065;8.48962269149679;7645
-5.3943;48.8678;16.5727216897957;8.4442234683392;7652
-5.39305;48.86825;16.5727216897957;8.4442234683392;7663
-5.39168333333333;48.8687333333333;16.5727216897957;8.4442234683392;7672
-5.39088333333333;48.869;16.5727216897957;8.4442234683392;7682
-5.39031666666667;48.8691833333333;16.5727216897957;8.4442234683392;7687
-5.38965;48.86945;16.5727216897957;8.4442234683392;7698
-5.38751666666667;48.8702166666667;16.5727216897957;8.4442234683392;7713
-5.38548333333333;48.87095;16.4836206974848;8.39882424518162;7729
-5.3841;48.8714;16.4836206974848;8.39882424518162;7742
-5.38355;48.8716333333333;16.4836206974848;8.39882424518162;7748
-5.38216666666667;48.8720833333333;16.4836206974848;8.39882424518162;7756
-5.38151666666667;48.87235;16.4836206974848;8.39882424518162;7763
-5.38068333333333;48.8725833333333;16.4836206974848;8.39882424518162;7773
-5.37946666666667;48.87305;16.394519705174;8.35342502202403;7783
-5.37866666666667;48.8733166666667;16.537810109042;8.0660289336937;7792
-5.3773;48.8737833333333;16.537810109042;8.0660289336937;7801
-5.37673333333333;48.874;16.537810109042;8.0660289336937;7808
-5.37606666666667;48.87425;16.537810109042;8.0660289336937;7816
-5.37466666666667;48.8746833333333;16.6760629357454;7.7761758548128;7822
-5.37386666666667;48.87495;16.537810109042;8.0660289336937;7833
-5.37326666666667;48.8751333333333;16.537810109042;8.0660289336937;7838
-5.37121666666667;48.8758166666667;16.394519705174;8.35342502202403;7854
-5.37043333333333;48.8761;16.394519705174;8.35342502202403;7865
-5.36916666666667;48.8765166666667;16.3054187128631;8.30802579886644;7874
-5.36646666666667;48.8774833333333;16.1579402756828;8.59132924080343;7898
-5.365;48.8780166666667;16.1579402756828;8.59132924080343;7912
-5.36365;48.8785166666667;16.3054187128631;8.30802579886644;7924
-5.36175;48.8792166666667;16.3054187128631;8.30802579886644;7937
-5.36028333333333;48.87975;16.3054187128631;8.30802579886644;7952
-5.35905;48.8802;16.3054187128631;8.30802579886644;7962
-5.35825;48.8804666666667;16.3054187128631;8.30802579886644;7971
-5.3569;48.88095;16.4479303615493;8.02219165178948;7978
-5.35631666666667;48.8811333333333;16.4479303615493;8.02219165178948;7986
-5.35496666666667;48.8816333333333;16.4479303615493;8.02219165178948;7997
-5.35428333333333;48.8818666666667;16.4479303615493;8.02219165178948;8002
-5.3536;48.8821;16.4479303615493;8.02219165178948;8012
-5.35221666666667;48.8825666666667;16.4479303615493;8.02219165178948;8022
-5.35153333333333;48.8828;16.4479303615493;8.02219165178948;8027
-5.35085;48.8830333333333;16.4479303615493;8.02219165178948;8034
-5.35005;48.8833;16.4479303615493;8.02219165178948;8041
-5.34946666666667;48.8835;16.394519705174;8.35342502202403;8048
-5.34661666666667;48.8845;16.394519705174;8.35342502202403;8073
-5.34538333333333;48.88495;16.394519705174;8.35342502202403;8082
-5.3447;48.8851833333333;16.394519705174;8.35342502202403;8088
-5.34323333333333;48.8857166666667;16.394519705174;8.35342502202403;8103
-5.34131666666667;48.8864;16.537810109042;8.0660289336937;8117
-5.34065;48.88665;16.537810109042;8.0660289336937;8125
-5.33983333333333;48.8869166666667;16.537810109042;8.0660289336937;8132
-5.33926666666667;48.8871166666667;16.537810109042;8.0660289336937;8137
-5.33858333333333;48.88735;16.537810109042;8.0660289336937;8142
-5.3379;48.8875833333333;16.537810109042;8.0660289336937;8147
-5.3372;48.8878;16.537810109042;8.0660289336937;8153
-5.3364;48.8880833333333;16.537810109042;8.0660289336937;8162
-5.33515;48.8885166666667;16.394519705174;8.35342502202403;8172
-5.33378333333333;48.889;16.394519705174;8.35342502202403;8183
-5.33241666666667;48.8894666666667;16.394519705174;8.35342502202403;8198
-5.33175;48.8897166666667;16.394519705174;8.35342502202403;8203
-5.329;48.8906666666667;16.394519705174;8.35342502202403;8224
-5.32616666666667;48.8916833333333;16.4836206974848;8.39882424518162;8257
-5.32491666666667;48.8921333333333;16.4836206974848;8.39882424518162;8262
-5.32423333333333;48.89235;16.394519705174;8.35342502202403;8267
-5.32353333333333;48.8925833333333;16.537810109042;8.0660289336937;8272
-5.32275;48.8928666666667;16.394519705174;8.35342502202403;8283
-5.32148333333333;48.8933;16.537810109042;8.0660289336937;8290
-5.3208;48.8935333333333;16.537810109042;8.0660289336937;8299
-5.31871666666667;48.8942333333333;16.537810109042;8.0660289336937;8315
-5.31803333333333;48.8944666666667;16.537810109042;8.0660289336937;8324
-5.31665;48.8949333333333;16.394519705174;8.35342502202403;8332
-5.31528333333333;48.8954166666667;16.2462353717865;8.6382765761712;8344
-5.31458333333333;48.89565;16.2462353717865;8.6382765761712;8352
-5.31323333333333;48.89615;16.2462353717865;8.6382765761712;8367
-5.31043333333333;48.8972166666667;16.0930022777239;8.92049682759241;8392
-5.3079;48.8982333333333;16.0214699700121;9.25;8415
-5.30458333333333;48.8995333333333;16.1804645820788;8.96897797455724;8445
-5.30323333333333;48.90005;16.3345304678901;8.68522391153898;8454
-5.30245;48.90035;16.1804645820788;8.96897797455724;8464
-5.30053333333333;48.9010833333333;16.1804645820788;8.96897797455724;8482
-5.29853333333333;48.90185;16.1804645820788;8.96897797455724;8497
-5.29706666666667;48.9024;16.3345304678901;8.68522391153898;8507
-5.29571666666667;48.9029;16.3345304678901;8.68522391153898;8522
-5.29515;48.9031166666667;16.1804645820788;8.96897797455724;8528
-5.29313333333333;48.9038833333333;16.3345304678901;8.68522391153898;8542
-5.29235;48.9041833333333;16.1804645820788;8.96897797455724;8552
-5.29178333333333;48.9044;16.3345304678901;8.68522391153898;8557
-5.29111666666667;48.90465;16.3345304678901;8.68522391153898;8564
-5.28976666666667;48.9051666666667;16.3345304678901;8.68522391153898;8573
-5.289;48.9054666666667;16.1804645820788;8.96897797455724;8583
-5.28775;48.9059333333333;16.3345304678901;8.68522391153898;8592
-5.28708333333333;48.9062;16.1804645820788;8.96897797455724;8597
-5.28641666666667;48.9064666666667;16.3345304678901;8.68522391153898;8607
-5.28561666666667;48.90675;16.1804645820788;8.96897797455724;8612
-5.2844;48.9072333333333;16.1804645820788;8.96897797455724;8620
-5.28361666666667;48.90755;16.1804645820788;8.96897797455724;8627
-5.28305;48.90775;16.1804645820788;8.96897797455724;8633
-5.28103333333333;48.9085333333333;16.3345304678901;8.68522391153898;8654
-5.27835;48.9095833333333;16.3345304678901;8.68522391153898;8684
-5.27493333333333;48.9108166666667;16.3345304678901;8.68522391153898;8704
-5.2736;48.9113333333333;16.3345304678901;8.68522391153898;8717
-5.2729;48.9115833333333;16.3345304678901;8.68522391153898;8723
-5.27211666666667;48.9118833333333;16.1804645820788;8.96897797455724;8729
-5.27156666666667;48.9121;16.1804645820788;8.96897797455724;8737
-5.26956666666667;48.9128833333333;16.1804645820788;8.96897797455724;8757
-5.26823333333333;48.9134166666667;16.1804645820788;8.96897797455724;8769
-5.2669;48.91395;16.1804645820788;8.96897797455724;8780
-5.26543333333333;48.9145;16.3345304678901;8.68522391153898;8790
-5.26418333333333;48.9149666666667;16.3345304678901;8.68522391153898;8800
-5.26283333333333;48.9154833333333;16.3345304678901;8.68522391153898;8818
-5.2615;48.916;16.1804645820788;8.96897797455724;8827
-5.26081666666667;48.91625;16.1804645820788;8.96897797455724;8832
-5.26013333333333;48.9165166666667;16.1804645820788;8.96897797455724;8841
-5.25946666666667;48.9167666666667;16.1804645820788;8.96897797455724;8847
-5.2587;48.9170833333333;16.1804645820788;8.96897797455724;8857
-5.25745;48.91755;16.1804645820788;8.96897797455724;8864
-5.25531666666667;48.9183666666667;16.3345304678901;8.68522391153898;8879
-5.25475;48.9185833333333;16.3345304678901;8.68522391153898;8888
-5.25338333333333;48.9191;16.3345304678901;8.68522391153898;8897
-5.25268333333333;48.91935;16.3345304678901;8.68522391153898;8905
-5.25133333333333;48.9198666666667;16.3345304678901;8.68522391153898;8916
-5.2493;48.9206333333333;16.1804645820788;8.96897797455724;8938
-5.24658333333333;48.92165;16.1804645820788;8.96897797455724;8962
-5.24456666666667;48.9224166666667;16.1804645820788;8.96897797455724;8975
-5.24388333333333;48.9226666666667;16.1804645820788;8.96897797455724;8987
-5.24255;48.9231833333333;16.1804645820788;8.96897797455724;8993
-5.24121666666667;48.9237166666667;16.1804645820788;8.96897797455724;9009
-5.23988333333333;48.92425;16.1804645820788;8.96897797455724;9019
-5.23786666666667;48.9250333333333;16.1804645820788;8.96897797455724;9038
-5.23581666666667;48.9258;16.3345304678901;8.68522391153898;9053
-5.23106666666667;48.9275833333333;16.1804645820788;8.96897797455724;9097
-5.2304;48.92785;16.1804645820788;8.96897797455724;9103
-5.22906666666667;48.9283666666667;16.1804645820788;8.96897797455724;9112
-5.22828333333333;48.9286666666667;16.1804645820788;8.96897797455724;9121
-5.22705;48.92915;16.1804645820788;8.96897797455724;9133
-5.22636666666667;48.9294166666667;16.1804645820788;8.96897797455724;9139
-5.22503333333333;48.9299333333333;16.4228255639938;8.73217124690676;9151
-5.2223;48.9309333333333;16.4228255639938;8.73217124690676;9172
-5.2215;48.9312333333333;16.3345304678901;8.68522391153898;9181
-5.22025;48.9317;16.3345304678901;8.68522391153898;9192
-5.21958333333333;48.93195;16.3345304678901;8.68522391153898;9203
-5.21811666666667;48.9325;16.1804645820788;8.96897797455724;9210
-5.21753333333333;48.9327;16.3345304678901;8.68522391153898;9215
-5.21548333333333;48.93345;16.3345304678901;8.68522391153898;9235
-5.21471666666667;48.9337666666667;16.3345304678901;8.68522391153898;9240
-5.2114;48.9349833333333;16.1804645820788;8.96897797455724;9272
-5.21005;48.9355;16.1804645820788;8.96897797455724;9283
-5.2087;48.9360166666667;16.1804645820788;8.96897797455724;9295
-5.20736666666667;48.93655;16.1804645820788;8.96897797455724;9308
-5.20603333333333;48.9371;16.1804645820788;8.96897797455724;9321
-5.20458333333333;48.9376833333333;16.1804645820788;8.96897797455724;9330
-5.20333333333333;48.93815;16.1804645820788;8.96897797455724;9343
-5.20255;48.9384666666667;16.3345304678901;8.68522391153898;9348
-5.20198333333333;48.9386833333333;16.3345304678901;8.68522391153898;9355
-5.19996666666667;48.9394666666667;16.3345304678901;8.68522391153898;9373
-5.19725;48.9405;16.3345304678901;8.68522391153898;9395
-5.19656666666667;48.94075;16.3345304678901;8.68522391153898;9404
-5.19441666666667;48.9415666666667;16.2679268864337;9.01745912152206;9423
-5.19318333333333;48.94205;16.2679268864337;9.01745912152206;9435
-5.19183333333333;48.9425666666667;16.2679268864337;9.01745912152206;9442
-5.19103333333333;48.9428833333333;16.2679268864337;9.01745912152206;9452
-5.18765;48.9441833333333;16.4228255639938;8.73217124690676;9480
-5.1822;48.9462833333333;16.4228255639938;8.73217124690676;9527
-5.1796;48.9472833333333;16.4228255639938;8.73217124690676;9552
-5.17823333333333;48.9478;16.5111206600975;8.77911858227454;9565
-5.17743333333333;48.9481;16.5111206600975;8.77911858227454;9570
-5.17686666666667;48.9483333333333;16.5111206600975;8.77911858227454;9582
-5.17538333333333;48.9488666666667;16.5111206600975;8.77911858227454;9587
-5.17483333333333;48.9491;16.5111206600975;8.77911858227454;9593
-5.17403333333333;48.9494;16.5111206600975;8.77911858227454;9606
-5.17143333333333;48.9503666666667;16.3553891907886;9.06594026848689;9623
-5.17008333333333;48.9509;16.3553891907886;9.06594026848689;9641
-5.16806666666667;48.9516833333333;16.3553891907886;9.06594026848689;9654
-5.16726666666667;48.952;16.3553891907886;9.06594026848689;9660
-5.1667;48.9522166666667;16.3553891907886;9.06594026848689;9668
-5.16536666666667;48.95275;16.3553891907886;9.06594026848689;9676
-5.16263333333333;48.9538;16.194675711494;9.35000038146973;9703
-5.16053333333333;48.9546666666667;16.3553891907886;9.06594026848689;9725
-5.1593;48.95515;16.3553891907886;9.06594026848689;9731
-5.16263333333333;48.9538;16.194675711494;9.35000038146973;9739
-5.15511666666667;48.9567666666667;16.5994140721123;8.82606502219637;9772
-5.15318333333333;48.95745;16.5994140721123;8.82606502219637;9787
-5.15181666666667;48.9579833333333;16.5994140721123;8.82606502219637;9796
-5.15115;48.9582333333333;16.4428498269388;9.11442049075075;9802
-5.14831666666667;48.9593666666667;16.4428498269388;9.11442049075075;9828
-5.14695;48.9598833333333;16.4428498269388;9.11442049075075;9848
-5.14503333333333;48.9606166666667;16.3553891907886;9.06594026848689;9858
-5.14356666666667;48.9611833333333;16.3553891907886;9.06594026848689;9872
-5.14228333333333;48.9616333333333;16.3553891907886;9.06594026848689;9883
-5.14093333333333;48.9621666666667;16.3553891907886;9.06594026848689;9892
-5.13958333333333;48.9627166666667;16.3553891907886;9.06594026848689;9908
-5.13888333333333;48.96295;16.3553891907886;9.06594026848689;9915
-5.13753333333333;48.9635166666667;16.3553891907886;9.06594026848689;9922
-5.13618333333333;48.9640166666667;16.3553891907886;9.06594026848689;9936
-5.1355;48.9643;16.3553891907886;9.06594026848689;9941
-5.13415;48.9648166666667;16.4428498269388;9.11442049075075;9957
-5.13336666666667;48.9651166666667;16.4428498269388;9.11442049075075;9965
-5.13211666666667;48.9656;16.3553891907886;9.06594026848689;9975
-5.13415;48.9648166666667;16.4428498269388;9.11442049075075;9980
-5.12995;48.9664166666667;16.3553891907886;9.06594026848689;9992
-5.1294;48.9666333333333;16.5994140721123;8.82606502219637;9998
-5.12736666666667;48.9673833333333;16.5994140721123;8.82606502219637;10013
-5.126;48.9679;16.4428498269388;9.11442049075075;10028
-5.12533333333333;48.9681833333333;16.4428498269388;9.11442049075075;10034
-5.12263333333333;48.9692166666667;16.5994140721123;8.82606502219637;10058
-5.12055;48.9699833333333;16.4428498269388;9.11442049075075;10072
-5.11921666666667;48.9705166666667;16.4428498269388;9.11442049075075;10088
-5.1172;48.9713333333333;16.4428498269388;9.11442049075075;10103
-5.11641666666667;48.97165;16.4428498269388;9.11442049075075;10110
-5.11521666666667;48.9721333333333;16.5994140721123;8.82606502219637;10123
-5.11438333333333;48.9724333333333;16.4428498269388;9.11442049075075;10128
-5.11378333333333;48.9726333333333;16.5994140721123;8.82606502219637;10133
-5.11295;48.9729;16.5994140721123;8.82606502219637;10140
-5.11236666666667;48.9731166666667;16.5994140721123;8.82606502219637;10148
-5.10955;48.9742;16.5994140721123;8.82606502219637;10169
-5.10753333333333;48.9749833333333;16.4428498269388;9.11442049075075;10188
-5.10696666666667;48.9751833333333;16.5994140721123;8.82606502219637;10193
-5.10618333333333;48.9755166666667;16.4428498269388;9.11442049075075;10203
-5.10561666666667;48.9757166666667;16.4428498269388;9.11442049075075;10208
-5.10423333333333;48.9762166666667;16.4428498269388;9.11442049075075;10217
-5.10356666666667;48.9764666666667;16.4428498269388;9.11442049075075;10222
-5.1028;48.9767833333333;16.5994140721123;8.82606502219637;10229
-5.10561666666667;48.9757166666667;16.4428498269388;9.11442049075075;10235
-5.1016;48.9772666666667;16.4428498269388;9.11442049075075;10241
-5.09893333333333;48.9783166666667;16.5111206600975;8.77911858227454;10268
-5.0969;48.9790666666667;16.5111206600975;8.77911858227454;10283
-5.09613333333333;48.9793833333333;16.3553891907886;9.06594026848689;10292
-5.0941;48.98015;16.3553891907886;9.06594026848689;10314
-5.09273333333333;48.98065;16.3553891907886;9.06594026848689;10323
-5.0915;48.98115;16.3553891907886;9.06594026848689;10338
-5.09016666666667;48.9816666666667;16.3553891907886;9.06594026848689;10343
-5.08938333333333;48.9819833333333;16.3553891907886;9.06594026848689;10349
-5.08883333333333;48.9821833333333;16.3553891907886;9.06594026848689;10358
-5.08738333333333;48.98275;16.5111206600975;8.77911858227454;10367
-5.08681666666667;48.9829666666667;16.4228255639938;8.73217124690676;10373
-5.08606666666667;48.9833;16.2679268864337;9.01745912152206;10379
-5.0848;48.98375;16.2679268864337;9.01745912152206;10391
-5.08413333333333;48.9840166666667;16.2679268864337;9.01745912152206;10403
-5.08266666666667;48.9845666666667;16.2679268864337;9.01745912152206;10410
-5.08211666666667;48.9847833333333;16.2679268864337;9.01745912152206;10417
-5.08066666666667;48.98535;16.2679268864337;9.01745912152206;10427
-5.08008333333333;48.98555;16.2679268864337;9.01745912152206;10437
-5.07743333333333;48.9866166666667;16.2679268864337;9.01745912152206;10458
-5.076;48.9871833333333;16.3345304678901;8.68522391153898;10472
-5.07553333333333;48.9873666666667;16.1804645820788;8.96897797455724;10479
-5.07393333333333;48.9879666666667;16.3345304678901;8.68522391153898;10487
-5.07203333333333;48.9887;16.3345304678901;8.68522391153898;10505
-5.07135;48.98895;16.3345304678901;8.68522391153898;10511
-5.07066666666667;48.9892;16.3345304678901;8.68522391153898;10518
-5.0693;48.9897;16.3345304678901;8.68522391153898;10532
-5.0666;48.9907166666667;16.2462353717865;8.6382765761712;10553
-5.06525;48.9912333333333;16.0930022777239;8.92049682759241;10565
-5.0619;48.9925166666667;16.0930022777239;8.92049682759241;10595
-5.0599;48.9932833333333;16.0930022777239;8.92049682759241;10613
-5.05723333333333;48.9943333333333;16.0930022777239;8.92049682759241;10638
-5.05585;48.9948166666667;16.2462353717865;8.6382765761712;10653
-5.05318333333333;48.9958666666667;16.0930022777239;8.92049682759241;10675
-5.05236666666667;48.9961333333333;16.0930022777239;8.92049682759241;10683
-5.04981666666667;48.9971666666667;16.0930022777239;8.92049682759241;10703
-5.04846666666667;48.9976666666667;16.0930022777239;8.92049682759241;10715
-5.0478;48.9979333333333;16.0930022777239;8.92049682759241;10722
-5.04703333333333;48.9982333333333;16.1804645820788;8.96897797455724;10731
-5.04513333333333;48.99895;16.1804645820788;8.96897797455724;10745
-5.04378333333333;48.9994833333333;16.1804645820788;8.96897797455724;10758
-5.0431;48.9997333333333;16.1804645820788;8.96897797455724;10765
-5.0424;48.9999833333333;16.3345304678901;8.68522391153898;10772
-5.04106666666667;49.0005166666667;16.3345304678901;8.68522391153898;10788
-5.0389;49.0013166666667;16.3345304678901;8.68522391153898;10802
-5.03835;49.0015333333333;16.1804645820788;8.96897797455724;10808
-5.037;49.00205;16.1804645820788;8.96897797455724;10822
-5.0356;49.00265;16.1804645820788;8.96897797455724;10831
-5.03436666666667;49.0031333333333;16.1804645820788;8.96897797455724;10842
-5.03356666666667;49.0034166666667;16.1804645820788;8.96897797455724;10848
-5.03298333333333;49.0036166666667;16.1804645820788;8.96897797455724;10853
-5.03161666666667;49.0041333333333;16.3345304678901;8.68522391153898;10869
-5.03436666666667;49.0031333333333;16.1804645820788;8.96897797455724;10875
-5.02951666666667;49.0048833333333;16.3345304678901;8.68522391153898;10882
-5.0275;49.0056666666667;16.4228255639938;8.73217124690676;10900
-5.02671666666667;49.00595;16.4228255639938;8.73217124690676;10908
-5.02615;49.0061666666667;16.4228255639938;8.73217124690676;10913
-5.02535;49.00645;16.4228255639938;8.73217124690676;10927
-5.0234;49.0071666666667;16.4228255639938;8.73217124690676;10938
-5.01988333333333;49.0085;16.2679268864337;9.01745912152206;10967
-5.01931666666667;49.0087;16.2679268864337;9.01745912152206;10973
-5.01795;49.0092333333333;16.2679268864337;9.01745912152206;10985
-5.01661666666667;49.0097666666667;16.2679268864337;9.01745912152206;10998
-5.01526666666667;49.0102833333333;16.2679268864337;9.01745912152206;11009
-5.0139;49.0107833333333;16.2679268864337;9.01745912152206;11023
-5.01311666666667;49.0111;16.2679268864337;9.01745912152206;11028
-5.01255;49.0113166666667;16.2679268864337;9.01745912152206;11033
-5.01118333333333;49.0118333333333;16.2679268864337;9.01745912152206;11045
-5.01048333333333;49.0120833333333;16.2679268864337;9.01745912152206;11050
-5.00983333333333;49.01235;16.2679268864337;9.01745912152206;11058
-5.00848333333333;49.0128666666667;16.2679268864337;9.01745912152206;11069
-5.00715;49.0134;16.2679268864337;9.01745912152206;11083
-5.0051;49.0141666666667;16.4228255639938;8.73217124690676;11100
-5.0024;49.0152;16.4228255639938;8.73217124690676;11122
-5.00173333333333;49.0154666666667;16.4228255639938;8.73217124690676;11129
-5.00038333333333;49.0159833333333;16.4228255639938;8.73217124690676;11143
-4.9996;49.0163;16.4228255639938;8.73217124690676;11148
-4.99826666666667;49.0168166666667;16.4228255639938;8.73217124690676;11163
-4.997;49.0172666666667;16.4228255639938;8.73217124690676;11170
-4.99485;49.0180666666667;16.4228255639938;8.73217124690676;11192
-4.99361666666667;49.01855;16.2679268864337;9.01745912152206;11202
-4.99226666666667;49.0190666666667;16.2679268864337;9.01745912152206;11217
-4.99088333333333;49.0195666666667;16.2679268864337;9.01745912152206;11224
-4.98886666666667;49.02035;16.2679268864337;9.01745912152206;11242
-4.99088333333333;49.0195666666667;16.2679268864337;9.01745912152206;11250
-4.9875;49.02085;16.2679268864337;9.01745912152206;11255
-4.98685;49.0211333333333;16.2679268864337;9.01745912152206;11261
-4.98605;49.0214333333333;16.2679268864337;9.01745912152206;11268
-4.9847;49.02195;16.2679268864337;9.01745912152206;11282
-4.98278333333333;49.0226833333333;16.2679268864337;9.01745912152206;11298
-4.9821;49.0229333333333;16.2679268864337;9.01745912152206;11303
-4.98076666666667;49.0234666666667;16.2679268864337;9.01745912152206;11318
-4.97931666666667;49.0240333333333;16.2679268864337;9.01745912152206;11328
-4.97806666666667;49.0244833333333;16.1804645820788;8.96897797455724;11342
-4.9754;49.02555;16.1804645820788;8.96897797455724;11364
-4.97458333333333;49.0258333333333;16.1804645820788;8.96897797455724;11371
-4.97256666666667;49.0266;16.3345304678901;8.68522391153898;11388
-4.97201666666667;49.0268333333333;16.1804645820788;8.96897797455724;11394
-4.97065;49.0273333333333;16.1804645820788;8.96897797455724;11409
-4.96931666666667;49.0278666666667;16.1804645820788;8.96897797455724;11417
-4.96865;49.0281166666667;16.3345304678901;8.68522391153898;11423
-4.96785;49.0284166666667;16.1804645820788;8.96897797455724;11431
-4.96661666666667;49.0288833333333;16.3345304678901;8.68522391153898;11442
-4.96583333333333;49.0292;16.3345304678901;8.68522391153898;11448
-4.96526666666667;49.0294;16.3345304678901;8.68522391153898;11454
-4.96391666666667;49.0299166666667;16.3345304678901;8.68522391153898;11468
-4.96111666666667;49.031;16.1804645820788;8.96897797455724;11492
-4.96055;49.0312;16.1804645820788;8.96897797455724;11498
-4.9591;49.0317666666667;16.1804645820788;8.96897797455724;11508
-4.95853333333333;49.0319833333333;16.1804645820788;8.96897797455724;11513
-4.95651666666667;49.0327666666667;16.1804645820788;8.96897797455724;11532
-4.9544;49.0335833333333;16.1804645820788;8.96897797455724;11552
-4.95183333333333;49.0345833333333;16.1804645820788;8.96897797455724;11577
-4.95105;49.0348833333333;16.1804645820788;8.96897797455724;11588
-4.94768333333333;49.0361833333333;16.1804645820788;8.96897797455724;11612
-4.94645;49.0366666666667;16.1804645820788;8.96897797455724;11620
-4.9451;49.0372;16.1804645820788;8.96897797455724;11636
-4.93975;49.0393;16.2679268864337;9.01745912152206;11682
-4.93841666666667;49.0398333333333;16.4228255639938;8.73217124690676;11694
-4.93503333333333;49.0411166666667;16.4228255639938;8.73217124690676;11722
-4.93368333333333;49.0416333333333;16.2679268864337;9.01745912152206;11734
-4.933;49.0418833333333;16.2679268864337;9.01745912152206;11742
-4.93168333333333;49.0424166666667;16.2679268864337;9.01745912152206;11753
-4.93088333333333;49.0427166666667;16.2679268864337;9.01745912152206;11763
-4.93168333333333;49.0424166666667;16.2679268864337;9.01745912152206;11778
-4.92765;49.0439833333333;16.4228255639938;8.73217124690676;11792
-4.92293333333333;49.0458;16.4228255639938;8.73217124690676;11830
-4.92225;49.04605;16.4228255639938;8.73217124690676;11838
-4.89665;49.0559166666667;16.1804645820788;8.96897797455724;12064
-4.89598333333333;49.0561833333333;16.1804645820788;8.96897797455724;12070
-4.89665;49.0559166666667;16.1804645820788;8.96897797455724;12082
-4.77236666666667;49.1048;16.1804645820788;8.96897797455724;13185
-4.76835;49.1063833333333;16.0930022777239;8.92049682759241;13217
-4.73518333333333;49.1190166666667;16.2679268864337;9.01745912152206;13515
-4.72698333333333;49.1220666666667;16.2679268864337;9.01745912152206;13584
-4.72153333333333;49.1241166666667;16.2679268864337;9.01745912152206;13635
-4.72015;49.1246166666667;16.2679268864337;9.01745912152206;13642
-4.72153333333333;49.1241166666667;16.2679268864337;9.01745912152206;13653
-4.7173;49.1257;16.3553891907886;9.06594026848689;13667
-4.71591666666667;49.1261833333333;16.3553891907886;9.06594026848689;13684
-4.60605;49.1673166666667;16.3345304678901;8.68522391153898;14652
