"x";"y";"vx";"vy";"t"
-4.00283333333333;49.7098333333333;-14.5864279008999;-9.11461174910744;0
-4.01966666666667;49.7031666666667;-14.5016227677796;-9.06161962053596;163
-4.106;49.6688333333333;-14.4168176346592;-9.00862749196449;988
-4.12283333333333;49.6621666666667;-14.4168176346592;-9.00862749196449;1130
-4.13516666666667;49.6571666666667;-14.5016227677796;-9.06161962053596;1265
-4.15;49.6513333333333;-14.4168176346592;-9.00862749196449;1394
-4.17416666666667;49.6416666666667;-14.5016227677796;-9.06161962053596;1642
-5.38283333333333;49.1623333333333;-15.6750601388608;-9.05000019073487;12970
-5.426;49.1455;-15.7616630096017;-9.10000038146974;13370
-5.463;49.1308333333333;-15.7616630096017;-9.10000038146974;13713
-5.49383333333333;49.1188333333333;-15.6556924241542;-8.67809201746924;13992
-5.518;49.1093333333333;-15.501854397379;-8.94999980926514;14234
-5.54483333333333;49.0988333333333;-15.5147284696916;-9.32218935234342;14444
-5.56116666666667;49.0921666666667;-15.5884572681199;-9.00000000000001;14626
-5.57433333333333;49.0871666666667;-15.429011412638;-9.27068534838098;14737
-5.5865;49.0821666666667;-15.501854397379;-8.94999980926514;14847
-5.6025;49.0758333333333;-15.429011412638;-9.27068534838098;14990
-5.61616666666667;49.0703333333333;-15.501854397379;-8.94999980926514;15130
-5.63633333333333;49.0621666666667;-15.429011412638;-9.27068534838098;15290
-5.65;49.0566666666667;-15.830617032864;-8.77505431139889;15426
-5.6555;49.0545;-15.5147284696916;-9.32218935234342;15497
-5.67733333333333;49.0456666666667;-15.830617032864;-8.77505431139889;15662
-5.69116666666667;49.0401666666667;-15.6004455267452;-9.37369335630586;15796
-5.707;49.0338333333333;-15.7616630096017;-9.10000038146974;15933
-5.72066666666667;49.0283333333333;-15.8482642285303;-9.14999961853028;16075
-5.75366666666667;49.015;-15.6750601388608;-9.05000019073487;16369
-5.81683333333333;48.99;-16.0055399733691;-8.87201568062758;16976
-5.835;48.9828333333333;-15.9348670992712;-9.19999980926515;17114
-5.85016666666667;48.9768333333333;-15.9348670992712;-9.19999980926515;17235
-5.94383333333333;48.9225;-8.39882424518161;-16.4836206974848;18234
-5.96366666666667;48.8965;-8.73217124690676;-16.4228255639938;18605
-6.00366666666667;48.839;-8.19754077940638;-16.8074493515199;19311
-6.0185;48.8181666666667;-8.24137722518401;-16.8973273846989;19580
-6.02916666666667;48.803;-8.19754077940638;-16.8074493515199;19778
-6.03933333333333;48.7888333333333;-7.56530171636759;-16.9919458606423;19953
-6.04933333333333;48.7755;-8.19754077940638;-16.8074493515199;20120
-6.09133333333333;48.7206666666667;-8.0660289336937;-16.537810109042;20833
-6.1485;48.6456666666667;-7.93451792410762;-16.2681725808776;21824
-6.1645;48.6245;-7.64939069872273;-16.4041712910924;22111
-6.24816666666667;48.4311666666667;-0.314143315871097;-17.997258512815;24550
-6.242;48.3606666666667;2.15708747125004;-17.568067641304;25412
-6.187;48.1353333333333;5.79511290094861;-16.8302299242944;28177
-6.18033333333333;48.1236666666667;6.41478616015435;-16.7110892781672;28342
-6.1705;48.107;6.70545787924375;-16.5965906430529;28553
-6.124;48.0258333333333;5.56230589874906;-17.1190172933128;29620
-5.9755;47.7781666666667;6.12216043505914;-16.8204975536035;32816
-5.833;47.5096666666667;5.6241095333853;-17.3092293221703;36262
-5.79883333333333;47.4421666666667;5.56230589874906;-17.1190172933128;37120
-5.786;47.4201666666667;6.81784028597175;-16.8747468605007;37411
-5.7565;47.375;7.30667240085362;-17.2134414618501;37964
-5.71466666666667;47.2896666666667;5.6241095333853;-17.3092293221703;39010
-5.702;47.2615;5.68591257861841;-17.4994395370316;39351
-5.63366666666667;47.121;4.81403433763852;-17.9662207374481;41088
-5.6285;47.1076666666667;4.1615945053615;-18.0258461985269;41273
-5.6245;47.0961666666667;3.82557503173476;-17.9979154803683;41387
-5.621;47.0858333333333;3.51088544214057;-18.061939800976;41540
-5.396;46.676;6.25896836191908;-17.1963742434535;46724
-5.389;46.6633333333333;6.55813320326595;-17.0845210926335;46857
-5.38183333333333;46.6505;6.25896836191908;-17.1963742434535;47040
-5.37666666666667;46.641;6.55813320326595;-17.0845210926335;47163
-5.368;46.6248333333333;6.29317050672198;-17.2903438639964;47355
-5.3605;46.61;5.99045391781729;-17.3975414303407;47532
-5.34433333333333;46.5788333333333;6.55813320326595;-17.0845210926335;47938
-5.33583333333333;46.5623333333333;6.29317050672198;-17.2903438639964;48129
-5.33033333333333;46.5518333333333;6.29317050672198;-17.2903438639964;48263
-5.3245;46.5403333333333;6.25896836191908;-17.1963742434535;48412
-5.30966666666667;46.5121666666667;5.95789697817718;-17.3029892120941;48787
