"x";"y";"vx";"vy";"t"
-4.81816333333333;49.2411116666667;-17.8422416920027;-9.89011606808508;0
-5.12611;49.1193033333333;-18.3670138499273;-10.1810020251731;2459
-5.13374666666667;49.1163483333333;-18.5418994500375;-9.85890281850371;2520
-5.16133166666667;49.105745;-18.3670138499273;-10.1810020251731;2735
-5.16901833333333;49.10279;-18.2795515455724;-10.1325208782082;2796
-5.182685;49.09752;-18.3670138499273;-10.1810020251731;2903
-5.18433166666667;49.0968616666667;-18.3670138499273;-10.1810020251731;2916
-5.18737;49.095665;-18.3670138499273;-10.1810020251731;2941
-5.19810666666667;49.09145;-18.4536043539338;-9.81195548313593;3023
-5.19950666666667;49.0909116666667;-18.2795515455724;-10.1325208782082;3041
-5.202585;49.089755;-18.2795515455724;-10.1325208782082;3062
-5.20852166666667;49.0873933333333;-18.2795515455724;-10.1325208782082;3109
-5.21168166666667;49.0861366666667;-18.4536043539338;-9.81195548313593;3134
-5.21258;49.085795;-18.5418994500375;-9.85890281850371;3140
-5.21861;49.0835366666667;-18.5418994500375;-9.85890281850371;3188
-5.22016;49.082965;-18.7111370079557;-9.53380049453049;3199
-5.22093166666667;49.082685;-18.7111370079557;-9.53380049453049;3204
-5.22158333333333;49.0824483333333;-18.7111370079557;-9.53380049453049;3210
-5.22262333333333;49.0820766666667;-18.7111370079557;-9.53380049453049;3215
-5.22406833333333;49.08157;-18.8002380002666;-9.57919971768807;3228
-5.22563833333333;49.0810133333333;-18.7111370079557;-9.53380049453049;3245
-5.22720333333333;49.08046;-18.8002380002666;-9.57919971768807;3253
-5.22811333333333;49.080135;-18.8002380002666;-9.57919971768807;3258
-5.23189;49.0787733333333;-18.8002380002666;-9.57919971768807;3289
-5.23267;49.0784916666667;-18.8002380002666;-9.57919971768807;3294
-5.235145;49.0776033333333;-18.8002380002666;-9.57919971768807;3313
-5.23907833333333;49.076205;-18.8002380002666;-9.57919971768807;3343
-5.23986166666667;49.0759333333333;-18.7111370079557;-9.53380049453049;3349
-5.24051666666667;49.0756966666667;-18.8893389925774;-9.62459894084566;3354
-5.24129166666667;49.0754133333333;-18.8002380002666;-9.57919971768807;3359
-5.243645;49.07457;-18.8002380002666;-9.57919971768807;3377
-5.244435;49.0742866666667;-18.8893389925774;-9.62459894084566;3384
-5.24508166666667;49.0740483333333;-18.8002380002666;-9.57919971768807;3390
-5.24756833333333;49.0731666666667;-18.6301945461411;-9.90585015387148;3408
-5.2516;49.0716933333333;-18.8893389925774;-9.62459894084566;3439
-5.252255;49.0714616666667;-18.8002380002666;-9.57919971768807;3444
-5.25381166666667;49.070885;-18.8002380002666;-9.57919971768807;3455
-5.256165;49.0700433333333;-18.8002380002666;-9.57919971768807;3474
-5.25851833333333;49.0692;-18.8002380002666;-9.57919971768807;3497
-5.25996166666667;49.0686916666667;-18.8002380002666;-9.57919971768807;3503
-5.26087666666667;49.0683683333333;-18.8893389925774;-9.62459894084566;3512
-5.264935;49.066925;-18.8002380002666;-9.57919971768807;3540
-5.26637333333333;49.0664;-18.8002380002666;-9.57919971768807;3553
-5.26794166666667;49.0658433333333;-18.8002380002666;-9.57919971768807;3569
-5.27109;49.0647233333333;-18.8893389925774;-9.62459894084566;3590
-5.274995;49.0633066666667;-18.8893389925774;-9.62459894084566;3620
-5.276695;49.0626933333333;-18.8002380002666;-9.57919971768807;3631
-5.27577833333333;49.06302;-18.8893389925774;-9.62459894084566;3636
-5.276695;49.0626933333333;-18.8002380002666;-9.57919971768807;3643
-5.27892166666667;49.0619016666667;-18.8002380002666;-9.57919971768807;3649
-5.282055;49.0607916666667;-18.7111370079557;-9.53380049453049;3673
-5.28348333333333;49.0602733333333;-18.7111370079557;-9.53380049453049;3686
-5.28660833333333;49.0591366666667;-18.8893389925774;-9.62459894084566;3707
-5.28739;49.0588516666667;-18.8893389925774;-9.62459894084566;3714
-5.290015;49.0579283333333;-19.1443125004468;-9.33730509215671;3732
-5.29158;49.0573666666667;-18.7111370079557;-9.53380049453049;3744
-5.29302333333333;49.05686;-18.8893389925774;-9.62459894084566;3756
-5.2938;49.05657;-18.8002380002666;-9.57919971768807;3763
-5.296155;49.0557383333333;-18.8893389925774;-9.62459894084566;3781
-5.29771;49.0551716666667;-18.7111370079557;-9.53380049453049;3793
-5.30085;49.0540483333333;-19.0544344672678;-9.29346864637909;3822
-5.30242666666667;49.053495;-18.9645547197751;-9.24963136447486;3830
-5.30558166666667;49.052395;-18.8002380002666;-9.57919971768807;3853
-5.30729333333333;49.0517983333333;-18.8893389925774;-9.62459894084566;3869
-5.310305;49.0507133333333;-18.8893389925774;-9.62459894084566;3888
-5.31096;49.05048;-18.8893389925774;-9.62459894084566;3893
-5.312525;49.0499083333333;-18.9784382854282;-9.66999729808509;3908
-5.31422833333333;49.04929;-18.9784382854282;-9.66999729808509;3919
-5.31658666666667;49.0484333333333;-18.8893389925774;-9.62459894084566;3935
-5.31815833333333;49.0478716666667;-18.9784382854282;-9.66999729808509;3950
-5.319735;49.04731;-18.8002380002666;-9.57919971768807;3959
-5.321315;49.0467466666667;-18.8893389925774;-9.62459894084566;3977
-5.32289666666667;49.0461933333333;-18.8893389925774;-9.62459894084566;3984
-5.323685;49.0459166666667;-18.9784382854282;-9.66999729808509;3989
-5.32746666666667;49.0445416666667;-18.4536043539338;-9.81195548313593;4021
-5.328245;49.0442566666667;-18.5418994500375;-9.85890281850371;4037
-5.33223;49.04275;-18.8002380002666;-9.57919971768807;4055
-5.33313833333333;49.0424133333333;-18.8002380002666;-9.57919971768807;4061
-5.33379166666667;49.0421833333333;-18.9645547197751;-9.24963136447486;4067
-5.33535666666667;49.041625;-18.9645547197751;-9.24963136447486;4081
-5.33706833333333;49.0410266666667;-19.0544344672678;-9.29346864637909;4093
-5.33917833333333;49.0402966666667;-19.0544344672678;-9.29346864637909;4109
-5.3409;49.0397066666667;-19.0544344672678;-9.29346864637909;4122
-5.34327666666667;49.0388833333333;-19.0544344672678;-9.29346864637909;4140
-5.34406166666667;49.038605;-18.8893389925774;-9.62459894084566;4145
-5.34498;49.0382766666667;-18.8002380002666;-9.57919971768807;4153
-5.347995;49.0371983333333;-18.9645547197751;-9.24963136447486;4176
-5.349575;49.0366383333333;-19.3043551724227;-9.00176865264476;4188
-5.35115666666667;49.0360933333333;-19.1230946522023;-8.91724548394484;4199
-5.35514666666667;49.0347633333333;-19.2137257766349;-8.95950747133498;4230
-5.35687166666667;49.0341683333333;-19.0544344672678;-9.29346864637909;4243
-5.360855;49.0328183333333;-19.0544344672678;-9.29346864637909;4276
-5.36311;49.0320433333333;-19.3949862968553;-9.04403064003491;4296
-5.365365;49.03128;-19.1443125004468;-9.33730509215671;4307
-5.370235;49.0295816666667;-19.1230946522023;-8.91724548394484;4344
-5.37181666666667;49.0290416666667;-19.2137257766349;-8.95950747133498;4355
-5.375015;49.0279983333333;-19.1230946522023;-8.91724548394484;4379
-5.37821333333333;49.0269466666667;-19.2137257766349;-8.95950747133498;4405
-5.38299;49.02533;-19.0544344672678;-9.29346864637909;4441
-5.38472;49.0247416666667;-19.0544344672678;-9.29346864637909;4452
-5.38617166666667;49.0242416666667;-19.0544344672678;-9.29346864637909;4467
-5.387765;49.0236983333333;-19.3949862968553;-9.04403064003491;4475
-5.38855333333333;49.023425;-19.0544344672678;-9.29346864637909;4483
-5.389215;49.0232033333333;-18.9645547197751;-9.24963136447486;4489
-5.39093;49.0226083333333;-19.0544344672678;-9.29346864637909;4500
-5.39172666666667;49.02234;-18.9645547197751;-9.24963136447486;4511
-5.39886166666667;49.0198966666667;-18.9645547197751;-9.24963136447486;4561
-5.39978166666667;49.019575;-18.9645547197751;-9.24963136447486;4573
-5.40122166666667;49.0190566666667;-18.9645547197751;-9.24963136447486;4578
-5.40200666666667;49.01878;-19.0544344672678;-9.29346864637909;4584
-5.40358166666667;49.0182233333333;-19.0544344672678;-9.29346864637909;4600
-5.41167666666667;49.0154833333333;-19.2137257766349;-8.95950747133498;4655
-5.41314166666667;49.0150066666667;-19.0544344672678;-9.29346864637909;4669
-5.41646;49.01388;-19.1443125004468;-9.33730509215671;4693
-5.422775;49.0116533333333;-19.1443125004468;-9.33730509215671;4743
-5.424355;49.011095;-19.0544344672678;-9.29346864637909;4753
-5.42580333333333;49.0105933333333;-19.0544344672678;-9.29346864637909;4764
-5.42739166666667;49.0100416666667;-19.0544344672678;-9.29346864637909;4778
-5.43849833333333;49.00618;-19.1443125004468;-9.33730509215671;4859
-5.504355;48.9830833333333;-19.4139517429247;-9.4688169378694;5354
-5.52349;48.976285;-19.485617421288;-9.08629262742505;5495
-5.52511166666667;48.975735;-19.5762485457206;-9.12855461481519;5509
-5.53163166666667;48.973565;-19.4139517429247;-9.4688169378694;5558
-5.53977333333333;48.9707766666667;-19.5937095235964;-9.55649066555125;5615
-5.54636666666667;48.968465;-19.5038314904174;-9.51265421977363;5663
-5.56096666666667;48.963415;-19.5937095235964;-9.55649066555125;5772
-5.56558833333333;48.9618516666667;-19.5937095235964;-9.55649066555125;5812
-5.56911666666667;48.960635;-19.5937095235964;-9.55649066555125;5838
-5.57715833333333;48.9578966666667;-19.683589271089;-9.60032794745548;5895
-5.58029;48.9568316666667;-19.5937095235964;-9.55649066555125;5919
-5.595185;48.9517616666667;-19.7734690185817;-9.64416522935971;6026
-5.60173166666667;48.9495166666667;-19.683589271089;-9.60032794745548;6073
-5.61646333333333;48.9444466666667;-19.683589271089;-9.60032794745548;6183
-5.64584;48.9341933333333;-19.5937095235964;-9.55649066555125;6398
-5.65241;48.9319766666667;-19.683589271089;-9.60032794745548;6443
-5.673765;48.9246016666667;-19.7734690185817;-9.64416522935971;6600
-5.67540333333333;48.92403;-19.7734690185817;-9.64416522935971;6614
-5.678555;48.9229383333333;-19.7734690185817;-9.64416522935971;6636
-5.68020666666667;48.9223833333333;-19.7734690185817;-9.64416522935971;6650
-5.68529166666667;48.9206416666667;-19.7734690185817;-9.64416522935971;6683
-5.69849666666667;48.9161383333333;-19.6912445244549;-10.0331902174276;6780
-5.70342166666667;48.9143833333333;-20.043106546746;-9.77567623894579;6816
-5.70492166666667;48.9138683333333;-19.7734690185817;-9.64416522935971;6831
-5.70669333333333;48.9132333333333;-19.7734690185817;-9.64416522935971;6843
-5.72639333333333;48.9063233333333;-19.7734690185817;-9.64416522935971;6983
-5.73297333333333;48.904035;-19.8633487660743;-9.68800251126394;7033
-5.73625166666667;48.9028816666667;-19.7734690185817;-9.64416522935971;7060
-5.75091166666667;48.8977666666667;-19.7734690185817;-9.64416522935971;7168
-5.76258833333333;48.8937316666667;-19.8633487660743;-9.68800251126394;7248
-5.77084333333333;48.890865;-19.9532285135669;-9.73183979316817;7308
-5.77915666666667;48.8878716666667;-19.8633487660743;-9.68800251126394;7368
-5.78244333333333;48.886715;-20.0294024392389;-9.33986374568554;7393
-5.78726833333333;48.8850733333333;-19.8633487660743;-9.68800251126394;7430
-5.78878;48.88455;-19.9532285135669;-9.73183979316817;7445
-5.79399166666667;48.8827216666667;-19.7734690185817;-9.64416522935971;7475
-5.79549166666667;48.8821833333333;-19.9532285135669;-9.73183979316817;7489
-5.82567;48.8583333333333;-11.25;-19.4855715851499;7799
-5.82743333333333;48.8561183333333;-10.8597353085778;-19.5914811062815;7826
-5.82914666666667;48.8538733333333;-10.9566976025074;-19.7664057149913;7848
-5.832555;48.8493633333333;-11.0536589717361;-19.9413286554963;7898
-5.83430333333333;48.847115;-11.0536589717361;-19.9413286554963;7920
-5.84763333333333;48.8288833333333;-10.4417814940096;-20.4931500563325;8111
-5.84985333333333;48.8257983333333;-10.7978459440755;-20.3077946357553;8143
-5.851235;48.82387;-10.7978459440755;-20.3077946357553;8163
-5.85381833333333;48.8203033333333;-10.7978459440755;-20.3077946357553;8199
-5.85411;48.8199183333333;-10.8447932794433;-20.396089731859;8208
-5.856805;48.8161516666667;-10.4871807171672;-20.5822510486433;8243
-5.85876166666667;48.8134383333333;-10.891740614811;-20.4843848279627;8273
-5.85994166666667;48.8117866666667;-10.9386870547329;-20.5726782399774;8288
-5.86108166666667;48.81025;-10.8447932794433;-20.396089731859;8303
-5.86135;48.8098566666667;-10.5325799403247;-20.6713520409542;8309
-5.861845;48.8091833333333;-10.8447932794433;-20.396089731859;8320
-5.86853;48.7998766666667;-10.5325799403247;-20.6713520409542;8412
-5.87547166666667;48.7901283333333;-10.5779782975642;-20.7604513338049;8511
-5.877155;48.787785;-10.5779782975642;-20.7604513338049;8540
-5.877715;48.7870016666667;-10.5779782975642;-20.7604513338049;8549
-5.88114666666667;48.782225;-10.5779782975642;-20.7604513338049;8591
-5.88387666666667;48.7784183333333;-10.5779782975642;-20.7604513338049;8631
-5.94099833333333;48.70302;-11.0795290608362;-20.8375635282885;9410
-5.94661666666667;48.69574;-11.4415072227537;-20.6410254221307;9489
-6.02677166666667;48.5952266666667;-11.8500003814697;-20.5248027304161;10523
-6.03746333333333;48.5820416666667;-11.9499998092651;-20.6980068200856;10661
-6.039385;48.579725;-11.8999996185303;-20.6114039493447;10683
-6.04355666666667;48.5747066666667;-11.8999996185303;-20.6114039493447;10739
-6.04613166666667;48.5716216666667;-11.8999996185303;-20.6114039493447;10768
-6.04677166666667;48.570845;-11.8999996185303;-20.6114039493447;10782
-6.049395;48.567645;-11.9499998092651;-20.6980068200856;10811
-6.05223666666667;48.5641533333333;-11.8999996185303;-20.6114039493447;10843
-6.053115;48.563085;-11.8999996185303;-20.6114039493447;10856
-6.05376666666667;48.5623166666667;-11.8999996185303;-20.6114039493447;10863
-6.05584833333333;48.5598033333333;-11.8999996185303;-20.6114039493447;10889
-6.05632166666667;48.5592233333333;-11.5384685919824;-20.8159483626357;10895
-6.05728333333333;48.558065;-11.4899883697186;-20.7284877264856;10908
-6.057985;48.5571866666667;-11.8500003814697;-20.5248027304161;10919
-6.06105833333333;48.5534016666667;-11.8500003814697;-20.5248027304161;10961
-6.061845;48.5524333333333;-11.8999996185303;-20.6114039493447;10969
-6.064225;48.54953;-11.8999996185303;-20.6114039493447;10999
-6.06614333333333;48.547215;-11.8999996185303;-20.6114039493447;11019
-6.072445;48.5394816666667;-12.2579057899164;-20.4005811027435;11101
-6.07305666666667;48.538705;-12.2579057899164;-20.4005811027435;11108
