"x";"y";"vx";"vy";"t"
-4.85856333333333;49.7257083333333;-14.5358321082375;-4.44404985602013;0
-5.48556666666667;49.577625;-15.5067067589571;-2.45602107129412;5882
-5.55412666666667;49.5685966666667;-16.7000007629395;-3.06774037201382e-15;6483
-5.61162333333333;49.5666183333333;-16.5974721210077;-0.289709953516471;6976
-5.62568333333333;49.5662066666667;-16.5898881097543;-0.579331658574629;7093
-5.81752333333333;49.5620816666667;-16.5898881097543;0.579331658574623;8725
-5.831755;49.56171;-16.697457271935;-0.291455200817764;8847
-5.97516166666667;49.5595766666667;-15.9975631225023;0.27923850299653;10088
-6.08731;49.5584283333333;-16.2975166682259;0.284474211612586;11054
-6.25348833333333;49.558605;-16.3775239890281;0.858309662419698;12460
-6.73425166666667;49.5665316666667;-15.7903752575204;0.551412054556071;16635
-6.75735833333333;49.5671016666667;-15.7975937741768;-0.275748025037862;16851
-6.78379666666667;49.5679516666667;-15.3906183548567;0.537452235905418;17074
-6.80038;49.568615;-14.9977154273459;0.261786096559247;17238
-6.81524;49.569025;-15.1000003814697;-2.77382507014361e-15;17368
-6.82885333333333;49.569425;-15.2906798440108;-0.533962306204826;17498
-6.992545;49.5726633333333;-14.9634607538974;-1.04634710616188;19034
-7.00617166666667;49.5728033333333;-14.5911064557161;-0.509532665169626;19188
-7.03202666666667;49.5736166666667;-14.8999996185303;-2.73708552601948e-15;19426
-7.16509666666667;49.57903;-14.6000003814697;-2.68197656020756e-15;20669
-7.26772;49.58402;-14.0914110422066;-0.492082916818375;21708
-7.30625833333333;49.58585;-13.6979132329367;-0.239097964862002;22059
-7.33016166666667;49.5871333333333;-13.6916541395429;0.478123098167717;22317
-7.36281833333333;49.5887483333333;-14.0806768209864;-0.737937002990098;22632
-7.448525;49.5938916666667;-14.1913495530525;-0.495572846518973;23499
-7.473145;49.595325;-13.8471059234571;-1.21146479094517;23758
-8.137825;49.5915866666667;-13.5668714640741;-0.948688069530091;30738
-8.29321666666667;49.5862083333333;-13.7963911291881;-1.69398382684208;32392
-8.30717833333333;49.5856366666667;-13.3265930185549;-1.40068136791211;32528
-8.36442;49.5838366666667;-13.6971370819634;-1.68179696223576;33145
-8.40364;49.5820216666667;-13.8956461229785;-1.70617080767206;33529
