"x";"y";"vx";"vy";"t"
-5.8654;48.4263666666667;4.77558643827794;10.2412781663786;0
-5.84248333333333;48.45975;5.26628997016237;10.3356760204771;680
-5.82095;48.49075;5.04126818807439;10.3361315324404;1326
-5.80996666666667;48.50635;5.08510546997862;10.4260112799331;1686
-5.79815;48.52335;5.26045376146893;10.78552855559;2011
-5.79356666666667;48.5298;5.07141914088839;10.8756934444398;2107
-5.78958333333333;48.5359166666667;4.84016589744431;10.871190597457;2263
-5.78476666666667;48.543;5.26045376146893;10.78552855559;2398
-5.77936666666667;48.5511333333333;4.84016589744431;10.871190597457;2528
-5.77476666666667;48.5582333333333;5.17277961572377;10.6057699177615;2660
-5.77048333333333;48.5641833333333;5.17277961572377;10.6057699177615;2810
-5.76598333333333;48.57065;5.35708798351847;10.5138771553687;2910
-5.76175;48.5766333333333;5.02915715349825;10.7850623200072;3046
-5.75681666666667;48.5835833333333;5.40248677371697;10.6029772979496;3187
-5.73975;48.6076666666667;4.68877354187129;11.0460582414293;3671
-5.73373333333333;48.6162833333333;5.07141914088839;10.8756934444398;3822
-5.72566666666667;48.6286333333333;5.49328522003215;10.7811792825713;4062
-5.72148333333333;48.63485;5.19820470001864;11.1475859534153;4183
-5.71511666666667;48.6442666666667;5.2404662843686;11.2382162135255;4401
-5.70383333333333;48.6618;6.10860140004404;11.0202086435973;4698
-5.69583333333333;48.67285;5.72028046990192;11.2266825446655;4920
-5.69095;48.67965;6.06012025307921;10.9327463392424;5050
-5.68561666666667;48.6863833333333;5.91534187019141;11.1251400068403;5200
-5.68076666666667;48.6926166666667;6.48947994033812;10.80030831583;5280
-5.67536666666667;48.6993666666667;5.96228875783622;11.2134342608995;5420
-5.66956666666667;48.70675;6.72997455468762;10.7702106594343;5586
-5.66363333333333;48.7139;5.96228875783622;11.2134342608995;5682
-5.65711666666667;48.7216;6.54098345312197;10.8860245554251;5860
-5.65126666666667;48.7288333333333;6.91691564080919;10.6511160529432;5978
-5.64486666666667;48.7358666666667;6.72997455468762;10.7702106594343;6140
-5.63961666666667;48.7420333333333;6.54098345312197;10.8860245554251;6230
-5.63371666666667;48.74855;6.10860140004404;11.0202086435973;6381
-5.62898333333333;48.7549166666667;6.54098345312197;10.8860245554251;6513
-5.62365;48.7611333333333;6.7829666832591;10.8550157925546;6622
-5.61578333333333;48.7705;6.44999980926514;11.1717273784568;6780
-5.60438333333333;48.7819166666667;10.9327463392424;6.06012025307921;7044
-5.5917;48.7867166666667;11.0484805600437;5.62948202358675;7202
-5.58035;48.7911333333333;11.1375815523546;5.67488124674434;7384
-5.56746666666667;48.7961;10.9485498146329;5.82144719945586;7560
-5.56291666666667;48.7978666666667;10.9485498146329;5.82144719945586;7612
-5.55233333333333;48.8019833333333;10.9485498146329;5.82144719945586;7740
-5.5332;48.8092166666667;11.2134342608995;5.96228875783622;7950
-5.52318333333333;48.8131166666667;11.2134342608995;5.96228875783622;8111
-5.51078333333333;48.818;11.4048836795571;5.81107848325802;8260
-5.49851666666667;48.82275;11.3157826872463;5.76567926010043;8403
-5.44703333333333;48.8422833333333;11.2825938884573;6.25404391623756;9084
-5.436;48.8466166666667;11.3900236110624;6.0561829808488;9218
-5.42505;48.8507333333333;11.478318707166;6.10313031621658;9374
-5.41485;48.85475;11.8726323559091;5.53629939001924;9480
-5.4053;48.8582166666667;11.3900236110624;6.0561829808488;9592
-5.39245;48.86295;12.0587998666374;5.3689236110217;9800
-5.35363333333333;48.87695;11.7432031534326;6.24397187459694;10257
-5.32953333333333;48.8861;11.6549080573289;6.19702453922917;10530
-5.3182;48.8903333333333;11.4315351647734;6.59999990463257;10677
-5.30873333333333;48.8941;11.9632626160193;5.5785609743692;10841
-5.29655;48.8988333333333;11.5181380355143;6.65000009536743;10946
-5.2838;48.90375;11.6549080573289;6.19702453922917;11143
-5.27026666666667;48.9090833333333;11.6549080573289;6.19702453922917;11314
-5.25955;48.9130833333333;11.7432031534326;6.24397187459694;11410
-5.24885;48.9170666666667;11.8314974074918;6.29091876224175;11568
-5.23678333333333;48.9218166666667;11.8314974074918;6.29091876224175;11691
-5.22691666666667;48.9255833333333;11.9197925035955;6.33786609760953;11813
-5.21528333333333;48.92985;11.8073660463818;6.54492987332555;11968
-5.20056666666667;48.9354666666667;11.719903742027;6.49644872636072;12148
-5.18826666666667;48.9402;11.9394870842321;6.0834725233263;12288
-5.14843333333333;48.9547;11.5717585594785;6.95301401128573;12750
-5.1259;48.9630333333333;11.5334544312321;7.20690219571974;13035
-5.1152;48.9672333333333;11.9197925035955;6.33786609760953;13200
-5.09683333333333;48.9738166666667;11.719903742027;6.49644872636072;13404
-5.06885;48.98435;11.6574756165321;7.00451801524817;13731
-5.0564;48.9891166666667;11.9822898209893;6.64189170490472;13860
-5.02016666666667;49.0033666666667;11.5717585594785;6.95301401128573;14300
