"x";"y";"vx";"vy";"t"
-5.07827;47.8322383333333;-9.07411446712142;5.67013602622121;0
-5.113865;47.8467583333333;-8.88990834014893;5.77317397892259;584
-5.137455;47.8562966666667;-8.81969987652216;5.51116014587717;946
-5.15091666666667;47.8616116666667;-8.65009041904321;5.40517639410461;1181
-5.17892333333333;47.885625;-5.09050101258654;9.18350692496366;1816
-5.18868166666667;47.8960883333333;-5.34999990463257;9.26647165531225;2075
-5.20174166666667;47.9102833333333;-5.19999980926514;9.00666386899569;2419
-5.21778166666667;47.927765;-5.13898215955136;9.27096922931854;2830
-5.22230833333333;47.9329016666667;-5.51090730330187;9.17168995402091;2972
-5.241945;47.9548483333333;-5.18746284416571;9.35843069957107;3507
-5.24943166666667;47.9633366666667;-5.34999990463257;9.26647165531225;3680
-5.257695;47.9725383333333;-5.51090730330187;9.17168995402091;3905
-5.267835;47.9860683333333;-1.09754886431036;10.4424799013669;4245
-5.267075;47.9922916666667;2.71759997357647;10.1422211760352;4325
-5.26309166666667;47.9986566666667;3.97083003310974;9.82814921210052;4490
-5.25787833333333;48.00722;3.79870040188671;9.89595287700301;4667
-5.25433833333333;48.0131616666667;3.79870040188671;9.89595287700301;4784
-5.25071;48.019135;3.79870040188671;9.89595287700301;4912
-5.24654166666667;48.0262433333333;3.7270265385646;9.70923607943823;5092
-5.24239666666667;48.03248;5.25;9.09326673973661;5233
-5.23708833333333;48.0376333333333;5.66424575639298;8.72217358670498;5354
-5.22265833333333;48.05303;5.30000019073486;9.17986961047752;5715
-5.21291333333333;48.0637816666667;5.19999980926514;9.00666386899569;5971
-5.20847333333333;48.0686566666667;5.04201986562171;9.09604462060878;6095
-5.20324666666667;48.0744316666667;5.19999980926514;9.00666386899569;6245
-5.19364;48.08512;5.15000009536743;8.92006182416096;6502
-5.18890666666667;48.0904983333333;5.15000009536743;8.92006182416096;6624
-5.18418166666667;48.0957983333333;5.15000009536743;8.92006182416096;6756
-5.17943;48.1011033333333;4.99353918100737;9.00858315035625;6920
-5.17388;48.1066;6.34131331328239;8.11651091245036;7022
-5.16852666666667;48.1110983333333;6.1986948532532;8.22594590581475;7152
-5.16278666666667;48.1161283333333;6.31905774309651;8.38567285549657;7276
-5.15708;48.121015;6.31905774309651;8.38567285549657;7402
-5.14026333333333;48.1360666666667;6.25887601120709;8.30580899983658;7804
-5.12993166666667;48.1455066666667;6.13851312136379;8.14608205015475;8044
-5.12441833333333;48.1505266666667;6.0783319634099;8.06621895613293;8205
-5.119515;48.1550183333333;6.21818113564536;7.95890891203014;8295
-5.11457;48.159615;6.1986948532532;8.22594590581475;8421
-5.108655;48.165075;6.25887601120709;8.30580899983658;8579
-5.10318166666667;48.1700816666667;6.34131331328239;8.11651091245036;8690
-5.097695;48.175015;6.1986948532532;8.22594590581475;8816
-5.09235833333333;48.1798716666667;6.0783319634099;8.06621895613293;8945
-5.08644666666667;48.1850866666667;6.0783319634099;8.06621895613293;9082
-5.08093666666667;48.1899466666667;6.13851312136379;8.14608205015475;9212
-5.07581333333333;48.19443;6.13851312136379;8.14608205015475;9361
-5.070255;48.1992933333333;6.13851312136379;8.14608205015475;9466
-5.06465333333333;48.2041933333333;6.0783319634099;8.06621895613293;9602
-5.05866166666667;48.2094133333333;6.13851312136379;8.14608205015475;9735
-5.05315166666667;48.2142083333333;6.0783319634099;8.06621895613293;9862
-5.04631166666667;48.218855;7.98635510047293;6.01815023152048;10005
-5.04053;48.22142;8.47057305617621;5.50085446141508;10105
-5.03221166666667;48.22487;8.98794046299167;4.38371146789077;10264
-5.02446333333333;48.2269683333333;9.51056516295153;3.09016994374947;10382
-5.01595333333333;48.2289466666667;9.45518575599317;3.25568154457157;10495
-5.00806;48.23079;9.54973797423981;3.28823848421168;10627
-5.000325;48.2325983333333;9.45518575599317;3.25568154457157;10733
-4.991805;48.234875;9.36455728481712;3.78352673640179;10883
-4.98407833333333;48.2370116666667;9.36455728481712;3.78352673640179;10983
-4.97567666666667;48.2393066666667;9.36455728481712;3.78352673640179;11117
-4.96674666666667;48.2418066666667;9.36455728481712;3.78352673640179;11258
-4.95888166666667;48.2440566666667;9.45727513973495;3.82098718139176;11385
-4.95106166666667;48.246335;9.61587857098751;3.69118994866986;11508
-4.94321;48.24861;9.5499938788842;3.85844798363443;11626
-4.93532666666667;48.2508583333333;9.5499938788842;3.85844798363443;11748
-4.925605;48.2536966666667;9.45727513973495;3.82098718139176;11885
-4.91720666666667;48.256155;9.45727513973495;3.82098718139176;12022
-4.90873666666667;48.258615;9.45727513973495;3.82098718139176;12165
-4.90032;48.261065;9.45727513973495;3.82098718139176;12282
-4.890705;48.26394;9.45727513973495;3.82098718139176;12441
-4.88296166666667;48.2662483333333;9.45727513973495;3.82098718139176;12561
-4.87456166666667;48.2688233333333;9.27183854566787;3.74606593415912;12686
-4.865755;48.27152;9.33580426497202;3.583679495453;12826
-4.857525;48.2740783333333;9.36455728481712;3.78352673640179;12950
-4.84926;48.27658;9.39692620785908;3.42020143325669;13080
-4.84099666666667;48.278765;9.51649042309712;2.72880971744098;13202
-4.83252333333333;48.2804333333333;9.48803154055106;2.01674336127626;13335
-4.82358;48.2819683333333;9.29240220697115;1.97516106276871;13487
-4.81582;48.2829683333333;9.32993344680212;1.14557178151892;13593
-4.805395;48.2837433333333;10.8402882801342;1.13936020974298;13764
-4.79381;48.2844316666667;12.4773780439011;1.75358112518715;13887
-4.78055;48.2858183333333;12.8593164776255;2.49959791222059;14052
-4.76637666666667;48.2880016666667;12.8593164776255;2.49959791222059;14204
-4.75156166666667;48.29034;12.7611533848196;2.48051693989508;14371
-4.69275333333333;48.3046483333333;5.33518013014008;2.95733863726761;15271
-4.68855;48.3061033333333;5.28199713724597;1.12272315024391;15397
