"x";"y";"vx";"vy";"t"
-5.91807;48.4126433333333;5.45177541523895;11.6913701070438;0
-5.89522833333333;48.4403283333333;5.24690254052011;11.7847360550996;491
-5.88309333333333;48.455475;4.96228525728773;11.6904114632736;803
-5.873915;48.4670316666667;5.40951383088899;11.6007398469336;1005
-5.86857333333333;48.4737666666667;4.51543630097731;11.7631137299974;1143
-5.86366666666667;48.4805416666667;4.47959936931625;11.669755331215;1253
-5.85733833333333;48.4894566666667;4.6825824176989;11.5897981820848;1436
-5.85182;48.4972566666667;4.47959936931625;11.669755331215;1605
-5.84748166666667;48.5035766666667;4.47959936931625;11.669755331215;1746
-5.84229333333333;48.5110683333333;4.72004321994157;11.6825169212341;1853
-5.83754166666667;48.5178483333333;4.51543630097731;11.7631137299974;1993
-5.83271;48.5247416666667;4.92321236801695;11.5983615046455;2130
-5.82815833333333;48.531015;5.0842080384475;11.4193182205325;2268
-5.82331833333333;48.537125;5.0842080384475;11.4193182205325;2370
-5.81745833333333;48.5442816666667;5.28272827175874;11.3288473379581;2490
-5.81163333333333;48.5514066666667;5.47963933486347;11.2349255787396;2650
-5.80598333333333;48.5579366666667;6.10860140004404;11.0202086435973;2772
-5.80049;48.5637816666667;5.86839453482364;11.0368449107366;2873
-5.794435;48.570195;5.86839453482364;11.0368449107366;3008
-5.78885;48.575995;6.06012025307921;10.9327463392424;3114
-5.78279;48.5822966666667;5.62948202358675;11.0484805600437;3257
-5.776725;48.58864;6.01163910611439;10.8452840348876;3378
-5.77073166666667;48.59484;5.77450031181105;10.8602555605737;3520
-5.76425333333333;48.6016416666667;5.62948202358675;11.0484805600437;3673
-5.75872333333333;48.6073383333333;5.96315842150004;10.757822564635;3764
-5.75261;48.6136516666667;5.82144719945586;10.9485498146329;3896
-5.74658333333333;48.61996;5.82144719945586;10.9485498146329;4036
-5.73999166666667;48.626785;5.82144719945586;10.9485498146329;4167
-5.738185;48.6286716666667;5.62948202358675;11.0484805600437;4203
-5.73224166666667;48.6350033333333;6.01163910611439;10.8452840348876;4337
-5.72621333333333;48.64134;6.01163910611439;10.8452840348876;4478
-5.720685;48.647155;5.62948202358675;11.0484805600437;4594
-5.71438;48.65398;5.86839453482364;11.0368449107366;4767
-5.70799166666667;48.6609033333333;5.86839453482364;11.0368449107366;4897
-5.70217666666667;48.6672833333333;5.67488124674433;11.1375815523546;5013
-5.69597666666667;48.67421;5.82144719945586;10.9485498146329;5133
-5.690255;48.6806383333333;6.01163910611439;10.8452840348876;5286
-5.68498833333333;48.6865433333333;5.77450031181105;10.8602555605737;5393
-5.679825;48.692455;5.77450031181105;10.8602555605737;5517
-5.674295;48.69877;5.72755297644327;10.77196046447;5639
-5.66916166666667;48.7045616666667;5.53868401023065;10.8702794251521;5758
-5.662745;48.7120133333333;5.72755297644327;10.77196046447;5907
-5.65684833333333;48.7187416666667;6.23196090288309;10.3717246654789;6067
-5.65083833333333;48.7248633333333;6.7662343453112;10.0313549441687;6212
-5.64478333333333;48.7302266666667;7.44950408629668;9.53493041924358;6328
-5.63826166666667;48.7353866666667;7.281962009714;9.66348997622751;6437
-5.63059166666667;48.7415183333333;7.44950408629668;9.53493041924358;6589
-5.62355166666667;48.7469466666667;7.55184469259805;9.32575153748365;6690
-5.61678666666667;48.7518683333333;7.55184469259805;9.32575153748365;6833
-5.60949833333333;48.7571216666667;7.80710219472038;8.98104371675213;6965
-5.60070333333333;48.7630933333333;8.0295672763063;8.91773790572873;7123
-5.59247;48.768525;7.6491723100658;9.11592858089307;7278
-5.585355;48.77315;9.11592858089307;7.64917231006581;7385
-5.577345;48.7771866666667;9.11592858089307;7.64917231006581;7478
-5.569035;48.781075;9.2480366448803;7.48891241342639;7587
-5.560705;48.7847633333333;9.37732766731775;7.32637132151912;7724
-5.553785;48.7878283333333;9.37732766731775;7.32637132151912;7819
-5.54545333333333;48.7914183333333;9.03932457491532;7.58489391690317;7930
-5.53660333333333;48.7953916666667;8.96271983838066;7.5206149107305;8071
-5.52785166666667;48.7993483333333;9.21972566689752;7.20323914388209;8207
-5.51908166666667;48.80329;8.96271983838066;7.5206149107305;8333
-5.51030333333333;48.8073033333333;9.01489344935852;7.30011677624479;8446
-5.50229333333333;48.8109233333333;9.14092504244022;7.14167334863385;8579
-5.49292166666667;48.815205;9.0621236664773;7.08010696624507;8719
-5.48427333333333;48.8191266666667;8.80951109586825;7.3920575113952;8841
-5.47432166666667;48.823555;8.93717855675516;7.23718449707313;8987
-5.46631;48.8271216666667;9.38459744336488;6.81830915081497;9127
-5.455975;48.83137;9.18430836554387;6.92087276624856;9274
-5.44709166666667;48.83502;9.18430836554387;6.92087276624856;9423
-5.43764333333333;48.8389683333333;9.0621236664773;7.08010696624507;9559
-5.42883;48.8426716666667;9.3036954353119;6.75953040136344;9653
-5.41999833333333;48.846335;9.10444450988387;6.86069103435914;9788
-5.40920666666667;48.8508633333333;9.02458141586204;6.80050987640525;9970
-5.40110333333333;48.8543133333333;9.22279342725891;6.70075165191191;10078
-5.39045666666667;48.8588316666667;8.90452166605708;6.95697478860805;10244
-5.381765;48.8625633333333;9.14189219074465;6.64197346301609;10367
-5.37382166666667;48.8659733333333;8.90452166605708;6.95697478860805;10477
-5.365315;48.8696683333333;9.14189219074465;6.64197346301609;10620
-5.35740166666667;48.8731016666667;8.82572029009416;6.89540840621927;10725
-5.348155;48.8771366666667;9.06099018269166;6.58319471356456;10870
-5.33961333333333;48.8808033333333;8.82572029009416;6.89540840621927;11016
-5.33179666666667;48.884215;8.98008894617741;6.52441652466873;11128
-5.32339833333333;48.8878366666667;8.94471756020205;6.74032814451584;11248
-5.31551833333333;48.8911816666667;8.74691966563686;6.83384261097102;11381
-5.31286333333333;48.8923633333333;8.86485446618022;6.68014698656195;11407
-5.30441333333333;48.8959933333333;8.86485446618022;6.68014698656195;11550
-5.29533166666667;48.899995;8.89918693812442;6.4656377752172;11675
-5.28618166666667;48.903975;8.78499061052022;6.61996525467253;11819
-5.27776;48.9075966666667;8.89918693812442;6.4656377752172;11965
-5.26818833333333;48.9117883333333;8.78499061052022;6.61996525467253;12100
-5.25980666666667;48.91552;8.78499061052022;6.61996525467253;12247
-5.25090166666667;48.9195033333333;9.01067248717891;6.30934079986151;12397
-5.243075;48.9229116666667;8.98008894617741;6.52441652466873;12510
-5.23525;48.9263066666667;9.2023173716137;6.20704144184045;12618
-5.22737;48.92966;9.2023173716137;6.20704144184045;12746
-5.21893166666667;48.9331866666667;8.98008894617741;6.52441652466873;12873
-5.21028833333333;48.9368783333333;9.2023173716137;6.20704144184045;12990
-5.20188;48.9404216666667;8.89918693812442;6.4656377752172;13127
-5.19212166666667;48.9446266666667;8.81828493007144;6.40685902576568;13306
-5.18374666666667;48.948295;9.03650922459722;6.09520243451598;13394
-5.17361333333333;48.9527866666667;9.14150887067769;5.93656527390049;13558
-5.16485166666667;48.9567783333333;9.03650922459722;6.09520243451598;13694
-5.14832833333333;48.964235;8.9287569702683;6.25198293742436;13977
-5.13709333333333;48.9693466666667;8.9287569702683;6.25198293742436;14155
-5.126215;48.9741616666667;9.43967657088791;5.44999980926514;14314
-5.11767166666667;48.9774433333333;9.43967657088791;5.44999980926514;14472
-5.10961666666667;48.9804983333333;9.43967657088791;5.44999980926514;14558
-5.09840166666667;48.9848383333333;9.52627944162882;5.5;14733
-5.09028333333333;48.9879633333333;9.43967657088791;5.44999980926514;14884
-5.081185;48.991505;9.53335447417847;5.28442467574488;14994
-5.07980166666667;48.9920366666667;9.43967657088791;5.44999980926514;15011
-5.07183666666667;48.9951566666667;9.34312325066965;5.61391482004816;15136
-5.06075166666667;48.9995166666667;9.2574070110745;5.5624113072643;15305
-5.04835;49.0043783333333;9.44589300392594;5.23594399113054;15508
-5.03991333333333;49.0076183333333;9.17986961047752;5.30000019073486;15630
-5.02835333333333;49.0121383333333;9.17986961047752;5.30000019073486;15802
-5.01492666666667;49.01739;9.17986961047752;5.30000019073486;16020
-5.0046;49.0214033333333;9.08597371442577;5.45940379051801;16169
-4.99618833333333;49.0247066666667;9.08597371442577;5.45940379051801;16297
-4.986065;49.028795;9.27096922931853;5.13898215955137;16467
-4.97773166666667;49.0321633333333;9.27096922931853;5.13898215955137;16620
-4.96956;49.0355033333333;9.08597371442577;5.45940379051801;16730
-4.96194833333333;49.0386316666667;9.17986961047752;5.30000019073486;16835
-4.95367833333333;49.0420583333333;9.27096922931853;5.13898215955137;16994
-4.93980166666667;49.04776;9.18350692496366;5.09050101258654;17210
-4.930985;49.051405;9.08597371442577;5.45940379051801;17348
-4.92341833333333;49.0545383333333;9.27096922931853;5.13898215955137;17449
-4.91138833333333;49.059475;9.17986961047752;5.30000019073486;17645
-4.90060333333333;49.063945;9.35843069957106;5.18746284416571;17834
-4.89171333333333;49.0676716666667;9.17986961047752;5.30000019073486;17961
-4.88288166666667;49.0713516666667;9.44753907518163;5.02334563226444;18099
-4.87387;49.0749633333333;9.26647165531226;5.34999990463257;18243
-4.86483;49.0786033333333;9.35843069957106;5.18746284416571;18376
-4.85649;49.0820016666667;9.44753907518163;5.02334563226444;18499
-4.84937333333333;49.0848366666667;9.44753907518163;5.02334563226444;18607
-4.84055;49.0883883333333;9.44753907518163;5.02334563226444;18743
-4.83151666666667;49.0919966666667;9.26647165531226;5.34999990463257;18884
-4.822465;49.0956233333333;9.5358341712853;5.07029296763222;19028
-4.81461833333333;49.0987466666667;9.53376963886953;4.85769826062134;19160
-4.80544833333333;49.102135;9.70697587146236;4.7344084689347;19295
-4.79470166666667;49.10603;9.62287063118038;4.90309748377892;19448
-4.78144666666667;49.1108683333333;9.7968547617982;4.77824533277562;19663
-4.769285;49.1153033333333;9.7968547617982;4.77824533277562;19856
-4.760375;49.1185233333333;9.71197077376119;4.94849627397743;19957
-4.74619166666667;49.1237;9.7124235214482;5.1641871906448;20181
-4.73678666666667;49.1272116666667;9.88673450929084;4.82208261467985;20310
-4.72665333333333;49.130905;9.80071861755187;5.21113452601258;20460
-4.71527166666667;49.13547;9.7124235214482;5.1641871906448;20623
-4.70535666666667;49.13949;9.61288231236974;5.55000019073486;20809
-4.69083666666667;49.1454466666667;9.80071861755187;5.21113452601258;21013
-4.68023666666667;49.1497583333333;9.61288231236974;5.55000019073486;21173
-4.66556166666667;49.155775;9.69948435720448;5.59999990463257;21386
-4.65618833333333;49.15961;9.88901287161109;5.25808141365738;21533
-4.64736166666667;49.1631733333333;9.88901287161109;5.25808141365738;21665
-4.63516;49.16812;9.97730796771476;5.30502874902516;21833
-4.62026833333333;49.1741866666667;9.78608722794539;5.65000009536743;22069
-4.61216333333333;49.1775016666667;9.97730796771476;5.30502874902516;22177
-4.60943166666667;49.1785816666667;9.78608722794539;5.65000009536743;22212
-4.596455;49.18388;9.87268927278013;5.69999980926514;22408
-4.58749666666667;49.1875266666667;9.95929214352104;5.75;22525
-4.579915;49.1905983333333;10.2465750281662;5.22089074700479;22645
-4.57081666666667;49.194075;10.2465750281662;5.22089074700479;22773
-4.56088166666667;49.1976633333333;10.3361315324404;5.04126818807439;22915
-4.55155666666667;49.200915;10.4225395509215;4.86011001001804;23034
-4.54211333333333;49.2042033333333;10.4225395509215;4.86011001001804;23175
-4.52626;49.2097216666667;10.4260112799331;5.08510546997862;23412
-4.50453;49.2172833333333;10.6038009354643;4.94463358175815;23690
-4.48836666666667;49.2228466666667;10.694432059897;4.98689556914829;23913
-4.47825333333333;49.226275;10.4247761630579;5.31168876036088;24074
-4.46953833333333;49.2293166666667;10.694432059897;4.98689556914829;24176
-4.45093333333333;49.2357283333333;10.7850623200072;5.02915715349825;24448
-4.14945666666667;49.3460016666667;11.1251400068403;5.91534187019141;28414
-4.09620333333333;49.3659933333333;11.1951324182047;6.20556323162321;29119
-4.06495166666667;49.37797;11.1951324182047;6.20556323162321;29510
-4.03735;49.388515;11.1431749091275;6.69549497383071;29856
-4.02237666666667;49.3941583333333;11.1431749091275;6.69549497383071;30046
-3.99756166666667;49.4036416666667;11.3449331199386;6.55000019073487;30353
