"x";"y";"vx";"vy";"t"
-5.91408833333333;48.37961;5.19148526973786;15.97774874816;0
-5.906095;48.392095;8.14480125025808;14.69361041266;189
-5.88692833333333;48.4160683333333;8.65263926554604;14.4004099978287;539
-5.878835;48.4259316666667;9.00862749196448;14.4168176346592;662
-5.86998;48.4367533333333;9.06161962053596;14.5016227677796;819
-5.861705;48.4455783333333;9.80815728040493;14.0075002698235;948
-5.85052166666667;48.45719;9.75079941796778;13.9255847529129;1128
-5.84085;48.467025;10.2910371254742;13.656667526464;1301
-5.82998666666667;48.4775533333333;10.6984466478472;13.2114813447685;1434
-5.81847166666667;48.4882916666667;10.6984466478472;13.2114813447685;1599
-5.80189666666667;48.503695;10.7613789270189;13.2891962373719;1860
-5.79346333333333;48.5113183333333;10.4662450805362;13.3961828113143;1958
-5.784625;48.519325;10.4046786981474;13.3173814353514;2093
-5.77584333333333;48.5273366666667;10.7613789270189;13.2891962373719;2210
-5.76723;48.5354866666667;10.1099067878751;13.9150929204801;2334
-5.75878;48.544495;9.16760286693813;14.6712314164968;2490
-5.75131333333333;48.5531483333333;8.8586552813958;14.7432782260431;2600
-5.74427333333333;48.56206;8.38720606038124;15.1309202662297;2717
-5.73686;48.572525;7.62765778690463;15.6390160627428;2878
-5.73121;48.5813983333333;7.03654361489591;15.8043357202371;2999
-5.72560666666667;48.5907966666667;6.75964822476024;15.9247332624377;3110
-5.72003;48.6007583333333;6.79872148666127;16.0167840989277;3259
-5.71479166666667;48.6103533333333;6.55561538477846;16.2257174549188;3365
-5.70983333333333;48.6195033333333;6.51815458253579;16.1329987157695;3510
-5.70451833333333;48.62907;6.27143911704276;16.337657463701;3629
-5.70377333333333;48.63045;6.27143911704276;16.337657463701;3635
-5.697925;48.6409716666667;6.30727604870381;16.4310158624834;3766
-5.69287166666667;48.6501383333333;6.27143911704276;16.337657463701;3901
-5.68781166666667;48.6593033333333;6.55561538477846;16.2257174549188;4009
-5.68227333333333;48.6694166666667;6.34311298036486;16.5243742612658;4156
-5.6713;48.68812;7.1585650732918;16.0784004029997;4407
-5.66580166666667;48.6972633333333;6.91594127236434;16.2929366083977;4527
-5.66055;48.7059183333333;7.1585650732918;16.0784004029997;4634
-5.64785;48.725295;7.75916963261731;15.9086553052207;4880
-5.64119166666667;48.73527;7.56486672394245;16.2229090422271;5017
-5.63486666666667;48.744795;7.48034355524253;16.0416485220067;5155
-5.62869333333333;48.7538266666667;8.53264950127573;15.3933071792943;5271
-5.60908333333333;48.7690033333333;14.4251344085162;9.36779181778508;5527
-5.595135;48.7758366666667;14.4251344085162;9.36779181778508;5666
-5.58231166666667;48.78219;14.6767349390449;9.53118311276298;5792
-5.56998833333333;48.7883316666667;14.7606023157669;9.58564722402778;5914
-5.50736833333333;48.8174783333333;15.3286503077095;8.85000038146973;6535
-5.49133666666667;48.8245183333333;15.3933071792943;8.53264950127573;6683
-5.475775;48.8312566666667;15.3286503077095;8.85000038146973;6851
-5.46402666666667;48.83653;15.2575772985308;9.1676773404561;6955
-5.45106666666667;48.8424866666667;15.3432943555844;9.21918134441854;7089
-5.42069666666667;48.8561533333333;15.0104519489781;9.37957138122404;7377
-5.40643333333333;48.8625066666667;14.8408416827375;9.27358712408109;7523
-5.39478666666667;48.8678616666667;15.095255464575;9.43256249905473;7628
-5.35662333333333;48.886615;15.0960702230176;9.80350263027049;8006
-5.34396;48.89233;15.3432943555844;9.21918134441854;8134
-5.330525;48.8980366666667;15.830617032864;8.7750543113989;8254
-5.31631833333333;48.90378;15.9813517675644;8.49743546551381;8390
-5.30056666666667;48.9096216666667;15.9490164430798;8.12642977215426;8521
-5.27360166666667;48.91914;15.951017397574;7.43808156785238;8765
-5.25553333333333;48.92535;16.1322779177944;7.5226047365523;8946
-5.19030333333333;48.9474833333333;16.535173131821;7.3619333948297;9516
-5.17607666666667;48.9522633333333;16.494802415525;7.69165268611288;9671
-5.06650666666667;48.9895766666667;16.3135401666597;7.60712871133259;10622
-5.05223;48.9942833333333;16.4438182375668;7.3212595753644;10750
-5.039205;48.9984916666667;16.535173131821;7.3619333948297;10846
-5.02538166666667;49.0028333333333;16.3135401666597;7.60712871133259;10970
-5.01022666666667;49.0076283333333;16.4041712910923;7.64939069872273;11113
-4.99552;49.0129883333333;15.5147284696916;9.32218935234342;11231
-4.98293;49.0187133333333;14.0663421988288;11.3906993180687;11370
-4.953105;49.0353266666667;13.660243689931;11.8746686749948;11652
-4.93967333333333;49.042775;13.5847724440099;11.8090625218291;11831
-4.91211333333333;49.0579583333333;13.660243689931;11.8746686749948;12075
-4.86279166666667;49.0833316666667;14.7447367972019;10.3243758543188;12569
-4.84951833333333;49.089265;14.7447367972019;10.3243758543188;12696
-4.74680833333333;49.13152;16.0381174353906;8.17182899531184;13646
-4.72304166666667;49.1396833333333;16.1272184277015;8.21722821846943;13867
-4.700625;49.147375;16.1579402756828;8.59132924080343;14055
-4.68433833333333;49.152945;16.1272184277015;8.21722821846943;14194
-4.62846333333333;49.1720783333333;15.9813517675644;8.49743546551381;14706
-4.60057833333333;49.181675;15.5884572681199;9;14959
-4.56843666666667;49.1934183333333;15.830617032864;8.7750543113989;15240
-4.55501833333333;49.1983366666667;15.6750601388608;9.05000019073487;15348
-4.52398666666667;49.2095483333333;15.7616630096017;9.10000038146973;15625
-4.49497;49.2199116666667;15.830617032864;8.7750543113989;15876
-4.403675;49.2643116666667;14.2217705017473;11.5165626760787;16782
-4.39087666666667;49.2697866666667;15.5884572681199;9;16887
-4.36949833333333;49.27657;16.3135401666597;7.60712871133259;17076
-4.35554;49.2807966666667;16.178292833385;7.89068064220339;17189
-4.33582666666667;49.2867716666667;16.5854318113127;7.73391386742265;17380
-4.18660166666667;49.3323083333333;16.5854318113127;7.73391386742265;18637
-4.17177333333333;49.3368483333333;16.3580523283703;7.97835520601185;18775
-4.13921833333333;49.3482;15.5147284696916;9.32218935234342;19056
-4.12245666666667;49.3544266666667;15.5147284696916;9.32218935234342;19214
-4.10365333333333;49.3613983333333;15.6750601388608;9.05000019073487;19383
-3.977205;49.407975;15.6750601388608;9.05000019073487;20519
-3.95425166666667;49.4161766666667;16.1272184277015;8.21722821846943;20709
-3.87746333333333;49.4402383333333;16.4479303615493;8.02219165178948;21375
