"x";"y";"vx";"vy";"t"
-5.4911;47.9868333333333;-1.22298300029432;11.6359059861188;0
-5.4912;47.9874333333333;-1.01972217352396;11.6554777776644;8
-5.4911;47.9868333333333;-1.22298300029432;11.6359059861188;13
-5.49128333333333;47.9879333333333;-1.01972217352396;11.6554777776644;20
-5.49151666666667;47.98905;-1.22298300029432;11.6359059861188;36
-5.49183333333333;47.9906833333333;-1.22298300029432;11.6359059861188;67
-5.49211666666667;47.99225;-1.4258712945955;11.6127897848903;100
-5.49278333333333;47.9954833333333;-1.43805827542548;11.7120447786808;156
-5.4929;47.9960333333333;-1.23343588649553;11.7353585550356;168
-5.49325;47.99765;-1.23343588649553;11.7353585550356;202
-5.50611666666667;48.0506833333333;-2.23246520951164;11.4850378591071;1189
-5.5074;48.0549166666667;-2.21338441915577;11.386875702454;1271
-5.50755;48.0554666666667;-2.23246520951164;11.4850378591071;1278
-5.50915;48.0608833333333;-2.25154618183715;11.583200951913;1381
-5.5102;48.0645833333333;-2.45335799130557;11.5421418752258;1450
-5.5105;48.0656166666667;-2.21338441915577;11.386875702454;1468
-5.51185;48.0704833333333;-2.43256674291178;11.4443267420187;1559
-5.5132;48.0752166666667;-2.45335799130557;11.5421418752258;1652
-5.51475;48.0805666666667;-2.43256674291178;11.4443267420187;1745
-5.5149;48.0811;-2.23246520951164;11.4850378591071;1757
-5.51686666666667;48.0879166666667;-2.80629408124203;11.25543079494;1884
-5.51981666666667;48.09755;-2.83048613237317;11.3524598123599;2068
-5.52983333333333;48.1334;-2.54194695699169;11.0103819179195;2750
-5.53053333333333;48.1360833333333;-2.56444193370805;11.107818366859;2798
-5.5308;48.1370666666667;-2.75790951755033;11.0613709094079;2815
-5.53096666666667;48.1376166666667;-2.95053701543711;11.0115540512239;2829
-5.53151666666667;48.1392;-3.5536954353119;10.9371499373943;2856
-5.53271666666667;48.1423;-4.15706835143201;10.8295333035002;2922
-5.53343333333333;48.1438333333333;-3.93323164824519;10.8064651390379;2946
-5.53366666666667;48.1443333333333;-3.96743379304809;10.9004347595808;2957
-5.53458333333333;48.1463;-3.7114768366172;10.7789114011455;3000
-5.53528333333333;48.1478666666667;-3.96743379304809;10.9004347595808;3026
-5.5364;48.1504166666667;-3.7114768366172;10.7789114011455;3077
-5.53725;48.1523666666667;-3.96743379304809;10.9004347595808;3120
-5.53746666666667;48.1528666666667;-3.86482768481522;10.6185267941129;3128
-5.5377;48.1534333333333;-3.86482768481522;10.6185267941129;3136
-5.53881666666667;48.1558833333333;-4.08539448810991;10.6428165059354;3188
-5.54046666666667;48.1594166666667;-3.89902950344229;10.7124955184951;3255
-5.54093333333333;48.1604333333333;-3.89902950344229;10.7124955184951;3277
-5.54158333333333;48.1619166666667;-3.89902950344229;10.7124955184951;3307
-5.5425;48.1639833333333;-4.12123141977096;10.7361749047178;3351
-5.543;48.165;-4.30797582428299;10.6626143275181;3370
-5.5445;48.1679666666667;-3.89902950344229;10.7124955184951;3428
-5.54521666666667;48.1695;-4.15706835143201;10.8295333035002;3457
-5.54575;48.1705333333333;-4.15706835143201;10.8295333035002;3480
-5.54676666666667;48.1726333333333;-3.77659071589742;10.9680158376388;3519
-5.54696666666667;48.17315;-3.77659071589742;10.9680158376388;3527
-5.54765;48.1746666666667;-4.12123141977096;10.7361749047178;3557
-5.5479;48.1751833333333;-4.12123141977096;10.7361749047178;3565
-5.54871666666667;48.1767666666667;-4.19290494132676;10.9228908119509;3600
-5.54898333333333;48.1772666666667;-4.03583775647806;11.0883731045059;3610
-5.54948333333333;48.1783333333333;-4.26457846288256;11.109606719184;3630
-5.55001666666667;48.1793666666667;-4.22874187298781;11.0162492107333;3648
-5.55028333333333;48.1798666666667;-4.22874187298781;11.0162492107333;3658
-5.55055;48.1804;-4.22874187298781;11.0162492107333;3669
-5.55236666666667;48.1840833333333;-4.13844386471092;11.3702810699738;3742
-5.55261666666667;48.1846166666667;-4.07003957510513;11.182341828888;3750
-5.5531;48.1856333333333;-4.03583775647806;11.0883731045059;3768
-5.55333333333333;48.18615;-4.03583775647806;11.0883731045059;3778
-5.55483333333333;48.18935;-4.07003957510513;11.182341828888;3835
-5.55508333333333;48.1898833333333;-4.10424171990802;11.2763114494309;3850
-5.55531666666667;48.1904166666667;-4.33625232620466;11.2963235167488;3861
-5.55581666666667;48.1913833333333;-4.13844386471092;11.3702810699738;3875
-5.55605;48.1919166666667;-4.30041539454361;11.2029651179664;3894
-5.5571;48.1940666666667;-4.26457846288256;11.109606719184;3926
-5.55858333333333;48.1972166666667;-4.03583775647806;11.0883731045059;3990
-5.55981666666667;48.1998666666667;-4.26457846288256;11.109606719184;4038
-5.56103333333333;48.2025166666667;-4.30041539454361;11.2029651179664;4091
-5.56175;48.2041;-4.30041539454361;11.2029651179664;4118
-5.56225;48.2051333333333;-4.45781831874828;11.0334875156522;4136
-5.56251666666667;48.2056666666667;-4.4203578737583;10.9407696607344;4147
-5.56398333333333;48.2087833333333;-4.07003957510513;11.182341828888;4208
-5.56421666666667;48.2093333333333;-4.07003957510513;11.182341828888;4220
-5.56446666666667;48.20985;-4.30041539454361;11.2029651179664;4227
-5.566;48.2131166666667;-4.17264568333799;11.4642497943559;4287
-5.56625;48.2136333333333;-4.33625232620466;11.2963235167488;4298
-5.5665;48.2141666666667;-4.30041539454361;11.2029651179664;4310
-5.56675;48.2147;-4.30041539454361;11.2029651179664;4319
-5.56725;48.2157833333333;-4.13844386471092;11.3702810699738;4337
-5.5675;48.2163166666667;-4.17264568333799;11.4642497943559;4346
-5.56773333333333;48.2168166666667;-4.13844386471092;11.3702810699738;4355
-5.56873333333333;48.2189666666667;-4.13844386471092;11.3702810699738;4398
-5.57046666666667;48.2227666666667;-4.53273992323361;11.2189249939507;4471
-5.57176666666667;48.2254;-4.13844386471092;11.3702810699738;4517
-5.57205;48.2259833333333;-4.10424171990802;11.2763114494309;4526
-5.57228333333333;48.2264833333333;-4.13844386471092;11.3702810699738;4535
-5.57255;48.2270166666667;-4.13844386471092;11.3702810699738;4553
-5.57283333333333;48.2276;-4.13844386471092;11.3702810699738;4558
-5.57305;48.2280833333333;-4.13844386471092;11.3702810699738;4567
-5.57363333333333;48.2292166666667;-4.13844386471092;11.3702810699738;4588
-5.57386666666667;48.2297;-4.17264568333799;11.4642497943559;4595
-5.5755;48.2329166666667;-4.40792584776046;11.4830394239819;4655
-5.57606666666667;48.2340333333333;-4.27525179157086;11.7461577598239;4678
-5.57686666666667;48.2356833333333;-4.27525179157086;11.7461577598239;4708
-5.57766666666667;48.2373;-4.24104964676796;11.652188139281;4738
-5.57793333333333;48.2378666666667;-4.47959936931626;11.669755331215;4752
-5.5782;48.2383333333333;-4.44376243765521;11.5763969324326;4757
-5.57878333333333;48.2394333333333;-4.44376243765521;11.5763969324326;4775
-5.5791;48.24005;-4.44376243765521;11.5763969324326;4785
-5.5794;48.2405833333333;-4.47959936931626;11.669755331215;4802
-5.57968333333333;48.2411166666667;-4.24104964676796;11.652188139281;4812
-5.58025;48.2422166666667;-4.30945393637375;11.8401273803667;4826
-5.58108333333333;48.2438166666667;-4.44376243765521;11.5763969324326;4857
-5.58136666666667;48.2444166666667;-4.40792584776046;11.4830394239819;4869
-5.58161666666667;48.2449166666667;-4.40792584776046;11.4830394239819;4880
-5.58193333333333;48.2455333333333;-4.24104964676796;11.652188139281;4886
-5.58221666666667;48.2460666666667;-4.27525179157086;11.7461577598239;4900
-5.5825;48.2466;-4.20684782814089;11.5582194148988;4906
-5.5841;48.2497833333333;-4.07003957510513;11.182341828888;4969
-5.5846;48.2508166666667;-4.20684782814089;11.5582194148988;4990
-5.58488333333333;48.2513333333333;-4.40792584776046;11.4830394239819;4997
-5.5852;48.2519166666667;-4.17264568333799;11.4642497943559;5010
-5.58548333333333;48.2524333333333;-4.37208891609941;11.3896810251995;5016
-5.58576666666667;48.2529833333333;-4.40792584776046;11.4830394239819;5026
-5.5866;48.2545333333333;-4.17264568333799;11.4642497943559;5056
-5.58826666666667;48.2577833333333;-4.20684782814089;11.5582194148988;5116
-5.58855;48.2583;-4.20684782814089;11.5582194148988;5128
-5.58883333333333;48.25885;-4.44376243765521;11.5763969324326;5143
-5.58966666666667;48.2604333333333;-4.27525179157086;11.7461577598239;5170
-5.58995;48.26105;-4.24104964676796;11.652188139281;5180
-5.59023333333333;48.2616;-4.24104964676796;11.652188139281;5187
-5.59053333333333;48.26215;-4.44376243765521;11.5763969324326;5196
-5.5917;48.2643;-3.83181061236872;11.7931004392606;5236
-5.59223333333333;48.26535;-3.59617202385513;11.762548680746;5255
-5.59321666666667;48.2675833333333;-3.62540902703098;11.8581786091403;5300
-5.5937;48.2687;-3.4454669477125;12.015771199229;5320
-5.59481666666667;48.2713666666667;-3.41790310698349;11.9196446629429;5368
-5.59621666666667;48.2747166666667;-3.6546463090342;11.9538094495379;5425
-5.59666666666667;48.2758666666667;-3.41790310698349;11.9196446629429;5449
-5.59691666666667;48.2765;-3.62540902703098;11.8581786091403;5460
-5.59738333333333;48.2776;-3.68388359103743;12.0494402899356;5480
-5.59756666666667;48.2780333333333;-3.68388359103743;12.0494402899356;5486
-5.59891666666667;48.2813333333333;-3.62540902703098;11.8581786091403;5549
-5.5992;48.2819833333333;-3.62540902703098;11.8581786091403;5560
-5.59891666666667;48.2813333333333;-3.62540902703098;11.8581786091403;5576
-5.60011666666667;48.2842166666667;-3.39033952912275;11.8235190433874;5599
-5.60235;48.2897333333333;-3.6546463090342;11.9538094495379;5695
-5.60303333333333;48.29145;-3.41790310698349;11.9196446629429;5732
-5.60366666666667;48.29305;-3.6546463090342;11.9538094495379;5762
-5.60416666666667;48.29425;-3.92451576962152;12.0784175755488;5776
-5.60438333333333;48.2948166666667;-3.89361424700497;11.9833124681182;5789
-5.60463333333333;48.2953666666667;-3.62540902703098;11.8581786091403;5798
-5.60506666666667;48.2964166666667;-3.4730307884415;12.1118977355151;5816
-5.60551666666667;48.2975833333333;-3.4454669477125;12.015771199229;5836
-5.60573333333333;48.2981166666667;-3.62540902703098;11.8581786091403;5851
-5.60551666666667;48.2975833333333;-3.4454669477125;12.015771199229;5866
-5.60656666666667;48.3002833333333;-3.56693474185191;11.6669178403484;5887
-5.60705;48.3014666666667;-3.6546463090342;11.9538094495379;5907
-5.6075;48.3025833333333;-3.62540902703098;11.8581786091403;5928
-5.6077;48.3030666666667;-3.6546463090342;11.9538094495379;5940
-5.60793333333333;48.3036166666667;-3.6546463090342;11.9538094495379;5950
-5.60861666666667;48.3053;-3.41790310698349;11.9196446629429;5980
-5.60885;48.3059;-3.4454669477125;12.015771199229;5989
-5.60861666666667;48.3053;-3.41790310698349;11.9196446629429;5995
-5.6095;48.3076;-3.68388359103743;12.0494402899356;6016
-5.60971666666667;48.30815;-3.62540902703098;11.8581786091403;6028
-5.6104;48.30975;-3.6546463090342;11.9538094495379;6056
-5.61128333333333;48.3119833333333;-3.4730307884415;12.1118977355151;6100
-5.61188333333333;48.3136833333333;-3.4454669477125;12.015771199229;6131
-5.6123;48.3148;-3.6546463090342;11.9538094495379;6144
-5.61273333333333;48.3159333333333;-3.86271242968685;11.8882064536894;6170
-5.61316666666667;48.3170333333333;-3.6546463090342;11.9538094495379;6185
-5.61385;48.3187166666667;-3.4454669477125;12.015771199229;6220
-5.61446666666667;48.3204;-3.68388359103743;12.0494402899356;6245
-5.61468333333333;48.3210333333333;-3.68388359103743;12.0494402899356;6260
-5.61488333333333;48.3215333333333;-3.6546463090342;11.9538094495379;6265
-5.61531666666667;48.32265;-3.62540902703098;11.8581786091403;6288
-5.61551666666667;48.3232;-3.62540902703098;11.8581786091403;6296
-5.61573333333333;48.32375;-3.41790310698349;11.9196446629429;6308
-5.61636666666667;48.32545;-3.6546463090342;11.9538094495379;6338
-5.61658333333333;48.3260166666667;-3.6546463090342;11.9538094495379;6348
-5.6176;48.3288333333333;-3.6546463090342;11.9538094495379;6398
-5.6178;48.3294;-3.68388359103743;12.0494402899356;6407
-5.6176;48.3288333333333;-3.6546463090342;11.9538094495379;6419
-5.6188;48.3321833333333;-3.62540902703098;11.8581786091403;6459
-5.61955;48.3344333333333;-3.4454669477125;12.015771199229;6497
-5.61993333333333;48.3355666666667;-3.62540902703098;11.8581786091403;6518
-5.62013333333333;48.3361333333333;-3.62540902703098;11.8581786091403;6527
-5.62033333333333;48.3366833333333;-3.62540902703098;11.8581786091403;6537
-5.62013333333333;48.3361333333333;-3.62540902703098;11.8581786091403;6552
-5.62095;48.33845;-3.62540902703098;11.8581786091403;6567
-5.62135;48.3395;-3.6546463090342;11.9538094495379;6588
-5.62155;48.3400833333333;-3.6546463090342;11.9538094495379;6596
-5.62175;48.3406333333333;-3.62540902703098;11.8581786091403;6606
-5.62195;48.3412;-3.4454669477125;12.015771199229;6617
-5.62215;48.3418166666667;-3.41790310698349;11.9196446629429;6629
-5.6227;48.34345;-3.62540902703098;11.8581786091403;6654
-5.62348333333333;48.3456333333333;-3.62540902703098;11.8581786091403;6695
-5.6237;48.34625;-3.62540902703098;11.8581786091403;6709
-5.6239;48.3468166666667;-3.62540902703098;11.8581786091403;6716
-5.6241;48.3473833333333;-3.6546463090342;11.9538094495379;6727
-5.6243;48.3479833333333;-3.41790310698349;11.9196446629429;6738
-5.62448333333333;48.34855;-3.59617202385513;11.762548680746;6746
-5.62506666666667;48.35015;-3.53769773867606;11.571287911954;6777
-5.62548333333333;48.3513;-3.36277568839374;11.7273925071014;6797
-5.62566666666667;48.35185;-3.335212110533;11.6312668875459;6806
-5.6258;48.3522833333333;-3.335212110533;11.6312668875459;6820
-5.62635;48.354;-3.53769773867606;11.571287911954;6848
-5.62653333333333;48.3546;-3.307648269804;11.5351403512598;6860
-5.62671666666667;48.35515;-3.307648269804;11.5351403512598;6871
-5.6274;48.3572833333333;-3.53769773867606;11.571287911954;6909
-5.62761666666667;48.3578833333333;-3.53769773867606;11.571287911954;6917
-5.62818333333333;48.3594833333333;-3.53769773867606;11.571287911954;6950
-5.62838333333333;48.3600166666667;-3.53769773867606;11.571287911954;6955
-5.62858333333333;48.3605833333333;-3.59617202385513;11.762548680746;6966
-5.62935;48.3627833333333;-3.56693474185191;11.6669178403484;7010
-5.62953333333333;48.3633333333333;-3.56693474185191;11.6669178403484;7018
-5.62973333333333;48.3638666666667;-3.53769773867606;11.571287911954;7030
-5.63056666666667;48.36605;-3.53769773867606;11.571287911954;7070
-5.63076666666667;48.3666;-3.53769773867606;11.571287911954;7075
-5.63113333333333;48.3676833333333;-3.307648269804;11.5351403512598;7095
-5.63146666666667;48.3687;-3.25252085121425;11.3428881954183;7118
-5.63265;48.3719666666667;-3.56693474185191;11.6669178403484;7177
-5.63286666666667;48.3725833333333;-3.39033952912275;11.8235190433874;7187
-5.63306666666667;48.3731333333333;-3.62540902703098;11.8581786091403;7196
-5.63265;48.3719666666667;-3.56693474185191;11.6669178403484;7214
-5.63385;48.3752833333333;-3.39033952912275;11.8235190433874;7236
-5.63406666666667;48.3759;-3.59617202385513;11.762548680746;7250
-5.63466666666667;48.3776166666667;-3.59617202385513;11.762548680746;7278
-5.63486666666667;48.37815;-3.53769773867606;11.571287911954;7288
-5.63501666666667;48.3785833333333;-3.73910574981749;11.5077842099706;7295
-5.63525;48.3791666666667;-3.70820393249937;11.4126781955418;7308
-5.63545;48.3797333333333;-3.939374793126;11.4407751254384;7318
-5.63613333333333;48.3814333333333;-4.00448836192024;11.6298786602149;7350
-5.63631666666667;48.3818833333333;-4.00448836192024;11.6298786602149;7358
-5.637;48.3835833333333;-3.80090908975217;11.69799533183;7386
-5.63763333333333;48.3852166666667;-3.77000727243405;11.6028893174012;7415
-5.63783333333333;48.3857833333333;-3.73910574981749;11.5077842099706;7426
-5.63803333333333;48.3863333333333;-3.939374793126;11.4407751254384;7436
-5.63866666666667;48.3880166666667;-3.73910574981749;11.5077842099706;7465
-5.63885;48.3885;-3.97193142228012;11.5353264419683;7476
-5.63988333333333;48.3913;-3.97193142228012;11.5353264419683;7529
-5.6405;48.3929166666667;-4.00448836192024;11.6298786602149;7555
-5.6407;48.3934666666667;-3.97193142228012;11.5353264419683;7563
-5.6405;48.3929166666667;-4.00448836192024;11.6298786602149;7571
-5.64095;48.3940666666667;-4.20684782814089;11.5582194148988;7576
-5.64115;48.3946166666667;-3.939374793126;11.4407751254384;7590
-5.64155;48.3956666666667;-3.97193142228012;11.5353264419683;7606
-5.64175;48.3962166666667;-3.939374793126;11.4407751254384;7619
-5.64195;48.39675;-3.97193142228012;11.5353264419683;7628
-5.6422;48.3973666666667;-3.97193142228012;11.5353264419683;7639
-5.6424;48.3979;-3.97193142228012;11.5353264419683;7648
-5.64258333333333;48.3984;-4.00448836192024;11.6298786602149;7658
-5.64281666666667;48.3989333333333;-3.939374793126;11.4407751254384;7668
-5.64321666666667;48.4000333333333;-3.97193142228012;11.5353264419683;7684
-5.64343333333333;48.40065;-3.939374793126;11.4407751254384;7699
-5.64365;48.4012;-3.97193142228012;11.5353264419683;7706
-5.64385;48.4017;-4.00448836192024;11.6298786602149;7716
-5.64428333333333;48.4028666666667;-3.80090908975217;11.69799533183;7735
-5.64448333333333;48.40335;-4.03704499107436;11.7244299767448;7746
-5.64495;48.4045;-4.00448836192024;11.6298786602149;7766
-5.64536666666667;48.4055333333333;-4.00448836192024;11.6298786602149;7785
-5.64561666666667;48.4061333333333;-4.00448836192024;11.6298786602149;7800
-5.64583333333333;48.4066833333333;-4.24104964676796;11.652188139281;7807
-5.64628333333333;48.4077;-4.24104964676796;11.652188139281;7825
-5.6465;48.4082666666667;-4.24104964676796;11.652188139281;7835
-5.647;48.40945;-4.24104964676796;11.652188139281;7858
-5.64723333333333;48.4100166666667;-4.24104964676796;11.652188139281;7866
-5.6477;48.4110666666667;-4.03704499107436;11.7244299767448;7887
-5.6479;48.4116333333333;-4.06960193071447;11.8189821949915;7894
-5.64903333333333;48.4143833333333;-4.24104964676796;11.652188139281;7946
-5.65016666666667;48.4172666666667;-4.1347154995087;12.008085729768;7997
-5.65035;48.4177666666667;-4.30945393637375;11.8401273803667;8009
-5.65055;48.4183333333333;-4.30945393637375;11.8401273803667;8017
-5.65233333333333;48.4228666666667;-4.06960193071447;11.8189821949915;8097
-5.65295;48.4245666666667;-4.06960193071447;11.8189821949915;8126
-5.65233333333333;48.4228666666667;-4.06960193071447;11.8189821949915;8135
-5.6536;48.4261666666667;-4.10215887035458;11.9135344132381;8162
-5.65423333333333;48.4279333333333;-4.16727243914881;12.1026379480146;8186
-5.65466666666667;48.4290833333333;-4.37785789980372;12.0280657252918;8206
-5.65506666666667;48.43015;-4.34365575500083;11.9340961047489;8228
-5.65595;48.43245;-4.10215887035458;11.9135344132381;8269
-5.65685;48.4347166666667;-4.10215887035458;11.9135344132381;8306
-5.65728333333333;48.43585;-4.10215887035458;11.9135344132381;8327
-5.65791666666667;48.4374833333333;-4.34365575500083;11.9340961047489;8360
-5.65838333333333;48.4386833333333;-4.20684782814089;11.5582194148988;8382
-5.65791666666667;48.4374833333333;-4.34365575500083;11.9340961047489;8389
-5.65876666666667;48.43975;-4.06960193071447;11.8189821949915;8396
-5.6596;48.44205;-4.24104964676796;11.652188139281;8443
-5.66125;48.4465166666667;-4.06960193071447;11.8189821949915;8518
-5.66143333333333;48.4470333333333;-3.83181061236872;11.7931004392606;8525
-5.66125;48.4465166666667;-4.06960193071447;11.8189821949915;8550
-5.66425;48.4548166666667;-4.06960193071447;11.8189821949915;8667
-5.66441666666667;48.4553666666667;-3.939374793126;11.4407751254384;8680
-5.66425;48.4548166666667;-4.06960193071447;11.8189821949915;8708
-5.6652;48.45755;-4.27525179157086;11.7461577598239;8716
-5.66546666666667;48.4581833333333;-4.27525179157086;11.7461577598239;8733
-5.66608333333333;48.4598666666667;-4.27525179157086;11.7461577598239;8755
-5.66628333333333;48.46035;-4.27525179157086;11.7461577598239;8768
-5.66781666666667;48.4648833333333;-4.03704499107436;11.7244299767448;8846
-5.66823333333333;48.4660666666667;-4.44376243765521;11.5763969324326;8867
-5.66865;48.4671166666667;-4.24104964676796;11.652188139281;8888
-5.6708;48.47265;-4.00448836192024;11.6298786602149;8987
-5.67136666666667;48.47425;-4.00448836192024;11.6298786602149;9016
-5.6722;48.4765333333333;-4.64512161545624;11.4970794429356;9060
-5.67241666666667;48.4770333333333;-4.84506584421491;11.4142598316655;9066
-5.67286666666667;48.4781333333333;-5.0842080384475;11.4193182205325;9091
-5.67335;48.4793;-4.64512161545624;11.4970794429356;9105
-5.67428333333333;48.48145;-5.04353421898221;11.3279633262783;9146
-5.67455;48.482;-4.84506584421491;11.4142598316655;9158
-5.67483333333333;48.4826;-4.84506584421491;11.4142598316655;9167
-5.6756;48.4842333333333;-4.84506584421491;11.4142598316655;9197
-5.6761;48.48525;-4.7669196930431;11.2301590365474;9215
-5.6772;48.4874833333333;-4.64512161545624;11.4970794429356;9259
-5.67875;48.4912333333333;-4.6887735418713;11.0460582414293;9325
-5.6799;48.494;-4.7669196930431;11.2301590365474;9380
-5.6801;48.4944833333333;-4.72784680377232;11.1381090779193;9391
-5.68081666666667;48.4961166666667;-4.9215135363749;11.0539003859654;9419
-5.68178333333333;48.4982333333333;-4.7669196930431;11.2301590365474;9458
-5.68201666666667;48.4987833333333;-4.7669196930431;11.2301590365474;9466
-5.68273333333333;48.5004333333333;-4.49527912099095;11.1262062548014;9496
-5.68338333333333;48.5019833333333;-4.49527912099095;11.1262062548014;9530
-5.68365;48.5026;-4.72784680377232;11.1381090779193;9539
-5.68338333333333;48.5019833333333;-4.49527912099095;11.1262062548014;9550
-5.68416666666667;48.5036666666667;-4.72784680377232;11.1381090779193;9560
-5.6849;48.5052333333333;-4.7669196930431;11.2301590365474;9588
-5.68566666666667;48.5069166666667;-4.80599295494413;11.3222098730374;9617
-5.68586666666667;48.50735;-4.84506584421491;11.4142598316655;9626
-5.68615;48.50795;-4.80599295494413;11.3222098730374;9640
-5.68638333333333;48.5084833333333;-4.60766117046626;11.4043615880178;9648
-5.68711666666667;48.5102;-4.60766117046626;11.4043615880178;9679
-5.68826666666667;48.5128666666667;-4.7669196930431;11.2301590365474;9727
-5.68875;48.5139;-4.80599295494413;11.3222098730374;9748
-5.68903333333333;48.5145;-4.57020036822359;11.3116428488685;9760
-5.68946666666667;48.5156;-4.61062739069949;10.8619574463112;9776
-5.68988333333333;48.51665;-4.4203578737583;10.9407696607344;9797
-5.69078333333333;48.5187333333333;-4.45781831874828;11.0334875156522;9835
-5.69125;48.51985;-4.49527912099095;11.1262062548014;9858
-5.69171666666667;48.5208833333333;-4.72784680377232;11.1381090779193;9875
-5.69223333333333;48.5220166666667;-4.80599295494413;11.3222098730374;9896
-5.69245;48.5225;-4.60766117046626;11.4043615880178;9904
-5.69271666666667;48.5231;-4.57020036822359;11.3116428488685;9916
-5.69335;48.5246;-4.53273992323361;11.2189249939507;9950
-5.69383333333333;48.5257333333333;-4.6887735418713;11.0460582414293;9965
-5.69408333333333;48.5263333333333;-4.49527912099095;11.1262062548014;9980
-5.69473333333333;48.52785;-4.53273992323361;11.2189249939507;10007
-5.69495;48.5284333333333;-4.53273992323361;11.2189249939507;10016
-5.69518333333333;48.5289833333333;-4.53273992323361;11.2189249939507;10025
-5.69543333333333;48.5296;-4.60766117046626;11.4043615880178;10038
-5.69563333333333;48.5300833333333;-4.60766117046626;11.4043615880178;10047
-5.69675;48.5328833333333;-4.84506584421491;11.4142598316655;10097
-5.69698333333333;48.5333833333333;-4.84506584421491;11.4142598316655;10106
-5.69743333333333;48.5344166666667;-4.84506584421491;11.4142598316655;10126
-5.6979;48.53555;-4.57020036822359;11.3116428488685;10145
-5.69836666666667;48.5366666666667;-4.57020036822359;11.3116428488685;10166
-5.6993;48.5388333333333;-4.53273992323361;11.2189249939507;10210
-5.70041666666667;48.5415833333333;-4.53273992323361;11.2189249939507;10255
-5.70145;48.5442166666667;-4.49527912099095;11.1262062548014;10306
-5.70205;48.5458166666667;-4.4203578737583;10.9407696607344;10336
-5.70246666666667;48.5469333333333;-4.38289707151564;10.8480509215851;10357
-5.70288333333333;48.5479833333333;-4.61062739069949;10.8619574463112;10377
-5.7033;48.5489833333333;-4.64970027997027;10.9540074049393;10397
-5.70288333333333;48.5479833333333;-4.61062739069949;10.8619574463112;10408
-5.70448333333333;48.5516666666667;-4.53273992323361;11.2189249939507;10446
-5.70471666666667;48.5522;-4.53273992323361;11.2189249939507;10460
-5.70558333333333;48.5543333333333;-4.33625232620466;11.2963235167488;10498
-5.7058;48.5549333333333;-4.57020036822359;11.3116428488685;10505
-5.70641666666667;48.5565166666667;-4.7669196930431;11.2301590365474;10537
-5.70716666666667;48.5582166666667;-4.9215135363749;11.0539003859654;10566
-5.70808333333333;48.5604;-4.60766117046626;11.4043615880178;10607
-5.70828333333333;48.5609166666667;-4.64512161545624;11.4970794429356;10616
-5.70851666666667;48.5615333333333;-4.84506584421491;11.4142598316655;10626
-5.70875;48.5620666666667;-4.80599295494413;11.3222098730374;10636
-5.70851666666667;48.5615333333333;-4.84506584421491;11.4142598316655;10650
-5.71023333333333;48.5659333333333;-4.7669196930431;11.2301590365474;10707
-5.71066666666667;48.567;-4.80599295494413;11.3222098730374;10727
-5.71246666666667;48.5713333333333;-4.6887735418713;11.0460582414293;10806
-5.71268333333333;48.5718666666667;-4.72784680377232;11.1381090779193;10815
-5.7129;48.5724;-4.6887735418713;11.0460582414293;10826
-5.71401666666667;48.5751;-4.49527912099095;11.1262062548014;10878
-5.71481666666667;48.5773166666667;-4.45781831874828;11.0334875156522;10919
-5.715;48.5778166666667;-4.49527912099095;11.1262062548014;10925
-5.7158;48.57995;-4.758818646408;10.6884816801735;10966
-5.71603333333333;48.5805166666667;-5.17277961572377;10.6057699177615;10978
-5.71675;48.582;-5.53976453041811;10.4187817641442;11010
-5.717;48.5824666666667;-5.67227246441205;10.2330504067105;11017
-5.71728333333333;48.5830166666667;-5.84999990463257;10.1324970590967;11026
-5.7179;48.58405;-5.90000009536744;10.2190999298376;11048
-5.7185;48.5850666666667;-5.76923429599122;10.4079741813179;11067
-5.7197;48.58715;-6.00000000000001;10.3923048454133;11105
-5.7203;48.5881833333333;-5.76923429599122;10.4079741813179;11127
-5.72056666666667;48.5886333333333;-5.81771544295604;10.4954364856727;11135
-5.72088333333333;48.5892;-5.72075361137687;10.3205127110653;11145
-5.72146666666667;48.5902333333333;-5.76923429599122;10.4079741813179;11167
-5.72193333333333;48.5912333333333;-5.67227246441205;10.2330504067105;11187
-5.72255;48.5923;-5.90000009536744;10.2190999298376;11206
-5.7229;48.59285;-5.72075361137687;10.3205127110653;11218
-5.72255;48.5923;-5.90000009536744;10.2190999298376;11227
-5.72363333333333;48.5942666666667;-4.38289707151564;10.8480509215851;11248
-5.724;48.5953666666667;-2.80629408124203;11.25543079494;11266
-5.72418333333333;48.597;-0.41181406774606;11.792811949444;11300
-5.72403333333333;48.59785;1.22298300029432;11.6359059861188;11315
-5.72386666666667;48.5983666666667;2.19430344683027;11.2887126096481;11323
-5.7233;48.5994833333333;4.45781831874828;11.0334875156522;11345
-5.72293333333333;48.5999833333333;5.26045376146893;10.78552855559;11354
-5.72246666666667;48.6005833333333;6;10.3923048454133;11366
-5.72226666666667;48.6007833333333;6.23196090288309;10.3717246654789;11373
-5.72176666666667;48.6013;6.5180070511425;10.4309917444764;11383
-5.71963333333333;48.6035166666667;5.96228875783622;11.2134342608995;11427
-5.71815;48.6051666666667;5.85647727345652;11.4939838221379;11457
-5.71683333333333;48.60675;5.90187649661411;11.5830848144488;11486
-5.71646666666667;48.6072166666667;5.90187649661411;11.5830848144488;11496
-5.71606666666667;48.6077;5.90187649661411;11.5830848144488;11507
-5.71555;48.6083166666667;5.90187649661411;11.5830848144488;11517
-5.71428333333333;48.60985;6.0561829808488;11.3900236110624;11546
-5.71341666666667;48.61085;5.94727571977169;11.6721858067596;11567
-5.71288333333333;48.6114833333333;5.69882490825801;11.6843226018892;11576
-5.71251666666667;48.6119166666667;5.9926745099702;11.7612859493404;11585
-5.71206666666667;48.6124666666667;5.94727571977169;11.6721858067596;11596
-5.70976666666667;48.61515;5.9926745099702;11.7612859493404;11645
-5.70935;48.6156166666667;6.15007765158436;11.5666138032697;11654
-5.70876666666667;48.61625;6.15007765158436;11.5666138032697;11666
-5.70796666666667;48.6171833333333;5.74266219016224;11.7742023493818;11688
-5.70705;48.6182333333333;5.69882490825801;11.6843226018892;11706
-5.70658333333333;48.61875;5.74266219016224;11.7742023493818;11716
-5.70603333333333;48.6193833333333;5.90187649661411;11.5830848144488;11725
-5.7056;48.6199166666667;5.69882490825801;11.6843226018892;11736
-5.7047;48.62095;5.94727571977169;11.6721858067596;11760
-5.70336666666667;48.6225333333333;5.69882490825801;11.6843226018892;11785
-5.70073333333333;48.6256333333333;5.90187649661411;11.5830848144488;11848
-5.69893333333333;48.6277166666667;5.65498762635378;11.5944428543965;11886
-5.6985;48.62825;5.69882490825801;11.6843226018892;11894
-5.69631666666667;48.6308666666667;5.65498762635378;11.5944428543965;11949
-5.69505;48.6324;5.69882490825801;11.6843226018892;11977
-5.69631666666667;48.6308666666667;5.65498762635378;11.5944428543965;11988
-5.69325;48.6345666666667;5.90187649661411;11.5830848144488;12018
-5.69285;48.6350333333333;5.94727571977169;11.6721858067596;12028
-5.6924;48.6355666666667;5.69882490825801;11.6843226018892;12039
-5.69148333333333;48.6366666666667;5.69882490825801;11.6843226018892;12057
-5.69105;48.6372;5.74266219016224;11.7742023493818;12067
-5.69025;48.6382166666667;5.69882490825801;11.6843226018892;12087
-5.68926666666667;48.6393833333333;5.69882490825801;11.6843226018892;12108
-5.68885;48.6399166666667;5.65498762635378;11.5944428543965;12117
-5.68803333333333;48.6409166666667;5.90187649661411;11.5830848144488;12134
-5.68765;48.6413833333333;5.69882490825801;11.6843226018892;12144
-5.68668333333333;48.64255;5.69882490825801;11.6843226018892;12168
-5.68628333333333;48.6430166666667;5.69882490825801;11.6843226018892;12177
-5.6854;48.6440666666667;5.45177541523895;11.6913701070438;12199
-5.68498333333333;48.6446;5.45177541523895;11.6913701070438;12208
-5.6846;48.6450666666667;5.45177541523895;11.6913701070438;12217
-5.6841;48.6457;5.65498762635378;11.5944428543965;12228
-5.68285;48.6472166666667;5.65498762635378;11.5944428543965;12260
-5.68241666666667;48.64775;5.65498762635378;11.5944428543965;12267
-5.68153333333333;48.6488;5.69882490825801;11.6843226018892;12289
-5.68106666666667;48.6493833333333;5.65498762635378;11.5944428543965;12296
-5.68023333333333;48.6503833333333;5.69882490825801;11.6843226018892;12317
-5.67978333333333;48.6509;5.65498762635378;11.5944428543965;12327
-5.67943333333333;48.6513333333333;5.69882490825801;11.6843226018892;12339
-5.67841666666667;48.65255;5.69882490825801;11.6843226018892;12355
-5.67943333333333;48.6513333333333;5.69882490825801;11.6843226018892;12362
-5.67716666666667;48.6540833333333;5.49403740262909;11.7820012314764;12385
-5.67583333333333;48.6557166666667;5.74266219016224;11.7742023493818;12420
-5.67498333333333;48.6567333333333;5.53629939001924;11.8726323559091;12437
-5.67456666666667;48.6572666666667;5.49403740262909;11.7820012314764;12446
-5.6737;48.6583333333333;5.69882490825801;11.6843226018892;12465
-5.67278333333333;48.65945;5.49403740262909;11.7820012314764;12485
-5.67241666666667;48.6599333333333;5.49403740262909;11.7820012314764;12497
-5.67198333333333;48.6604666666667;5.49403740262909;11.7820012314764;12506
-5.6711;48.6615166666667;5.49403740262909;11.7820012314764;12529
-5.67063333333333;48.6621166666667;5.49403740262909;11.7820012314764;12535
-5.67026666666667;48.6626;5.45177541523895;11.6913701070438;12548
-5.6694;48.6636333333333;5.65498762635378;11.5944428543965;12567
-5.66895;48.6641666666667;5.69882490825801;11.6843226018892;12577
-5.66803333333333;48.6652666666667;5.69882490825801;11.6843226018892;12600
-5.66765;48.66575;5.69882490825801;11.6843226018892;12607
-5.66638333333333;48.66735;5.45177541523895;11.6913701070438;12636
-5.66591666666667;48.6679333333333;5.45177541523895;11.6913701070438;12645
-5.6655;48.6684666666667;5.45177541523895;11.6913701070438;12661
-5.66426666666667;48.67;5.45177541523895;11.6913701070438;12685
-5.66258333333333;48.6721166666667;5.24690254052011;11.7847360550996;12725
-5.65226666666667;48.6854;5.40951383088899;11.6007398469336;12975
-5.65098333333333;48.6870333333333;5.45177541523895;11.6913701070438;13009
-5.6506;48.6875;5.45177541523895;11.6913701070438;13015
-5.64931666666667;48.68915;5.45177541523895;11.6913701070438;13046
-5.64891666666667;48.6896833333333;5.45177541523895;11.6913701070438;13057
-5.6486;48.6901;5.45177541523895;11.6913701070438;13070
-5.64816666666667;48.6906833333333;5.45177541523895;11.6913701070438;13079
-5.64738333333333;48.69175;5.45177541523895;11.6913701070438;13096
-5.64653333333333;48.6928666666667;5.45177541523895;11.6913701070438;13116
-5.64616666666667;48.6933333333333;5.45177541523895;11.6913701070438;13126
-5.64486666666667;48.6949333333333;5.45177541523895;11.6913701070438;13158
-5.64365;48.6965166666667;5.32499025914889;11.4194784623908;13186
-5.64198333333333;48.6986166666667;5.61115076251285;11.5045639640607;13227
-5.64148333333333;48.6991833333333;5.36725184349885;11.510108722501;13239
-5.64068333333333;48.7001666666667;5.36725184349885;11.510108722501;13260
-5.64028333333333;48.7006833333333;5.40951383088899;11.6007398469336;13266
-5.63986666666667;48.7012;5.36725184349885;11.510108722501;13276
-5.63945;48.7017333333333;5.40951383088899;11.6007398469336;13288
-5.6387;48.7027333333333;5.45177541523895;11.6913701070438;13312
-5.63706666666667;48.7049;5.36725184349885;11.510108722501;13347
-5.63418333333333;48.7085333333333;5.1655552894838;11.6020271378161;13418
-5.63333333333333;48.7096333333333;5.36725184349885;11.510108722501;13436
-5.63251666666667;48.7106666666667;5.76567926010043;11.3157826872463;13459
-5.63205;48.7112333333333;5.96228875783622;11.2134342608995;13470
-5.62823333333333;48.7159333333333;6.0561829808488;11.3900236110624;13554
-5.6278;48.7164666666667;6.0561829808488;11.3900236110624;13565
-5.62686666666667;48.7176;6.009236093204;11.3017293570032;13589
-5.62561666666667;48.71905;5.90187649661411;11.5830848144488;13618
-5.62466666666667;48.7201666666667;5.85647727345652;11.4939838221379;13638
-5.62426666666667;48.7206333333333;5.85647727345652;11.4939838221379;13652
-5.62338333333333;48.72165;5.85647727345652;11.4939838221379;13670
-5.62203333333333;48.7232666666667;5.81107848325801;11.4048836795571;13698
-5.62163333333333;48.7237333333333;5.85647727345652;11.4939838221379;13706
-5.62078333333333;48.7247833333333;5.85647727345652;11.4939838221379;13726
-5.62035;48.7253;5.85647727345652;11.4939838221379;13738
-5.6194;48.7264166666667;6.0561829808488;11.3900236110624;13757
-5.619;48.7269;6.10313031621658;11.478318707166;13770
-5.61716666666667;48.7290333333333;6.0561829808488;11.3900236110624;13806
-5.61631666666667;48.7300166666667;6.25404391623755;11.2825938884573;13826
-5.6154;48.73105;6.30252506320238;11.3700561928121;13851
-5.61173333333333;48.7352333333333;6.0561829808488;11.3900236110624;13927
-5.61001666666667;48.7372333333333;6.0561829808488;11.3900236110624;13969
-5.60856666666667;48.7389;6.10313031621658;11.478318707166;13997
-5.60766666666667;48.73995;6.10313031621658;11.478318707166;14018
-5.60726666666667;48.7404166666667;6.25404391623755;11.2825938884573;14030
-5.60638333333333;48.7414333333333;6.0561829808488;11.3900236110624;14048
-5.60588333333333;48.742;6.10313031621658;11.478318707166;14056
-5.60548333333333;48.7424666666667;6.10313031621658;11.478318707166;14067
-5.60458333333333;48.7435;6.10313031621658;11.478318707166;14089
-5.6036;48.7445833333333;6.0561829808488;11.3900236110624;14106
-5.60313333333333;48.7451;6.30252506320238;11.3700561928121;14118
-5.60271666666667;48.7455666666667;6.30252506320238;11.3700561928121;14125
-5.60218333333333;48.74615;6.30252506320238;11.3700561928121;14137
-5.6017;48.74665;6.30252506320238;11.3700561928121;14146
-5.60123333333333;48.7471666666667;6.15007765158436;11.5666138032697;14158
-5.59888333333333;48.7497833333333;5.90187649661411;11.5830848144488;14209
-5.59708333333333;48.75185;6.10313031621658;11.478318707166;14246
-5.59666666666667;48.7523166666667;6.10313031621658;11.478318707166;14257
-5.59535;48.7538666666667;6.10313031621658;11.478318707166;14286
-5.59485;48.7544333333333;6.10313031621658;11.478318707166;14300
-5.59396666666667;48.7554166666667;6.10313031621658;11.478318707166;14320
-5.59193333333333;48.7575;7.58242953035062;10.4363189188213;14356
-5.59133333333333;48.7579666666667;8.11823280447623;10.0251826063373;14368
-5.58896666666667;48.7596666666667;9.28819187106882;8.66137904271287;14406
-5.58826666666667;48.7601166666667;9.51225390785427;8.56487188901992;14416
-5.58698333333333;48.7608666666667;9.66028277080091;8.39755569621182;14437
-5.58481666666667;48.76205;10.3023977749548;7.76341356908721;14469
-5.58338333333333;48.7627666666667;10.8188500065685;7.02584334393055;14488
-5.58273333333333;48.7630833333333;10.9398201169132;6.83595830646019;14499
-5.58206666666667;48.7633833333333;10.9398201169132;6.83595830646019;14508
-5.57756666666667;48.7653166666667;10.8188500065685;7.02584334393055;14565
-5.57675;48.7657;10.8188500065685;7.02584334393055;14582
-5.57513333333333;48.7664333333333;10.9865847600125;7.13477156646016;14597
-5.57298333333333;48.7674;10.9865847600125;7.13477156646016;14628
-5.57131666666667;48.76815;11.0704513369159;7.18923515831671;14646
-5.56911666666667;48.7691166666667;11.0704513369159;7.18923515831671;14678
-5.56843333333333;48.7694166666667;10.8603925167238;7.32542724878195;14687
-5.56751666666667;48.7698166666667;10.9865847600125;7.13477156646016;14699
-5.56676666666667;48.7701666666667;10.9432957996002;7.38134621915628;14705
-5.56531666666667;48.7708;10.8603925167238;7.32542724878195;14726
-5.56455;48.7711666666667;10.8603925167238;7.32542724878195;14737
-5.56146666666667;48.7726;11.0704513369159;7.18923515831671;14780
-5.56003333333333;48.7732333333333;10.8603925167238;7.32542724878195;14798
-5.5584;48.7739666666667;10.9432957996002;7.38134621915628;14816
-5.55085;48.7773333333333;11.0704513369159;7.18923515831671;14918
-5.54703333333333;48.779;10.8603925167238;7.32542724878195;14965
-5.54626666666667;48.7793666666667;10.9432957996002;7.38134621915628;14977
-5.54541666666667;48.7797666666667;10.7308920926675;7.51385153500075;14985
-5.54388333333333;48.7804666666667;10.9432957996002;7.38134621915628;15007
-5.54248333333333;48.7810833333333;10.8603925167238;7.32542724878195;15025
-5.54171666666667;48.78145;10.9432957996002;7.38134621915628;15037
-5.5409;48.7818333333333;10.8128068283738;7.57120885043279;15045
-5.5402;48.78215;10.9432957996002;7.38134621915628;15059
-5.53935;48.78255;11.0261998731084;7.43726572281851;15067
-5.53558333333333;48.78425;11.0704513369159;7.18923515831671;15116
-5.53478333333333;48.7846;11.1543187136379;7.24369926958151;15127
-5.53248333333333;48.7856333333333;11.0261998731084;7.43726572281851;15157
-5.53161666666667;48.786;11.1543187136379;7.24369926958151;15165
-5.53091666666667;48.7863;11.0261998731084;7.43726572281851;15179
-5.53161666666667;48.786;11.1543187136379;7.24369926958151;15184
-5.52785;48.7877;10.8947223452844;7.62856671286994;15218
-5.5263;48.7884;11.0261998731084;7.43726572281851;15241
-5.52468333333333;48.7891333333333;11.0261998731084;7.43726572281851;15257
-5.52321666666667;48.7898;11.0261998731084;7.43726572281851;15275
-5.52245;48.79015;11.1091031559848;7.49318469319284;15289
-5.52;48.7912;11.2381852905412;7.29816286143806;15317
-5.51931666666667;48.7915333333333;11.1091031559848;7.49318469319284;15328
-5.51778333333333;48.7922166666667;10.9766370809908;7.68592402830197;15349
-5.51633333333333;48.7929;11.0261998731084;7.43726572281851;15366
-5.51473333333333;48.7936333333333;11.0261998731084;7.43726572281851;15387
-5.51406666666667;48.79395;11.0261998731084;7.43726572281851;15399
-5.5132;48.7943333333333;10.9432957996002;7.38134621915628;15406
-5.51085;48.7954;11.1091031559848;7.49318469319284;15438
-5.50851666666667;48.79645;11.1920072294931;7.54910419685508;15470
-5.50623333333333;48.7975333333333;10.9766370809908;7.68592402830197;15498
-5.5016;48.7996166666667;11.0261998731084;7.43726572281851;15555
-5.49851666666667;48.80105;11.1091031559848;7.49318469319284;15596
-5.49696666666667;48.8017666666667;11.1091031559848;7.49318469319284;15618
-5.49851666666667;48.80105;11.1091031559848;7.49318469319284;15633
-5.49228333333333;48.8038833333333;11.1091031559848;7.49318469319284;15674
-5.49143333333333;48.8042833333333;11.1091031559848;7.49318469319284;15688
-5.48848333333333;48.8056;11.4059200439852;7.40709108396767;15727
-5.48678333333333;48.8063833333333;11.0261998731084;7.43726572281851;15748
-5.48538333333333;48.8070166666667;11.1091031559848;7.49318469319284;15770
-5.48453333333333;48.8074;10.9766370809908;7.68592402830197;15775
-5.4821;48.8084833333333;11.3220526672632;7.35262697270287;15809
-5.48133333333333;48.8088333333333;11.0261998731084;7.43726572281851;15821
-5.4807;48.8091;11.0261998731084;7.43726572281851;15827
-5.479;48.8098333333333;11.0261998731084;7.43726572281851;15848
-5.47828333333333;48.8101666666667;10.9766370809908;7.68592402830197;15859
-5.47741666666667;48.8105333333333;10.8947223452844;7.62856671286994;15868
-5.47665;48.8108833333333;10.8947223452844;7.62856671286994;15877
-5.47603333333333;48.8111666666667;11.0261998731084;7.43726572281851;15884
-5.47516666666667;48.8115333333333;10.8947223452844;7.62856671286994;15896
-5.47275;48.8126166666667;10.9766370809908;7.68592402830197;15928
-5.47208333333333;48.8129333333333;10.8128068283738;7.57120885043279;15938
-5.47138333333333;48.81325;11.1091031559848;7.49318469319284;15944
-5.4705;48.8136166666667;10.9766370809908;7.68592402830197;15958
-5.46966666666667;48.8140166666667;10.8947223452844;7.62856671286994;15967
-5.46896666666667;48.8143333333333;11.1091031559848;7.49318469319284;15974
-5.46745;48.8150166666667;10.9432957996002;7.38134621915628;15998
-5.46668333333333;48.8153666666667;10.9432957996002;7.38134621915628;16006
-5.46351666666667;48.8167833333333;11.0261998731084;7.43726572281851;16050
-5.46283333333333;48.8171;11.0261998731084;7.43726572281851;16055
-5.4582;48.8192;11.0261998731084;7.43726572281851;16118
-5.45656666666667;48.8199333333333;11.1091031559848;7.49318469319284;16136
-5.45355;48.8213;10.8947223452844;7.62856671286994;16175
-5.4528;48.8216333333333;10.8128068283738;7.57120885043279;16189
-5.44728333333333;48.8241;10.9766370809908;7.68592402830197;16257
-5.44571666666667;48.8247666666667;11.1543187136379;7.24369926958151;16278
-5.44425;48.8254333333333;11.0261998731084;7.43726572281851;16297
-5.44345;48.8257833333333;11.1091031559848;7.49318469319284;16308
-5.44188333333333;48.8264833333333;10.9766370809908;7.68592402830197;16326
-5.44101666666667;48.8268833333333;11.0585525979014;7.74328189073912;16336
-5.44031666666667;48.8271833333333;11.0585525979014;7.74328189073912;16347
-5.43788333333333;48.8283166666667;11.140468114812;7.80063975317627;16377
-5.43716666666667;48.8286333333333;11.2749113030013;7.60502370051732;16386
-5.43563333333333;48.8293333333333;11.0585525979014;7.74328189073912;16408
-5.43481666666667;48.8296666666667;11.1091031559848;7.49318469319284;16415
-5.43411666666667;48.8299833333333;11.3578145858777;7.66094267089165;16425
-5.43246666666667;48.8307;11.2749113030013;7.60502370051732;16446
-5.42935;48.8320666666667;11.3578145858777;7.66094267089165;16485
-5.42526666666667;48.8338666666667;11.3578145858777;7.66094267089165;16538
-5.42456666666667;48.8341833333333;11.140468114812;7.80063975317627;16552
-5.4236;48.8346;11.3578145858777;7.66094267089165;16559
-5.42133333333333;48.8356333333333;11.3578145858777;7.66094267089165;16587
-5.41886666666667;48.8367166666667;11.5334544312321;7.20690219571974;16620
-5.41816666666667;48.8370166666667;11.6182587555907;7.25989381892083;16628
-5.41498333333333;48.8383166666667;11.4486492981118;7.15391006714827;16671
-5.41156666666667;48.8397166666667;11.6574756165321;7.00451801524817;16707
-5.41081666666667;48.8400166666667;11.6574756165321;7.00451801524817;16717
-5.40911666666667;48.8406666666667;11.4860415024249;6.90151000732329;16736
-5.40828333333333;48.8410166666667;11.6574756165321;7.00451801524817;16751
-5.40596666666667;48.842;11.703063888711;7.31288594749231;16777
-5.40523333333333;48.8422666666667;11.3638441649914;7.10091793857679;16784
-5.40261666666667;48.8433333333333;11.5717585594785;6.95301401128573;16816
-5.40178333333333;48.84365;11.5334544312321;7.20690219571974;16828
-5.39935;48.8445833333333;11.4860415024249;6.90151000732329;16860
-5.39853333333333;48.8449166666667;11.3638441649914;7.10091793857679;16867
-5.39688333333333;48.8455666666667;11.4860415024249;6.90151000732329;16888
-5.39616666666667;48.8458833333333;11.4486492981118;7.15391006714827;16895
-5.3954;48.8462;11.4486492981118;7.15391006714827;16905
-5.3945;48.84655;11.2790398406328;7.0479263153757;16917
-5.39133333333333;48.8478333333333;11.5334544312321;7.20690219571974;16959
-5.39053333333333;48.8481666666667;11.3638441649914;7.10091793857679;16968
-5.38971666666667;48.8485;11.6574756165321;7.00451801524817;16977
-5.3873;48.8494666666667;11.3638441649914;7.10091793857679;17010
-5.38646666666667;48.8497833333333;11.5717585594785;6.95301401128573;17015
-5.38488333333333;48.8504333333333;11.3638441649914;7.10091793857679;17038
-5.38088333333333;48.8520166666667;11.4003252628298;6.85000649453944;17086
-5.37928333333333;48.8526666666667;11.2790398406328;7.0479263153757;17105
-5.37846666666667;48.853;11.3638441649914;7.10091793857679;17117
-5.37683333333333;48.8536666666667;11.4860415024249;6.90151000732329;17137
-5.37601666666667;48.8539833333333;11.5717585594785;6.95301401128573;17145
-5.37441666666667;48.8546333333333;11.604740080349;6.69999980926514;17166
-5.37283333333333;48.8552666666667;11.4003252628298;6.85000649453944;17189
-5.37125;48.8559166666667;11.3146082057762;6.798502490577;17208
-5.37041666666667;48.8562166666667;11.4860415024249;6.90151000732329;17217
-5.36963333333333;48.8565333333333;11.4003252628298;6.85000649453944;17226
-5.36801666666667;48.8571833333333;11.3146082057762;6.798502490577;17247
-5.3632;48.8590666666667;11.3146082057762;6.798502490577;17308
-5.35916666666667;48.8606333333333;11.6324422717744;6.44796804174638;17355
-5.35433333333333;48.8624666666667;11.5181380355143;6.65000009536743;17418
-5.35343333333333;48.8628;11.4315351647734;6.59999990463257;17429
-5.3527;48.8631;11.6324422717744;6.44796804174638;17436
-5.35188333333333;48.8634;11.6324422717744;6.44796804174638;17448
-5.34856666666667;48.8646333333333;11.6324422717744;6.44796804174638;17489
-5.34785;48.8649;11.5181380355143;6.65000009536743;17496
-5.34701666666667;48.8652;11.4315351647734;6.59999990463257;17506
-5.34301666666667;48.8667;11.719903742027;6.49644872636072;17558
-5.34118333333333;48.8673833333333;11.719903742027;6.49644872636072;17579
-5.34045;48.8676666666667;11.8948283507367;6.59341102029038;17585
-5.33873333333333;48.8682833333333;11.7432031534326;6.24397187459694;17607
-5.33716666666667;48.8688333333333;11.6324422717744;6.44796804174638;17628
-5.33623333333333;48.8691666666667;11.8073660463818;6.54492987332555;17638
-5.33465;48.8697333333333;11.604740080349;6.69999980926514;17654
-5.33375;48.8700833333333;11.604740080349;6.69999980926514;17667
-5.33215;48.8707;11.719903742027;6.49644872636072;17689
-5.32828333333333;48.8721666666667;11.6324422717744;6.44796804174638;17737
-5.32646666666667;48.8728333333333;11.604740080349;6.69999980926514;17757
-5.3249;48.8734333333333;11.719903742027;6.49644872636072;17778
-5.32238333333333;48.8744;11.5181380355143;6.65000009536743;17806
-5.32083333333333;48.87495;11.8314974074918;6.29091876224175;17833
-5.31918333333333;48.8755333333333;11.5181380355143;6.65000009536743;17847
-5.3184;48.8758;11.604740080349;6.69999980926514;17857
-5.31745;48.8761666666667;11.719903742027;6.49644872636072;17869
-5.31503333333333;48.8771;11.5181380355143;6.65000009536743;17899
-5.31105;48.8786166666667;11.604740080349;6.69999980926514;17945
-5.31018333333333;48.87895;11.5449799674196;6.39948689478155;17956
-5.30523333333333;48.8807333333333;11.8073660463818;6.54492987332555;18016
-5.30358333333333;48.88135;11.604740080349;6.69999980926514;18038
-5.30283333333333;48.8816166666667;11.604740080349;6.69999980926514;18048
-5.30193333333333;48.8819666666667;11.6324422717744;6.44796804174638;18056
-5.30113333333333;48.8822833333333;11.6324422717744;6.44796804174638;18068
-5.2987;48.8832;11.5181380355143;6.65000009536743;18095
-5.29701666666667;48.8838166666667;11.719903742027;6.49644872636072;18119
-5.29301666666667;48.8853166666667;11.6324422717744;6.44796804174638;18170
-5.29126666666667;48.88595;11.5181380355143;6.65000009536743;18188
-5.29046666666667;48.88625;11.719903742027;6.49644872636072;18199
-5.28975;48.8865333333333;11.5181380355143;6.65000009536743;18208
-5.28815;48.8871666666667;11.6324422717744;6.44796804174638;18225
-5.28735;48.8874666666667;11.719903742027;6.49644872636072;18239
-5.28646666666667;48.8877833333333;11.6324422717744;6.44796804174638;18249
-5.28491666666667;48.8883833333333;11.604740080349;6.69999980926514;18268
-5.28241666666667;48.8892666666667;11.6324422717744;6.44796804174638;18298
-5.28151666666667;48.8896166666667;11.604740080349;6.69999980926514;18308
-5.27993333333333;48.8902;11.719903742027;6.49644872636072;18330
-5.27903333333333;48.8905166666667;11.8314974074918;6.29091876224175;18338
-5.27828333333333;48.8908;11.8948283507367;6.59341102029038;18348
-5.27746666666667;48.8911166666667;11.5181380355143;6.65000009536743;18359
-5.275;48.89205;11.604740080349;6.69999980926514;18385
-5.27828333333333;48.8908;11.8948283507367;6.59341102029038;18393
-5.27335;48.89265;11.604740080349;6.69999980926514;18408
-5.27173333333333;48.8932333333333;11.5181380355143;6.65000009536743;18427
-5.26846666666667;48.89445;11.5181380355143;6.65000009536743;18468
-5.26763333333333;48.89475;11.7432031534326;6.24397187459694;18478
-5.26846666666667;48.89445;11.5181380355143;6.65000009536743;18492
-5.26518333333333;48.8956666666667;11.6324422717744;6.44796804174638;18509
-5.26426666666667;48.8959833333333;11.8314974074918;6.29091876224175;18518
-5.26098333333333;48.8972;11.6324422717744;6.44796804174638;18561
-5.25935;48.8977833333333;11.604740080349;6.69999980926514;18578
-5.25605;48.8989666666667;11.6324422717744;6.44796804174638;18621
-5.25441666666667;48.8995833333333;11.5181380355143;6.65000009536743;18639
-5.25201666666667;48.90045;11.8314974074918;6.29091876224175;18669
-5.25111666666667;48.9007833333333;11.8314974074918;6.29091876224175;18677
-5.2479;48.9019166666667;11.8314974074918;6.29091876224175;18717
-5.24706666666667;48.9022;11.719903742027;6.49644872636072;18729
-5.24543333333333;48.9028333333333;11.9197925035955;6.33786609760953;18749
-5.24453333333333;48.90315;11.8314974074918;6.29091876224175;18757
-5.24295;48.9037166666667;11.9197925035955;6.33786609760953;18777
-5.2421;48.9040166666667;11.719903742027;6.49644872636072;18786
-5.2412;48.90435;11.8314974074918;6.29091876224175;18797
-5.24043333333333;48.9046;11.9394870842321;6.0834725233263;18809
-5.23708333333333;48.90575;11.719903742027;6.49644872636072;18846
-5.23286666666667;48.9072;11.719903742027;6.49644872636072;18897
-5.23121666666667;48.9077833333333;11.8314974074918;6.29091876224175;18916
-5.23286666666667;48.9072;11.719903742027;6.49644872636072;18922
-5.2288;48.9085666666667;11.6324422717744;6.44796804174638;18947
-5.22791666666667;48.9089;11.5449799674196;6.39948689478155;18958
-5.22551666666667;48.9097333333333;11.5449799674196;6.39948689478155;18987
-5.22221666666667;48.9108666666667;11.6549080573289;6.19702453922917;19030
-5.2213;48.9111833333333;11.6324422717744;6.44796804174638;19039
-5.22055;48.9114333333333;11.7432031534326;6.24397187459694;19049
-5.218;48.91235;11.6549080573289;6.19702453922917;19076
-5.21558333333333;48.9131666666667;11.7432031534326;6.24397187459694;19107
-5.21301666666667;48.91405;11.7432031534326;6.24397187459694;19138
-5.21136666666667;48.9146166666667;11.7432031534326;6.24397187459694;19156
-5.2073;48.9160333333333;11.8314974074918;6.29091876224175;19206
-5.19903333333333;48.9188833333333;11.6549080573289;6.19702453922917;19305
-5.1981;48.9191833333333;11.7432031534326;6.24397187459694;19316
-5.19486666666667;48.9203;11.8314974074918;6.29091876224175;19357
-5.19236666666667;48.92115;11.7432031534326;6.24397187459694;19385
-5.19068333333333;48.9217;11.8314974074918;6.29091876224175;19408
-5.18891666666667;48.9223333333333;11.8314974074918;6.29091876224175;19429
-5.18725;48.9229166666667;11.8314974074918;6.29091876224175;19448
-5.1865;48.9231666666667;11.9197925035955;6.33786609760953;19454
-5.18566666666667;48.92345;11.7432031534326;6.24397187459694;19467
-5.1822;48.9246;11.8314974074918;6.29091876224175;19508
-5.17721666666667;48.9262833333333;11.8314974074918;6.29091876224175;19569
-5.17475;48.9271166666667;11.9197925035955;6.33786609760953;19597
-5.17045;48.9285666666667;11.9197925035955;6.33786609760953;19647
-5.16378333333333;48.93085;12.0080875996992;6.3848134329773;19728
-5.15368333333333;48.93425;11.6324422717744;6.44796804174638;19848
-5.14288333333333;48.9380333333333;11.4315351647734;6.59999990463257;19975
-5.14203333333333;48.9383166666667;11.8314974074918;6.29091876224175;19993
-5.14118333333333;48.9385833333333;11.8073660463818;6.54492987332555;19998
-5.13871666666667;48.9394666666667;11.4315351647734;6.59999990463257;20025
-5.1371;48.94005;11.4315351647734;6.59999990463257;20048
-5.133;48.9415166666667;11.4315351647734;6.59999990463257;20099
-5.13218333333333;48.9418;11.4315351647734;6.59999990463257;20107
-5.1289;48.9429333333333;11.5449799674196;6.39948689478155;20145
-5.12468333333333;48.9444166666667;11.6324422717744;6.44796804174638;20197
-5.12226666666667;48.9452833333333;11.6324422717744;6.44796804174638;20225
-5.11391666666667;48.9482;11.6324422717744;6.44796804174638;20328
-5.1123;48.9487666666667;11.5181380355143;6.65000009536743;20348
-5.11146666666667;48.94905;11.6324422717744;6.44796804174638;20357
-5.10903333333333;48.9499333333333;11.4315351647734;6.59999990463257;20389
-5.10811666666667;48.95025;11.5181380355143;6.65000009536743;20399
-5.09425;48.95515;11.5181380355143;6.65000009536743;20569
-5.09263333333333;48.9557166666667;11.3449331199386;6.55000019073487;20588
-5.08026666666667;48.96005;11.6324422717744;6.44796804174638;20734
-5.06216666666667;48.9663833333333;11.4315351647734;6.59999990463257;20955
-5.0597;48.9672333333333;11.5449799674196;6.39948689478155;20988
-5.0088;48.9848666666667;11.3700561928121;6.30252506320238;21607
-4.92325;49.0142833333333;11.3700561928121;6.30252506320238;22658
