"x";"y";"vx";"vy";"t"
-6.08732166666667;49.5294733333333;2.88411359141299;-0.303132553444806;0
-5.82111166666667;49.56056;3.57316605125218;-0.438729624636164;11296
-5.76080333333333;49.52306;3.55876263745117;-8.80824661838448;14653
-5.73974;49.4993266666667;4.09939705827675;-8.79118536139101;15277
-5.72250833333333;49.4817483333333;4.14165904566689;-8.88181648582366;15733
-5.718095;49.4770916666667;4.29603732214562;-8.8081818251632;15861
-5.69060166666667;49.4480083333333;4.18392063001685;-8.97244674593385;16611
-5.68581833333333;49.442985;4.33987418598654;-8.89806071549904;16733
-5.67251333333333;49.4287983333333;4.22618261740699;-9.0630778703665;17091
-5.65390666666667;49.4092166666667;4.44910698403937;-8.73186410699201;17592
-5.640405;49.3946183333333;4.067366430758;-9.13545457642601;17961
-5.497785;49.2240416666667;4.14871368179431;-9.31816349370956;22175
-5.49230333333333;49.2173566666667;3.98545743606455;-9.38914932964252;22338
-5.47671333333333;49.1975116666667;4.83555718623927;-9.09436037485583;22806
-5.472575;49.1924383333333;4.02453069796557;-9.4812001661325;22935
-5.453655;49.1676333333333;3.85844798363443;-9.54999387888419;23512
-5.44111;49.1516283333333;4.1893875012596;-9.40951838796376;23888
-5.433405;49.14125;4.23006093283061;-9.50087241099311;24131
-5.42938333333333;49.135675;4.67610223390915;-9.1773673690862;24266
-5.421615;49.12488;4.1893875012596;-9.40951838796376;24508
-5.41760666666667;49.1192033333333;4.83555718623927;-9.09436037485583;24633
-5.41011166666667;49.1082816666667;3.89590842862441;-9.64271173380202;24889
-5.40228;49.0969133333333;4.72150102410766;-9.26646751166701;25162
-5.39802666666667;49.09087;4.02453069796557;-9.4812001661325;25290
-5.39423333333333;49.0851316666667;4.83555718623927;-9.09436037485583;25425
-5.38886333333333;49.0772516666667;4.3952297608872;-9.42560063945218;25606
-5.38511;49.07153;4.1893875012596;-9.40951838796376;25731
-5.38146666666667;49.0663116666667;4.51522289554016;-9.25757884831278;25858
-5.37657333333333;49.058865;4.83555718623927;-9.09436037485583;26012
-5.36886666666667;49.0471216666667;3.98545743606455;-9.38914932964252;26285
-5.36146166666667;49.0352416666667;4.1893875012596;-9.40951838796376;26559
-5.35779;49.0295233333333;3.85844798363443;-9.54999387888419;26703
-5.35058166666667;49.018025;4.51522289554016;-9.25757884831278;26964
-5.34398833333333;49.0069133333333;4.02453069796557;-9.4812001661325;27195
-5.339585;48.999835;3.85844798363443;-9.54999387888419;27357
-5.33244333333333;48.988425;4.47138561363593;-9.16769910082014;27625
-5.32431166666667;48.974785;4.35296817653724;-9.33497037934199;27926
-5.32082166666667;48.96911;4.63070301075156;-9.08826637677534;28054
-5.31699666666667;48.962885;3.6553530170088;-9.52252017220512;28216
-5.312735;48.9559133333333;4.3107061891471;-9.24433925490934;28362
-5.30875833333333;48.9492266666667;4.02453069796557;-9.4812001661325;28509
-5.30293833333333;48.939455;4.83555718623927;-9.09436037485583;28723
-5.29560333333333;48.9265933333333;4.99353918100737;-9.00858315035625;29012
-5.29268333333333;48.9211666666667;4.35296817653724;-9.33497037934199;29135
-5.28941833333333;48.91521;4.1893875012596;-9.40951838796376;29274
-5.28645666666667;48.9098433333333;4.83555718623927;-9.09436037485583;29383
-5.28289833333333;48.9032083333333;4.47138561363593;-9.16769910082014;29542
-5.279795;48.8972883333333;4.1893875012596;-9.40951838796376;29673
-5.27665333333333;48.891505;4.1893875012596;-9.40951838796376;29788
-5.27427833333333;48.8870333333333;4.35296817653724;-9.33497037934199;29895
-5.27099166666667;48.881175;5.45816852267609;-8.73489555216353;30041
-5.266365;48.8742066666667;5.30489226980928;-8.82882336072344;30187
-5.26302833333333;48.8688966666667;5.45816852267609;-8.73489555216353;30310
-5.25957666666667;48.86363;4.88250407388408;-9.18265462891506;30455
-5.25597833333333;48.8578083333333;5.30489226980928;-8.82882336072344;30574
-5.25266833333333;48.8524783333333;5.75968701240627;-8.5390871554433;30679
-5.249475;48.8471416666667;4.88250407388408;-9.18265462891506;30815
-5.24578666666667;48.8415316666667;4.99353918100737;-9.00858315035625;30933
-5.24227833333333;48.8356116666667;5.60978216453643;-8.63830700980158;31073
-5.23534;48.8228183333333;6.02255258168599;-8.60109646503441;31335
-5.23135666666667;48.8165616666667;5.40789978655557;-9.00025665737218;31500
-5.22767666666667;48.8107283333333;5.56415227444865;-8.90450500964247;31635
-5.22435166666667;48.8054816666667;5.04201986562171;-9.09604462060878;31744
-5.22079166666667;48.7995983333333;4.72150102410766;-9.26646751166701;31861
-5.21722166666667;48.7938533333333;4.72150102410766;-9.26646751166701;31979
-5.213795;48.788;5.30489226980928;-8.82882336072344;32120
-5.21065333333333;48.7826533333333;5.15000009536743;-8.92006182416096;32274
-5.20765;48.77729;4.99353918100737;-9.00858315035625;32372
-5.20426333333333;48.7711;5.40517639410461;-8.65009041904321;32519
-5.201075;48.76519;5.35639578259313;-8.91453960031859;32645
-5.19771833333333;48.75988;6.69180197056984;-7.69803757432285;32787
-5.19342666666667;48.7545916666667;6.75821937947754;-7.50576302080893;32917
-5.18904;48.74923;6.75821937947754;-7.50576302080893;33021
-5.18471833333333;48.7444466666667;6.56059028990507;-7.54709580222772;33145
-5.18019333333333;48.73918;6.94658370458997;-7.19339800338651;33294
-5.17599666666667;48.734235;6.62619644307078;-7.62256704814885;33400
-5.17161833333333;48.7294466666667;6.49215510303806;-7.73704916772444;33504
-5.166695;48.72387;6.4278760968654;-7.66044443118978;33639
-5.16227333333333;48.7186266666667;6.4278760968654;-7.66044443118978;33777
-5.15811666666667;48.713745;5.50085446141508;-8.47057305617622;33905
-5.15449666666667;48.70758;5.99540946127209;-8.25197318831672;34019
-5.150785;48.7026016666667;5.59192903470747;-8.29037572555042;34174
-5.14689666666667;48.69651;5.50085446141508;-8.47057305617622;34305
-5.14361166666667;48.691305;5.79312222594761;-8.27343595980052;34404
-5.14009333333333;48.6857216666667;5.20188475306298;-8.65739006407471;34541
-5.13755666666667;48.67975;4.99353918100737;-9.00858315035625;34659
-5.13473333333333;48.6743783333333;5.25338826584684;-8.74310630366986;34785
-5.13142833333333;48.6686233333333;5.99540946127209;-8.25197318831672;34912
-5.12742833333333;48.6620566666667;6.27974693089361;-8.03770953648744;35074
-5.124155;48.65694;6.29320391049838;-7.77145961456971;35186
-5.12079166666667;48.6513433333333;5.64784853836971;-8.37327979905866;35315
-5.11785666666667;48.6460216666667;6.5564334962007;-7.81365317370219;35435
-5.114185;48.6398883333333;6.21818113564536;-7.95890891203014;35598
-5.11086;48.6343083333333;6.21818113564536;-7.95890891203014;35706
-5.1072;48.6283216666667;6.15661475325658;-7.88010753606722;35839
-5.10405166666667;48.6229916666667;6.01815023152048;-7.98635510047293;35976
-5.10037666666667;48.6171783333333;5.73576436351046;-8.19152044288992;36135
-5.09646166666667;48.6113433333333;5.67840650107331;-8.10960492597931;36267
-5.09315833333333;48.6062166666667;5.87785252292473;-8.09016994374947;36359
-5.08999333333333;48.6010016666667;5.50085446141508;-8.47057305617622;36496
-5.08638166666667;48.5953816666667;5.70376750874404;-8.45618308193506;36650
-5.08289833333333;48.5901966666667;6.13851312136379;-8.14608205015475;36756
-5.07907333333333;48.5847266666667;5.59192903470747;-8.29037572555042;36888
-5.07532;48.57931;5.67840650107331;-8.10960492597931;37004
-5.07228;48.5752116666667;5.76029558457738;-7.92836669918223;37109
-5.069;48.5703816666667;4.94436571560796;-8.22880641372365;37225
-5.06530833333333;48.56535;4.78985419489922;-7.97165606002133;37341
-5.06161666666667;48.5603033333333;5.2769031050286;-7.53619865121787;37482
-5.05805666666667;48.555295;5.0106790182566;-7.71576906513419;37625
-5.05452666666667;48.5507466666667;5.40762420897961;-7.44295619394177;37720
-5.05064333333333;48.545945;5.47651694025785;-7.26758344608564;37869
-5.047225;48.541395;5.60251966031971;-7.17089815842342;37988
-5.04341166666667;48.5366383333333;5.7268157986202;-7.07202854571609;38115
-5.03980333333333;48.5320166666667;5.21954578959657;-7.45428391551153;38234
-5.03612833333333;48.5275616666667;5.14457460527329;-7.62714550938002;38374
-5.03207666666667;48.5228766666667;4.82226550667032;-7.71723799852815;38504
-5.02828166666667;48.5179516666667;4.90175131513524;-7.54803511150882;38644
-5.02445;48.5132566666667;5.41633520836843;-7.18771959042564;38731
-5.02061166666667;48.5088266666667;4.90175131513524;-7.54803511150882;38865
-5.016525;48.5041183333333;5.47651694025785;-7.26758344608564;39014
-5.01246333333333;48.4995066666667;5.35615347647902;-7.10785573476564;39114
-5.00758166666667;48.493735;5.72080948100619;-6.81779525153614;39298
-5.003415;48.4895866666667;4.58383867022805;-7.62878864926542;39414
-4.998635;48.4853616666667;4.92089765720015;-7.29553079661073;39544
-4.99429666666667;48.48138;3.18947461424665;-8.30886543969243;39658
-4.99415833333333;48.4766566666667;-0.867586265058742;-8.25453192124667;39768
-4.99582833333333;48.4718033333333;-1.44127990775628;-8.1739045378385;39922
-4.99811833333333;48.4673783333333;-4.81983895668714;-6.63393919956682;40017
-5.00268166666667;48.4635766666667;-3.92695810893552;-7.08441996147005;40140
-5.00689166666667;48.4603433333333;-5.35843794760696;-4.65801904326594;40274
-5.01025;48.457665;-4.45477285634516;-4.45477285634517;40444
-5.01401166666667;48.45536;-4.03050851789341;-4.03050851789341;40554
-5.01735666666667;48.453125;-4.40984993826108;-2.75558007293859;40654
-5.01856;48.4526966666667;-4.04508497187474;-2.93892626146237;40695
-5.02173333333333;48.45085;-3.5471348830976;-3.08347731112206;40894
-5.02506;48.449525;-3.72147809697088;-2.70381210448981;40954
-5.02762333333333;48.4477466666667;-3.00079284931542;-3.21795635687167;41094
-5.03094;48.4460733333333;-3.70365039165047;-2.89360881660249;41224
-5.03413;48.4445016666667;-2.82853049402752;-3.75358674489464;41325
-5.03698833333333;48.4424733333333;-3.2139380484327;-3.83022221559489;41474
-5.040475;48.44033;-3.6133053381511;-4.01298212844974;41615
-5.04322833333333;48.4378583333333;-3.29159735678228;-4.53049509134583;41714
-5.04670833333333;48.43546;-3.77592234629903;-4.66287576874182;41844
-5.04986333333333;48.4321466666667;-3.91179765048831;-5.1911308153074;41974
-5.05412666666667;48.4290816666667;-3.95767746552273;-5.65214918371447;42124
-5.057585;48.425765;-5.07100623684625;-5.25118067967533;42274
-5.06186333333333;48.42257;-4.63397556348366;-6.14949327503652;42334
-5.06638666666667;48.41948;-4.90869917022207;-6.0617386475932;42438
-5.070045;48.41594;-3.29642252218549;-7.06920091175036;42584
-5.07409833333333;48.4123716666667;-4.30264842855954;-6.62549756675071;42717
-5.07824333333333;48.408695;-3.50773165305584;-7.52235480526869;42834
-5.08234333333333;48.4039716666667;-4.07240062512904;-7.34680520632998;42959
-5.08504666666667;48.3997;-2.41033261506491;-7.41824100850183;43108
-5.08821333333333;48.3955616666667;-2.37943079774678;-7.32313499407305;43184
-5.090315;48.3911833333333;-1.88699083182035;-7.56830685002199;43324
-5.09208333333333;48.3871033333333;-1.60091997964074;-7.53173633908346;43428
-5.09392;48.3825366666667;-1.62171122803453;-7.62955147229053;43559
-5.09570666666667;48.3775516666667;0.13787401251893;-7.8987968870884;43754
-5.09404333333333;48.3731633333333;1.26711922650088;-8.00027593559382;43834
-5.09304333333333;48.3682166666667;0.585954352840671;-8.37953764164204;43971
-5.091475;48.3636616666667;2.73477237324572;-7.94235567434755;44074
-5.08663;48.3594183333333;4.97681662757448;-7.37843407948713;44204
-5.082815;48.356645;5.60251966031971;-7.17089815842342;44291
-5.077595;48.3528333333333;4.87525712987141;-7.80204232288678;44428
-5.07273833333333;48.3488466666667;5.33426096746575;-7.61811416812847;44545
-5.06666;48.34496;6.04220328584946;-7.20081747309563;44695
-5.06158166666667;48.3416383333333;5.23579058663571;-6.94812878508381;44802
-5.05587666666667;48.33766;5.22335936574699;-6.45031162832169;44919
-5.051025;48.33446;5.09749540757036;-6.29488258425912;45059
-5.04616833333333;48.3311283333333;4.63397556348366;-6.14949327503652;45184
-5.04130666666667;48.3278016666667;5.31958733856835;-5.70455901212418;45324
-5.03674666666667;48.3246616666667;4.86372571378675;-6.22528502864366;45450
-5.03216;48.3214733333333;5.28613185404825;-5.87084419214323;45572
-5.02711833333333;48.3180433333333;5.24847223192406;-6.03767664178218;45714
-5.02160333333333;48.314355;5.20657988366498;-6.20496028148649;45823
-5.01662833333333;48.3109116666667;5.14230087749232;-6.12835554495182;45964
-5.01154166666667;48.3073933333333;5.72756519735087;-5.72756519735086;46084
-5.00623833333333;48.3044433333333;6.54048940523692;-5.10999036263107;46190
-4.99974333333333;48.30138;6.66458650902373;-5.59225208167089;46363
-4.99372666666667;48.2984683333333;7.01329540649758;-5.47938689554214;46455
-4.98720166666667;48.295265;7.0920967824605;-5.54095327793092;46604
-4.97995;48.2918233333333;7.07202854571609;-5.7268157986202;46737
-4.97337833333333;48.2884983333333;7.04760873058322;-5.91364588651416;46844
-4.96720666666667;48.2853166666667;7.50717348978928;-5.65706098805504;46984
-4.96079666666667;48.2821766666667;7.48610215926386;-5.84878401559375;47084
-4.954085;48.278605;7.40730078330094;-5.78721763320497;47216
-4.946905;48.275415;7.38288663384122;-5.97854371497345;47354
-4.93943;48.2720083333333;7.96737039548153;-5.17407083264276;47484
-4.93258166666667;48.2692666666667;7.78194442074542;-5.44897614533494;47616
-4.92571;48.266525;7.95876101278114;-5.36825208663433;47754
-4.91843333333333;48.26342;7.95876101278114;-5.36825208663433;47874
-4.916085;48.262485;8.0512377722035;-5.22853494390756;47894
-4.90918166666667;48.2596383333333;7.64370415968408;-5.97191619323078;48024
-4.901695;48.256685;8.1351043491069;-5.28299853576411;48164
-4.8937;48.2533866666667;7.84746469112924;-5.70151683512585;48287
-4.88627833333333;48.2503833333333;8.04166429565754;-5.42417105700866;48411
-4.87865833333333;48.2474116666667;7.7467642951311;-5.83760560978776;48554
-4.87127333333333;48.24452;8.1351043491069;-5.28299853576411;48674
-4.863695;48.2415966666667;7.7467642951311;-5.83760560978776;48799
-4.856045;48.23867;7.92836669918223;-5.76029558457738;48974
-4.84846833333333;48.2356866666667;8.02769019027298;-5.62104918564127;49119
-4.841325;48.2329533333333;8.10960492597932;-5.67840650107331;49235
-4.834195;48.2300766666667;8.00926793569649;-5.8190737734732;49334
-4.82704333333333;48.227285;7.90649124481293;-5.95796849963107;49436
-4.82005833333333;48.2243533333333;8.00926793569649;-5.8190737734732;49558
-4.81225166666667;48.2213483333333;8.38670567945424;-5.44639035015027;49698
-4.80513166666667;48.2184683333333;7.66044443118978;-6.42787609686539;49835
-4.79613;48.214895;8.47057305617621;-5.50085446141508;49964
-4.78778166666667;48.21146;8.37327979905866;-5.64784853836971;50111
-4.78066333333333;48.2084366666667;8.17107195180246;-5.93663127237626;50252
-4.77169666666667;48.20472;8.35535069550687;-5.85047954137964;50357
-4.76341833333333;48.20119;8.45618308193506;-5.70376750874403;50524
-4.75498333333333;48.1976233333333;8.35535069550687;-5.85047954137964;50669
-4.74714166666667;48.1944016666667;8.25197318831672;-5.99540946127208;50822
-4.73877666666667;48.1909283333333;8.45618308193506;-5.70376750874403;50965
-4.73032333333333;48.1874616666667;8.25197318831672;-5.99540946127208;51064
-4.72130166666667;48.1836483333333;8.03770953648744;-6.27974693089361;51206
-4.70759166666667;48.1777783333333;8.35535069550687;-5.85047954137964;51420
