"x";"y";"vx";"vy";"t"
-5.65916666666667;48.3265;9.00514994131041;-12.8606869390963;0
-5.62316666666667;48.293;9.14758823712403;-12.1392596003912;636
-5.61316666666667;48.2838333333333;9.50867748058947;-12.6184412110749;760
-5.6015;48.2731666666667;9.38831459074616;-12.458714261393;962
-5.58766666666667;48.2605;9.11067141053334;-12.5397634128117;1175
-5.57983333333333;48.2531666666667;9.3580543075219;-11.977763304521;1270
-5.572;48.2458333333333;8.87555753383863;-12.2161569236772;1399
-5.56433333333333;48.2388333333333;9.50867748058947;-12.6184412110749;1520
-5.55666666666667;48.2316666666667;9.44849574870005;-12.5385773554149;1645
-5.54916666666667;48.2245;9.66588504518473;-12.3717686813244;1778
-5.54116666666667;48.217;9.26795112696733;-12.298986550073;1914
-5.53383333333333;48.2098333333333;9.20776996901344;-12.2191234560512;2037
-5.52533333333333;48.202;9.68922210232219;-12.8580320164167;2155
-5.517;48.1941666666667;8.99311447218598;-12.3779601682444;2285
-5.50449833333333;48.1824166666667;9.40456403667957;-12.9442719099992;2505
-5.4975;48.1745;7.84999990463257;-13.5965986742345;2626
-5.49116666666667;48.1668333333333;7.07822064053672;-12.7694480578761;2745
-5.48516666666667;48.1593333333333;7.98309016110584;-13.2860931608827;2895
-5.47883333333333;48.1513333333333;7.59999990463257;-13.1635859723422;2985
-5.47133333333333;48.142;8.18910519459843;-13.6289597541802;3140
-5.4645;48.134;7.8957968349266;-12.6359163092261;3265
-5.458;48.1266666666667;8.05477271527064;-12.8903308998253;3395
-5.45133333333333;48.119;9.05189266108181;-12.4588614047587;3501
-5.44416666666667;48.1118333333333;9.72745142757351;-12.4505700572873;3644
-5.43616666666667;48.104;9.50867748058947;-12.6184412110749;3779
-5.42583333333333;48.095;12.3566204907082;-10.0061939776257;3935
-5.41866666666667;48.0905;12.1035023473912;-10.1560443556493;4005
-5.40816666666667;48.0843333333333;12.2970581601915;-8.93433572273445;4138
-5.39166666666667;48.0751666666667;12.4588614047587;-9.0518926610818;4340
-5.37983333333333;48.0686666666667;13.2678783991336;-9.63967791337428;4511
-5.369;48.0626666666667;12.2141666809042;-9.5427528675477;4628
-5.35916666666667;48.0556666666667;9.89892894396869;-11.7970841318095;4738
-5.351;48.0483333333333;10.0061939776257;-12.3566204907082;4862
-5.34283333333333;48.0406666666667;10.4774375474826;-12.4865238383938;5027
-5.33483333333333;48.0335;10.8249739783434;-12.4527080736757;5115
-5.3265;48.026;9.94326229862078;-12.278906339249;5270
-5.31833333333333;48.0185;10.4774375474826;-12.4865238383938;5394
-5.3105;48.0111666666667;9.94326229862078;-12.278906339249;5498
-5.30166666666667;48.0028333333333;11.0406550049212;-12.261889620377;5658
-5.29183333333333;47.9946666666667;10.911973761;-11.7016592259067;5768
-5.28333333333333;47.9876666666667;10.6391763858528;-11.8160024416033;5926
-5.274;47.9798333333333;11.184000029381;-11.5813710598586;6001
-5.26483333333333;47.9723333333333;11.8667712049257;-12.7255541291843;6145
-5.25633333333333;47.9655;10.843773664832;-11.6285235767555;6265
-5.24733333333333;47.9586666666667;11.3359823750971;-10.5709745809687;6403
-5.2365;47.951;11.6285235767555;-10.843773664832;6518
-5.22383333333333;47.9416666666667;12.0389467397083;-10.8399163335196;6685
-5.2045;47.928;11.7971724511475;-11.3923970105364;6958
-5.1925;47.9196666666667;11.8479305242092;-11.0483739533359;7147
-5.18183333333333;47.9123333333333;11.7252381967073;-11.3229309084994;7261
