"x";"y";"vx";"vy";"t"
-5.43085;48.0530666666667;-4.76927337809885;7.63243286540783;0
-5.43506666666667;48.0588166666667;-4.82226550667033;7.71723799852815;41
-5.43568333333333;48.0596166666667;-4.68684667815293;7.8002227633726;61
-5.4362;48.0603;-4.73835019093678;7.88593900296774;82
-5.4384;48.0634;-4.90175131513524;7.54803511150882;159
-5.44085;48.0666833333333;-4.61029749775481;7.37801827480856;250
-5.44335;48.0701333333333;-4.78985419489922;7.97165606002133;340
-5.44395;48.07095;-5.11960672137795;7.88350301875955;362
-5.4442;48.07125;-4.98124088164398;7.97165178036572;370
-5.44505;48.0724333333333;-4.87525712987141;7.80204232288678;400
-5.44561666666667;48.0731833333333;-4.76927337809885;7.63243286540783;421
-5.44586666666667;48.0735;-4.66328962632629;7.46282340792888;431
-5.4492;48.078;-4.71628124952737;7.54762773228751;551
-5.45021666666667;48.0794166666667;-4.4293276406979;7.37163911302154;591
-5.45075;48.0802166666667;-4.55730587455373;7.29321395044993;611
-5.4519;48.0816;-4.34999990463257;7.53442084774338;651
-5.45315;48.0833333333333;-4.50431374598225;7.20840881732962;698
-5.45393333333333;48.0844666666667;-4.25;7.36121593216773;731
-5.4542;48.0848;-4.15000009536744;7.18801101659208;754
-5.45501666666667;48.0859166666667;-4.48083115348176;7.45735535261669;770
-5.45605;48.0873333333333;-4.58383867022805;7.62878864926542;809
-5.4567;48.0881;-4.44999980926514;7.70762576331903;831
-5.45698333333333;48.0884666666667;-4.63534267419049;7.71450570631901;844
-5.4567;48.0881;-4.44999980926514;7.70762576331903;851
-5.45775;48.0895166666667;-4.55730587455373;7.29321395044993;869
-5.46;48.0923666666667;-4.27481611998917;7.11448875931922;950
-5.46023333333333;48.0926833333333;-4.17180860324287;6.94305546267048;959
-5.4608;48.09335;-4.4176239907477;6.54939690224801;981
-5.46106666666667;48.0936833333333;-4.06880084090729;6.77162175729253;991
-5.46123333333333;48.09395;-4;6.92820323027551;998
-5.46233333333333;48.0953833333333;-4.34999990463257;7.53442084774338;1041
-5.46315;48.09655;-4.71628124952737;7.54762773228751;1069
-5.46403333333333;48.0976333333333;-4.71628124952737;7.54762773228751;1104
-5.46455;48.0983333333333;-4.73835019093678;7.88593900296774;1118
-5.46515;48.0990833333333;-4.92824925844289;7.88684745600709;1158
-5.46771666666667;48.1024333333333;-4.4293276406979;7.37163911302154;1228
-5.46806666666667;48.1028333333333;-4.4293276406979;7.37163911302154;1241
-5.46886666666667;48.1039166666667;-4.48083115348176;7.45735535261669;1270
-5.4697;48.1050333333333;-4.76927337809885;7.63243286540783;1303
-5.47028333333333;48.1057;-4.95621542640005;7.63190248823079;1318
-5.4706;48.1061166666667;-4.87525712987141;7.80204232288678;1330
-5.47215;48.1079833333333;-4.76927337809885;7.63243286540783;1378
-5.47361666666667;48.1098166666667;-4.63534267419049;7.71450570631901;1428
-5.47425;48.1106;-4.82226550667033;7.71723799852815;1450
-5.4752;48.11175;-4.73835019093678;7.88593900296774;1487
-5.47793333333333;48.1153333333333;-4.39832999420969;7.03879935985067;1580
-5.48153333333333;48.1199333333333;-4.66328962632629;7.46282340792888;1711
-5.48393333333333;48.12305;-3.84966672529971;7.24017009303431;1799
-5.48668333333333;48.1267833333333;-4.27481611998917;7.11448875931922;1912
-5.49128333333333;48.1326833333333;-3.8784769619707;6.99695765711517;2082
-5.49201666666667;48.13365;-4.05000019073487;7.01480610101642;2110
-5.49656666666667;48.1394833333333;-4.32631963277302;7.20020499891437;2281
-5.49835;48.1417833333333;-4.32631963277302;7.20020499891437;2353
-5.50203333333333;48.1463333333333;-4.02391994051469;7.25934373607746;2479
-5.5025;48.147;-4.01729708253414;6.68590510896816;2501
-5.50841666666667;48.1544666666667;-4.37782363673546;7.28592205596795;2718
-5.51178333333333;48.1588666666667;-3.58652499123833;7.03895162606111;2852
-5.51361666666667;48.1613166666667;-4.01729708253414;6.68590510896816;2929
-5.5155;48.1636833333333;-4.32631963277302;7.20020499891437;3001
-5.53465;48.1882333333333;-3.68231746580293;7.54986964605028;3730
-5.5375;48.1927833333333;-3.8035643556663;8.15677008332985;3850
-5.5377;48.1931333333333;-3.90150303919746;7.99926666919987;3859
-5.5375;48.1927833333333;-3.8035643556663;8.15677008332985;3874
-5.53953333333333;48.19615;-3.90150303919746;7.99926666919987;3942
-5.5465;48.2078666666667;-3.76999202961138;7.72962914103556;4261
-5.54785;48.2101;-3.76999202961138;7.72962914103556;4320
-5.55395;48.2210333333333;-3.84966672529971;7.24017009303431;4629
-5.55838333333333;48.2289833333333;-3.76999202961138;7.72962914103556;4858
-5.56386666666667;48.2382;-3.67732322107396;7.21715318581779;5119
-5.5659;48.24145;-3.85766617535654;7.90938777886403;5209
-5.57095;48.2510166666667;-3.67677879653605;7.88487757435436;5472
-5.57303333333333;48.2550333333333;-3.4654696656657;7.43172368083604;5592
-5.57425;48.2572166666667;-3.375914215108;7.58242747267856;5651
-5.57443333333333;48.25755;-3.4572614661443;7.76513638996211;5659
-5.57471666666667;48.2579833333333;-3.54999323740581;7.61298506537887;5670
-5.57425;48.2572166666667;-3.375914215108;7.58242747267856;5681
-5.57526666666667;48.2591;-3.59225522479595;7.70361618981152;5704
-5.57606666666667;48.26055;-3.24306844098703;7.64019045922762;5739
-5.579;48.2664833333333;-2.88783012704875;6.48617266213998;5910
-5.58546666666667;48.2795;-3.7190407839262;7.97550869878701;6278
-5.59093333333333;48.2908333333333;-3.25416053479535;6.97856978731771;6601
-5.59145;48.2918833333333;-3.41929502856746;7.01059373256486;6631
-5.59248333333333;48.2939333333333;-3.33162067379065;6.83083466615799;6691
-5.59293333333333;48.2946166666667;-3.46313210144004;7.1004730514791;6713
-5.59385;48.2963;-3.33868430805555;7.15983160402178;6759
-5.59411666666667;48.2969166666667;-2.89141038808366;6.81173600333424;6781
-5.59385;48.2963;-3.33868430805555;7.15983160402178;6799
-5.59498333333333;48.2984833333333;-3.00058961805495;6.43478520152797;6832
-5.59515;48.2987666666667;-3.042851403925;6.52541589379939;6840
-5.59728333333333;48.3028;-2.93048346366956;6.9037864008933;6961
-5.59838333333333;48.30475;-3.33162067379065;6.83083466615799;7022
-5.60103333333333;48.30965;-3.42320808131574;7.34109342072585;7158
-5.60155;48.3107166666667;-3.55080645621685;7.28023211788597;7191
-5.60393333333333;48.31495;-3.58652499123833;7.03895162606111;7308
-5.60516666666667;48.3173333333333;-3.2964225221855;7.06920091175036;7380
-5.60548333333333;48.3179833333333;-3.56798383240047;6.7104016215234;7401
-5.60635;48.3193833333333;-3.58652499123833;7.03895162606111;7442
-5.60875;48.32365;-3.16963696305525;6.79730840277487;7571
-5.60941666666667;48.3246666666667;-3.2118987489253;6.88793909504629;7599
-5.60963333333333;48.32495;-3.2439465280455;6.65107602832952;7616
-5.61008333333333;48.3256;-3.4957267614027;6.86075006630442;7628
-5.61051666666667;48.3262166666667;-3.28778360091808;6.74095534724375;7650
-5.61108333333333;48.3272333333333;-3.54112598456028;6.94985105861528;7682
-5.61258333333333;48.3298666666667;-3.06859802752354;6.29155832409417;7763
-5.61273333333333;48.3302;-2.8738042604448;6.16289312471371;7772
-5.61258333333333;48.3298666666667;-3.06859802752354;6.29155832409417;7780
-5.61313333333333;48.3310333333333;-2.849412454129;5.84216130094459;7799
-5.61368333333333;48.3319666666667;-3.20010945517292;6.56119670941528;7832
-5.61426666666667;48.3329833333333;-3.1318720741048;7.03429984960306;7863
-5.61468333333333;48.3336833333333;-3.46313210144004;7.1004730514791;7879
-5.61551666666667;48.33505;-3.2538931446064;7.30836366114081;7921
-5.61611666666667;48.33605;-3.61493094390676;6.79869629660485;7949
-5.61753333333333;48.3382666666667;-3.3809460939256;7.2504622962932;8022
-5.61791666666667;48.33895;-3.1273751771852;6.70667771050345;8039
-5.61811666666667;48.3392666666667;-3.08511339131515;6.61604701823203;8053
-5.61915;48.3412166666667;-3.4957267614027;6.86075006630442;8112
-5.61938333333333;48.3415833333333;-3.37545774666323;6.92071398507223;8122
-5.62526666666667;48.3521333333333;-3.13253449149878;6.14794510187274;8453
-5.62556666666667;48.3527166666667;-3.00058961805495;6.43478520152797;8469
-5.62526666666667;48.3521333333333;-3.13253449149878;6.14794510187274;8493
-5.62611666666667;48.3537166666667;-3.00058961805495;6.43478520152797;8502
-5.62646666666667;48.35435;-3.2118987489253;6.88793909504629;8522
-5.62666666666667;48.3546833333333;-3.54112598456028;6.94985105861528;8530
-5.6271;48.35535;-3.4654696656657;7.43172368083604;8550
-5.62833333333333;48.3575166666667;-3.21321951908825;7.21700920249903;8612
-5.6285;48.3578833333333;-3.42320808131574;7.34109342072585;8622
-5.62833333333333;48.3575166666667;-3.21321951908825;7.21700920249903;8631
-5.62895;48.3585666666667;-3.54112598456028;6.94985105861528;8645
-5.62926666666667;48.3592166666667;-3.00862961484137;7.08788719601142;8660
-5.62961666666667;48.3598;-3.06859802752354;6.29155832409417;8684
-5.6298;48.3601166666667;-2.89324952700158;5.93204061985882;8696
-5.62998333333333;48.3604;-2.93708659987416;6.02191993877306;8701
-5.63033333333333;48.3612666666667;-2.89324952700158;5.93204061985882;8733
-5.63163333333333;48.36365;-3.042851403925;6.52541589379939;8813
-5.63216666666667;48.3646166666667;-3.042851403925;6.52541589379939;8844
-5.63231666666667;48.3649;-3.2439465280455;6.65107602832952;8851
-5.63251666666667;48.3652333333333;-3.28778360091808;6.74095534724375;8863
-5.63291666666667;48.3659166666667;-3.41929502856746;7.01059373256486;8882
-5.63335;48.3666333333333;-3.21321951908825;7.21700920249903;8902
-5.63415;48.3680333333333;-3.50696917431262;7.19035237039334;8942
-5.63501666666667;48.3694;-3.68231746580293;7.54986964605028;8979
-5.63658333333333;48.3721166666667;-3.46313210144004;7.1004730514791;9062
-5.63681666666667;48.37245;-3.41929502856746;7.01059373256486;9071
-5.63726666666667;48.37315;-3.46313210144004;7.1004730514791;9089
-5.63826666666667;48.3747833333333;-3.1273751771852;6.70667771050345;9139
-5.63903333333333;48.3760833333333;-3.16963696305525;6.79730840277487;9182
-5.63941666666667;48.3767166666667;-3.1318720741048;7.03429984960306;9200
-5.6396;48.3770666666667;-3.58652499123833;7.03895162606111;9209
-5.64008333333333;48.3776833333333;-3.55080645621685;7.28023211788597;9228
-5.64051666666667;48.3784833333333;-3.1258490279142;7.36403882761952;9249
-5.64058333333333;48.3788166666667;-2.72359638236765;7.09521115234556;9262
-5.64073333333333;48.3790833333333;-2.83154227305465;6.07226200028106;9269
-5.6409;48.37935;-2.7047569154445;5.8003699234668;9285
-5.64116666666667;48.3799333333333;-2.68446180551085;6.02939993331868;9302
-5.64163333333333;48.3808;-2.89324952700158;5.93204061985882;9330
-5.64195;48.3814;-3.06859802752354;6.29155832409417;9354
-5.6424;48.3823166666667;-3.06859802752354;6.29155832409417;9381
-5.64258333333333;48.3826333333333;-3.00058961805495;6.43478520152797;9392
-5.64291666666667;48.3833;-3.0505248230685;6.85159093231951;9409
-5.64311666666667;48.3836833333333;-3.54112598456028;6.94985105861528;9422
-5.64335;48.384;-3.25416053479535;6.97856978731771;9433
-5.64348333333333;48.3843666666667;-3.08677595232829;7.27198843006046;9442
-5.64416666666667;48.38575;-3.42320808131574;7.34109342072585;9481
-5.64448333333333;48.3864833333333;-3.55080645621685;7.28023211788597;9503
-5.64488333333333;48.3871666666667;-3.55080645621685;7.28023211788597;9525
-5.64563333333333;48.3886;-3.3809460939256;7.2504622962932;9563
-5.64583333333333;48.3889166666667;-3.41929502856746;7.01059373256486;9571
-5.64605;48.38925;-3.25416053479535;6.97856978731771;9583
-5.64645;48.3899166666667;-3.42320808131574;7.34109342072585;9599
-5.64666666666667;48.3902833333333;-3.33868430805555;7.15983160402178;9612
-5.64703333333333;48.3909833333333;-3.2538931446064;7.30836366114081;9632
-5.64745;48.3916666666667;-3.2538931446064;7.30836366114081;9652
-5.64763333333333;48.39195;-2.77208882700302;6.86116061221737;9663
-5.64791666666667;48.3926;-3.2439465280455;6.65107602832952;9683
-5.64826666666667;48.3932166666667;-3.2439465280455;6.65107602832952;9699
-5.6485;48.3936;-3.33162067379065;6.83083466615799;9713
-5.64866666666667;48.3938833333333;-3.08511339131515;6.61604701823203;9719
-5.64886666666667;48.3942333333333;-3.08511339131515;6.61604701823203;9733
-5.64918333333333;48.3948;-3.042851403925;6.52541589379939;9749
-5.64936666666667;48.39515;-3.2439465280455;6.65107602832952;9759
-5.64981666666667;48.3960833333333;-2.8471565015306;6.39481820349821;9789
-5.64993333333333;48.3964166666667;-3.042851403925;6.52541589379939;9802
-5.65065;48.3976833333333;-3.4049287480466;6.68254893141276;9838
-5.65083333333333;48.398;-3.4049287480466;6.68254893141276;9849
-5.65108333333333;48.3983333333333;-3.11243510039612;6.38143764300841;9859
-5.65173333333333;48.3992833333333;-2.9691775720322;6.66888201503595;9891
-5.65188333333333;48.3995833333333;-2.9691775720322;6.66888201503595;9900
-5.65205;48.3999333333333;-3.2118987489253;6.88793909504629;9909
-5.65223333333333;48.4002666666667;-3.41929502856746;7.01059373256486;9922
-5.65243333333333;48.4005833333333;-3.58652499123833;7.03895162606111;9929
-5.6527;48.40095;-3.50696917431262;7.19035237039334;9939
-5.6531;48.4016;-3.3809460939256;7.2504622962932;9963
-5.65378333333333;48.4027166666667;-3.72615474770715;7.63974939354292;9992
-5.65415;48.4034333333333;-3.2964225221855;7.06920091175036;10011
-5.65436666666667;48.40375;-3.45032775472465;6.77164949885859;10019
-5.65456666666667;48.4040666666667;-3.37545774666323;6.92071398507223;10028
-5.65473333333333;48.40435;-3.16963696305525;6.79730840277487;10040
-5.6549;48.4047166666667;-2.89141038808366;6.81173600333424;10049
-5.65508333333333;48.4050333333333;-3.08511339131515;6.61604701823203;10059
-5.65523333333333;48.4053333333333;-3.2439465280455;6.65107602832952;10069
-5.65561666666667;48.4060333333333;-3.09119844858665;6.94294539096128;10089
-5.65575;48.40635;-3.2964225221855;7.06920091175036;10099
-5.65596666666667;48.4067;-3.2118987489253;6.88793909504629;10109
-5.65561666666667;48.4060333333333;-3.09119844858665;6.94294539096128;10119
-5.65635;48.4073666666667;-3.42320808131574;7.34109342072585;10129
-5.65653333333333;48.4077166666667;-3.42320808131574;7.34109342072585;10139
-5.65676666666667;48.4080666666667;-3.55080645621685;7.28023211788597;10149
-5.65725;48.4088166666667;-3.59464332005777;7.37011100822181;10169
-5.65796666666667;48.4098833333333;-3.54999323740581;7.61298506537887;10199
-5.65833333333333;48.4105166666667;-3.2964225221855;7.06920091175036;10219
-5.65855;48.4109;-3.46313210144004;7.1004730514791;10232
-5.65876666666667;48.4112666666667;-3.42320808131574;7.34109342072585;10239
-5.65955;48.4125666666667;-3.2439465280455;6.65107602832952;10279
-5.65973333333333;48.4129;-3.2439465280455;6.65107602832952;10293
-5.65991666666667;48.4132333333333;-3.2439465280455;6.65107602832952;10299
-5.66035;48.41385;-3.28778360091808;6.74095534724375;10319
-5.66056666666667;48.4142;-3.00985119755035;6.76023647367773;10330
-5.66071666666667;48.4144666666667;-2.89141038808366;6.81173600333424;10338
-5.66091666666667;48.4148666666667;-2.93048346366956;6.9037864008933;10352
-5.66071666666667;48.4144666666667;-2.89141038808366;6.81173600333424;10362
-5.66123333333333;48.41545;-3.28778360091808;6.74095534724375;10371
-5.66145;48.4158166666667;-3.2118987489253;6.88793909504629;10379
-5.66208333333333;48.4168666666667;-3.33162067379065;6.83083466615799;10412
-5.66228333333333;48.41715;-3.33162067379065;6.83083466615799;10422
-5.66243333333333;48.4174833333333;-3.04770287674239;7.1799380325014;10435
-5.66283333333333;48.41815;-3.1273751771852;6.70667771050345;10450
-5.66301666666667;48.4184833333333;-3.2118987489253;6.88793909504629;10462
-5.66321666666667;48.4188333333333;-3.25416053479535;6.97856978731771;10472
-5.66341666666667;48.4191333333333;-3.41929502856746;7.01059373256486;10480
-5.6636;48.4194833333333;-3.3809460939256;7.2504622962932;10492
-5.66406666666667;48.4202333333333;-3.76812123443006;7.39535432070946;10514
-5.66423333333333;48.4206166666667;-3.41658764667901;7.67378149570791;10521
-5.66465;48.4213;-3.375914215108;7.58242747267856;10540
-5.66505;48.4220333333333;-3.14669524179259;7.78834402466844;10563
-5.6652;48.4224;-2.83876725483821;7.79944893175518;10572
-5.66535;48.4227833333333;-3.28214133025781;7.73224041785576;10580
-5.66553333333333;48.42315;-3.50773165305585;7.52235480526868;10591
-5.66573333333333;48.4234833333333;-3.203995179086;7.54813962273764;10602
-5.66553333333333;48.42315;-3.50773165305585;7.52235480526868;10614
-5.66601666666667;48.4242;-3.04770287674239;7.1799380325014;10619
-5.66621666666667;48.4245666666667;-3.31413073469051;6.50434779652109;10631
-5.66638333333333;48.4248833333333;-3.2439465280455;6.65107602832952;10640
-5.66651666666667;48.4251833333333;-2.77419097501083;6.53558437172614;10649
-5.66663333333333;48.4254833333333;-2.50857564681711;6.53506298548041;10659
-5.66676666666667;48.4258;-2.9285037525669;6.57752712078176;10669
-5.66691666666667;48.4261333333333;-2.9691775720322;6.66888201503595;10679
-5.66763333333333;48.4274;-3.33162067379065;6.83083466615799;10719
-5.66798333333333;48.4281;-3.2538931446064;7.30836366114081;10742
-5.66816666666667;48.4284666666667;-3.50696917431262;7.19035237039334;10749
-5.6684;48.4288666666667;-3.3809460939256;7.2504622962932;10760
-5.66871666666667;48.4295166666667;-3.08677595232829;7.27198843006046;10784
-5.6689;48.4299166666667;-3.1258490279142;7.36403882761952;10789
-5.66925;48.43055;-3.42320808131574;7.34109342072585;10812
-5.66945;48.4309833333333;-3.3352403956427;7.49107257842436;10822
-5.67003333333333;48.4320166666667;-3.3352403956427;7.49107257842436;10851
-5.67021666666667;48.4323833333333;-3.4654696656657;7.43172368083604;10858
-5.67003333333333;48.4320166666667;-3.3352403956427;7.49107257842436;10863
-5.67041666666667;48.4327166666667;-3.3352403956427;7.49107257842436;10868
-5.67071666666667;48.4334333333333;-3.21321951908825;7.21700920249903;10892
-5.67091666666667;48.4337666666667;-3.33868430805555;7.15983160402178;10898
-5.67113333333333;48.4341666666667;-3.2538931446064;7.30836366114081;10912
-5.6713;48.4345166666667;-2.95939212371098;7.32475253950076;10919
-5.67171666666667;48.4352666666667;-3.42320808131574;7.34109342072585;10943
-5.67186666666667;48.43555;-3.2538931446064;7.30836366114081;10949
-5.67208333333333;48.4359166666667;-3.33868430805555;7.15983160402178;10959
-5.67225;48.43625;-3.03431354956996;7.51018957568355;10970
-5.67245;48.4366;-3.1318720741048;7.03429984960306;10979
-5.67261666666667;48.4369166666667;-3.41929502856746;7.01059373256486;10988
-5.67286666666667;48.4373333333333;-3.46313210144004;7.1004730514791;11001
-5.67306666666667;48.43765;-3.1258490279142;7.36403882761952;11011
-5.67328333333333;48.438;-3.3352403956427;7.49107257842436;11019
-5.67356666666667;48.4386666666667;-2.80954945061934;6.95387890925091;11040
-5.67483333333333;48.4408833333333;-3.00862961484137;7.08788719601142;11108
-5.675;48.4413166666667;-3.00862961484137;7.08788719601142;11123
-5.67516666666667;48.4416333333333;-3.33868430805555;7.15983160402178;11129
-5.67536666666667;48.4419833333333;-3.33868430805555;7.15983160402178;11144
-5.67591666666667;48.44295;-3.46313210144004;7.1004730514791;11171
-5.67643333333333;48.4439833333333;-3.08511339131515;6.61604701823203;11199
-5.67661666666667;48.4443;-3.35952974136856;6.59344836396693;11208
-5.67721666666667;48.4453166666667;-2.80954945061934;6.95387890925091;11242
-5.67738333333333;48.4456666666667;-2.88447069785199;7.13931550331798;11249
-5.67751666666667;48.4459666666667;-2.92193150009465;7.23203424246723;11259
-5.6777;48.4463;-3.0505248230685;6.85159093231951;11269
-5.67791666666667;48.4466166666667;-3.09119844858665;6.94294539096128;11280
-5.6781;48.4469333333333;-3.1725458935701;7.12565474385726;11293
-5.67833333333333;48.44735;-3.08677595232829;7.27198843006046;11303
-5.67851666666667;48.4476666666667;-3.16492228981522;7.4560896641095;11309
-5.67871666666667;48.4480333333333;-2.9386171179182;7.65535931921072;11319
-5.67891666666667;48.4483666666667;-2.83110683558451;7.37528545836106;11329
-5.67906666666667;48.4487333333333;-2.9968527473273;7.4174708365343;11340
-5.67923333333333;48.44905;-3.16492228981522;7.4560896641095;11353
-5.67943333333333;48.44945;-3.24306844098703;7.64019045922762;11364
-5.67958333333333;48.4498166666667;-2.37943079774678;7.32313499407305;11369
-5.67971666666667;48.4501166666667;-2.49674711151255;6.85975631096928;11379
-5.68006666666667;48.4507833333333;-2.69716740114403;6.67572357603458;11402
-5.68016666666667;48.451;-2.69604482383902;6.35148357660802;11409
-5.68066666666667;48.452;-2.89141038808366;6.81173600333424;11439
-5.68098333333333;48.4526833333333;-2.66775718317538;7.32960262136223;11458
-5.68136666666667;48.45335;-3.37545774666323;6.92071398507223;11482
-5.6817;48.454;-2.96955653925546;6.99583679845236;11502
-5.68193333333333;48.4543166666667;-3.00862961484137;7.08788719601142;11509
-5.6823;48.45505;-2.63355503837248;7.23563300081935;11530
-5.68241666666667;48.4554;-2.88447069785199;7.13931550331798;11542
-5.68266666666667;48.4557666666667;-2.92193150009465;7.23203424246723;11552
-5.6828;48.4560833333333;-2.92193150009465;7.23203424246723;11563
-5.68296666666667;48.4564333333333;-2.66775718317538;7.32960262136223;11569
-5.68323333333333;48.4571333333333;-3.07177399455994;7.60290743060137;11590
-5.68345;48.4575166666667;-3.1258490279142;7.36403882761952;11600
-5.68365;48.4579;-3.10923479680261;7.69562616975062;11611
-5.68383333333333;48.4582166666667;-3.04770287674239;7.1799380325014;11620
-5.68401666666667;48.4585833333333;-3.2538931446064;7.30836366114081;11629
-5.68418333333333;48.4588833333333;-3.08677595232829;7.27198843006046;11640
-5.6844;48.4592166666667;-2.4743179428258;7.18594108438313;11651
-5.68448333333333;48.4595833333333;-2.37943079774678;7.32313499407305;11659
-5.68463333333333;48.4599333333333;-2.56515107494251;7.04769465589431;11671
-5.68493333333333;48.4605833333333;-2.85233731249775;6.71968560577518;11689
-5.6852;48.4612666666667;-2.50687472722292;7.28049285177138;11713
-5.68533333333333;48.4616333333333;-2.88447069785199;7.13931550331798;11722
-5.68493333333333;48.4605833333333;-2.85233731249775;6.71968560577518;11727
-5.68573333333333;48.4623166666667;-3.1258490279142;7.36403882761952;11742
-5.68595;48.4626666666667;-2.86694359636241;7.46864341197761;11749
-5.68608333333333;48.463;-3.203995179086;7.54813962273764;11761
-5.68626666666667;48.4633166666667;-2.75943314314555;7.18856910596212;11770
-5.68641666666667;48.4636666666667;-2.81326405059673;6.6276347692852;11782
-5.68663333333333;48.4639666666667;-2.88783012704875;6.48617266213998;11791
-5.6869;48.4646;-2.53094909322753;6.95372548343179;11809
-5.68705;48.4649666666667;-2.89141038808366;6.81173600333424;11818
-5.68735;48.4655833333333;-2.50857564681711;6.53506298548041;11841
-5.68748333333333;48.4659166666667;-2.31153386559722;6.71318179658347;11852
-5.68705;48.4649666666667;-2.89141038808366;6.81173600333424;11865
-5.6877;48.4665;-2.47240348081975;6.11941335171765;11874
-5.68778333333333;48.46675;-2.29355491126656;5.97491481861526;11882
-5.68791666666667;48.4670666666667;-2.40106519360025;6.25498867946492;11889
-5.68801666666667;48.4674166666667;-2.50857564681711;6.53506298548041;11902
-5.6882;48.4677333333333;-2.77419097501083;6.53558437172614;11910
-5.68863333333333;48.46865;-2.7346282033867;6.76844231518383;11940
-5.68883333333333;48.4689833333333;-2.93048346366956;6.9037864008933;11949
-5.68898333333333;48.4693166666667;-2.84701007423567;7.04659720628444;11962
-5.68916666666667;48.46975;-2.88447069785199;7.13931550331798;11971
-5.68931666666667;48.4701;-3.04770287674239;7.1799380325014;11982
-5.68971666666667;48.4707833333333;-3.21321951908825;7.21700920249903;12002
-5.69006666666667;48.47145;-2.95939212371098;7.32475253950076;12019
-5.69041666666667;48.4721666666667;-2.86694359636241;7.46864341197761;12044
-5.6906;48.4725666666667;-3.203995179086;7.54813962273764;12054
-5.69076666666667;48.4729;-3.28214133025781;7.73224041785576;12063
-5.69093333333333;48.4732166666667;-2.66775718317538;7.32960262136223;12069
-5.69103333333333;48.4735166666667;-2.47273888603921;6.44170503186386;12079
-5.69076666666667;48.4729;-3.28214133025781;7.73224041785576;12084
-5.69113333333333;48.4738;-2.53975233518029;5.98328154744086;12089
-5.69128333333333;48.4740666666667;-2.43494285720343;6.02669505468412;12099
-5.69143333333333;48.4743666666667;-2.58478553029506;6.39756868493398;12111
-5.69161666666667;48.4747;-2.32573703984971;6.38991000057632;12120
-5.69173333333333;48.475;-2.544412407595;6.62842093909696;12129
-5.69191666666667;48.4753;-2.46254496670965;6.7657866904264;12139
-5.6928;48.4770166666667;-3.08677595232829;7.27198843006046;12191
-5.693;48.4773333333333;-2.89141038808366;6.81173600333424;12202
-5.6928;48.4770166666667;-3.08677595232829;7.27198843006046;12212
-5.69325;48.478;-2.65192286081186;6.90849524511246;12222
-5.69341666666667;48.4782833333333;-2.65970677752771;6.58300527900105;12236
-5.69356666666667;48.4785833333333;-2.62224615391139;6.49028698196751;12242
-5.69366666666667;48.4788666666667;-2.544412407595;6.62842093909696;12249
-5.69381666666667;48.4792;-2.62224615391139;6.49028698196751;12259
-5.69396666666667;48.4795166666667;-2.9691775720322;6.66888201503595;12272
-5.69418333333333;48.4799;-2.85233731249775;6.71968560577518;12283
-5.69451666666667;48.4805166666667;-2.80954945061934;6.95387890925091;12302
-5.695;48.4814833333333;-2.68775962158976;7.00185319872901;12329
-5.6952;48.48185;-2.84701007423567;7.04659720628444;12340
-5.695;48.4814833333333;-2.68775962158976;7.00185319872901;12351
-5.69561666666667;48.48255;-3.1258490279142;7.36403882761952;12366
-5.69598333333333;48.4832;-3.09119844858665;6.94294539096128;12379
-5.69635;48.4839166666667;-2.72359638236765;7.09521115234556;12402
-5.69668333333333;48.4845833333333;-3.16492228981522;7.4560896641095;12419
-5.6969;48.4849333333333;-2.9968527473273;7.4174708365343;12429
-5.69726666666667;48.48565;-3.07177399455994;7.60290743060137;12450
-5.6975;48.48605;-2.97445404957926;7.74871771799311;12459
-5.69778333333333;48.4867666666667;-3.10923479680261;7.69562616975062;12480
-5.69796666666667;48.4870833333333;-3.03431354956996;7.51018957568355;12488
-5.69818333333333;48.4874666666667;-3.203995179086;7.54813962273764;12499
-5.69833333333333;48.4878;-3.24306844098703;7.64019045922762;12509
-5.69868333333333;48.4885166666667;-2.70195916489036;7.42357179382475;12531
-5.69901666666667;48.4892166666667;-3.03431354956996;7.51018957568355;12553
-5.69921666666667;48.4896166666667;-3.3352403956427;7.49107257842436;12559
-5.69946666666667;48.49;-3.03431354956996;7.51018957568355;12573
-5.69983333333333;48.4907;-3.10923479680261;7.69562616975062;12588
-5.69946666666667;48.49;-3.03431354956996;7.51018957568355;12595
-5.70045;48.4917833333333;-3.10923479680261;7.69562616975062;12619
-5.70063333333333;48.49215;-3.14669524179259;7.78834402466844;12629
-5.70083333333333;48.4925666666667;-3.22161684627792;7.97378150296694;12642
-5.70103333333333;48.4929166666667;-3.2590772912679;8.06649935788476;12649
-5.70165;48.4940333333333;-3.15363802435191;8.21550793124171;12683
-5.70181666666667;48.49445;-2.97557518169815;8.17532562160526;12690
-5.70228333333333;48.4952166666667;-3.5386087171806;7.94784530724566;12709
-5.70248333333333;48.4955333333333;-3.43843400523167;8.10044288595384;12718
-5.70275;48.4960166666667;-3.47750689450245;8.19249284458198;12729
-5.70296666666667;48.4963666666667;-3.6606297876822;8.22190911878341;12739
-5.7034;48.4971333333333;-3.010290639474;7.84207522644382;12762
-5.70371666666667;48.4977833333333;-3.203995179086;7.54813962273764;12782
-5.704;48.4981833333333;-2.92193150009465;7.23203424246723;12796
-5.70433333333333;48.4988666666667;-3.03431354956996;7.51018957568355;12809
-5.70475;48.4995666666667;-3.203995179086;7.54813962273764;12832
-5.70491666666667;48.4998833333333;-2.9968527473273;7.4174708365343;12838
-5.70516666666667;48.5003166666667;-3.1258490279142;7.36403882761952;12849
-5.70531666666667;48.5005833333333;-3.16492228981522;7.4560896641095;12859
-5.70598333333333;48.5017;-3.07177399455994;7.60290743060137;12890
-5.7064;48.5026833333333;-2.84701007423567;7.04659720628444;12919
-5.70655;48.5030166666667;-2.72359638236765;7.09521115234556;12933
-5.70668333333333;48.5033666666667;-2.7346282033867;6.76844231518383;12946
-5.70713333333333;48.5043;-3.042851403925;6.52541589379939;12970
-5.70748333333333;48.5049166666667;-2.28672578784477;7.03781831128395;12992
-5.70761666666667;48.5052666666667;-2.37664758963445;6.90228578221837;13015
-5.70828333333333;48.5065833333333;-2.93048346366956;6.9037864008933;13072
-5.70881666666667;48.5078166666667;-2.24642029680299;6.52407826180696;13079
-5.70891666666667;48.5082166666667;-2.77419097501083;6.53558437172614;13096
-5.709;48.50845;-2.725135431029;6.12075439196046;13113
-5.7096;48.50955;-2.36522843282235;6.16163072584836;13142
-5.70978333333333;48.5099;-2.8471565015306;6.39481820349821;13152
-5.70995;48.5102166666667;-2.7346282033867;6.76844231518383;13163
-5.71011666666667;48.51055;-2.93048346366956;6.9037864008933;13170
-5.7103;48.5108833333333;-2.93048346366956;6.9037864008933;13186
-5.71115;48.5127833333333;-2.29355491126656;5.97491481861526;13242
-5.7113;48.5130666666667;-2.43494285720343;6.02669505468412;13252
-5.71141666666667;48.51335;-2.54732490667874;6.30485038790044;13260
-5.71158333333333;48.5136666666667;-2.62224615391139;6.49028698196751;13269
-5.71176666666667;48.5139666666667;-2.81326405059673;6.6276347692852;13279
-5.71198333333333;48.5143166666667;-2.65970677752771;6.58300527900105;13293
-5.71223333333333;48.5149166666667;-2.5802491683729;6.72177889271352;13312
-5.71285;48.5162166666667;-2.84701007423567;7.04659720628444;13350
-5.71306666666667;48.5166333333333;-2.92193150009465;7.23203424246723;13366
-5.71361666666667;48.51765;-2.70195916489036;7.42357179382475;13389
-5.71375;48.5180166666667;-2.63710217529737;7.65870082304118;13406
-5.71386666666667;48.5183166666667;-2.16355064283099;7.07665528532679;13414
-5.71393333333333;48.5186833333333;-2.61608610003396;6.81513729149591;13423
-5.71411666666667;48.5190333333333;-2.9691775720322;6.66888201503595;13433
-5.71426666666667;48.5193333333333;-2.85233731249775;6.71968560577518;13440
-5.71445;48.5195833333333;-2.5802491683729;6.72177889271352;13449
-5.71458333333333;48.5199666666667;-2.61608610003396;6.81513729149591;13459
-5.71488333333333;48.5206833333333;-2.75943314314555;7.18856910596212;13484
-5.71506666666667;48.5210166666667;-2.4743179428258;7.18594108438313;13495
-5.7153;48.5217;-2.66775718317538;7.32960262136223;13509
-5.71543333333333;48.5220666666667;-2.95939212371098;7.32475253950076;13519
-5.71561666666667;48.5223833333333;-3.2538931446064;7.30836366114081;13529
-5.71583333333333;48.52275;-3.00862961484137;7.08788719601142;13544
-5.71603333333333;48.5234;-2.544412407595;6.62842093909696;13562
-5.7162;48.5236666666667;-2.65970677752771;6.58300527900105;13574
-5.71638333333333;48.524;-2.89141038808366;6.81173600333424;13579
-5.71675;48.5246666666667;-2.84701007423567;7.04659720628444;13599
-5.71723333333333;48.5256166666667;-2.84701007423567;7.04659720628444;13630
-5.71773333333333;48.5266166666667;-2.7346282033867;6.76844231518383;13659
-5.71791666666667;48.52695;-2.96955653925546;6.99583679845236;13670
-5.71826666666667;48.5276666666667;-3.1725458935701;7.12565474385726;13689
-5.71846666666667;48.528;-3.1258490279142;7.36403882761952;13699
-5.71858333333333;48.5283333333333;-3.07177399455994;7.60290743060137;13710
-5.7188;48.5287;-3.04770287674239;7.1799380325014;13726
-5.71915;48.5294166666667;-2.9968527473273;7.4174708365343;13743
-5.71931666666667;48.5297;-2.79527007480661;7.28192750474451;13752
-5.71958333333333;48.5301333333333;-2.66775718317538;7.32960262136223;13763
-5.71968333333333;48.5304;-2.63355503837248;7.23563300081935;13772
-5.71988333333333;48.5307666666667;-3.00985119755035;6.76023647367773;13790
-5.72021666666667;48.5313833333333;-2.50857564681711;6.53506298548041;13806
-5.72086666666667;48.53265;-2.85233731249775;6.71968560577518;13839
-5.72105;48.5329833333333;-2.93048346366956;6.9037864008933;13849
-5.72126666666667;48.5333166666667;-2.84701007423567;7.04659720628444;13862
-5.72143333333333;48.5336333333333;-2.7346282033867;6.76844231518383;13872
-5.72158333333333;48.5339666666667;-2.544412407595;6.62842093909696;13881
-5.72143333333333;48.5336333333333;-2.7346282033867;6.76844231518383;13897
-5.72188333333333;48.5348833333333;-2.46254496670965;6.7657866904264;13909
-5.72216666666667;48.5354333333333;-2.8738042604448;6.16289312471371;13933
-5.7224;48.5358166666667;-2.62224615391139;6.49028698196751;13944
-5.72273333333333;48.5364666666667;-2.65970677752771;6.58300527900105;13959
-5.72288333333333;48.5368;-2.49674711151255;6.85975631096928;13969
-5.72298333333333;48.5371166666667;-2.37664758963445;6.90228578221837;13980
-5.72335;48.5378;-3.0505248230685;6.85159093231951;14000
-5.72388333333333;48.5387666666667;-2.88447069785199;7.13931550331798;14028
-5.72458333333333;48.5401333333333;-3.08677595232829;7.27198843006046;14070
-5.72491666666667;48.54085;-2.75943314314555;7.18856910596212;14090
-5.72506666666667;48.5412166666667;-3.1258490279142;7.36403882761952;14102
-5.72525;48.5415333333333;-3.2964225221855;7.06920091175036;14109
-5.72565;48.5422166666667;-3.1725458935701;7.12565474385726;14128
-5.72585;48.5425166666667;-3.1258490279142;7.36403882761952;14144
-5.72623333333333;48.5432;-2.93048346366956;6.9037864008933;14162
-5.7264;48.5435166666667;-2.92193150009465;7.23203424246723;14169
-5.72678333333333;48.5441833333333;-2.77208882700302;6.86116061221737;14190
-5.72691666666667;48.54445;-2.85233731249775;6.71968560577518;14203
-5.72723333333333;48.5451166666667;-2.89141038808366;6.81173600333424;14219
-5.72741666666667;48.5454333333333;-2.93048346366956;6.9037864008933;14229
-5.72763333333333;48.5458333333333;-2.84701007423567;7.04659720628444;14240
-5.728;48.54645;-3.1318720741048;7.03429984960306;14259
-5.72841666666667;48.5471666666667;-2.70195916489036;7.42357179382475;14285
-5.72881666666667;48.5479;-3.21321951908825;7.21700920249903;14302
-5.72901666666667;48.54815;-3.00985119755035;6.76023647367773;14308
-5.7292;48.5484333333333;-2.7346282033867;6.76844231518383;14318
-5.72935;48.5488;-2.9285037525669;6.57752712078176;14331
-5.72953333333333;48.5490666666667;-2.9691775720322;6.66888201503595;14340
-5.72973333333333;48.5493833333333;-2.89141038808366;6.81173600333424;14349
-5.72995;48.5498;-2.75943314314555;7.18856910596212;14360
-5.73033333333333;48.5504166666667;-2.92193150009465;7.23203424246723;14378
-5.73055;48.5507833333333;-3.21321951908825;7.21700920249903;14392
-5.73033333333333;48.5504166666667;-2.92193150009465;7.23203424246723;14397
-5.73096666666667;48.55145;-2.95939212371098;7.32475253950076;14409
-5.73116666666667;48.5518333333333;-2.92193150009465;7.23203424246723;14422
-5.73138333333333;48.5521833333333;-3.1258490279142;7.36403882761952;14432
-5.73173333333333;48.5528666666667;-2.97445404957926;7.74871771799311;14452
-5.73191666666667;48.5532;-2.90278052802346;7.56200181076;14465
-5.73211666666667;48.5535833333333;-3.24306844098703;7.64019045922762;14472
-5.73235;48.5539666666667;-3.24306844098703;7.64019045922762;14482
-5.73276666666667;48.55465;-3.14669524179259;7.78834402466844;14506
-5.73318333333333;48.5554;-3.22161684627792;7.97378150296694;14519
-5.73336666666667;48.5557833333333;-3.36028785405986;7.91634209083572;14529
-5.73356666666667;48.55615;-3.36028785405986;7.91634209083572;14542
-5.73426666666667;48.5573166666667;-3.04397914512812;8.3632639665303;14569
-5.7344;48.5576666666667;-2.42560878376325;8.45910310760332;14579
-5.73453333333333;48.5580833333333;-2.6021080605014;8.5111119632697;14589
-5.73493333333333;48.5593;-1.69819998606339;8.73648155822316;14623
-5.73503333333333;48.5597166666667;-1.09682409064633;8.9329153647719;14636
-5.73498333333333;48.5603833333333;-0.793117292250968;9.065372132653;14645
-5.735;48.5606833333333;-0.627808263697123;8.97807645233842;14653
-5.735;48.5618166666667;0.641759545140961;9.17758907212014;14683
-5.7194;48.58235;4.23006093283061;9.50087241099311;15171
-5.71631666666667;48.5861666666667;4.3952297608872;9.42560063945218;15258
-5.71435;48.5887166666667;4.1893875012596;9.40951838796376;15319
-5.7116;48.5921833333333;4.3952297608872;9.42560063945218;15403
-5.71026666666667;48.5938666666667;4.3114085717612;9.6835821995015;15438
-5.70953333333333;48.5947666666667;4.60289704128531;9.43733748614125;15460
-5.70673333333333;48.5981333333333;3.98545743606454;9.38914932964252;15545
-5.704;48.6015;4.47138561363593;9.16769910082014;15624
-5.69931666666667;48.6074666666667;4.60289704128531;9.43733748614125;15759
-5.69068333333333;48.6185;4.77824533277562;9.7968547617982;16008
-5.68995;48.61945;4.4741030738338;10.0490000340686;16031
-5.69068333333333;48.6185;4.77824533277562;9.7968547617982;16041
-5.68895;48.6208;5.02334563226444;9.44753907518163;16066
-5.68736666666667;48.6225666666667;4.7344084689347;9.70697587146236;16104
-5.68496666666667;48.6255833333333;4.56427730740759;9.78812427286031;16173
-5.68426666666667;48.6264833333333;4.4741030738338;10.0490000340686;16192
-5.68496666666667;48.6255833333333;4.56427730740759;9.78812427286031;16202
-5.68245;48.62885;4.64880087914769;9.96938565740315;16244
-5.68173333333333;48.62975;4.4741030738338;10.0490000340686;16259
-5.68141666666667;48.6301666666667;4.64880087914769;9.96938565740315;16269
-5.6811;48.6306666666667;4.25896915148099;10.0335025514869;16282
-5.67973333333333;48.6324;4.56427730740759;9.78812427286031;16322
-5.6794;48.63285;4.43342925436851;9.95764513981441;16329
-5.6767;48.6364166666667;4.3520820033322;9.77493622253086;16415
-5.676;48.63735;4.52201532001745;9.69749314842766;16435
-5.67193333333333;48.6425;4.02453069796557;9.4812001661325;16549
-5.67155;48.6429166666667;4.3952297608872;9.42560063945218;16565
-5.67091666666667;48.6437333333333;4.23006093283061;9.50087241099311;16584
-5.66648333333333;48.6493166666667;3.69118994866985;9.61587857098751;16712
-5.66253333333333;48.6544166666667;4.55905975938108;9.34745773864862;16829
-5.66108333333333;48.6560333333333;4.67610223390915;9.1773673690862;16868
-5.66071666666667;48.65645;4.72150102410765;9.26646751166701;16882
-5.66025;48.6569;4.55905975938108;9.34745773864862;16890
-5.66001666666667;48.6572333333333;4.55905975938108;9.34745773864862;16899
-5.65891666666667;48.6585;4.51522289554016;9.25757884831278;16928
-5.65425;48.66405;4.47975373566749;9.60686288831747;17064
-5.65388333333333;48.6645166666667;4.43749174827734;9.51623176388483;17072
-5.65315;48.6653666666667;4.55905975938108;9.34745773864862;17093
-5.65246666666667;48.6661166666667;4.72150102410765;9.26646751166701;17110
-5.65063333333333;48.6682666666667;4.60289704128531;9.43733748614125;17159
-5.65026666666667;48.6687;4.76690024726524;9.35556850397786;17169
-5.6499;48.6691333333333;4.97639874461963;9.3592448211224;17183
-5.64921666666667;48.6699333333333;4.43749174827734;9.51623176388483;17199
-5.64846666666667;48.6707833333333;4.64673432318954;9.52721723363389;17223
-5.64773333333333;48.6717;4.47975373566749;9.60686288831747;17240
-5.6474;48.6720833333333;4.69057118703047;9.61709612396973;17248
-5.64703333333333;48.6725166666667;4.69057118703047;9.61709612396973;17260
-5.6463;48.6733833333333;4.56427730740759;9.78812427286031;17279
-5.6459;48.67385;4.52201532001745;9.69749314842766;17289
-5.64548333333333;48.6743333333333;4.81229947042283;9.44466949628871;17303
-5.64515;48.6747166666667;4.64673432318954;9.52721723363389;17309
-5.64476666666667;48.6751333333333;4.3114085717612;9.6835821995015;17326
-5.64406666666667;48.6759333333333;4.72150102410765;9.26646751166701;17339
-5.64366666666667;48.6764;4.72150102410765;9.26646751166701;17349
-5.64221666666667;48.6780833333333;4.3952297608872;9.42560063945218;17391
-5.63928333333333;48.6814333333333;4.3952297608872;9.42560063945218;17469
-5.63893333333333;48.6819;4.3952297608872;9.42560063945218;17484
-5.63856666666667;48.6823333333333;4.72150102410765;9.26646751166701;17490
-5.63716666666667;48.6839166666667;4.26844460479714;9.15370899479915;17529
-5.63685;48.6842833333333;4.427548749795;9.07782021048431;17539
-5.63575;48.68555;4.63070301075156;9.08826637677534;17572
-5.63501666666667;48.6863833333333;4.23006093283061;9.50087241099311;17589
-5.63381666666667;48.6876666666667;5.02334563226444;9.44753907518163;17622
-5.63316666666667;48.6884333333333;4.64673432318954;9.52721723363389;17642
-5.63168333333333;48.69015;4.3952297608872;9.42560063945218;17683
-5.6314;48.6905333333333;4.35296817653724;9.33497037934199;17690
-5.62955;48.6926833333333;4.35296817653724;9.33497037934199;17742
-5.62918333333333;48.6930333333333;4.35296817653724;9.33497037934199;17749
-5.62851666666667;48.6938666666667;4.1893875012596;9.40951838796376;17769
-5.6282;48.6943;4.1487136817943;9.31816349370956;17780
-5.62723333333333;48.6955166666667;4.1487136817943;9.31816349370956;17812
-5.62685;48.6959666666667;4.1487136817943;9.31816349370956;17819
-5.62648333333333;48.6963833333333;4.1487136817943;9.31816349370956;17829
-5.62545;48.6976333333333;4.47138561363593;9.16769910082014;17860
-5.62516666666667;48.698;4.3107061891471;9.24433925490934;17869
-5.62473333333333;48.6984333333333;4.1080402502233;9.22680947068021;17879
-5.62436666666667;48.6988833333333;4.067366430758;9.13545457642601;17893
-5.62406666666667;48.69925;4.26844460479714;9.15370899479915;17902
-5.62375;48.6996166666667;4.22618261740699;9.0630778703665;17908
-5.62296666666667;48.7004166666667;4.63070301075156;9.08826637677534;17929
-5.62226666666667;48.70125;4.18392063001685;8.97244674593385;17950
-5.62196666666667;48.7016166666667;4.58530422055305;8.99916623419453;17959
-5.62018333333333;48.7036833333333;4.3107061891471;9.24433925490934;18009
-5.61908333333333;48.7049666666667;4.02453069796557;9.4812001661325;18040
-5.61843333333333;48.70575;4.3107061891471;9.24433925490934;18059
-5.61808333333333;48.7061666666667;4.26844460479714;9.15370899479915;18069
-5.61671666666667;48.7077666666667;4.51522289554016;9.25757884831278;18109
-5.6162;48.7082333333333;4.92945140925185;9.27094972501873;18122
-5.61561666666667;48.709;4.1487136817943;9.31816349370956;18140
-5.6153;48.7094333333333;4.35296817653724;9.33497037934199;18154
-5.61486666666667;48.7098833333333;4.55905975938108;9.34745773864862;18159
-5.61455;48.71025;4.43749174827734;9.51623176388483;18169
-5.61345;48.7115666666667;4.1893875012596;9.40951838796376;18199
-5.6124;48.7127833333333;4.3952297608872;9.42560063945218;18229
-5.61155;48.7137;4.3952297608872;9.42560063945218;18251
-5.61053333333333;48.7149;4.3107061891471;9.24433925490934;18279
-5.60978333333333;48.7157333333333;4.72150102410765;9.26646751166701;18302
-5.60941666666667;48.71615;4.23006093283061;9.50087241099311;18310
-5.6091;48.7165333333333;4.23006093283061;9.50087241099311;18319
-5.60766666666667;48.7182666666667;4.3952297608872;9.42560063945218;18359
-5.60695;48.7190666666667;4.47975373566749;9.60686288831747;18383
-5.60623333333333;48.7200333333333;4.60289704128531;9.43733748614125;18401
-5.60548333333333;48.7207833333333;4.3114085717612;9.6835821995015;18419
-5.60401666666667;48.7225666666667;4.55905975938108;9.34745773864862;18462
-5.60336666666667;48.7233166666667;4.23006093283061;9.50087241099311;18479
-5.6026;48.7242;4.76690024726524;9.35556850397786;18500
-5.60121666666667;48.72585;4.35296817653724;9.33497037934199;18539
-5.6005;48.72675;4.55905975938108;9.34745773864862;18560
-5.59908333333333;48.7284;4.76690024726524;9.35556850397786;18599
-5.5983;48.7293;4.43749174827734;9.51623176388483;18619
-5.59793333333333;48.7297166666667;4.60289704128531;9.43733748614125;18629
-5.59753333333333;48.7302;4.43749174827734;9.51623176388483;18641
-5.59718333333333;48.7305833333333;4.47975373566749;9.60686288831747;18650
-5.5983;48.7293;4.43749174827734;9.51623176388483;18672
-5.59566666666667;48.7322833333333;4.43749174827734;9.51623176388483;18692
-5.5953;48.7327;4.43749174827734;9.51623176388483;18704
-5.59501666666667;48.73305;4.43749174827734;9.51623176388483;18712
-5.59428333333333;48.7339;4.47975373566749;9.60686288831747;18729
-5.59385;48.7343666666667;4.47975373566749;9.60686288831747;18740
-5.59348333333333;48.7347833333333;4.52201532001745;9.69749314842766;18751
-5.59306666666667;48.73525;4.64673432318954;9.52721723363389;18763
-5.5928;48.7356166666667;4.64673432318954;9.52721723363389;18769
-5.59241666666667;48.7360333333333;4.3520820033322;9.77493622253086;18779
-5.59203333333333;48.73645;4.47975373566749;9.60686288831747;18789
-5.59053333333333;48.7381666666667;4.47975373566749;9.60686288831747;18829
-5.5901;48.73865;4.69057118703047;9.61709612396973;18846
-5.58933333333333;48.7394833333333;4.81229947042283;9.44466949628871;18863
-5.58888333333333;48.7399333333333;4.85769826062133;9.53376963886953;18873
-5.58853333333333;48.7403666666667;4.1417501110384;9.7573517977406;18881
-5.58826666666667;48.7407333333333;4.3114085717612;9.6835821995015;18889
-5.58788333333333;48.74115;4.47975373566749;9.60686288831747;18899
-5.5875;48.7415666666667;4.3114085717612;9.6835821995015;18909
-5.58713333333333;48.74205;4.3114085717612;9.6835821995015;18920
-5.58675;48.7424833333333;4.64673432318954;9.52721723363389;18933
-5.5863;48.74295;4.85769826062133;9.53376963886953;18944
-5.58595;48.7433333333333;4.52201532001745;9.69749314842766;18949
-5.58561666666667;48.7437666666667;4.3114085717612;9.6835821995015;18960
-5.58528333333333;48.7441666666667;4.3520820033322;9.77493622253086;18973
-5.58406666666667;48.74555;4.52201532001745;9.69749314842766;19002
-5.58373333333333;48.74595;4.69057118703047;9.61709612396973;19012
-5.58308333333333;48.7468;4.3927558227975;9.86629111678506;19027
-5.58266666666667;48.7472666666667;5.18746284416571;9.35843069957106;19039
-5.58218333333333;48.7477333333333;5.93656527390049;9.14150887067769;19053
-5.58188333333333;48.7479;5.88210168204394;9.0576422937743;19059
-5.58141666666667;48.7483;6.09520243451598;9.03650922459722;19066
-5.58115;48.7486166666667;6.4656377752172;8.89918693812442;19072
-5.58083333333333;48.74885;6.40685902576568;8.81828493007144;19083
-5.57975;48.7497166666667;6.52441652466873;8.98008894617741;19101
-5.57875;48.7504833333333;6.30934079986151;9.01067248717891;19122
-5.5783;48.75085;6.61996525467253;8.78499061052022;19133
-5.57723333333333;48.7516666666667;6.61996525467253;8.78499061052022;19150
-5.57676666666667;48.7520166666667;6.77227622858224;8.66811828967394;19159
-5.57618333333333;48.7524333333333;6.4656377752172;8.89918693812442;19175
-5.57568333333333;48.7528333333333;6.52441652466873;8.98008894617741;19180
-5.57471666666667;48.7535666666667;6.36669866229866;9.09258800408952;19199
-5.57333333333333;48.7545833333333;8.05660562658971;7.7801736166452;19226
-5.57183333333333;48.7554;8.48370321777167;7.91118123688671;19249
-5.57048333333333;48.75605;9.3036954353119;6.75953040136344;19269
-5.5607;48.7598333333333;9.3383329924128;6.53877115559988;19412
-5.55931666666667;48.76035;9.36812472799834;6.31887991587702;19429
-5.5573;48.7611166666667;9.10444450988387;6.86069103435914;19459
-5.55661666666667;48.7614;9.25641825670646;6.48141384016784;19468
-5.55588333333333;48.7617333333333;9.3383329924128;6.53877115559988;19482
-5.5546;48.7622166666667;9.2852206544901;6.26296041221478;19499
-5.54773333333333;48.7649833333333;9.45102801087474;6.37479888625135;19603
-5.54368333333333;48.7665666666667;9.25641825670646;6.48141384016784;19662
-5.53293333333333;48.7709;9.49813851519963;5.93509565833782;19820
-5.53025;48.7719833333333;8.9287569702683;6.25198293742436;19859
-5.52958333333333;48.7722166666667;8.95360594172082;6.03928346414165;19873
-5.5289;48.77245;9.14150887067769;5.93656527390049;19882
-5.527;48.7731833333333;8.95360594172082;6.03928346414165;19910
-5.52636666666667;48.7734333333333;8.49467844093695;6.17174514907097;19922
-5.5251;48.77395;8.78779858533618;5.92744499010508;19943
-5.51613333333333;48.77755;8.87070186821258;5.98336396047941;20079
-5.51553333333333;48.7777666666667;8.87070186821258;5.98336396047941;20089
-5.51613333333333;48.77755;8.87070186821258;5.98336396047941;20096
-5.51483333333333;48.7780666666667;8.73738369355718;6.34808083686985;20103
-5.5123;48.7791166666667;8.95360594172082;6.03928346414165;20141
-5.50575;48.7819333333333;8.9287569702683;6.25198293742436;20241
-5.50515;48.7821666666667;8.98008894617741;6.52441652466873;20249
-5.50575;48.7819333333333;8.9287569702683;6.25198293742436;20265
-5.5032;48.783;9.30924362412164;6.04549349643011;20279
-5.50263333333333;48.78325;8.9287569702683;6.25198293742436;20291
-5.50185;48.7836;9.01067248717891;6.30934079986151;20301
-5.49465;48.7865666666667;8.84684223456197;6.19462562199232;20408
-5.49335;48.7871;9.03650922459722;6.09520243451598;20430
-5.4907;48.7881833333333;9.2852206544901;6.26296041221478;20473
-5.48995;48.7884666666667;9.49813851519963;5.93509565833782;20482
-5.48871666666667;48.7889833333333;9.01067248717891;6.30934079986151;20503
-5.48601666666667;48.7900166666667;8.4317149132908;6.58757766855644;20539
-5.48545;48.79025;8.78779858533618;5.92744499010508;20549
-5.48486666666667;48.7904833333333;8.97377491705232;5.82763757077914;20563
-5.48353333333333;48.7910166666667;8.49467844093695;6.17174514907097;20579
-5.47461666666667;48.7946833333333;9.14150887067769;5.93656527390049;20723
-5.46603333333333;48.7982333333333;9.11941329810546;6.15112193817821;20848
-5.4647;48.7987666666667;9.09258800408952;6.36669866229866;20870
-5.45723333333333;48.8018166666667;9.79574055314076;5.42986765428888;20983
-5.44721666666667;48.8060333333333;8.4317149132908;6.58757766855644;21144
-5.44463333333333;48.8071166666667;9.17986961047752;5.30000019073486;21184
-5.44361666666667;48.8074833333333;8.49467844093695;6.17174514907097;21196
-5.44343333333333;48.8075666666667;8.27411291287058;6.46444549091941;21203
-5.44281666666667;48.8078166666667;8.30580899983658;6.25887601120709;21208
-5.44231666666667;48.8080333333333;8.72217358670498;5.66424575639298;21216
-5.44028333333333;48.8088666666667;8.25197318831672;5.99540946127209;21254
-5.43605;48.8107166666667;8.46553671115657;6.37923947498593;21322
-5.43288333333333;48.8121;8.19531153690766;6.40287910853063;21373
-5.43226666666667;48.8123833333333;8.49467844093695;6.17174514907097;21379
-5.42978333333333;48.8134333333333;8.88990834014893;5.77317397892259;21424
-5.42915;48.8137;8.65648168550419;6.28930208741832;21429
-5.428;48.8142333333333;8.38567285549657;6.31905774309651;21450
-5.4273;48.81455;8.57558044898994;6.23052389852249;21459
-5.42475;48.81555;8.60109646503441;6.02255258168598;21499
-5.42226666666667;48.8166833333333;8.84684223456197;6.19462562199232;21539
-5.41451666666667;48.82;8.95360594172082;6.03928346414165;21662
-5.41261666666667;48.82075;9.2574070110745;5.5624113072643;21695
-5.41065;48.8215666666667;9.22537624739966;5.9910293851653;21723
-5.40865;48.82235;9.24372392460037;5.77611977799378;21751
-5.40608333333333;48.82335;9.07411446712142;5.67013602622121;21788
-5.40278333333333;48.8246333333333;8.65648168550419;6.28930208741832;21839
-5.40083333333333;48.8253833333333;9.26647165531226;5.34999990463257;21871
-5.4001;48.8256333333333;9.07411446712142;5.67013602622121;21885
-5.3996;48.82585;8.78779858533618;5.92744499010508;21892
-5.39766666666667;48.8265666666667;8.80604096342695;5.71870986765779;21922
-5.39505;48.8276;8.68301198194502;6.07991044412314;21960
-5.39186666666667;48.8288333333333;9.15891960024174;5.72312815479269;22008
-5.39113333333333;48.8291333333333;9.15891960024174;5.72312815479269;22024
-5.38651666666667;48.8309;9.42884030772323;5.6654188240106;22092
-5.38448333333333;48.8317;9.35307452605317;5.40000009536743;22119
-5.38311666666667;48.8321833333333;9.32852905772068;5.82911190656525;22139
-5.38248333333333;48.8324333333333;8.81828493007144;6.40685902576568;22149
-5.38156666666667;48.8328;9.0576422937743;5.88210168204395;22162
-5.38;48.83335;9.52627944162882;5.5;22186
-5.37953333333333;48.8335166666667;9.0576422937743;5.88210168204395;22192
-5.37915;48.8336666666667;8.65648168550419;6.28930208741832;22199
-5.37833333333333;48.8340166666667;8.88990834014893;5.77317397892259;22212
-5.37733333333333;48.83445;8.90450500964247;5.56415227444865;22229
-5.37605;48.83495;9.07411446712142;5.67013602622121;22250
-5.37533333333333;48.8352333333333;9.08597371442577;5.45940379051801;22260
-5.37466666666667;48.8354833333333;9.2574070110745;5.5624113072643;22270
-5.37268333333333;48.8362;9.2574070110745;5.5624113072643;22298
-5.3714;48.8367;9.07411446712142;5.67013602622121;22324
-5.37073333333333;48.83695;9.07411446712142;5.67013602622121;22334
-5.36873333333333;48.8376833333333;9.22537624739966;5.9910293851653;22359
-5.3681;48.83795;8.87070186821258;5.98336396047941;22369
-5.36745;48.8382166666667;9.24372392460037;5.77611977799378;22384
-5.36341666666667;48.8398;9.52627944162882;5.5;22442
-5.36286666666667;48.8400166666667;9.61288231236974;5.55000019073486;22449
-5.36083333333333;48.8407833333333;9.61288231236974;5.55000019073486;22479
-5.35738333333333;48.8420833333333;9.30924362412164;6.04549349643011;22532
-5.35605;48.8425833333333;9.42884030772323;5.6654188240106;22552
-5.35545;48.8428333333333;9.42884030772323;5.6654188240106;22559
-5.35396666666667;48.8434;9.413334190841;5.88210403513673;22582
-5.3533;48.84365;9.32852905772068;5.82911190656525;22593
-5.35273333333333;48.84385;9.49813851519963;5.93509565833782;22599
-5.35135;48.8444166666667;9.52627944162882;5.5;22619
-5.35075;48.84465;9.61288231236974;5.55000019073486;22632
-5.3493;48.8452;9.15891960024174;5.72312815479269;22653
-5.34803333333333;48.8457166666667;9.42884030772323;5.6654188240106;22669
-5.34676666666667;48.8462;9.42884030772323;5.6654188240106;22689
-5.34603333333333;48.8465;9.58294364831995;5.98808778690929;22703
-5.34471666666667;48.8469833333333;9.30924362412164;6.04549349643011;22719
-5.34388333333333;48.8472833333333;9.97927290096371;5.08469351049111;22735
-5.34275;48.84765;9.79574055314076;5.42986765428888;22745
-5.34235;48.8477833333333;9.42884030772323;5.6654188240106;22755
-5.34176666666667;48.848;9.7717069010207;5.87143385750319;22760
-5.3411;48.84825;9.58294364831995;5.98808778690929;22772
-5.34048333333333;48.8484666666667;9.52627944162882;5.5;22783
-5.33981666666667;48.8487166666667;9.413334190841;5.88210403513673;22789
-5.33776666666667;48.8495166666667;9.2023173716137;6.20704144184045;22823
-5.33576666666667;48.8502166666667;9.42884030772323;5.6654188240106;22849
-5.3337;48.8509666666667;9.5358341712853;5.07029296763222;22883
-5.3331;48.8511666666667;9.35307452605317;5.40000009536743;22889
-5.33245;48.8513833333333;8.80604096342695;5.71870986765779;22903
-5.33173333333333;48.8516666666667;8.98931014276279;5.61714440302013;22913
-5.33113333333333;48.8518833333333;9.2574070110745;5.5624113072643;22922
-5.33173333333333;48.8516666666667;8.98931014276279;5.61714440302013;22928
-5.32975;48.8523833333333;8.97377491705232;5.82763757077914;22943
-5.32921666666667;48.8525666666667;9.0576422937743;5.88210168204395;22949
-5.32786666666667;48.8530833333333;9.24372392460037;5.77611977799378;22969
-5.3272;48.8533333333333;9.32852905772068;5.82911190656525;22982
-5.32516666666667;48.8541;9.42884030772323;5.6654188240106;23009
-5.32448333333333;48.85435;9.52627944162882;5.5;23019
-5.32375;48.8546333333333;9.42884030772323;5.6654188240106;23029
-5.32306666666667;48.8548666666667;9.34312325066965;5.61391482004816;23040
-5.32031666666667;48.8558666666667;9.78608722794539;5.65000009536743;23079
-5.32006666666667;48.85595;9.42884030772323;5.6654188240106;23085
-5.31966666666667;48.8561166666667;9.11941329810546;6.15112193817821;23092
-5.31901666666667;48.8563833333333;9.14150887067769;5.93656527390049;23103
-5.31773333333333;48.8568666666667;9.09258800408952;6.36669866229866;23120
-5.31568333333333;48.8576666666667;9.68599066142556;5.81993034471933;23152
-5.31498333333333;48.8579333333333;9.79574055314076;5.42986765428888;23160
-5.31416666666667;48.85825;9.7717069010207;5.87143385750319;23171
-5.31356666666667;48.8585;9.25641825670646;6.48141384016784;23179
-5.31416666666667;48.85825;9.7717069010207;5.87143385750319;23184
-5.31213333333333;48.8590666666667;9.58294364831995;5.98808778690929;23199
-5.31148333333333;48.8593;9.66774797267858;6.04107941011038;23212
-5.31001666666667;48.85985;9.5608441546504;6.20888479140801;23233
-5.30943333333333;48.8600666666667;10.2421924139813;5.44587030740552;23242
-5.30798333333333;48.8605833333333;9.68599066142556;5.81993034471933;23259
-5.30735;48.8608166666667;9.68599066142556;5.81993034471933;23272
-5.30656666666667;48.8611;9.85742395807429;5.92293786146563;23283
-5.30581666666667;48.8613833333333;9.58294364831995;5.98808778690929;23293
-5.30526666666667;48.8616;9.58294364831995;5.98808778690929;23299
-5.30458333333333;48.8618666666667;9.66774797267858;6.04107941011038;23309
-5.30381666666667;48.8621666666667;9.78608722794539;5.65000009536743;23319
-5.3032;48.8624;9.78608722794539;5.65000009536743;23331
-5.30163333333333;48.8629166666667;9.2852206544901;6.26296041221478;23350
-5.30103333333333;48.8631666666667;9.413334190841;5.88210403513673;23363
-5.30035;48.8634333333333;9.58294364831995;5.98808778690929;23373
-5.29696666666667;48.8647;9.2852206544901;6.26296041221478;23421
-5.2962;48.8649833333333;9.36812472799834;6.31887991587702;23432
-5.29696666666667;48.8647;9.2852206544901;6.26296041221478;23441
-5.29491666666667;48.8655166666667;9.66774797267858;6.04107941011038;23449
-5.29415;48.8658;9.7525531057989;6.09407153868186;23460
-5.29275;48.86635;9.7525531057989;6.09407153868186;23483
-5.29205;48.8666166666667;9.94314101512788;5.97444186542806;23489
-5.29135;48.8669;9.83735823891922;6.14706366725333;23499
-5.29063333333333;48.8671833333333;9.83735823891922;6.14706366725333;23513
-5.2878;48.86825;10.0069676963982;6.2530474190259;23548
-5.28631666666667;48.8688166666667;9.94314101512788;5.97444186542806;23571
-5.28565;48.8690666666667;10.2330504067105;5.67227246441205;23579
-5.2878;48.86825;10.0069676963982;6.2530474190259;23589
-5.28351666666667;48.8698333333333;9.38459744336488;6.81830915081497;23609
-5.2829;48.8701;9.3383329924128;6.53877115559988;23623
-5.28166666666667;48.8706;9.64471153137237;6.26334890267281;23638
-5.28093333333333;48.8708166666667;9.58294364831995;5.98808778690929;23647
-5.28043333333333;48.8710166666667;9.53393208438298;6.43071838991359;23653
-5.28003333333333;48.87115;9.2852206544901;6.26296041221478;23659
-5.27868333333333;48.8716833333333;9.60027360437197;5.76842634075689;23679
-5.27791666666667;48.8719333333333;9.52627944162882;5.5;23695
-5.27868333333333;48.8716833333333;9.60027360437197;5.76842634075689;23705
-5.27605;48.8726833333333;9.22537624739966;5.9910293851653;23722
-5.27385;48.8735333333333;9.68599066142556;5.81993034471933;23752
-5.2733;48.8737666666667;9.85742395807429;5.92293786146563;23759
-5.27258333333333;48.8740166666667;9.7525531057989;6.09407153868186;23774
-5.27038333333333;48.87485;9.72857890809435;6.31781301393762;23799
-5.26961666666667;48.8751666666667;9.83735823891922;6.14706366725333;23813
-5.26896666666667;48.8753833333333;10.045895014262;5.80000019073486;23819
-5.26751666666667;48.8759833333333;9.50216402623401;6.65348688047418;23841
-5.26551666666667;48.8767833333333;9.94314101512788;5.97444186542806;23877
-5.26408333333333;48.8773166666667;10.028857254723;6.02594537821192;23889
-5.26335;48.8775833333333;10.1455889364579;5.6237917797977;23903
-5.26261666666667;48.8778333333333;10.0069676963982;6.2530474190259;23908
-5.26198333333333;48.8780666666667;9.26417222120387;6.98105449813797;23923
-5.26103333333333;48.8784666666667;9.10444450988387;6.86069103435914;23933
-5.26053333333333;48.8786666666667;9.94314101512788;5.97444186542806;23939
-5.25905;48.8792;9.87268927278013;5.69999980926514;23960
-5.25841666666667;48.87945;10.045895014262;5.80000019073486;23969
-5.25773333333333;48.8797;9.5608441546504;6.20888479140801;23981
-5.25638333333333;48.8802;9.66774797267858;6.04107941011038;24003
-5.25493333333333;48.8807666666667;9.58294364831995;5.98808778690929;24022
-5.25425;48.8810333333333;9.97066432774817;5.52682948586805;24029
-5.2536;48.88125;9.64471153137237;6.26334890267281;24045
-5.25218333333333;48.8817833333333;9.66774797267858;6.04107941011038;24061
-5.25141666666667;48.8820666666667;9.85742395807429;5.92293786146563;24069
-5.25073333333333;48.8823166666667;9.78608722794539;5.65000009536743;24083
-5.2493;48.8828166666667;9.85742395807429;5.92293786146563;24104
-5.24798333333333;48.8833166666667;9.25641825670646;6.48141384016784;24119
-5.24775;48.88345;9.25641825670646;6.48141384016784;24126
-5.24586666666667;48.8841666666667;9.5608441546504;6.20888479140801;24149
-5.24516666666667;48.88445;9.85742395807429;5.92293786146563;24163
-5.243;48.8852333333333;10.028857254723;6.02594537821192;24189
-5.23948333333333;48.8866166666667;10.0069676963982;6.2530474190259;24243
-5.23866666666667;48.8869;10.045895014262;5.80000019073486;24249
-5.23791666666667;48.88715;10.4187817641442;5.53976453041811;24261
-5.23728333333333;48.8873666666667;9.94314101512788;5.97444186542806;24269
-5.23656666666667;48.8876166666667;9.45102801087474;6.37479888625135;24279
-5.2357;48.8879833333333;9.25641825670646;6.48141384016784;24293
-5.23515;48.8882;9.68599066142556;5.81993034471933;24305
-5.23446666666667;48.8884666666667;9.58294364831995;5.98808778690929;24313
-5.23378333333333;48.8887166666667;9.58294364831995;5.98808778690929;24321
-5.23315;48.88895;9.66774797267858;6.04107941011038;24329
-5.23253333333333;48.8892;9.45102801087474;6.37479888625135;24340
-5.2297;48.8903333333333;9.81244548499774;6.37227660579417;24382
-5.22906666666667;48.8905833333333;9.72857890809435;6.31781301393762;24390
-5.22685;48.8914166666667;10.028857254723;6.02594537821192;24423
-5.22535;48.8919833333333;10.028857254723;6.02594537821192;24443
-5.22473333333333;48.8922166666667;9.72857890809435;6.31781301393762;24449
-5.22401666666667;48.8924833333333;9.83735823891922;6.14706366725333;24463
-5.22331666666667;48.89275;9.5608441546504;6.20888479140801;24470
-5.22266666666667;48.893;9.94314101512788;5.97444186542806;24482
-5.22116666666667;48.89355;9.83735823891922;6.14706366725333;24502
-5.22051666666667;48.8937833333333;9.92216256327785;6.20005529045442;24508
-5.21971666666667;48.8940833333333;9.92216256327785;6.20005529045442;24523
-5.21903333333333;48.8943666666667;9.69973944076762;6.54255686395016;24533
-5.21838333333333;48.8946333333333;9.92216256327785;6.20005529045442;24545
-5.2168;48.8952166666667;10.4187817641442;5.53976453041811;24562
-5.21535;48.8957166666667;10.045895014262;5.80000019073486;24579
-5.2147;48.8959333333333;9.3036954353119;6.75953040136344;24594
-5.21401666666667;48.8962166666667;9.10444450988387;6.86069103435914;24604
-5.21358333333333;48.8964166666667;9.02458141586204;6.80050987640525;24609
-5.2127;48.8967833333333;9.58294364831995;5.98808778690929;24621
-5.21156666666667;48.8972166666667;9.97066432774817;5.52682948586805;24635
-5.21125;48.8972833333333;10.2421924139813;5.44587030740552;24647
-5.21055;48.8975333333333;9.97066432774817;5.52682948586805;24655
-5.20991666666667;48.8977666666667;9.97066432774817;5.52682948586805;24663
-5.20778333333333;48.8985333333333;9.66774797267858;6.04107941011038;24693
-5.20563333333333;48.8994;9.92216256327785;6.20005529045442;24721
-5.20491666666667;48.8996666666667;9.72857890809435;6.31781301393762;24729
-5.20413333333333;48.8999833333333;10.028857254723;6.02594537821192;24739
-5.20348333333333;48.9002166666667;10.2002905513718;6.12895289495821;24748
-5.20275;48.9005;10.2002905513718;6.12895289495821;24761
-5.20201666666667;48.90075;10.1145743117766;6.07744938217436;24772
-5.20136666666667;48.9010166666667;10.0069676963982;6.2530474190259;24781
-5.20058333333333;48.9013166666667;9.86554679715226;6.65439533798672;24788
-5.19921666666667;48.90185;10.1145743117766;6.07744938217436;24813
-5.19841666666667;48.90215;10.4954364856727;5.81771544295604;24826
-5.19688333333333;48.9027166666667;9.98017943862311;6.48120430891552;24842
-5.19623333333333;48.9029666666667;9.98017943862311;6.48120430891552;24849
-5.19545;48.9032833333333;10.0069676963982;6.2530474190259;24859
-5.19623333333333;48.9029666666667;9.98017943862311;6.48120430891552;24871
-5.19336666666667;48.9041;10.2860076084253;6.18045689892065;24889
-5.19258333333333;48.9044166666667;10.1145743117766;6.07744938217436;24902
-5.19191666666667;48.9046666666667;10.3057019746723;5.94999980926514;24910
-5.19118333333333;48.9049333333333;10.2613822869974;6.41202329936994;24919
-5.19051666666667;48.9051666666667;10.1145743117766;6.07744938217436;24933
-5.1897;48.9054666666667;10.2002905513718;6.12895289495821;24938
-5.18901666666667;48.90575;9.89631286171972;6.42674071705897;24948
-5.18826666666667;48.90605;9.5608441546504;6.20888479140801;24967
-5.18768333333333;48.90625;10.1324970590967;5.84999990463257;24974
-5.187;48.9065166666667;9.72857890809435;6.31781301393762;24983
-5.1863;48.9068;9.7525531057989;6.09407153868186;24989
-5.18551666666667;48.9071166666667;10.1145743117766;6.07744938217436;24999
-5.18481666666667;48.9074;10.1145743117766;6.07744938217436;25014
-5.18335;48.90795;10.4079741813179;5.76923429599122;25031
-5.18268333333333;48.9081833333333;10.3057019746723;5.94999980926514;25039
-5.18188333333333;48.9084833333333;10.2190999298376;5.90000009536743;25053
-5.18113333333333;48.9087333333333;10.1765771538771;6.35903117079846;25060
-5.17833333333333;48.9097833333333;9.5608441546504;6.20888479140801;25103
-5.1769;48.9103666666667;9.87268927278013;5.69999980926514;25119
-5.1755;48.9108833333333;9.79574055314076;5.42986765428888;25141
-5.17411666666667;48.9114;9.36812472799834;6.31887991587702;25159
-5.17353333333333;48.91165;8.98008894617741;6.52441652466873;25169
-5.17206666666667;48.91225;9.49813851519963;5.93509565833782;25193
-5.17145;48.9125;9.78608722794539;5.65000009536743;25202
-5.17073333333333;48.9127666666667;9.95929214352104;5.75;25209
-5.16995;48.9130333333333;9.66774797267858;6.04107941011038;25219
-5.16716666666667;48.9140666666667;9.58407876194035;6.71084419590622;25259
-5.16581666666667;48.91465;9.83735823891922;6.14706366725333;25281
-5.16431666666667;48.9152333333333;10.1324970590967;5.84999990463257;25299
-5.16226666666667;48.9160333333333;9.92216256327785;6.20005529045442;25329
-5.1615;48.91635;9.89631286171972;6.42674071705897;25339
-5.16096666666667;48.9165833333333;9.61683615789122;6.48663789357583;25353
-5.16011666666667;48.9168833333333;9.53393208438298;6.43071838991359;25364
-5.1595;48.91715;9.3036954353119;6.75953040136344;25372
-5.15886666666667;48.91745;9.17450273979586;6.42405597773069;25382
-5.15745;48.9181;9.64471153137237;6.26334890267281;25402
-5.1569;48.9183;9.7717069010207;5.87143385750319;25409
-5.15611666666667;48.9186166666667;9.95929214352104;5.75;25424
-5.15546666666667;48.9188333333333;9.95929214352104;5.75;25433
-5.15468333333333;48.9191;9.87268927278013;5.69999980926514;25442
-5.15403333333333;48.9193333333333;9.83735823891922;6.14706366725333;25453
-5.15323333333333;48.9196833333333;9.53393208438298;6.43071838991359;25459
-5.15265;48.9199;9.85742395807429;5.92293786146563;25469
-5.15043333333333;48.92075;9.7717069010207;5.87143385750319;25503
-5.14981666666667;48.9209833333333;9.5608441546504;6.20888479140801;25514
-5.14911666666667;48.92125;9.47697757774701;6.15442119955146;25519
-5.14781666666667;48.9218;9.5608441546504;6.20888479140801;25539
-5.14706666666667;48.9221166666667;9.85742395807429;5.92293786146563;25552
-5.14495;48.9229333333333;10.1455889364579;5.6237917797977;25583
-5.14278333333333;48.92375;10.1455889364579;5.6237917797977;25609
-5.142;48.92405;10.028857254723;6.02594537821192;25619
-5.14068333333333;48.9245833333333;9.42024850932341;6.59612901803703;25639
-5.13996666666667;48.9248666666667;10.028857254723;6.02594537821192;25649
-5.13856666666667;48.9254333333333;9.54640068793213;6.93586608916232;25668
-5.13783333333333;48.92575;8.98332229051438;7.01854058385629;25682
-5.13721666666667;48.9260166666667;9.53393208438298;6.43071838991359;25689
-5.13675;48.9262166666667;9.22279342725891;6.70075165191191;25703
-5.13451666666667;48.9271;10.2421924139813;5.44587030740552;25729
-5.13373333333333;48.9273833333333;10.2421924139813;5.44587030740552;25739
-5.13301666666667;48.9276333333333;9.94314101512788;5.97444186542806;25751
-5.13225;48.92795;9.61683615789122;6.48663789357583;25763
-5.13161666666667;48.9282166666667;9.53393208438298;6.43071838991359;25770
-5.13026666666667;48.9288166666667;9.42024850932341;6.59612901803703;25790
-5.1295;48.9291166666667;9.66774797267858;6.04107941011038;25803
-5.12886666666667;48.9293666666667;9.94314101512788;5.97444186542806;25809
-5.12818333333333;48.9296166666667;9.58294364831995;5.98808778690929;25820
-5.12671666666667;48.9302;9.72857890809435;6.31781301393762;25841
-5.1248;48.931;9.92216256327785;6.20005529045442;25869
-5.1241;48.9312666666667;9.7717069010207;5.87143385750319;25883
-5.12331666666667;48.9315666666667;9.83735823891922;6.14706366725333;25893
-5.12116666666667;48.9324666666667;10.1145743117766;6.07744938217436;25919
-5.11985;48.9329666666667;10.4079741813179;5.76923429599122;25941
-5.11905;48.93325;10.3205127110653;5.72075361137687;25953
-5.11688333333333;48.9341666666667;9.46549867987914;6.8770873397108;25982
-5.11403333333333;48.9353;10.2860076084253;6.18045689892065;26026
-5.11268333333333;48.9358166666667;9.81244548499774;6.37227660579417;26043
-5.11205;48.9360833333333;9.58407876194035;6.71084419590622;26053
-5.11128333333333;48.9364;9.81244548499774;6.37227660579417;26059
-5.10981666666667;48.937;9.81244548499774;6.37227660579417;26083
-5.10916666666667;48.93725;10.2330504067105;5.67227246441205;26095
-5.10703333333333;48.93805;9.72857890809435;6.31781301393762;26119
-5.10631666666667;48.93835;9.72857890809435;6.31781301393762;26129
-5.10555;48.9386666666667;9.83735823891922;6.14706366725333;26145
-5.10426666666667;48.9391333333333;9.92216256327785;6.20005529045442;26159
-5.10356666666667;48.9394166666667;9.61683615789122;6.48663789357583;26169
-5.10283333333333;48.93975;9.53393208438298;6.43071838991359;26182
-5.1022;48.94;9.72857890809435;6.31781301393762;26191
-5.10143333333333;48.9403166666667;9.94314101512788;5.97444186542806;26202
-5.10088333333333;48.9405333333333;9.83735823891922;6.14706366725333;26215
-5.10003333333333;48.9408666666667;10.045895014262;5.80000019073486;26223
-5.0986;48.9414;9.72857890809435;6.31781301393762;26239
-5.09716666666667;48.9420166666667;9.50216402623401;6.65348688047418;26260
-5.09661666666667;48.94225;9.83735823891922;6.14706366725333;26271
-5.09591666666667;48.9425333333333;10.028857254723;6.02594537821192;26279
-5.0944;48.9431;10.028857254723;6.02594537821192;26299
-5.0901;48.9448;9.72857890809435;6.31781301393762;26359
-5.08876666666667;48.94535;10.1324970590967;5.84999990463257;26379
-5.08731666666667;48.9459;10.0069676963982;6.2530474190259;26399
-5.0859;48.94645;9.81244548499774;6.37227660579417;26419
-5.07878333333333;48.9492833333333;10.2860076084253;6.18045689892065;26519
-5.0773;48.9498833333333;9.69973944076762;6.54255686395016;26539
-5.07596666666667;48.9504333333333;9.78264351427586;6.59847636761239;26559
-5.07535;48.9507;9.72857890809435;6.31781301393762;26569
-5.07456666666667;48.9510166666667;10.1145743117766;6.07744938217436;26579
-5.07385;48.9513166666667;10.0917720207568;6.30603904222698;26589
-5.07313333333333;48.9515833333333;10.2002905513718;6.12895289495821;26602
-5.07166666666667;48.9521333333333;10.3057019746723;5.94999980926514;26621
-5.07101666666667;48.9523833333333;10.2190999298376;5.90000009536743;26633
-5.07021666666667;48.9526833333333;10.2002905513718;6.12895289495821;26639
-5.06958333333333;48.9529333333333;10.1145743117766;6.07744938217436;26649
-5.06808333333333;48.95355;9.81244548499774;6.37227660579417;26670
-5.06593333333333;48.9544;10.0917720207568;6.30603904222698;26702
-5.06453333333333;48.9549833333333;10.1145743117766;6.07744938217436;26722
-5.06305;48.9555333333333;10.1765771538771;6.35903117079846;26739
-5.06231666666667;48.9558;10.0069676963982;6.2530474190259;26749
-5.06158333333333;48.9561;10.1765771538771;6.35903117079846;26759
-5.06098333333333;48.9563666666667;9.81244548499774;6.37227660579417;26769
-5.06158333333333;48.9561;10.1765771538771;6.35903117079846;26781
-5.05948333333333;48.957;10.1479141920671;6.59013253144513;26790
-5.0581;48.9575166666667;10.3057019746723;5.94999980926514;26810
-5.0573;48.9578333333333;10.2860076084253;6.18045689892065;26818
-5.0551;48.9587333333333;9.98017943862311;6.48120430891552;26852
-5.05448333333333;48.959;9.89631286171972;6.42674071705897;26861
-5.05375;48.9592666666667;10.2190999298376;5.90000009536743;26869
-5.05235;48.9598666666667;9.54640068793213;6.93586608916232;26888
-5.05165;48.96015;9.92216256327785;6.20005529045442;26902
-5.05021666666667;48.9607;9.92216256327785;6.20005529045442;26919
-5.04958333333333;48.96095;9.61683615789122;6.48663789357583;26929
-5.0475;48.9618;9.94314101512788;5.97444186542806;26962
-5.04528333333333;48.96265;9.89631286171972;6.42674071705897;26989
-5.04458333333333;48.96295;9.58407876194035;6.71084419590622;26998
-5.04316666666667;48.9635333333333;10.028857254723;6.02594537821192;27019
-5.04238333333333;48.9638166666667;9.94314101512788;5.97444186542806;27036
-5.04163333333333;48.9640666666667;9.94314101512788;5.97444186542806;27046
-5.04033333333333;48.9646;9.3036954353119;6.75953040136344;27061
-5.03965;48.9648666666667;9.66774797267858;6.04107941011038;27072
-5.03753333333333;48.9656666666667;9.3383329924128;6.53877115559988;27104
-5.0369;48.96595;9.53393208438298;6.43071838991359;27112
-5.03478333333333;48.9668166666667;10.045895014262;5.80000019073486;27139
-5.03408333333333;48.9671;9.83735823891922;6.14706366725333;27151
-5.03331666666667;48.9674166666667;9.69973944076762;6.54255686395016;27163
-5.0327;48.9676666666667;9.72857890809435;6.31781301393762;27169
-5.02776666666667;48.9697166666667;10.0640468153451;6.53566842018033;27241
-5.02706666666667;48.9700166666667;10.2002905513718;6.12895289495821;27252
-5.02635;48.9703333333333;10.2860076084253;6.18045689892065;27259
-5.02478333333333;48.9709833333333;10.2860076084253;6.18045689892065;27279
-5.02411666666667;48.97125;10.4789077161542;6.05000019073487;27289
-5.02478333333333;48.9709833333333;10.2860076084253;6.18045689892065;27296
-5.02275;48.9718;10.0640468153451;6.53566842018033;27312
-5.02123333333333;48.9724166666667;10.0640468153451;6.53566842018033;27329
-5.01918333333333;48.9733166666667;10.1765771538771;6.35903117079846;27358
-5.01846666666667;48.9736166666667;10.2613822869974;6.41202329936994;27372
-5.01766666666667;48.97395;10.3461866113561;6.46501492257102;27379
-5.01701666666667;48.9742166666667;10.1479141920671;6.59013253144513;27392
-5.0162;48.9745333333333;10.1479141920671;6.59013253144513;27399
-5.0155;48.9748333333333;10.1765771538771;6.35903117079846;27409
-5.0162;48.9745333333333;10.1479141920671;6.59013253144513;27423
-5.01408333333333;48.9754666666667;10.1765771538771;6.35903117079846;27431
-5.01336666666667;48.97575;10.3923048454133;6;27439
-5.01265;48.9760333333333;10.3923048454133;6;27453
-5.01123333333333;48.9766166666667;10.1145743117766;6.07744938217436;27469
-5.00981666666667;48.9772166666667;10.2002905513718;6.12895289495821;27489
-5.0091;48.9775;10.3923048454133;6;27499
-5.0084;48.9778;10.1145743117766;6.07744938217436;27514
-5.007;48.9783833333333;9.92216256327785;6.20005529045442;27529
-5.00498333333333;48.9792333333333;10.1145743117766;6.07744938217436;27559
-5.00345;48.9798833333333;9.81244548499774;6.37227660579417;27583
-5.00281666666667;48.98015;10.0917720207568;6.30603904222698;27589
-5.00071666666667;48.9810666666667;9.9484508706605;6.71031484164896;27619
-5.00001666666667;48.9813833333333;10.0640468153451;6.53566842018033;27629
-4.99923333333333;48.9817333333333;10.1142582270451;6.82215331568553;27639
-4.99858333333333;48.982;9.91174004837851;6.94027509864971;27656
-4.9965;48.98285;10.0917720207568;6.30603904222698;27679
-4.99578333333333;48.9831333333333;10.2002905513718;6.12895289495821;27689
-4.99216666666667;48.98465;10.3057019746723;5.94999980926514;27739
-4.99065;48.98525;10.1765771538771;6.35903117079846;27763
-4.98715;48.9867166666667;10.0069676963982;6.2530474190259;27812
-4.98641666666667;48.987;10.3057019746723;5.94999980926514;27822
-4.98715;48.9867166666667;10.0069676963982;6.2530474190259;27833
-4.9844;48.9878166666667;10.2860076084253;6.18045689892065;27849
-4.98283333333333;48.9884666666667;10.3057019746723;5.94999980926514;27873
-4.98216666666667;48.98875;10.4574409050741;6.28346441566695;27879
-4.98073333333333;48.98935;10.1479141920671;6.59013253144513;27899
-4.98001666666667;48.9896666666667;10.2613822869974;6.41202329936994;27909
-4.9793;48.98995;10.1765771538771;6.35903117079846;27919
-4.97851666666667;48.9902833333333;10.2860076084253;6.18045689892065;27929
-4.97785;48.9905833333333;10.4309917444764;6.5180070511425;27939
-4.97851666666667;48.9902833333333;10.2860076084253;6.18045689892065;27958
-4.97575;48.99145;10.6703602602802;5.91467727453522;27969
-4.975;48.9917333333333;10.8602555605737;5.77450031181105;27983
-4.97265;48.99265;9.91174004837851;6.94027509864971;28012
-4.97205;48.9929;10.3717246654789;6.23196090288309;28019
-4.97126666666667;48.9932166666667;10.5828987900276;5.86619658992087;28029
-4.97055;48.9934833333333;10.3057019746723;5.94999980926514;28043
-4.96983333333333;48.9937666666667;10.1145743117766;6.07744938217436;28049
-4.96911666666667;48.99405;10.0069676963982;6.2530474190259;28059
-4.96708333333333;48.9949166666667;9.89631286171972;6.42674071705897;28091
-4.96636666666667;48.9952166666667;10.2002905513718;6.12895289495821;28103
-4.96558333333333;48.9955333333333;10.4954364856727;5.81771544295604;28109
-4.9649;48.9957833333333;10.4789077161542;6.05000019073487;28118
-4.96403333333333;48.9961333333333;10.3717246654789;6.23196090288309;28129
-4.96271666666667;48.9966666666667;10.3461866113561;6.46501492257102;28151
-4.96046666666667;48.9976166666667;10.2317807689705;6.64459612330168;28179
-4.95825;48.9985333333333;10.4574409050741;6.28346441566695;28212
-4.9575;48.9988333333333;10.515796068835;6.57099867434358;28219
-4.95825;48.9985333333333;10.4574409050741;6.28346441566695;28233
-4.95605;48.99945;10.3995147225958;6.75352382642303;28239
-4.9538;49.0003666666667;11.0368449107366;5.86839453482364;28273
-4.9523;49.0009333333333;10.2317807689705;6.64459612330168;28289
-4.95018333333333;49.0017833333333;10.3461866113561;6.46501492257102;28319
-4.94863333333333;49.0023833333333;10.757822564635;5.96315842150004;28339
-4.94631666666667;49.0032666666667;10.4309917444764;6.5180070511425;28373
-4.94573333333333;49.0035;10.3461866113561;6.46501492257102;28379
-4.94483333333333;49.0038666666667;10.3156481456924;6.69906023456649;28393
-4.94418333333333;49.00415;10.1574850367018;7.11234759195093;28399
-4.94338333333333;49.0044833333333;10.1971623005534;6.87807281934777;28411
-4.94271666666667;49.0047833333333;10.515796068835;6.57099867434358;28419
-4.9419;49.0051333333333;10.6006012019553;6.62399080291506;28433
-4.94133333333333;49.0053666666667;10.5431579621277;6.33496841962939;28439
-4.9405;49.0057;10.5431579621277;6.33496841962939;28452
-4.93981666666667;49.0059666666667;10.7387146765646;6.19999980926514;28462
-4.9405;49.0057;10.5431579621277;6.33496841962939;28472
-4.93836666666667;49.0065833333333;10.1142582270451;6.82215331568553;28479
-4.93748333333333;49.00695;10.3461866113561;6.46501492257102;28494
-4.93683333333333;49.0072333333333;10.3995147225958;6.75352382642303;28500
-4.93393333333333;49.0084333333333;9.98017943862311;6.48120430891552;28539
-4.9318;49.0093166666667;9.89631286171972;6.42674071705897;28573
-4.93115;49.0095833333333;10.0917720207568;6.30603904222698;28579
-4.92675;49.01135;10.0917720207568;6.30603904222698;28639
-4.92596666666667;49.0116833333333;9.9484508706605;6.71031484164896;28650
-4.92675;49.01135;10.0917720207568;6.30603904222698;28667
-4.92456666666667;49.0122833333333;9.98017943862311;6.48120430891552;28673
-4.92388333333333;49.0126;10.1765771538771;6.35903117079846;28681
-4.92315;49.01285;10.0069676963982;6.2530474190259;28691
-4.92255;49.0130666666667;10.1145743117766;6.07744938217436;28701
-4.92173333333333;49.0134166666667;9.72857890809435;6.31781301393762;28711
-4.92121666666667;49.01365;9.22279342725891;6.70075165191191;28719
-4.92073333333333;49.0138333333333;9.45102801087474;6.37479888625135;28726
-4.91971666666667;49.0142833333333;9.94314101512788;5.97444186542806;28745
-4.91843333333333;49.0147833333333;10.028857254723;6.02594537821192;28762
-4.91766666666667;49.0151;10.0069676963982;6.2530474190259;28770
-4.91616666666667;49.0157166666667;10.0917720207568;6.30603904222698;28790
-4.91543333333333;49.0160166666667;10.3923048454133;6;28800
-4.91413333333333;49.0165333333333;9.86554679715226;6.65439533798672;28822
-4.91326666666667;49.0168833333333;10.0640468153451;6.53566842018033;28831
-4.9127;49.0171333333333;10.1765771538771;6.35903117079846;28841
-4.91128333333333;49.01775;10.4789077161542;6.05000019073487;28857
-4.9104;49.0181;10.2860076084253;6.18045689892065;28870
-4.90903333333333;49.01865;10.3717246654789;6.23196090288309;28889
-4.90691666666667;49.0195;10.2317807689705;6.64459612330168;28918
-4.90531666666667;49.0201666666667;10.3717246654789;6.23196090288309;28943
-4.90313333333333;49.0210833333333;10.5431579621277;6.33496841962939;28972
-4.9025;49.02135;10.3461866113561;6.46501492257102;28978
-4.89876666666667;49.02295;10.0755703009955;7.05499027651889;29032
-4.89736666666667;49.0235666666667;10.7145912587764;6.43797593637568;29049
-4.89876666666667;49.02295;10.0755703009955;7.05499027651889;29062
-4.8943;49.0247666666667;10.2317807689705;6.64459612330168;29092
-4.89365;49.02505;10.3995147225958;6.75352382642303;29099
-4.88993333333333;49.0266666666667;10.8452840348876;6.01163910611439;29153
-4.8863;49.0282;10.4789077161542;6.05000019073487;29207
-4.885;49.0287333333333;10.3461866113561;6.46501492257102;29221
-4.8827;49.02975;10.1765771538771;6.35903117079846;29252
-4.8799;49.03095;10.4574409050741;6.28346441566695;29292
-4.87911666666667;49.0312833333333;10.2317807689705;6.64459612330168;29301
-4.8799;49.03095;10.4574409050741;6.28346441566695;29306
-4.87841666666667;49.0316;9.9484508706605;6.71031484164896;29313
-4.87046666666667;49.035;10.1574850367018;7.11234759195093;29422
-4.86675;49.03655;10.3304866680406;5.49281719505033;29473
-4.86615;49.0367666666667;10.2613822869974;6.41202329936994;29482
-4.86515;49.0372166666667;9.61683615789122;6.48663789357583;29496
-4.86481666666667;49.03735;9.10444450988387;6.86069103435914;29503
-4.86381666666667;49.0377666666667;9.69948435720448;5.59999990463257;29516
-4.86211666666667;49.03845;9.14189219074465;6.64197346301609;29541
-4.86123333333333;49.0388166666667;8.94471756020205;6.74032814451584;29552
-4.86058333333333;49.0391333333333;9.2852206544901;6.26296041221478;29562
-4.85808333333333;49.0402;9.5608441546504;6.20888479140801;29605
-4.85736666666667;49.0405;9.89631286171972;6.42674071705897;29612
-4.85668333333333;49.0408;9.58407876194035;6.71084419590622;29623
-4.85605;49.0410666666667;9.69973944076762;6.54255686395016;29632
-4.85535;49.0413833333333;10.0917720207568;6.30603904222698;29638
-4.85473333333333;49.04165;10.5070760182035;5.58671141806291;29652
-4.85316666666667;49.0423;10.0917720207568;6.30603904222698;29673
-4.85113333333333;49.0432;10.0640468153451;6.53566842018033;29702
-4.8497;49.0438333333333;10.1479141920671;6.59013253144513;29719
-4.84893333333333;49.0441666666667;10.1765771538771;6.35903117079846;29732
-4.84828333333333;49.0444666666667;10.4309917444764;6.5180070511425;29739
-4.84685;49.0450833333333;10.2613822869974;6.41202329936994;29759
-4.84615;49.0454;10.1479141920671;6.59013253144513;29772
-4.84466666666667;49.04605;10.0640468153451;6.53566842018033;29792
-4.8433;49.04665;10.3461866113561;6.46501492257102;29811
-4.84266666666667;49.0469166666667;10.0313549441687;6.7662343453112;29819
-4.84195;49.0472166666667;10.2317807689705;6.64459612330168;29830
-4.84116666666667;49.04755;10.1479141920671;6.59013253144513;29839
-4.84038333333333;49.0479;10.2613822869974;6.41202329936994;29852
-4.83966666666667;49.0482333333333;10.1971623005534;6.87807281934777;29858
-4.83901666666667;49.0485166666667;10.1479141920671;6.59013253144513;29872
-4.8383;49.0488333333333;10.5431579621277;6.33496841962939;29879
-4.83683333333333;49.04945;10.4833820993178;6.80798793768784;29898
-4.83603333333333;49.0497833333333;10.1142582270451;6.82215331568553;29913
-4.83391666666667;49.0507166666667;10.3156481456924;6.69906023456649;29939
-4.83101666666667;49.0519;10.4309917444764;6.5180070511425;29979
-4.8288;49.05285;10.2317807689705;6.64459612330168;30012
-4.82518333333333;49.0544;10.3995147225958;6.75352382642303;30063
-4.82221666666667;49.0556333333333;10.515796068835;6.57099867434358;30099
-4.82071666666667;49.05625;10.4833820993178;6.80798793768784;30119
-4.8184;49.0571833333333;10.6006012019553;6.62399080291506;30149
-4.81555;49.0584166666667;10.3156481456924;6.69906023456649;30190
-4.8133;49.05935;11.0202086435973;6.10860140004404;30221
-4.81176666666667;49.0599166666667;10.515796068835;6.57099867434358;30239
-4.81028333333333;49.0605;10.4309917444764;6.5180070511425;30259
-4.80885;49.0610666666667;11.0368449107366;5.86839453482364;30279
-4.80563333333333;49.06225;10.9327463392424;6.06012025307921;30318
-4.80421666666667;49.0627833333333;10.6288742017228;6.38647193241324;30339
-4.79828333333333;49.0650666666667;10.8452840348876;6.01163910611439;30419
-4.79746666666667;49.0653666666667;10.4574409050741;6.28346441566695;30429
-4.79673333333333;49.0656666666667;10.3995147225958;6.75352382642303;30439
-4.79606666666667;49.0659166666667;10.4574409050741;6.28346441566695;30448
-4.79523333333333;49.0662333333333;10.8602555605737;5.77450031181105;30459
-4.79378333333333;49.0667666666667;10.6521126317298;6.15000009536743;30479
-4.79295;49.0670833333333;10.6288742017228;6.38647193241324;30489
-4.79146666666667;49.0676833333333;10.515796068835;6.57099867434358;30508
-4.78995;49.0682833333333;10.9485498146329;5.82144719945586;30529
-4.78928333333333;49.0685333333333;10.8602555605737;5.77450031181105;30538
-4.78773333333333;49.0691166666667;10.2613822869974;6.41202329936994;30562
-4.78481666666667;49.0703;10.5655097609889;6.09999990463257;30599
-4.78405;49.0705833333333;10.757822564635;5.96315842150004;30611
-4.78255;49.07115;10.3156481456924;6.69906023456649;30629
-4.7811;49.0717666666667;10.5431579621277;6.33496841962939;30649
-4.77436666666667;49.0744166666667;10.757822564635;5.96315842150004;30741
-4.76836666666667;49.0767;11.1375815523546;5.67488124674434;30817
-4.76471666666667;49.0781;10.5655097609889;6.09999990463257;30869
-4.76318333333333;49.0787166666667;10.4789077161542;6.05000019073487;30889
-4.76471666666667;49.0781;10.5655097609889;6.09999990463257;30895
-4.76241666666667;49.079;10.5655097609889;6.09999990463257;30902
-4.76161666666667;49.0793166666667;10.3461866113561;6.46501492257102;30912
-4.76088333333333;49.0796;10.3717246654789;6.23196090288309;30920
-4.75718333333333;49.08105;10.4574409050741;6.28346441566695;30971
-4.74605;49.0853666666667;10.4574409050741;6.28346441566695;31119
-4.73496666666667;49.0897;10.2860076084253;6.18045689892065;31271
-4.72776666666667;49.0925333333333;10.6836662104108;5.68060608879847;31369
-4.72611666666667;49.0931333333333;10.3461866113561;6.46501492257102;31393
-4.72403333333333;49.09395;10.4574409050741;6.28346441566695;31421
-4.71648333333333;49.09685;10.6288742017228;6.38647193241324;31519
-4.71196666666667;49.0985666666667;10.757822564635;5.96315842150004;31579
-4.70606666666667;49.1008333333333;10.6521126317298;6.15000009536743;31659
-4.69408333333333;49.1053333333333;10.6836662104108;5.68060608879847;31818
