"x";"y";"vx";"vy";"t"
-5.12874;48.7514933333333;6.92252430154821;-8.54860557602668;0
-5.12278333333333;48.7456483333333;8.405366547545;-8.70401185850404;119
-5.11447166666667;48.737435;6.95697478860805;-8.90452166605708;354
-5.10882333333333;48.7318066666667;6.05418821072361;-8.3328751963697;543
-5.10238166666667;48.7252183333333;7.04953018052196;-6.80765216299374;672
-5.09374333333333;48.7165816666667;6.49215510303806;-7.73704916772444;927
-5.08487833333333;48.7076216666667;6.75821937947754;-7.50576302080893;1108
-5.07929166666667;48.7018583333333;6.27974693089361;-8.03770953648744;1247
-5.07470833333333;48.6970483333333;7.16098278065624;-7.67921386700129;1443
-5.06829833333333;48.6909416666667;6.88818369679296;-7.38667266534292;1536
-5.05851;48.682165;7.70002890383482;-5.39161828289778;1812
-5.04519166666667;48.6705216666667;7.4306309521427;-6.23503969135743;2112
-5.03781;48.6638416666667;6.15182886145305;-6.15182886145305;2322
-5.03200833333333;48.6585016666667;7.89025791023686;-6.62071250237336;2483
-5.02729833333333;48.6537683333333;6.93449478204028;-5.4178211002939;2580
-5.02238166666667;48.64921;8.23774748790155;-6.67079638519495;2722
-5.01767666666667;48.6448033333333;6.3828874048167;-4.98685818499405;2813
-5.01255;48.639705;6.76261819533154;-6.08908877311868;2935
-5.00770166666667;48.6348883333333;7.84888554091051;-7.84888554091051;3076
-5.00218166666667;48.6299616666667;8.12007138928393;-6.81354890788133;3212
-4.999435;48.6274583333333;7.77145961456971;-6.29320391049837;3269
-4.99449166666667;48.6229883333333;7.77145961456971;-6.29320391049837;3401
-4.98988166666667;48.618475;7.62500215799606;-7.36337899185651;3525
-4.984645;48.6140133333333;7.54424222650362;-5.08865563489896;3662
-4.97929166666667;48.6095066666667;7.36121593216773;-4.25;3774
-4.97444833333333;48.6054833333333;8.08231770269484;-6.54493182685163;3903
-4.96958166666667;48.601295;9.22279342725891;-6.70075165191191;4072
-4.96437166666667;48.596735;7.60475943850901;-5.52518114732697;4175
-4.95927833333333;48.592155;5.90630923295857;-4.78283491196209;4270
-4.95394666666667;48.5877466666667;8.14126204660637;-5.08722513878692;4414
-4.94901666666667;48.583695;8.06621895613293;-6.0783319634099;4519
-4.943345;48.5789466666667;8.57167300702112;-5.15038074910054;4686
-4.93831666666667;48.5743216666667;8.25197318831672;-5.99540946127208;4818
-4.93305166666667;48.5698183333333;8.57365116710347;-4.94999980926513;4923
-4.92509833333333;48.56327;8.89918693812442;-6.4656377752172;5167
-4.91940666666667;48.5574933333333;7.38288663384122;-5.97854371497345;5303
-4.91095;48.54852;7.80204232288678;-4.87525712987141;5563
-4.90515166666667;48.543765;9.70820393249937;-7.05342302750968;5659
-4.89810166666667;48.5369366666667;8.29037572555042;-5.59192903470747;5812
-4.89157166666667;48.5295483333333;7.15969736041325;-7.95164949086449;6002
-4.88717333333333;48.5246233333333;8.10027831421634;-7.29352335405849;6131
-4.88222666666667;48.5196266666667;7.1349427127246;-8.50309361084342;6267
-4.87784833333333;48.512545;5.35197563666997;-10.065602221774;6423
-4.87446833333333;48.5066833333333;6.17174514907097;-8.49467844093695;6550
-4.87099666666667;48.50105;5.14021676198801;-8.22606637096499;6669
-4.867245;48.4951783333333;4.94999980926514;-8.57365116710347;6826
-4.864485;48.4907683333333;4.94436571560796;-8.22880641372365;6932
-4.86113;48.48564;4.35296817653724;-9.33497037934199;7032
-4.85747;48.4795216666667;5.21113452601258;-9.80071861755186;7223
-4.85401166666667;48.4733866666667;4.76690024726524;-9.35556850397786;7295
-4.8509;48.4680166666667;3.26114847756876;-8.49558223725721;7411
-4.84835166666667;48.4625833333333;3.54869275938862;-10.3061521133458;7573
-4.84533333333333;48.4568783333333;3.86823802299172;-9.11299769803442;7662
-4.84243333333333;48.451005;2.9217560768075;-10.1893743436384;7804
-4.839355;48.4448116666667;3.70860513191646;-9.17911980651862;7966
-4.83579833333333;48.4393483333333;3.8880879274064;-8.33803146787269;8078
-4.83234333333333;48.4330916666667;3.74403377625731;-10.8734636193921;8195
-4.82875;48.4272366666667;4.76690024726524;-9.35556850397786;8330
-4.825575;48.4216966666667;4.64673432318954;-9.52721723363389;8493
-4.82266166666667;48.415605;3.18078739816389;-8.73914155254109;8607
-4.82028;48.4060066666667;2.56230844778333;-9.56266531179031;8825
-4.81829166666667;48.3988383333333;2.34664234117384;-9.41186835980794;8970
-4.81629166666667;48.3922283333333;2.51598762195067;-10.0910751831319;9111
-4.81407166666667;48.3855;1.51698674737439;-10.7939215715258;9229
-4.812045;48.3764716666667;1.54870114422327;-9.77811419511866;9477
-4.81114;48.3696733333333;0.854126295550693;-9.76270823130817;9593
-4.81063333333333;48.3614366666667;-0.191976470810115;-10.9983246467203;9763
-4.80996333333333;48.3553366666667;2.44341123784252;-9.79998720552601;9895
-4.80784;48.346545;2.89447976522414;-9.46741671923274;10093
-4.80518166666667;48.3412733333333;3.28339350639675;-9.02104951800901;10177
-4.80191333333333;48.3351666666667;3.94534536025641;-8.86139076488826;10323
-4.79644166666667;48.3272816666667;4.40370776088179;-8.64276311468116;10501
-4.79325333333333;48.3216483333333;4.49450577423788;-8.82096424957283;10681
-4.78954;48.31618;4.55387406947855;-8.5645914823227;10818
-4.78416;48.310105;5.19320889055949;-8.31087150408531;10957
-4.77968333333333;48.3052816666667;4.78985419489922;-7.97165606002133;11094
-4.77351;48.298445;4.64776829249113;-8.7411808324856;11245
-4.77044166666667;48.2935333333333;3.7013036071475;-8.3132640130376;11353
-4.766045;48.2862183333333;3.51658015640347;-8.28454368107196;11541
-4.75737666666667;48.2728366666667;3.8880879274064;-8.33803146787269;11903
-4.75582666666667;48.2675483333333;0.88027303499863;-10.0615668307447;12000
-4.755955;48.2585283333333;0.497191584307966;-9.48698058016845;12208
