"x";"y";"vx";"vy";"t"
-5.04303;49.2038083333333;-19.4855715851499;-11.25;0
-5.04797333333333;49.2019233333333;-19.5721744558908;-11.3000001907349;38
-5.12358833333333;49.1759783333333;-20.0429110315332;-10.6570048334181;574
-5.126995;49.1748083333333;-19.9546159354295;-10.6100574980503;595
-5.13452333333333;49.1722416666667;-20.22584877886;-10.305584690455;645
-5.13551666666667;49.171905;-20.22584877886;-10.305584690455;652
-5.13723833333333;49.1713383333333;-20.22584877886;-10.305584690455;666
-5.14835;49.1675916666667;-20.131204443548;-10.7039512733399;743
-5.1509;49.1667166666667;-20.131204443548;-10.7039512733399;762
-5.15161;49.16648;-20.0429110315332;-10.6570048334181;769
-5.15329666666667;49.1658816666667;-19.9546159354295;-10.6100574980503;778
-5.15415166666667;49.165595;-19.9546159354295;-10.6100574980503;785
-5.15514666666667;49.165255;-20.0429110315332;-10.6570048334181;794
-5.15684333333333;49.1646766666667;-19.9546159354295;-10.6100574980503;802
-5.15769833333333;49.1643983333333;-19.9546159354295;-10.6100574980503;809
-5.16264833333333;49.1626966666667;-20.1367477865491;-10.2601854672974;850
-5.164635;49.16201;-20.22584877886;-10.305584690455;858
-5.168915;49.1605633333333;-20.22584877886;-10.305584690455;893
-5.17033;49.1600766666667;-20.0429110315332;-10.6570048334181;903
-5.17317333333333;49.1591033333333;-20.1367477865491;-10.2601854672974;924
-5.20117666666667;49.1496833333333;-20.22584877886;-10.305584690455;1115
-5.20717333333333;49.1477;-20.22584877886;-10.305584690455;1167
-5.21745166666667;49.1442583333333;-20.3127457892239;-9.90718808465848;1228
-5.22603833333333;49.1414133333333;-20.0476467942383;-10.2147862441398;1293
-5.23354333333333;49.138895;-20.3127457892239;-9.90718808465848;1344
-5.236385;49.1379583333333;-20.4026255367165;-9.95102536656271;1363
-5.24475833333333;49.1351633333333;-20.1367477865491;-10.2601854672974;1423
-5.24716666666667;49.1343516666667;-20.1367477865491;-10.2601854672974;1439
-5.25489833333333;49.1317083333333;-20.1329862942386;-9.81951352085002;1496
-5.30355666666667;49.115735;-19.6587773266317;-11.3500003814697;1834
-5.31355333333333;49.1118583333333;-19.2506924297602;-12.0291677023901;1909
-5.318325;49.1099466666667;-19.037822532216;-12.3633065103677;1942
-5.31900666666667;49.10967;-19.037822532216;-12.3633065103677;1949
-5.32075833333333;49.108945;-18.953955155494;-12.3088423991029;1960
-5.322245;49.1083333333333;-19.037822532216;-12.3633065103677;1974
-5.32319;49.1079366666667;-19.037822532216;-12.3633065103677;1980
-5.32399333333333;49.1076016666667;-18.953955155494;-12.3088423991029;1987
-5.324805;49.1072683333333;-18.953955155494;-12.3088423991029;1994
-5.32708666666667;49.1063;-19.1658872966399;-11.9761755738186;2008
-5.32803166666667;49.1059033333333;-19.1658872966399;-11.9761755738186;2014
-5.329785;49.10517;-19.2506924297602;-12.0291677023901;2029
-5.33032666666667;49.1049533333333;-19.1658872966399;-11.9761755738186;2035
-5.336145;49.1025616666667;-19.2506924297602;-12.0291677023901;2074
-5.34182666666667;49.1002366666667;-19.1658872966399;-11.9761755738186;2123
-5.34752166666667;49.0978866666667;-19.2506924297602;-12.0291677023901;2159
-5.34914333333333;49.0972133333333;-19.2506924297602;-12.0291677023901;2173
-5.35240833333333;49.0958833333333;-19.2506924297602;-12.0291677023901;2195
-5.35818;49.0935716666667;-19.3354959453572;-12.0821588202208;2236
-5.361455;49.0922366666667;-19.1216883093008;-12.417769582816;2263
-5.35818;49.0935716666667;-19.3354959453572;-12.0821588202208;2273
-5.36469;49.090875;-19.037822532216;-12.3633065103677;2287
-5.369535;49.0888166666667;-19.037822532216;-12.3633065103677;2320
-5.40756833333333;49.0730916666667;-19.2005472087439;-11.5368526815138;2603
-5.41178333333333;49.0713766666667;-19.2862642657975;-11.5883566854762;2635
-5.41816833333333;49.068895;-18.870087778772;-12.2543782878381;2681
-5.44279;49.0582483333333;-19.0810821635196;-11.9231834452471;2874
-5.44424666666667;49.0576233333333;-19.0810821635196;-11.9231834452471;2881
-5.44279;49.0582483333333;-19.0810821635196;-11.9231834452471;2895
-5.44918333333333;49.0555433333333;-19.2862642657975;-11.5883566854762;2916
-5.46293666666667;49.0500866666667;-19.3989687144089;-11.1999998092651;3017
-5.47808166666667;49.044075;-19.312365843668;-11.1499996185303;3129
-5.48048833333333;49.0431066666667;-19.0291147295536;-11.4338456559461;3149
-5.48223;49.0424166666667;-19.0291147295536;-11.4338456559461;3162
-5.48545166666667;49.0411366666667;-19.2005472087439;-11.5368526815138;3184
-5.48610666666667;49.0408666666667;-19.0291147295536;-11.4338456559461;3194
-5.49182833333333;49.0385566666667;-19.0291147295536;-11.4338456559461;3234
-5.49649166666667;49.03667;-19.0291147295536;-11.4338456559461;3270
-5.49981166666667;49.0353166666667;-19.0291147295536;-11.4338456559461;3294
-5.50203833333333;49.0343816666667;-18.9433976725001;-11.3823416519836;3309
-5.50374833333333;49.0336766666667;-19.0525588832576;-11;3322
-5.505335;49.0330266666667;-19.1391617539986;-11.0500001907349;3336
-5.50613833333333;49.0327083333333;-19.1391617539986;-11.0500001907349;3344
-5.51171666666667;49.0304766666667;-19.1391617539986;-11.0500001907349;3382
-5.51494166666667;49.0292183333333;-19.2257646247395;-11.1000003814697;3408
-5.51575166666667;49.0289083333333;-19.2257646247395;-11.1000003814697;3415
-5.516425;49.0286433333333;-19.2257646247395;-11.1000003814697;3423
-5.51494166666667;49.0292183333333;-19.2257646247395;-11.1000003814697;3434
-5.51980833333333;49.02734;-19.312365843668;-11.1499996185303;3442
-5.52550333333333;49.0251216666667;-19.2005472087439;-11.5368526815138;3484
-5.52617833333333;49.0248533333333;-19.2005472087439;-11.5368526815138;3493
-5.532005;49.0225516666667;-19.2005472087439;-11.5368526815138;3531
-5.53363333333333;49.0219083333333;-19.2862642657975;-11.5883566854762;3550
-5.53511166666667;49.021305;-19.2862642657975;-11.5883566854762;3559
-5.53769;49.0202616666667;-19.2862642657975;-11.5883566854762;3576
-5.53849666666667;49.01993;-19.1148301516903;-11.4853486775513;3582
-5.53929666666667;49.0196016666667;-19.2005472087439;-11.5368526815138;3591
-5.54076166666667;49.0189916666667;-19.2005472087439;-11.5368526815138;3598
-5.54492666666667;49.0173466666667;-19.3989687144089;-11.1999998092651;3632
-5.54899666666667;49.0157816666667;-19.5040188019266;-10.8112541616129;3658
-5.55228;49.0145533333333;-19.5914811062815;-10.8597353085778;3684
-5.55638;49.0130116666667;-19.3989687144089;-11.1999998092651;3712
-5.55787166666667;49.012435;-19.5914811062815;-10.8597353085778;3731
-5.56290833333333;49.0105333333333;-19.5914811062815;-10.8597353085778;3760
-5.56536333333333;49.0096033333333;-19.5040188019266;-10.8112541616129;3779
-5.566865;49.009035;-19.5914811062815;-10.8597353085778;3791
-5.56782;49.00867;-19.5914811062815;-10.8597353085778;3801
-5.566865;49.009035;-19.5914811062815;-10.8597353085778;3807
-5.57271166666667;49.006805;-19.5040188019266;-10.8112541616129;3833
-5.57681166666667;49.0052566666667;-19.5040188019266;-10.8112541616129;3865
-5.58091166666667;49.0037066666667;-19.312365843668;-11.1499996185303;3895
-5.58663166666667;49.00153;-19.5040188019266;-10.8112541616129;3938
-5.59481333333333;48.9984483333333;-19.312365843668;-11.1499996185303;3999
-5.60450833333333;48.9947433333333;-19.3989687144089;-11.1999998092651;4072
-5.61268;48.9915966666667;-19.2005472087439;-11.5368526815138;4132
-5.68023666666667;48.9653366666667;-17.9601778923548;-13.0488330493375;4625
-5.69004333333333;48.9606466666667;-17.6498450767004;-13.3001122412345;4704
-5.69521833333333;48.958005;-17.2526409372601;-13.9709131614397;4745
-5.69736;48.95684;-16.8529777486175;-14.1413274131039;4763
-5.69521833333333;48.958005;-17.2526409372601;-13.9709131614397;4771
-5.69951;48.95568;-16.8529777486175;-14.1413274131039;4782
-5.70238833333333;48.954125;-16.6790820108221;-14.4989047909569;4807
-5.71054166666667;48.949025;-14.587046708117;-16.2005566284327;4876
-5.71158333333333;48.948285;-14.3020863314597;-16.4526682730587;4893
-5.71664833333333;48.9444916666667;-14.0127694007585;-16.6997682755482;4940
-5.718915;48.942705;-13.7191840447531;-16.9417813668466;4961
-5.72179666666667;48.9403433333333;-13.4829860747757;-17.257435203385;4992
-5.723395;48.9389866666667;-13.1797487774556;-17.4901173653804;5012
-5.72613666666667;48.936555;-12.8137180515314;-17.6365698601429;5037
-5.73808166666667;48.92556;-12.9900542998859;-17.8792758843018;5173
-5.73926166666667;48.9244816666667;-12.9312755504344;-17.7983738762488;5183
-5.74134666666667;48.9225583333333;-12.9900542998859;-17.8792758843018;5208
-5.74679;48.917545;-12.9900542998859;-17.8792758843018;5271
-5.74841333333333;48.9160433333333;-12.9900542998859;-17.8792758843018;5283
-5.75267833333333;48.91212;-13.0488330493375;-17.9601778923548;5334
-5.75439333333333;48.9105366666667;-13.0488330493375;-17.9601778923548;5350
-5.75928666666667;48.9060333333333;-13.0488330493375;-17.9601778923548;5409
-5.76037333333333;48.9050316666667;-13.0488330493375;-17.9601778923548;5421
-5.762545;48.9030233333333;-13.0488330493375;-17.9601778923548;5441
-5.763095;48.902525;-13.0488330493375;-17.9601778923548;5447
-5.763635;48.90202;-13.1076106776776;-18.0410783573303;5455
-5.76648833333333;48.8994283333333;-13.1076106776776;-18.0410783573303;5483
-5.77295166666667;48.89344;-12.8481119554614;-18.3490054795917;5554
-5.77349333333333;48.8929283333333;-12.8481119554614;-18.3490054795917;5567
-5.77295166666667;48.89344;-12.8481119554614;-18.3490054795917;5572
-5.77774833333333;48.8889216666667;-12.9054698178985;-18.4309209965023;5608
-5.78051833333333;48.886275;-12.8481119554614;-18.3490054795917;5641
-5.78266166666667;48.88423;-12.8481119554614;-18.3490054795917;5663
-5.78428666666667;48.8827066666667;-12.9054698178985;-18.4309209965023;5684
-5.78633166666667;48.880735;-12.8481119554614;-18.3490054795917;5709
-5.79569166666667;48.8719683333333;-13.2251681765806;-18.2028823734363;5806
-5.79624833333333;48.87146;-13.2251681765806;-18.2028823734363;5812
-5.79679;48.8709483333333;-13.2251681765806;-18.2028823734363;5821
-5.79787833333333;48.8699266666667;-13.2251681765806;-18.2028823734363;5832
-5.80390166666667;48.8643066666667;-13.1663894271291;-18.1219803653833;5904
-5.80507833333333;48.86319;-13.2251681765806;-18.2028823734363;5910
-5.812665;48.8561433333333;-13.2839469260322;-18.2837843814893;5993
-5.81585666666667;48.8531683333333;-12.9054698178985;-18.4309209965023;6029
-5.81703666666667;48.85206;-13.2839469260322;-18.2837843814893;6040
-5.821775;48.847435;-12.7907540930242;-18.2670899626811;6094
-5.82231833333333;48.8469266666667;-12.8481119554614;-18.3490054795917;6104
-5.82337666666667;48.8458966666667;-13.1663894271291;-18.1219803653833;6113
-5.827105;48.8423966666667;-13.5408380209211;-17.9692989760641;6157
-5.82776;48.8418116666667;-13.5408380209211;-17.9692989760641;6164
-5.82831166666667;48.8413016666667;-13.5408380209211;-17.9692989760641;6172
-5.829435;48.8402933333333;-13.5408380209211;-17.9692989760641;6179
-5.83165;48.83826;-13.6010197528105;-18.0491628317241;6201
-5.83498;48.8352133333333;-13.2251681765806;-18.2028823734363;6238
-5.836635;48.8336783333333;-13.2839469260322;-18.2837843814893;6261
-5.83762666666667;48.8327383333333;-12.9054698178985;-18.4309209965023;6268
-5.83817833333333;48.8322266666667;-12.9054698178985;-18.4309209965023;6274
-5.83879833333333;48.8316233333333;-12.9628276803357;-18.5128365134129;6282
-5.83935333333333;48.8311133333333;-12.9628276803357;-18.5128365134129;6289
-5.840435;48.8300766666667;-12.9628276803357;-18.5128365134129;6302
-5.841525;48.82904;-12.9628276803357;-18.5128365134129;6310
-5.843045;48.8275683333333;-12.9628276803357;-18.5128365134129;6331
-5.844765;48.825935;-12.9628276803357;-18.5128365134129;6349
-5.84692;48.8238566666667;-13.2839469260322;-18.2837843814893;6370
-5.84961833333333;48.8212816666667;-12.8481119554614;-18.3490054795917;6404
-5.85016166666667;48.8207683333333;-12.9628276803357;-18.5128365134129;6409
-5.85123166666667;48.81974;-12.8481119554614;-18.3490054795917;6422
-5.85383833333333;48.8172566666667;-13.2251681765806;-18.2028823734363;6449
-5.85548166666667;48.8157283333333;-13.2251681765806;-18.2028823734363;6465
-5.85666166666667;48.8146216666667;-12.9628276803357;-18.5128365134129;6480
-5.85922333333333;48.8121283333333;-12.5818403280918;-18.6533453824884;6508
-5.86139;48.8099466666667;-12.1999141765733;-18.7862204020501;6532
-5.85922333333333;48.8121283333333;-12.5818403280918;-18.6533453824884;6542
-5.87239833333333;48.7984133333333;-11.5883566854762;-19.2862642657975;6664
-5.87437;48.796285;-11.9231834452471;-19.0810821635196;6691
-5.87544166666667;48.7951366666667;-12.2543782878381;-18.870087778772;6702
-5.877345;48.7931116666667;-12.2543782878381;-18.870087778772;6729
-5.87800333333333;48.7923983333333;-12.1999141765733;-18.7862204020501;6738
-5.87894166666667;48.7914333333333;-12.5818403280918;-18.6533453824884;6745
-5.88091166666667;48.7894216666667;-12.5818403280918;-18.6533453824884;6766
-5.88150666666667;48.7888066666667;-12.5818403280918;-18.6533453824884;6772
-5.88201166666667;48.7882833333333;-12.5259208244296;-18.5704413089802;6779
-5.88253833333333;48.787765;-12.5818403280918;-18.6533453824884;6791
