"x";"y";"vx";"vy";"t"
-4.597015;48.3312466666667;-5.93663127237626;-8.17107195180246;0
-4.59847;48.3299283333333;-7.00035686400699;-7.00035686400699;34
-4.59885166666667;48.329515;-7.39615403013259;-6.4293786092403;46
-4.59898333333333;48.329405;-7.61603057050715;-6.16733995232174;51
-4.59929166666667;48.3291633333333;-7.74676429513111;-5.83760560978776;57
-4.59971;48.3288566666667;-8.05645691348605;-5.03423301021545;67
-4.60222166666667;48.3276583333333;-8.3795829288457;-1.93457915316926;113
-4.60277833333333;48.3275016666667;-8.21643947303027;-1.74645812355717;123
-4.60299666666667;48.3274516666667;-8.24566796649932;-1.60279548837513;130
-4.614135;48.3257633333333;-8.56782726336904;-1.51073911258153;340
-4.61479666666667;48.32568;-8.6663084143446;-1.52810399658975;351
-4.61537333333333;48.3255983333333;-8.76478862613431;-1.54546871499416;361
-4.61726666666667;48.3253416666667;-9.25719250264041;-1.63229280382762;394
-4.61792833333333;48.325255;-9.35567365361598;-1.64965768783584;399
-4.61997;48.324995;-10.1435200438629;-1.78857626309014;435
-4.620715;48.3249033333333;-10.5374427693935;-1.85803546791539;442
-4.622155;48.32472;-11.1283277968751;-1.96222444075707;459
-4.62769;48.3240816666667;-12.015771199229;-3.44546694771249;527
-4.62809833333333;48.3240283333333;-12.0494402899356;-3.68388359103744;532
-4.62918333333333;48.32387;-11.8564712384481;-4.55127289087206;545
-4.62945666666667;48.3238266666667;-11.7752347761519;-4.75750366493155;550
-4.63034;48.3236666666667;-11.6007398469336;-5.409513830889;559
-4.63112666666667;48.3234766666667;-11.2134342608995;-5.96228875783622;568
-4.63150166666667;48.3233566666667;-11.1251400068403;-5.91534187019141;573
-4.63193;48.3232066666667;-11.1251400068403;-5.91534187019141;579
-4.63306666666667;48.3228466666667;-11.3900236110624;-6.0561829808488;592
-4.63369666666667;48.32263;-11.3900236110624;-6.0561829808488;605
-4.63458166666667;48.322325;-11.457518497167;-6.35100621016721;615
-4.63631333333333;48.3217333333333;-11.4315351647733;-6.59999990463257;633
-4.63696166666667;48.3215066666667;-11.5181380355143;-6.65000009536744;639
-4.63866;48.32087;-12.0377527822412;-6.94999980926514;663
-4.63954666666667;48.3205433333333;-12.3841634392987;-7.15000009536744;670
-4.64052833333333;48.3201766666667;-12.8171761411909;-7.40000009536744;683
-4.64125333333333;48.3199133333333;-13.1192956070909;-7.27214430369505;688
-4.64168833333333;48.3197516666667;-13.2942193816983;-7.36910613527422;699
-4.64287166666667;48.31931;-13.5566054606606;-7.51454911381822;706
-4.64332833333333;48.3191433333333;-13.8622770394763;-7.37070344619389;711
-4.64409;48.318865;-14.0388663896392;-7.46459766920647;720
-4.645175;48.3184716666667;-14.3037516779502;-7.60543967530981;731
-4.645805;48.3182516666667;-14.5234056644864;-7.40004479938735;739
-4.64643833333333;48.31803;-14.5234056644864;-7.40004479938735;749
-4.64830666666667;48.3173966666667;-14.9689089265805;-7.62704004925712;759
-4.64888333333333;48.3172016666667;-15.0580099188914;-7.67243927241471;767
-4.64962666666667;48.31695;-15.0580099188914;-7.67243927241471;780
-4.651455;48.316325;-15.0984041747054;-8.02796390272792;790
-4.65204333333333;48.3161183333333;-15.0984041747054;-8.02796390272792;799
-4.653385;48.3156466666667;-15.2749926828239;-8.12185767801753;808
-4.65465;48.315195;-15.5926141732964;-7.94483374544207;819
-4.65533166666667;48.3149566666667;-15.5926141732964;-7.94483374544207;830
-4.655935;48.3147483333333;-15.6817151656073;-7.99023296859966;836
-4.65860166666667;48.31381;-15.8599154507689;-8.08103054899667;856
-4.65990833333333;48.3133666666667;-15.9490164430798;-8.12642977215426;868
-4.66052;48.31316;-16.0381174353906;-8.17182899531185;874
-4.66129;48.312905;-16.0381174353906;-8.17182899531185;879
-4.66260166666667;48.31246;-16.1272184277015;-8.21722821846943;892
-4.66331166666667;48.31222;-16.1272184277015;-8.21722821846943;904
-4.66465;48.3117616666667;-16.3054187128631;-8.30802579886645;913
-4.66725833333333;48.3108583333333;-16.394519705174;-8.35342502202403;934
-4.66797833333333;48.310605;-16.394519705174;-8.35342502202403;939
-4.66932666666667;48.310125;-16.4836206974848;-8.39882424518162;951
-4.67085333333333;48.3095866666667;-16.7175696040272;-8.15370349750217;971
-4.67211666666667;48.30915;-16.766694060178;-7.81843784220295;976
-4.67284;48.3089033333333;-16.8573251846107;-7.86069982959309;982
-4.67366333333333;48.308635;-16.8573251846107;-7.86069982959309;990
-4.67496166666667;48.3082333333333;-17.0833007548965;-7.60597553583289;1000
-4.67570333333333;48.3080083333333;-16.9919458606423;-7.5653017163676;1007
-4.67635333333333;48.3078133333333;-16.9919458606423;-7.5653017163676;1012
-4.67709166666667;48.30759;-16.8573251846107;-7.86069982959309;1020
-4.67783;48.3073616666667;-16.8573251846107;-7.86069982959309;1028
-4.6793;48.3068916666667;-16.8573251846107;-7.86069982959309;1038
-4.68067;48.3064433333333;-16.8573251846107;-7.86069982959309;1049
-4.68122;48.306265;-16.8573251846107;-7.86069982959309;1054
-4.682765;48.3057616666667;-16.8573251846107;-7.86069982959309;1073
-4.68404666666667;48.3053466666667;-16.766694060178;-7.81843784220295;1078
-4.68486666666667;48.30509;-16.8573251846107;-7.86069982959309;1090
-4.68541;48.30492;-16.766694060178;-7.81843784220295;1096
-4.68686333333333;48.3044666666667;-16.766694060178;-7.81843784220295;1101
-4.68767666666667;48.304215;-16.6760629357454;-7.77617585481281;1108
-4.68961333333333;48.3035966666667;-16.766694060178;-7.81843784220295;1126
-4.69034833333333;48.30336;-16.766694060178;-7.81843784220295;1133
-4.69172166666667;48.3029183333333;-16.6760629357454;-7.77617585481281;1151
-4.69373333333333;48.3022666666667;-16.766694060178;-7.81843784220295;1161
-4.69455166666667;48.3020083333333;-16.766694060178;-7.81843784220295;1170
-4.695915;48.3015683333333;-16.9005909663881;-7.5246278969023;1182
-4.69721666666667;48.3011383333333;-16.9919458606423;-7.5653017163676;1193
-4.69878833333333;48.3006383333333;-16.9919458606423;-7.5653017163676;1210
-4.70015833333333;48.300215;-16.9005909663881;-7.5246278969023;1219
-4.70154;48.299805;-16.9005909663881;-7.5246278969023;1229
-4.70218333333333;48.2996116666667;-16.8092360721339;-7.48395407743701;1234
-4.70365833333333;48.2991633333333;-16.9005909663881;-7.5246278969023;1250
-4.70576666666667;48.2985016666667;-16.9919458606423;-7.5653017163676;1265
-4.706405;48.2982966666667;-16.9919458606423;-7.5653017163676;1270
-4.70723;48.298035;-16.9919458606423;-7.5653017163676;1278
-4.707775;48.2978616666667;-16.8092360721339;-7.48395407743701;1284
-4.70914666666667;48.2974283333333;-16.8092360721339;-7.48395407743701;1293
-4.710695;48.29695;-16.8092360721339;-7.48395407743701;1307
-4.71124;48.29679;-16.8092360721339;-7.48395407743701;1315
-4.712775;48.2963333333333;-16.7178811778797;-7.44328025797171;1325
-4.71333333333333;48.296165;-16.9005909663881;-7.5246278969023;1330
-4.71416666666667;48.2959133333333;-16.9005909663881;-7.5246278969023;1344
-4.71548666666667;48.2955016666667;-16.9005909663881;-7.5246278969023;1350
-4.71686666666667;48.2950833333333;-16.8092360721339;-7.48395407743701;1359
-4.71760666666667;48.294855;-16.8092360721339;-7.48395407743701;1370
-4.71834333333333;48.294625;-16.8092360721339;-7.48395407743701;1380
-4.71972333333333;48.2941966666667;-16.8092360721339;-7.48395407743701;1390
-4.7211;48.2937633333333;-16.9005909663881;-7.5246278969023;1402
-4.722565;48.29331;-16.8092360721339;-7.48395407743701;1409
-4.72320333333333;48.2931116666667;-16.8092360721339;-7.48395407743701;1417
-4.72676666666667;48.292025;-16.7178811778797;-7.44328025797171;1444
-4.72740166666667;48.29183;-16.7178811778797;-7.44328025797171;1453
-4.72812666666667;48.2916066666667;-16.7178811778797;-7.44328025797171;1458
-4.72948833333333;48.291185;-16.7178811778797;-7.44328025797171;1469
-4.73075333333333;48.29079;-16.8092360721339;-7.48395407743701;1480
-4.73146666666667;48.29057;-16.7178811778797;-7.44328025797171;1486
-4.732895;48.2901333333333;-16.6265280260752;-7.40260721429499;1499
-4.73353166666667;48.2899333333333;-16.6265280260752;-7.40260721429499;1509
-4.73497666666667;48.2894783333333;-16.6265280260752;-7.40260721429499;1523
-4.736255;48.2890733333333;-16.7178811778797;-7.44328025797171;1529
-4.73839666666667;48.2884366666667;-16.6265280260752;-7.40260721429499;1546
-4.740505;48.28776;-16.8092360721339;-7.48395407743701;1564
-4.74124166666667;48.287515;-16.8092360721339;-7.48395407743701;1570
-4.74250833333333;48.28711;-16.7178811778797;-7.44328025797171;1583
-4.74323;48.2868783333333;-16.7178811778797;-7.44328025797171;1589
-4.74395166666667;48.28665;-16.7178811778797;-7.44328025797171;1594
-4.74458666666667;48.2864516666667;-16.7178811778797;-7.44328025797171;1599
-4.74531;48.2862233333333;-16.8092360721339;-7.48395407743701;1606
-4.74739166666667;48.2855666666667;-16.9005909663881;-7.5246278969023;1624
-4.74811166666667;48.2853416666667;-16.8092360721339;-7.48395407743701;1630
-4.74874166666667;48.2851433333333;-16.7178811778797;-7.44328025797171;1643
-4.75019166666667;48.28469;-16.8092360721339;-7.48395407743701;1649
-4.750835;48.2844933333333;-16.8092360721339;-7.48395407743701;1654
-4.75156;48.28426;-16.8092360721339;-7.48395407743701;1663
-4.75292666666667;48.283825;-16.7178811778797;-7.44328025797171;1672
-4.75438;48.2833516666667;-16.8092360721339;-7.48395407743701;1684
-4.755015;48.283145;-16.7178811778797;-7.44328025797171;1696
-4.75648166666667;48.282675;-16.8092360721339;-7.48395407743701;1703
-4.75913166666667;48.2818266666667;-16.8092360721339;-7.48395407743701;1726
-4.75986166666667;48.2815916666667;-16.9005909663881;-7.5246278969023;1733
-4.76058833333333;48.2813583333333;-16.8092360721339;-7.48395407743701;1739
-4.76123333333333;48.2811533333333;-16.8092360721339;-7.48395407743701;1744
-4.76205666666667;48.2808933333333;-16.8092360721339;-7.48395407743701;1756
-4.763425;48.2804516666667;-16.9005909663881;-7.5246278969023;1763
-4.76470833333333;48.28004;-16.9005909663881;-7.5246278969023;1774
-4.765535;48.2797766666667;-17.0293397888701;-7.22852587705157;1786
-4.76680833333333;48.2793783333333;-16.9372889523802;-7.18945261515054;1793
-4.76762333333333;48.2791216666667;-17.0293397888701;-7.22852587705157;1798
-4.76814166666667;48.278985;-16.9372889523802;-7.18945261515054;1804
-4.76895666666667;48.2787316666667;-16.9372889523802;-7.18945261515054;1815
-4.77023333333333;48.2783283333333;-17.0293397888701;-7.22852587705157;1823
-4.77096666666667;48.2780966666667;-17.0293397888701;-7.22852587705157;1829
-4.77252;48.277605;-16.9372889523802;-7.18945261515054;1843
-4.77380166666667;48.27719;-17.2456200486348;-6.96768278043704;1853
-4.77516;48.2767566666667;-16.9911644745144;-6.52229695513752;1864
-4.775895;48.2765283333333;-17.0845210926334;-6.55813320326596;1876
-4.77728333333333;48.2761216666667;-17.2903438639964;-6.29317050672199;1883
-4.77802166666667;48.2759083333333;-17.2903438639964;-6.29317050672199;1889
-4.77941833333333;48.2755216666667;-17.3843134845393;-6.32737265152488;1900
-4.78016;48.27532;-17.2903438639964;-6.29317050672199;1908
-4.78080166666667;48.2751466666667;-16.9911644745144;-6.52229695513752;1913
-4.78209666666667;48.27479;-16.9911644745144;-6.52229695513752;1924
-4.78292333333333;48.2745616666667;-16.9911644745144;-6.52229695513752;1936
-4.78439;48.274145;-17.0845210926334;-6.55813320326596;1942
-4.784935;48.2739883333333;-16.897806075732;-6.48646002347647;1949
-4.78639833333333;48.2735716666667;-16.897806075732;-6.48646002347647;1960
-4.78714666666667;48.2733483333333;-16.9911644745144;-6.52229695513752;1966
-4.787875;48.273145;-16.9911644745144;-6.52229695513752;1973
-4.78851166666667;48.2729683333333;-16.897806075732;-6.48646002347647;1984
-4.78980166666667;48.2726133333333;-17.0845210926334;-6.55813320326596;1993
-4.79135333333333;48.27219;-16.9911644745144;-6.52229695513752;2002
-4.79335333333333;48.2716483333333;-16.8044476769496;-6.45062309181541;2020
-4.79399666666667;48.2714716666667;-16.897806075732;-6.48646002347647;2033
-4.79613;48.270835;-16.9911644745144;-6.52229695513752;2043
-4.79686666666667;48.2706233333333;-17.0845210926334;-6.55813320326596;2053
-4.79896166666667;48.27004;-16.8044476769496;-6.45062309181541;2067
-4.80032166666667;48.26969;-16.9911644745144;-6.52229695513752;2081
-4.80179166666667;48.269305;-16.9911644745144;-6.52229695513752;2093
-4.80243666666667;48.2691333333333;-16.8747468605007;-6.81784028597175;2103
-4.804545;48.2685533333333;-16.4770365256539;-6.9940870509059;2116
-4.805985;48.268115;-16.535173131821;-7.3619333948297;2128
-4.80653;48.2679483333333;-16.6265280260752;-7.40260721429499;2134
-4.80733833333333;48.2676966666667;-16.7531890351239;-7.11130683660898;2140
-4.80796833333333;48.2674983333333;-16.7531890351239;-7.11130683660898;2146
-4.809415;48.267055;-16.8452381158902;-7.15037935324952;2164
-4.81076;48.2666383333333;-16.6611381986339;-7.07223357470795;2173
-4.811305;48.26647;-16.7531890351239;-7.11130683660898;2178
-4.812755;48.26602;-16.9372889523802;-7.18945261515054;2187
-4.813565;48.2657683333333;-16.8452381158902;-7.15037935324952;2200
-4.81544166666667;48.2651783333333;-16.6611381986339;-7.07223357470795;2212
-4.81616166666667;48.2649533333333;-16.7531890351239;-7.11130683660898;2221
-4.81688666666667;48.2647216666667;-16.9372889523802;-7.18945261515054;2226
-4.81824;48.2643066666667;-16.6611381986339;-7.07223357470795;2238
-4.81905666666667;48.264055;-16.7531890351239;-7.11130683660898;2245
-4.82041833333333;48.2636316666667;-16.9372889523802;-7.18945261515054;2254
-4.82105;48.2634383333333;-16.8452381158902;-7.15037935324952;2260
-4.82168333333333;48.26324;-16.6611381986339;-7.07223357470795;2270
-4.82313333333333;48.2627866666667;-16.5690873621439;-7.03316031280693;2278
-4.82377;48.2625883333333;-16.7531890351239;-7.11130683660898;2286
-4.82522;48.2621283333333;-16.9372889523802;-7.18945261515054;2296
-4.82584666666667;48.261935;-16.7531890351239;-7.11130683660898;2309
-4.82727833333333;48.2614916666667;-16.384985689164;-6.95501378900488;2314
-4.827915;48.2612883333333;-16.7531890351239;-7.11130683660898;2320
-4.82862666666667;48.261065;-16.8452381158902;-7.15037935324952;2332
-4.82995666666667;48.2606433333333;-16.5690873621439;-7.03316031280693;2338
-4.83067333333333;48.260415;-16.7531890351239;-7.11130683660898;2350
-4.83201833333333;48.259995;-16.4770365256539;-6.9940870509059;2360
-4.83273833333333;48.2597683333333;-16.5690873621439;-7.03316031280693;2367
-4.834085;48.2593433333333;-16.6611381986339;-7.07223357470795;2374
-4.83480666666667;48.2591166666667;-16.6611381986339;-7.07223357470795;2380
-4.836075;48.2587233333333;-16.6611381986339;-7.07223357470795;2392
-4.83670833333333;48.258525;-16.8452381158902;-7.15037935324952;2401
-4.83815333333333;48.2580833333333;-16.7531890351239;-7.11130683660898;2410
-4.838965;48.2578316666667;-16.6611381986339;-7.07223357470795;2416
-4.84023;48.2574383333333;-16.8452381158902;-7.15037935324952;2429
-4.84168333333333;48.2569983333333;-16.9674638311871;-6.85530037370905;2440
-4.843685;48.2563983333333;-16.7531890351239;-7.11130683660898;2462
-4.84585333333333;48.255725;-16.5690873621439;-7.03316031280693;2476
-4.847115;48.2553183333333;-16.9372889523802;-7.18945261515054;2487
-4.848545;48.2548633333333;-16.7531890351239;-7.11130683660898;2505
-4.84990166666667;48.2544416666667;-16.7531890351239;-7.11130683660898;2512
-4.85062833333333;48.25422;-16.8452381158902;-7.15037935324952;2520
-4.85126;48.2540283333333;-16.8452381158902;-7.15037935324952;2529
-4.8528;48.2535533333333;-16.7531890351239;-7.11130683660898;2536
-4.85334;48.253385;-16.7531890351239;-7.11130683660898;2542
-4.85406333333333;48.2531533333333;-16.9372889523802;-7.18945261515054;2548
-4.85478666666667;48.2529266666667;-17.0293397888701;-7.22852587705157;2558
-4.85542;48.2527333333333;-16.8452381158902;-7.15037935324952;2565
-4.85751;48.2520833333333;-16.9372889523802;-7.18945261515054;2584
-4.85878;48.2516866666667;-16.9372889523802;-7.18945261515054;2590
-4.85959333333333;48.2514333333333;-16.8452381158902;-7.15037935324952;2597
-4.86032166666667;48.251205;-16.9372889523802;-7.18945261515054;2602
-4.86096333333333;48.2510066666667;-17.0293397888701;-7.22852587705157;2610
-4.86169;48.25078;-16.9372889523802;-7.18945261515054;2620
-4.863055;48.25036;-16.8452381158902;-7.15037935324952;2626
-4.86452333333333;48.2499116666667;-16.9372889523802;-7.18945261515054;2640
-4.86581666666667;48.2495166666667;-17.1213906253601;-7.26759913895259;2650
-4.868745;48.2486033333333;-17.0293397888701;-7.22852587705157;2680
-4.86938666666667;48.2484;-17.1213906253601;-7.26759913895259;2690
-4.8714;48.2477733333333;-17.0293397888701;-7.22852587705157;2701
-4.87223166666667;48.24752;-17.2134414618501;-7.30667240085361;2708
-4.873515;48.2471266666667;-16.9372889523802;-7.18945261515054;2718
-4.874255;48.2468983333333;-17.1213906253601;-7.26759913895259;2723
-4.8749;48.2466983333333;-17.2134414618501;-7.30667240085361;2729
-4.87702333333333;48.24605;-17.1213906253601;-7.26759913895259;2749
-4.87913333333333;48.2453833333333;-17.1213906253601;-7.26759913895259;2770
-4.88060166666667;48.2449083333333;-17.0293397888701;-7.22852587705157;2776
-4.88124666666667;48.2446966666667;-17.2134414618501;-7.30667240085361;2783
-4.88198166666667;48.2444633333333;-17.3054905426164;-7.34574491749415;2789
-4.88261833333333;48.2442583333333;-17.1213906253601;-7.26759913895259;2800
-4.88335;48.2440266666667;-17.0293397888701;-7.22852587705157;2806
-4.884735;48.2435883333333;-17.3054905426164;-7.34574491749415;2812
-4.88547;48.24336;-17.3054905426164;-7.34574491749415;2818
-4.88749166666667;48.2427383333333;-17.1213906253601;-7.26759913895259;2836
-4.88897333333333;48.24227;-17.3054905426164;-7.34574491749415;2849
-4.89045666666667;48.2418033333333;-17.1213906253601;-7.26759913895259;2863
-4.89185166666667;48.2413633333333;-17.3054905426164;-7.34574491749415;2872
-4.89259;48.2411283333333;-17.2134414618501;-7.30667240085361;2878
-4.89315;48.2409566666667;-17.1213906253601;-7.26759913895259;2889
-4.89454833333333;48.24051;-17.3975413791064;-7.38481817939518;2896
-4.895285;48.2402716666667;-17.3975413791064;-7.38481817939518;2903
-4.89611166666667;48.24001;-17.3975413791064;-7.38481817939518;2909
-4.89748666666667;48.2395683333333;-17.0293397888701;-7.22852587705157;2926
-4.89897333333333;48.239105;-17.2134414618501;-7.30667240085361;2932
-4.90167166666667;48.2382733333333;-17.3054905426164;-7.34574491749415;2956
-4.902415;48.2380416666667;-17.3054905426164;-7.34574491749415;2963
-4.90307666666667;48.2378366666667;-17.3054905426164;-7.34574491749415;2969
-4.90456833333333;48.2373633333333;-17.4895922155964;-7.4238914412962;2983
-4.90597333333333;48.2369283333333;-17.3975413791064;-7.38481817939518;2993
-4.906725;48.2366916666667;-17.4895922155964;-7.4238914412962;3000
-4.90738333333333;48.23649;-17.5816430520863;-7.46296470319723;3006
-4.910315;48.2356016666667;-17.4895922155964;-7.4238914412962;3029
-4.91097833333333;48.2353966666667;-17.5816430520863;-7.46296470319723;3034
-4.91305833333333;48.2347633333333;-17.6736938885763;-7.50203796509825;3052
-4.91390666666667;48.234505;-17.6736938885763;-7.50203796509825;3061
-4.915965;48.2338533333333;-17.2134414618501;-7.30667240085361;3076
-4.916715;48.23361;-17.3054905426164;-7.34574491749415;3083
-4.917475;48.23337;-17.5816430520863;-7.46296470319723;3088
-4.91897833333333;48.2329;-17.5816430520863;-7.46296470319723;3106
-4.92030666666667;48.2325033333333;-17.6736938885763;-7.50203796509825;3113
-4.92096833333333;48.2323066666667;-17.5816430520863;-7.46296470319723;3119
-4.92182833333333;48.232055;-17.4895922155964;-7.4238914412962;3130
-4.92317166666667;48.231655;-17.6736938885763;-7.50203796509825;3139
-4.924695;48.2311866666667;-17.5400734837178;-7.80934385737079;3149
-4.92621833333333;48.2307133333333;-17.4487185894636;-7.7686700379055;3161
-4.92755166666667;48.2302916666667;-17.6314266355223;-7.85001690104751;3173
-4.92831;48.23005;-17.6736938885763;-7.50203796509825;3178
-4.92916666666667;48.2297766666667;-17.7657429693426;-7.54111048173879;3185
-4.93051833333333;48.2293583333333;-17.8577938058326;-7.58018374363982;3196
-4.93196;48.2289;-17.9498446423226;-7.61925700554084;3209
-4.93272666666667;48.2286583333333;-17.9498446423226;-7.61925700554084;3214
-4.93350166666667;48.2284116666667;-17.9498446423226;-7.61925700554084;3221
-4.93572666666667;48.22771;-18.0418954788126;-7.65833026744186;3239
-4.936405;48.2275;-17.9498446423226;-7.61925700554084;3245
-4.937765;48.227075;-18.0418954788126;-7.65833026744186;3256
-4.93932;48.226595;-18.1339463153025;-7.69740352934289;3268
-4.940205;48.2263216666667;-18.2259953960688;-7.73647604598343;3274
-4.94088833333333;48.2261116666667;-18.1339463153025;-7.69740352934289;3282
-4.94156833333333;48.2258983333333;-18.1339463153025;-7.69740352934289;3293
-4.94313333333333;48.2254066666667;-18.2259953960688;-7.73647604598343;3298
-4.9447;48.22491;-18.3180462325588;-7.77554930788445;3311
-4.945285;48.2247266666667;-18.3180462325588;-7.77554930788445;3316
-4.94616833333333;48.2244516666667;-18.3180462325588;-7.77554930788445;3323
-4.94675666666667;48.224265;-18.2259953960688;-7.73647604598343;3329
-4.94764333333333;48.2239883333333;-18.3180462325588;-7.77554930788445;3335
-4.948245;48.2238016666667;-18.5021479055388;-7.8536958316865;3341
-4.94903;48.2235516666667;-18.5021479055388;-7.8536958316865;3349
-4.94981333333333;48.223305;-18.4100970690488;-7.81462256978548;3354
-4.95137833333333;48.2228066666667;-18.2259953960688;-7.73647604598343;3365
-4.95364;48.2220766666667;-18.4100970690488;-7.81462256978548;3383
-4.95500333333333;48.2216366666667;-18.3180462325588;-7.77554930788445;3400
-4.956585;48.22113;-18.5021479055388;-7.8536958316865;3412
-4.95805666666667;48.2206566666667;-18.270909152852;-8.134732861516;3418
-4.959715;48.2201033333333;-18.270909152852;-8.134732861516;3431
-4.961755;48.21941;-18.3180462325588;-7.77554930788445;3448
-4.96253;48.219145;-18.4100970690488;-7.81462256978548;3460
-4.96478;48.2184066666667;-18.3180462325588;-7.77554930788445;3472
-4.96634166666667;48.2178966666667;-18.2259953960688;-7.73647604598343;3485
-4.96926;48.21693;-18.1339463153025;-7.69740352934289;3510
-4.97061833333333;48.216475;-18.1339463153025;-7.69740352934289;3520
-4.97129833333333;48.21624;-18.2259953960688;-7.73647604598343;3529
-4.97371166666667;48.2154366666667;-18.4509583521865;-7.45467106607558;3546
-4.97429;48.21525;-18.1728039032016;-7.34228937385296;3551
-4.97506666666667;48.215005;-18.1728039032016;-7.34228937385296;3563
-4.976635;48.21451;-18.2655226423509;-7.37975017609562;3569
-4.97731666666667;48.2142966666667;-18.3582396130372;-7.41721026383291;3577
-4.97878666666667;48.213845;-18.2655226423509;-7.37975017609562;3589
-4.980265;48.2133966666667;-18.2655226423509;-7.37975017609562;3598
-4.98184;48.2129183333333;-18.3582396130372;-7.41721026383291;3610
-4.98253;48.212705;-18.3582396130372;-7.41721026383291;3616
-4.98419166666667;48.2121933333333;-18.2655226423509;-7.37975017609562;3628
-4.984775;48.2120116666667;-18.2655226423509;-7.37975017609562;3634
-4.98702333333333;48.211305;-18.3582396130372;-7.41721026383291;3652
-4.98781166666667;48.21106;-18.3582396130372;-7.41721026383291;3658
-4.98850166666667;48.2108416666667;-18.4509583521865;-7.45467106607558;3664
-4.98929166666667;48.2105966666667;-18.5436770913357;-7.49213186831825;3671
-4.99097;48.210075;-18.4509583521865;-7.45467106607558;3683
-4.99166666666667;48.2098533333333;-18.636395830485;-7.52959267056091;3689
-4.99303666666667;48.2094166666667;-18.3582396130372;-7.41721026383291;3700
-4.99383166666667;48.2091633333333;-18.5436770913357;-7.49213186831825;3707
-4.99462333333333;48.208915;-18.5436770913357;-7.49213186831825;3712
-4.99690833333333;48.2082;-18.5436770913357;-7.49213186831825;3730
-4.99759333333333;48.207985;-18.3582396130372;-7.41721026383291;3737
-4.99848166666667;48.2077033333333;-18.4509583521865;-7.45467106607558;3743
-4.99918;48.2074783333333;-18.636395830485;-7.52959267056091;3749
-4.99986666666667;48.2072633333333;-18.5436770913357;-7.49213186831825;3757
-5.00144833333333;48.2067616666667;-18.4509583521865;-7.45467106607558;3767
-5.00214;48.2065433333333;-18.4509583521865;-7.45467106607558;3772
-5.00521166666667;48.2055833333333;-18.636395830485;-7.52959267056091;3797
-5.00897666666667;48.2044166666667;-18.5436770913357;-7.49213186831825;3826
-5.00977166666667;48.2041683333333;-18.636395830485;-7.52959267056091;3832
-5.01196;48.2034966666667;-18.671608529944;-7.16735899090601;3850
-5.01355833333333;48.203015;-18.7649669287264;-7.20319592256707;3863
-5.01495833333333;48.2026083333333;-18.671608529944;-7.16735899090601;3874
-5.015855;48.2023466666667;-18.671608529944;-7.16735899090601;3880
-5.017265;48.2019283333333;-18.9516819456279;-7.27486910235656;3892
-5.018065;48.2016883333333;-18.8583253275088;-7.23903285422812;3904
-5.01965333333333;48.2011966666667;-18.671608529944;-7.16735899090601;3910
-5.02195166666667;48.2005033333333;-18.671608529944;-7.16735899090601;3929
-5.02336166666667;48.2000833333333;-18.7649669287264;-7.20319592256707;3940
-5.02416166666667;48.19984;-18.7649669287264;-7.20319592256707;3946
-5.02496833333333;48.1995983333333;-18.7649669287264;-7.20319592256707;3953
-5.02567333333333;48.1993866666667;-18.8583253275088;-7.23903285422812;3958
-5.02648;48.1991433333333;-18.8583253275088;-7.23903285422812;3965
-5.02728666666667;48.1988983333333;-18.7649669287264;-7.20319592256707;3970
-5.03031333333333;48.197985;-18.7649669287264;-7.20319592256707;4000
-5.03263333333333;48.1972983333333;-18.8583253275088;-7.23903285422812;4015
-5.03425333333333;48.19682;-18.8583253275088;-7.23903285422812;4025
-5.03496;48.1966133333333;-18.8583253275088;-7.23903285422812;4030
-5.03658;48.1961433333333;-18.8583253275088;-7.23903285422812;4043
-5.03951166666667;48.19527;-18.8583253275088;-7.23903285422812;4066
-5.040415;48.194995;-18.8583253275088;-7.23903285422812;4079
-5.04192166666667;48.1945466666667;-18.7649669287264;-7.20319592256707;4085
-5.045045;48.19363;-18.8583253275088;-7.23903285422812;4109
-5.04644166666667;48.1932166666667;-18.8583253275088;-7.23903285422812;4120
-5.05105333333333;48.1918583333333;-18.671608529944;-7.16735899090601;4157
-5.051755;48.1916483333333;-18.671608529944;-7.16735899090601;4163
-5.05484833333333;48.1907116666667;-18.671608529944;-7.16735899090601;4186
-5.05566166666667;48.1904733333333;-18.8583253275088;-7.23903285422812;4193
-5.05948166666667;48.1893333333333;-18.8583253275088;-7.23903285422812;4223
-5.06008333333333;48.1891533333333;-18.7649669287264;-7.20319592256707;4229
-5.06178833333333;48.1886366666667;-18.7649669287264;-7.20319592256707;4240
-5.06561666666667;48.1874933333333;-18.8583253275088;-7.23903285422812;4271
-5.06642833333333;48.187255;-18.9516819456279;-7.27486910235656;4276
-5.06713;48.187045;-18.7649669287264;-7.20319592256707;4283
-5.06873666666667;48.1865666666667;-18.7649669287264;-7.20319592256707;4300
-5.07013666666667;48.1861666666667;-18.5782501311616;-7.13152205924496;4312
-5.07254666666667;48.185475;-18.5782501311616;-7.13152205924496;4325
-5.07316333333333;48.1852933333333;-18.8583253275088;-7.23903285422812;4332
-5.07405666666667;48.18504;-18.5436770913357;-7.49213186831825;4337
-5.074845;48.1848133333333;-18.3582396130372;-7.41721026383291;4349
-5.07700833333333;48.1841516666667;-18.3582396130372;-7.41721026383291;4359
-5.07858;48.1836683333333;-18.2655226423509;-7.37975017609562;4374
-5.08075166666667;48.1830166666667;-18.4509583521865;-7.45467106607558;4392
-5.08383;48.1821016666667;-18.4509583521865;-7.45467106607558;4414
-5.08452833333333;48.1818933333333;-18.5436770913357;-7.49213186831825;4419
-5.08532166666667;48.1816533333333;-18.5436770913357;-7.49213186831825;4425
-5.08611666666667;48.18142;-18.5436770913357;-7.49213186831825;4432
-5.08988666666667;48.1802616666667;-18.7291145696342;-7.56705347280358;4462
-5.09048333333333;48.1800816666667;-18.5436770913357;-7.49213186831825;4467
-5.09138;48.17981;-18.5436770913357;-7.49213186831825;4474
-5.09526333333333;48.1786233333333;-18.636395830485;-7.52959267056091;4505
-5.09895666666667;48.1774866666667;-18.7291145696342;-7.56705347280358;4534
-5.09965333333333;48.1772666666667;-18.7291145696342;-7.56705347280358;4540
-5.10054666666667;48.17698;-18.7291145696342;-7.56705347280358;4550
-5.10204;48.176495;-18.636395830485;-7.52959267056091;4562
-5.10283666666667;48.1762366666667;-18.7291145696342;-7.56705347280358;4567
-5.10433;48.1757516666667;-18.8218315403206;-7.60451356054087;4576
-5.10512666666667;48.1755016666667;-18.7291145696342;-7.56705347280358;4582
-5.10592333333333;48.1752466666667;-18.636395830485;-7.52959267056091;4588
-5.10653333333333;48.175055;-18.8218315403206;-7.60451356054087;4594
-5.10733;48.1748033333333;-18.8218315403206;-7.60451356054087;4603
-5.10962;48.1740633333333;-18.7291145696342;-7.56705347280358;4626
-5.11190333333333;48.1733133333333;-18.7291145696342;-7.56705347280358;4636
-5.114175;48.1725766666667;-18.8583253275088;-7.23903285422812;4654
-5.11487166666667;48.1723583333333;-18.8218315403206;-7.60451356054087;4660
-5.11567166666667;48.172115;-18.636395830485;-7.52959267056091;4666
-5.11796333333333;48.171385;-18.8218315403206;-7.60451356054087;4687
-5.11876;48.1711283333333;-18.8218315403206;-7.60451356054087;4696
-5.12104833333333;48.1704;-18.7291145696342;-7.56705347280358;4709
-5.122545;48.1699266666667;-18.8218315403206;-7.60451356054087;4720
-5.12334166666667;48.1696733333333;-18.8218315403206;-7.60451356054087;4726
-5.12403833333333;48.1694566666667;-18.7291145696342;-7.56705347280358;4733
-5.12483666666667;48.16921;-18.7291145696342;-7.56705347280358;4738
-5.12553833333333;48.1689883333333;-18.8218315403206;-7.60451356054087;4745
-5.12863333333333;48.1680216666667;-18.7291145696342;-7.56705347280358;4769
-5.12933166666667;48.1678033333333;-18.7291145696342;-7.56705347280358;4774
-5.13012833333333;48.16755;-18.7291145696342;-7.56705347280358;4780
-5.13092833333333;48.1672933333333;-18.7291145696342;-7.56705347280358;4793
-5.132425;48.1668133333333;-18.8218315403206;-7.60451356054087;4804
-5.13471833333333;48.16608;-18.8218315403206;-7.60451356054087;4816
-5.136315;48.1655766666667;-18.636395830485;-7.52959267056091;4830
-5.13772;48.1651316666667;-18.8218315403206;-7.60451356054087;4842
-5.13920333333333;48.1646483333333;-18.7291145696342;-7.56705347280358;4852
-5.140685;48.1641616666667;-18.636395830485;-7.52959267056091;4864
-5.14148;48.1639;-18.8218315403206;-7.60451356054087;4870
-5.14237166666667;48.1636033333333;-18.8218315403206;-7.60451356054087;4876
-5.14296166666667;48.1634133333333;-18.636395830485;-7.52959267056091;4882
-5.14385166666667;48.1631283333333;-18.636395830485;-7.52959267056091;4890
-5.144545;48.1629;-18.7291145696342;-7.56705347280358;4895
-5.14752;48.161955;-18.5436770913357;-7.49213186831825;4918
-5.14831;48.1616983333333;-18.636395830485;-7.52959267056091;4924
-5.149105;48.161445;-18.7291145696342;-7.56705347280358;4935
-5.15056833333333;48.1609666666667;-18.4509583521865;-7.45467106607558;4942
-5.15136;48.160705;-18.5436770913357;-7.49213186831825;4949
-5.152825;48.16022;-18.5436770913357;-7.49213186831825;4962
-5.15420666666667;48.1597716666667;-18.7291145696342;-7.56705347280358;4972
-5.15509166666667;48.1594866666667;-18.7649669287264;-7.20319592256707;4978
-5.15577833333333;48.159265;-18.671608529944;-7.16735899090601;4985
-5.15656166666667;48.1590116666667;-18.5782501311616;-7.13152205924496;4991
-5.157345;48.1587566666667;-18.5782501311616;-7.13152205924496;5000
-5.158815;48.1582766666667;-19.004923730233;-6.54392002878324;5009
-5.15941166666667;48.1580883333333;-19.1162363403319;-6.21124170481707;5015
-5.16080333333333;48.1576683333333;-19.4151094768817;-5.20226290529229;5028
-5.162445;48.15725;-19.7585822810903;-4.19981631314278;5041
-5.163785;48.15695;-19.6961550602442;-3.47296355333861;5049
-5.16734833333333;48.1563583333333;-19.4539049507962;-2.38863917723035;5075
-5.1682;48.1562266666667;-19.6915327695318;-2.06966349295065;5080
-5.17136833333333;48.155825;-19.4732759277142;-1.02055114673741;5107
-5.17476833333333;48.1555133333333;-19.3970449046224;0.338576678225728;5129
-5.17541666666667;48.1554816666667;-19.6970003574042;0.343812420129607;5135
-5.17637166666667;48.1554433333333;-19.6970003574042;0.343812420129607;5146
-5.177855;48.1554;-19.3970449046224;0.338576678225728;5152
-5.17955166666667;48.15533;-19.5;-3.58209188750601e-15;5164
-5.18115333333333;48.1552566666667;-19.6000003814697;-3.60046165956807e-15;5175
-5.18200166666667;48.15521;-19.5;-3.58209188750601e-15;5182
-5.18274666666667;48.1551683333333;-19.4970300555496;0.340321925527021;5189
-5.18445166666667;48.1550933333333;-19.5880605908116;0.684030148682127;5207
-5.18605666666667;48.155035;-19.673002596559;1.03101837791516;5212
-5.18754666666667;48.1550166666667;-19.3734125932918;1.01531753114853;5229
-5.18914666666667;48.1550016666667;-19.4524989800666;1.36025123801044;5235
-5.19010666666667;48.1550016666667;-19.4732759277142;1.02055114673741;5242
-5.19085166666667;48.1550016666667;-19.4732759277142;1.02055114673741;5249
-5.19330833333333;48.1549866666667;-19.673002596559;1.03101837791516;5266
-5.194265;48.1549766666667;-19.673002596559;1.03101837791516;5272
-5.19488833333333;48.15497;-19.1736878291817;1.00485039979369;5280
-5.196485;48.154945;-19.3734125932918;1.01531753114853;5290
-5.19817666666667;48.15493;-19.3734125932918;1.01531753114853;5302
-5.19891666666667;48.1549216666667;-19.4732759277142;1.02055114673741;5309
-5.19987166666667;48.15491;-19.552255765633;1.36722691199484;5320
-5.20134333333333;48.1549016666667;-19.1736878291817;1.00485039979369;5326
-5.20377833333333;48.1548783333333;-19.4732759277142;1.02055114673741;5344
-5.20461833333333;48.15487;-19.2735492588694;1.01008391555965;5350
-5.20536;48.1548633333333;-19.2735492588694;1.01008391555965;5359
-5.20800166666667;48.1548383333333;-19.2735492588694;1.01008391555965;5375
-5.20875;48.15484;-19.5731392621366;1.02578476232628;5380
-5.21021666666667;48.1548266666667;-18.9739611603369;0.994383168615935;5392
-5.21191833333333;48.154805;-19.4732759277142;1.02055114673741;5406
-5.21348333333333;48.154775;-19.0738244947593;0.999616784204812;5419
-5.21506333333333;48.1547533333333;-19.2735492588694;1.01008391555965;5436
-5.217475;48.1547266666667;-18.9739611603369;0.994383168615935;5452
-5.22221166666667;48.15468;-19.4732759277142;1.02055114673741;5482
-5.22549166666667;48.1546316666667;-19.3734125932918;1.01531753114853;5505
-5.23449;48.1545;-19.3734125932918;1.01531753114853;5572
-5.23923333333333;48.1544516666667;-19.3734125932918;1.01531753114853;5608
-5.25386166666667;48.1542183333333;-19.673002596559;1.03101837791516;5717
-5.25623;48.154195;-19.5731392621366;1.02578476232628;5740
-5.257205;48.15418;-19.4732759277142;1.02055114673741;5746
-5.26783833333333;48.154025;-19.5731392621366;1.02578476232628;5821
-5.26859166666667;48.1540166666667;-19.673002596559;1.03101837791516;5826
-5.27020166666667;48.153985;-19.5731392621366;1.02578476232628;5837
-5.27106666666667;48.1539583333333;-19.7728640262467;1.03625189368112;5842
-5.27182333333333;48.15394;-19.8727273606691;1.04148550927;5848
-5.27268;48.1539283333333;-19.7728640262467;1.03625189368112;5856
-5.27353833333333;48.153905;-19.673002596559;1.03101837791516;5866
-5.27515;48.15388;-19.673002596559;1.03101837791516;5872
-5.27601833333333;48.1538616666667;-19.673002596559;1.03101837791516;5878
-5.27828;48.153835;-19.673002596559;1.03101837791516;5896
-5.27925166666667;48.1538216666667;-19.7728640262467;1.03625189368112;5908
-5.28098333333333;48.1537816666667;-19.8727273606691;1.04148550927;5916
-5.281725;48.1537616666667;-19.5731392621366;1.02578476232628;5922
-5.28323166666667;48.15374;-19.673002596559;1.03101837791516;5932
-5.28419666666667;48.153725;-19.7728640262467;1.03625189368112;5941
-5.28590666666667;48.1537033333333;-19.673002596559;1.03101837791516;5951
-5.286545;48.1536983333333;-19.5731392621366;1.02578476232628;5957
-5.28998333333333;48.1536333333333;-19.673002596559;1.03101837791516;5982
-5.29149166666667;48.1536033333333;-19.7728640262467;1.03625189368112;5992
-5.29321333333333;48.1535616666667;-19.7728640262467;1.03625189368112;6014
-5.29472333333333;48.1535216666667;-19.673002596559;1.03101837791516;6019
-5.29569;48.1535033333333;-19.673002596559;1.03101837791516;6025
-5.29721;48.15348;-19.9725906950915;1.04671912485888;6036
-5.29818333333333;48.153465;-20.0724540295139;1.05195274044776;6042
-5.29968166666667;48.1534433333333;-19.5731392621366;1.02578476232628;6052
-5.30300333333333;48.15337;-19.3734125932918;1.01531753114853;6076
-5.303865;48.1533466666667;-19.5731392621366;1.02578476232628;6082
-5.30483333333333;48.1533233333333;-19.673002596559;1.03101837791516;6089
-5.30547833333333;48.1533083333333;-19.673002596559;1.03101837791516;6096
-5.30644666666667;48.1532883333333;-19.673002596559;1.03101837791516;6101
-5.30709333333333;48.1532766666667;-19.673002596559;1.03101837791516;6106
-5.30795666666667;48.1532616666667;-19.673002596559;1.03101837791516;6115
-5.31044333333333;48.15321;-19.8727273606691;1.04148550927;6130
-5.311955;48.1531833333333;-19.7728640262467;1.03625189368112;6142
-5.31293166666667;48.15317;-19.7728640262467;1.03625189368112;6148
-5.31358666666667;48.153155;-19.9725906950915;1.04671912485888;6153
-5.31456;48.15314;-19.8727273606691;1.04148550927;6162
-5.315425;48.1531283333333;-19.673002596559;1.03101837791516;6168
-5.31706;48.1531;-19.8727273606691;1.04148550927;6180
-5.31944833333333;48.1530483333333;-19.8727273606691;1.04148550927;6200
-5.32118666666667;48.1530116666667;-19.7728640262467;1.03625189368112;6217
-5.32617166666667;48.152875;-19.673002596559;1.03101837791516;6246
-5.32853;48.1528016666667;-19.5731392621366;1.02578476232628;6261
-5.32950166666667;48.1527716666667;-19.673002596559;1.03101837791516;6277
-5.33199333333333;48.1527216666667;-19.8727273606691;1.04148550927;6288
-5.33264;48.15271;-19.5731392621366;1.02578476232628;6293
-5.33361333333333;48.1526933333333;-19.673002596559;1.03101837791516;6301
-5.33513333333333;48.1526666666667;-19.8727273606691;1.04148550927;6310
-5.33610666666667;48.1526433333333;-19.8727273606691;1.04148550927;6322
-5.337745;48.15261;-20.0724540295139;1.05195274044776;6337
-5.340145;48.1525566666667;-20.1723173639363;1.05718635603663;6346
-5.34177833333333;48.1525183333333;-19.7728640262467;1.03625189368112;6360
-5.34276333333333;48.1524883333333;-19.8727273606691;1.04148550927;6367
-5.34429666666667;48.1524533333333;-20.1723173639363;1.05718635603663;6379
-5.34766333333333;48.1523766666667;-19.8727273606691;1.04148550927;6400
-5.34853;48.152355;-19.7728640262467;1.03625189368112;6406
-5.34929166666667;48.1523366666667;-19.8727273606691;1.04148550927;6413
-5.35016333333333;48.1523166666667;-19.9725906950915;1.04671912485888;6420
-5.35103833333333;48.1522916666667;-19.9725906950915;1.04671912485888;6426
-5.35267333333333;48.1522533333333;-19.7728640262467;1.03625189368112;6439
-5.35606833333333;48.1521833333333;-19.8727273606691;1.04148550927;6460
-5.35684333333333;48.152165;-19.9725906950915;1.04671912485888;6467
-5.357615;48.1521433333333;-20.1723173639363;1.05718635603663;6473
-5.35849;48.15212;-20.0724540295139;1.05195274044776;6479
-5.35937;48.1521;-20.0724540295139;1.05195274044776;6485
-5.361795;48.1520333333333;-20.1723173639363;1.05718635603663;6505
-5.36344333333333;48.15198;-20.0877560043212;0.701479897033377;6515
-5.36598666666667;48.15189;-20.4719054624688;1.07288710298035;6531
-5.36784;48.1518333333333;-19.9725906950915;1.04671912485888;6545
-5.36948833333333;48.151795;-20.0724540295139;1.05195274044776;6562
-5.37102333333333;48.15175;-20.0724540295139;1.05195274044776;6569
-5.372675;48.1516933333333;-20.1876954682604;0.704969860016729;6581
-5.37355166666667;48.1516616666667;-19.9725906950915;1.04671912485888;6589
-5.37443666666667;48.151625;-20.1723173639363;1.05718635603663;6596
-5.37619666666667;48.15155;-20.2505494591935;1.41605636378578;6605
-5.37696833333333;48.15151;-20.0893430451991;2.11147503775548;6610
-5.37829833333333;48.1514733333333;-20.1488417713676;3.19126302714569;6622
-5.37918333333333;48.151475;-20.0900777857747;3.54242275816385;6629
-5.38028;48.1515066666667;-19.9270310750655;3.87342246056814;6635
-5.38115333333333;48.1515566666667;-19.7585822810903;4.19981631314275;6640
-5.38268666666667;48.15164;-19.6822760520471;4.54401146937011;6653
-5.38618666666667;48.1519016666667;-19.3064465551931;6.27304475005017;6677
-5.387265;48.1520266666667;-19.004923730233;6.54392002878324;6686
-5.38887333333333;48.1522533333333;-18.636395830485;7.52959267056091;6696
-5.39004333333333;48.1524416666667;-18.270909152852;8.13473286151601;6708
-5.39098833333333;48.1526166666667;-18.126155740733;8.45236523481399;6716
-5.392735;48.153;-17.6589518571785;9.38943125571781;6726
-5.39354166666667;48.15319;-17.3174695340782;9.59923011099708;6733
-5.39502333333333;48.1536066666667;-16.6217430081706;10.386417781119;6747
-5.40057166666667;48.1555783333333;-15.8915493467247;11.1273826464082;6791
-5.401395;48.1559016666667;-15.9734648636353;11.1847405088454;6797
-5.410525;48.1592616666667;-15.8096338298141;11.0700247839711;6876
-5.41606166666667;48.1613483333333;-15.8915493467247;11.1273826464082;6922
-5.41689666666667;48.1616483333333;-15.8915493467247;11.1273826464082;6930
-5.41763333333333;48.1619166666667;-15.8915493467247;11.1273826464082;6935
-5.42930833333333;48.1663716666667;-15.5992728837123;10.1302862590428;7038
-5.43069333333333;48.1668516666667;-15.9175220255623;10.7365041732687;7048
-5.43558166666667;48.1686133333333;-15.4000578076696;10.7832365657956;7090
-5.44452333333333;48.1719866666667;-15.6458043584014;10.955310153107;7168
-5.44579;48.1724683333333;-15.6458043584014;10.955310153107;7181
-5.44871166666667;48.1735666666667;-16.0004245178068;10.7924226103551;7206
-5.44926333333333;48.17377;-16.0833285913151;10.8483421140173;7212
-5.451365;48.1745283333333;-15.3181438531676;10.7258797973687;7229
-5.46659166666667;48.1802183333333;-15.4200991657765;10.400988217871;7360
-5.46795833333333;48.180715;-15.5859057315293;10.5128261586197;7373
-5.46940833333333;48.181235;-15.4819733245802;10.8405944282327;7386
-5.47012833333333;48.181505;-15.5638888414908;10.8979522906699;7391
-5.47067333333333;48.1817066666667;-15.6458043584014;10.955310153107;7398
-5.47220666666667;48.182275;-15.4819733245802;10.8405944282327;7414
-5.47347333333333;48.1827483333333;-15.5638888414908;10.8979522906699;7420
-5.47484166666667;48.183255;-15.6458043584014;10.955310153107;7432
-5.47557;48.183525;-15.7277198753121;11.0126680155442;7438
-5.476305;48.18379;-15.7277198753121;11.0126680155442;7444
-5.47767666666667;48.1842933333333;-15.7277198753121;11.0126680155442;7459
-5.47923;48.1848733333333;-15.7277198753121;11.0126680155442;7469
-5.48051166666667;48.185355;-15.7277198753121;11.0126680155442;7482
-5.48188333333333;48.1858683333333;-15.7277198753121;11.0126680155442;7493
-5.48261666666667;48.186145;-15.8915493467247;11.1273826464082;7499
-5.48325833333333;48.18639;-15.8915493467247;11.1273826464082;7505
-5.487395;48.1879;-15.6458043584014;10.955310153107;7541
-5.48896166666667;48.188475;-15.8096338298141;11.0700247839711;7552
-5.49098333333333;48.1892316666667;-15.8915493467247;11.1273826464082;7573
-5.58999166666667;48.226465;-15.8915493467247;11.1273826464082;8422
-5.599115;48.2299816666667;-15.8915493467247;11.1273826464082;8499
-5.60755666666667;48.2331816666667;-15.8915493467247;11.1273826464082;8572
-5.609705;48.2339783333333;-15.9734648636353;11.1847405088454;8590
-5.61334333333333;48.23533;-15.9734648636353;11.1847405088454;8620
-5.61473333333333;48.2358566666667;-15.8096338298141;11.0700247839711;8631
-5.62034166666667;48.23799;-15.9734648636353;11.1847405088454;8679
-5.62181333333333;48.2385383333333;-15.8096338298141;11.0700247839711;8691
-5.623195;48.239055;-15.8096338298141;11.0700247839711;8704
-5.62384166666667;48.2393;-15.8096338298141;11.0700247839711;8709
-5.625945;48.2401283333333;-15.9734648636353;11.1847405088454;8729
-5.62667166666667;48.2404166666667;-15.9734648636353;11.1847405088454;8735
-5.63575;48.24381;-15.6140273742055;11.3442549208002;8811
-5.63722833333333;48.244375;-15.8915493467247;11.1273826464082;8826
-5.63999;48.2454216666667;-15.8915493467247;11.1273826464082;8849
-5.64361833333333;48.2467516666667;-15.9734648636353;11.1847405088454;8878
-5.64576;48.24755;-15.8915493467247;11.1273826464082;8898
-5.64659833333333;48.2478633333333;-15.8915493467247;11.1273826464082;8903
-5.65016;48.7619533333333;15.4136647346022;11.6150294876861;15952
-5.64810833333333;48.7630733333333;16.1863413214918;10.5115329602634;15971
-5.64744333333333;48.7634183333333;16.1977189600924;10.1214581490024;15978
-5.64209;48.7657083333333;16.7926990443583;9.30834507861006;16029
-5.63929333333333;48.7668416666667;16.4576128274473;9.88873143121591;16049
-5.63848;48.7671733333333;16.6276884133862;9.60000038146973;16055
-5.63642833333333;48.7680333333333;16.8008925030556;9.69999980926514;16073
-5.632475;48.7696383333333;16.6276884133862;9.60000038146973;16109
-5.63175666666667;48.7699416666667;16.6276884133862;9.60000038146973;16115
-5.63104333333333;48.7702433333333;16.6276884133862;9.60000038146973;16121
-5.62834333333333;48.77136;16.7052367400034;9.25986393164523;16145
-5.62625833333333;48.7721933333333;16.6276884133862;9.60000038146973;16165
-5.621405;48.7741883333333;16.6276884133862;9.60000038146973;16207
-5.61878;48.775265;16.8008925030556;9.69999980926514;16230
-5.61669166666667;48.776105;16.7142896323147;9.64999961853028;16249
-5.61533166666667;48.7766533333333;16.7926990443583;9.30834507861006;16258
-5.61378666666667;48.777275;16.7142896323147;9.64999961853028;16272
-5.613245;48.777495;16.6276884133862;9.60000038146973;16278
-5.61049;48.7786733333333;16.7926990443583;9.30834507861006;16300
-5.60688833333333;48.780155;16.7926990443583;9.30834507861006;16332
-5.59468333333333;48.7851116666667;16.6276884133862;9.60000038146973;16438
-5.58971333333333;48.7871333333333;16.7926990443583;9.30834507861006;16480
-5.585755;48.78873;16.5410855426453;9.55000019073487;16517
-5.57885166666667;48.7915316666667;16.4544826719043;9.5;16578
-5.57554666666667;48.7928833333333;16.4544826719043;9.5;16609
-5.57267833333333;48.7940516666667;16.5410855426453;9.55000019073487;16632
-5.56182833333333;48.798415;16.4544826719043;9.5;16729
-5.54480833333333;48.8052633333333;16.4428498269388;9.11442049075075;16879
-5.41626333333333;48.857605;16.5410855426453;9.55000019073487;18008
-5.412895;48.8590433333333;16.5410855426453;9.55000019073487;18034
-5.40603166666667;48.861945;16.7142896323147;9.64999961853028;18094
-5.39853333333333;48.865135;16.5410855426453;9.55000019073487;18161
-5.39584833333333;48.8662733333333;16.7926990443583;9.30834507861006;18186
-5.37714333333333;48.8735983333333;16.8400229672681;8.5804202718938;18350
-5.37231;48.8754533333333;16.6177744356485;9.2113827846804;18389
-5.36617333333333;48.8779833333333;16.6877091682159;8.87301235756415;18442
-5.35582166666667;48.8821133333333;16.8400229672681;8.5804202718938;18532
-5.34767333333333;48.8853;16.8642993604233;8.9669070282997;18605
-5.34616666666667;48.885945;16.8642993604233;8.9669070282997;18617
-5.34408833333333;48.88678;16.7760042643196;8.91995969293193;18637
-5.33935;48.88864;17.0182249518898;8.67121871820898;18677
-5.33395333333333;48.890805;16.8642993604233;8.9669070282997;18724
-5.325465;48.8941;17.4011102025616;8.11427094785357;18797
-5.309235;48.9000533333333;17.4011102025616;8.11427094785357;18935
-5.30708833333333;48.900835;17.310479078129;8.07200896046343;18952
-5.22167666666667;48.932875;16.5303121312936;9.16290163771558;19684
-5.21484666666667;48.93573;16.5410855426453;9.55000019073487;19746
-5.20944;48.9380366666667;16.4544826719043;9.5;19792
-5.190255;48.9458333333333;17.1073259442007;8.71661794136656;19960
