"x";"y";"vx";"vy";"t"
-6.42080666666667;48.0419116666667;7.58286952129002;10.0628077312512;0
-5.87766833333333;48.5093983333333;6.54255686395016;9.69973944076762;10443
-5.87121833333333;48.5146733333333;7.42598073442142;9.17032249342109;10566
-5.863175;48.5206983333333;7.32637132151912;9.37732766731775;10712
-5.84947166666667;48.5321783333333;6.37227660579417;9.81244548499775;10967
-5.843455;48.53762;6.37227660579417;9.81244548499775;11099
-5.83758166666667;48.5428833333333;6.31781301393762;9.72857890809435;11218
-5.83148166666667;48.5483633333333;6.14706366725333;9.83735823891922;11357
-5.82537166666667;48.5540183333333;5.84999990463257;10.1324970590967;11468
-5.81453666666667;48.5646233333333;5.92293786146562;9.85742395807429;11714
-5.795695;48.583105;5.92293786146562;9.85742395807429;12134
-5.79024833333333;48.5883966666667;5.80000019073486;10.045895014262;12269
-5.782705;48.5960083333333;5.75;9.95929214352105;12451
-5.77684833333333;48.6017683333333;5.75;9.95929214352105;12542
-5.76396333333333;48.6145816666667;5.69999980926514;9.87268927278013;12855
-5.74220333333333;48.636095;5.59999990463257;9.69948435720448;13338
-5.73663666666667;48.6414883333333;5.59999990463257;9.69948435720448;13488
-5.72868333333333;48.649125;5.71692282797303;9.51455736477682;13635
-5.72322666666667;48.654505;5.21113452601258;9.80071861755187;13770
-5.71715;48.6609833333333;5.33290582270971;9.62081677853335;13928
-5.71167333333333;48.6664916666667;5.38138696967453;9.70827908288823;14050
-5.70666666666667;48.671745;5.1641871906448;9.7124235214482;14171
-5.70162;48.67717;5.33290582270971;9.62081677853335;14283
-5.69604833333333;48.682985;5.28442467574488;9.53335447417847;14418
-5.68507833333333;48.6943616666667;5.11723985527702;9.62412842534453;14709
-5.64498166666667;48.7383366666667;5.13898215955137;9.27096922931853;15719
-5.6197;48.7664016666667;5.25;9.09326673973661;16378
-5.61472666666667;48.7718283333333;5.25;9.09326673973661;16546
-5.60835166666667;48.7786683333333;5.25;9.09326673973661;16681
-5.602085;48.7851083333333;6.82301365123462;7.84897934641797;16841
-5.59915166666667;48.7872983333333;7.60607821785008;7.09278268448826;16898
-5.53472666666667;48.8097416666667;8.63830700980158;5.60978216453643;17918
-5.52682666666667;48.8125166666667;8.5390871554433;5.75968701240627;18018
-5.51710333333333;48.81613;8.63830700980158;5.60978216453643;18174
-5.50944;48.8188866666667;8.5390871554433;5.75968701240627;18320
-5.49386166666667;48.8246166666667;8.6219904383197;5.8156059827806;18538
-5.47039166666667;48.8332916666667;8.45618308193506;5.70376750874404;18950
-5.45547333333333;48.8391;8.45618308193506;5.70376750874404;19170
-5.43041833333333;48.8487466666667;8.73489555216353;5.45816852267609;19567
-5.422835;48.8515883333333;8.73489555216353;5.45816852267609;19689
-5.41416333333333;48.8549466666667;8.73489555216353;5.45816852267609;19847
-5.40652166666667;48.857845;8.81969987652215;5.51116014587717;19948
-5.39868833333333;48.8608583333333;8.63830700980158;5.60978216453643;20070
-5.38834333333333;48.8648183333333;8.63830700980158;5.60978216453643;20222
-5.360675;48.875335;8.73489555216353;5.45816852267609;20678
-5.34357666666667;48.8816216666667;8.65009041904321;5.40517639410461;20948
-5.32086833333333;48.89005;8.48048096156426;5.29919264233205;21298
-5.31319166666667;48.8929133333333;8.48048096156426;5.29919264233205;21425
-5.30565;48.8957916666667;8.00926793569649;5.8190737734732;21549
-5.29845;48.8990983333333;7.722505535647;6.03348257561956;21667
-5.29175833333333;48.9024183333333;7.8266281507911;5.89778734167718;21809
-5.28512;48.905615;7.8266281507911;5.89778734167718;21928
-5.27843833333333;48.908865;7.8266281507911;5.89778734167718;22063
-5.27147666666667;48.912225;7.8266281507911;5.89778734167718;22164
-5.26309;48.9162333333333;7.90649124481293;5.95796849963107;22318
-5.25543166666667;48.9198633333333;8.19152044288992;5.73576436351046;22457
-5.24767166666667;48.923235;8.56528609468458;5.35218477090353;22589
-5.24011333333333;48.926185;8.47057305617621;5.50085446141508;22739
-5.23287;48.9290833333333;8.38670567945424;5.44639035015027;22814
-5.222655;48.9331833333333;8.38670567945424;5.44639035015027;22987
-5.21504833333333;48.9362166666667;8.38670567945424;5.44639035015027;23107
-5.20785666666667;48.9391316666667;8.38670567945424;5.44639035015027;23249
-5.20042;48.9421183333333;8.30283830273227;5.39192623888547;23400
-5.19318833333333;48.9450033333333;8.30283830273227;5.39192623888547;23487
-5.14508166666667;48.9607166666667;8.64276311468116;4.40370776088179;24268
-5.13021666666667;48.9653683333333;8.55366297210035;4.35830897068328;24508
-5.11658166666667;48.96981;8.46456197978949;4.3129097475257;24727
-5.10952666666667;48.9722533333333;8.37546098747864;4.26751052436811;24868
-5.02159666666667;49.000605;8.62842318733472;4.20836317640047;26317
-5.00845833333333;49.004845;8.62842318733472;4.20836317640047;26557
