"x";"y";"vx";"vy";"t"
-8.06401666666667;46.5309166666667;10.1875332706322;19.1599634386743;0
-8.05571666666667;46.54165;10.1875332706322;19.1599634386743;129
-7.9916;46.6278166666667;10.0936385998967;18.9833732464669;1101
-7.86026666666667;46.7960666666667;10.5688493514898;19.0667089483569;2992
-7.852;46.8068;10.8999996185303;18.8793531417758;3115
-7.82613333333333;46.83905;11.1248226145286;18.514814022149;3474
-7.77373333333333;46.9033166666667;10.8999996185303;18.8793531417758;4209
-7.74671666666667;46.93555;11.0500001907349;19.1391617539986;4576
-7.72785;46.9579;11.0500001907349;19.1391617539986;4829
-7.66125;47.0365333333333;10.8999996185303;18.8793531417758;5714
-7.6252;47.0799166666667;10.9499998092651;18.9659560125167;6206
-7.6076;47.10175;11.2278296400963;18.6862465013393;6452
-7.599;47.1125;11;19.0525588832577;6570
-7.51328333333333;47.2210833333333;10.3753217166574;19.5131421390001;7785
-7.48635;47.25455;11.1000003814697;19.2257646247395;8152
-7.4768;47.2663333333333;11.0500001907349;19.1391617539986;8282
-7.24973333333333;47.5434333333333;11.9303894384977;17.0383618962476;11492
-7.22195;47.5733666666667;12.2847115486904;16.9084548738209;11856
-7.21225;47.5828833333333;12.045105163372;17.2021929300688;11981
-7.20236666666667;47.5926333333333;11.287279923871;18.0634238011225;12102
-7.1617;47.6437166666667;12.0365228815954;18.5346198715213;12662
-7.15326666666667;47.6546333333333;11.711215941702;18.7418632485617;12781
-7.0603;47.7613166666667;12.9992047296585;17.2505273216768;14004
-6.92671666666667;47.9115333333333;11.8458757229312;19.7148479161486;15723
-6.89356666666667;47.9515666666667;11.8458757229312;19.7148479161486;16138
-6.68558333333333;48.2007;12.1454500653085;18.7023530253281;18916
-6.59916666666667;48.2978666666667;11.3500003814697;19.6587773266317;19997
-6.5255;48.3875833333333;10.9082164555426;19.6789434106364;20973
-6.37598333333333;48.56335;11.5883566854762;19.2862642657975;22906
-6.32236666666667;48.6251333333333;11.0536589717361;19.9413286554963;23582
-6.29383333333333;48.6587;11.3999996185303;19.7453785455603;23950
-6.09911666666667;48.8754333333333;10.9082164555426;19.6789434106364;26368
-6.08975;48.88635;10.8597353085778;19.5914811062815;26489
-6.08045;48.8970666666667;10.9082164555426;19.6789434106364;26610
-5.97536666666667;48.9806166666667;21.518960657533;7.83226115168749;27670
-5.95723333333333;48.98625;19.9546159354295;10.6100574980503;27801
-5.93996666666667;48.9930166666667;19.7453785455603;11.3999996185303;27922
-5.77031666666667;49.0530333333333;20.7113592026799;8.79145039100866;29135
-5.66328333333333;49.0820333333333;20.6761992494542;8.35372674737269;29870
-5.6103;49.0963166666667;20.5834822787678;8.3162666596354;30232
-5.38561666666667;49.1570166666667;21.0989179949694;8.09911579643031;31758
-5.3132;49.17695;20.7689179886035;8.39118754961535;32253
-5.05485;49.2455666666667;20.5272575296999;8.71330386720662;34021
-5.01953333333333;49.2557833333333;20.1893549623914;8.9888799671329;34265
-4.95008333333333;49.2752833333333;20.3980448004693;8.24134505515006;34759
-4.8982;49.2893166666667;20.3980448004693;8.24134505515006;35113
-4.56516666666667;49.3744833333333;20.2511067759537;8.59608482676403;37434
