"x";"y";"vx";"vy";"t"
-5.8926;48.36855;5.45940379051801;9.08597371442577;0
-5.88103333333333;48.38165;5.67013602622121;9.07411446712142;285
-5.8759;48.3876666666667;4.97639874461963;9.3592448211224;428
-5.87031666666667;48.39455;5.09050101258654;9.18350692496366;580
-5.86515;48.40105;5.51090730330186;9.17168995402091;786
-5.858;48.4101;4.97639874461963;9.3592448211224;952
-5.85281666666667;48.41655;5.40789978655557;9.00025665737218;1115
-5.84836666666667;48.4221;5.19999980926514;9.00666386899569;1232
-5.84185;48.4303166666667;5.30000019073486;9.17986961047752;1416
-5.83718333333333;48.4361166666667;5.18746284416571;9.35843069957106;1556
-5.8321;48.4421;5.25;9.09326673973661;1685
-5.8268;48.44865;5.61714440302013;8.98931014276279;1847
-5.81936666666667;48.4574333333333;5.19999980926514;9.00666386899569;2048
-5.81371666666667;48.4643166666667;5.25;9.09326673973661;2226
-5.8076;48.4721833333333;4.85769826062133;9.53376963886953;2398
-5.80325;48.4783166666667;4.55905975938108;9.34745773864862;2528
-5.7996;48.4836833333333;4.76690024726524;9.35556850397786;2648
-5.79525;48.4899333333333;4.55905975938108;9.34745773864862;2807
-5.79215;48.4943666666667;4.64673432318954;9.52721723363389;2886
-5.78758333333333;48.5006333333333;4.7344084689347;9.70697587146236;3019
-5.78371666666667;48.5061;4.60289704128531;9.43733748614125;3154
-5.77998333333333;48.5115666666667;5.11723985527702;9.62412842534453;3306
-5.77578333333333;48.5175166666667;4.82208261467985;9.88673450929084;3400
-5.77186666666667;48.5231166666667;4.82208261467985;9.88673450929084;3515
-5.76631666666667;48.5308666666667;4.52201532001745;9.69749314842766;3686
-5.7618;48.5372166666667;4.69057118703047;9.61709612396973;3825
-5.75728333333333;48.54365;4.90309748377892;9.62287063118038;3965
-5.75288333333333;48.5500333333333;4.90309748377892;9.62287063118038;4106
-5.74883333333333;48.5557666666667;4.2707347522959;9.59222730524731;4239
-5.74516666666667;48.5611833333333;4.76690024726524;9.35556850397786;4350
-5.74065;48.5675;4.52201532001745;9.69749314842766;4508
-5.73688333333333;48.573;4.94849627397743;9.71197077376119;4658
-5.73261666666667;48.5788833333333;5.02334563226444;9.44753907518163;4752
-5.72876666666667;48.5844;4.56427730740759;9.78812427286031;4867
-5.7244;48.59085;5.11723985527702;9.62412842534453;5034
-5.72013333333333;48.5967166666667;4.7344084689347;9.70697587146236;5184
-5.71561666666667;48.6031666666667;5.1641871906448;9.7124235214482;5291
-5.7117;48.6085833333333;4.47975373566749;9.60686288831747;5418
-5.7075;48.6142666666667;4.60289704128531;9.43733748614125;5536
-5.70345;48.6201333333333;4.52201532001745;9.69749314842766;5654
-5.6992;48.6260166666667;4.7344084689347;9.70697587146236;5801
-5.69516666666667;48.63195;4.60653889175755;9.8787545329705;5910
-5.69065;48.6384166666667;4.90975676042501;10.0664931471193;6096
-5.68673333333333;48.6441;4.86591989658408;9.97661425678347;6175
-5.68253333333333;48.6503;5.25808141365738;9.88901287161109;6301
-5.67828333333333;48.6562333333333;4.82208261467985;9.88673450929084;6449
-5.67721666666667;48.6577166666667;4.64880087914769;9.96938565740315;6467
-5.67301666666667;48.6637833333333;4.99743090617016;10.2462517849478;6595
-5.6686;48.6700333333333;5.1754915238472;10.1574740358554;6767
-5.6643;48.67615;4.86591989658408;9.97661425678347;6870
-5.65961666666667;48.6827;5.08469351049111;9.97927290096371;7012
-5.65556666666667;48.6883833333333;4.95359404232924;10.1563728946119;7137
-5.6512;48.69455;4.99743090617016;10.2462517849478;7255
-5.6471;48.7001833333333;5.13009273364869;10.0683738932746;7373
-5.64268333333333;48.7064833333333;5.1754915238472;10.1574740358554;7505
-5.63788333333333;48.7132333333333;4.8178480226279;10.3319084264888;7675
-5.63301666666667;48.7199666666667;5.04126818807439;10.3361315324404;7778
-5.62851666666667;48.7263;5.22089074700479;10.2465750281662;7909
-5.62395;48.7329;4.86591989658408;9.97661425678347;8066
-5.61963333333333;48.7390666666667;4.90975676042501;10.0664931471193;8170
-5.61506666666667;48.7457;4.90975676042501;10.0664931471193;8354
-5.61013333333333;48.7528;5.13009273364869;10.0683738932746;8465
-5.60555;48.7595;5.13009273364869;10.0683738932746;8626
-5.60153333333333;48.7652;4.95359404232924;10.1563728946119;8756
-5.5972;48.77145;4.95359404232924;10.1563728946119;8858
-5.59315;48.7772;5.35197563666997;10.065602221774;8993
-5.58531666666667;48.78235;8.98931014276279;5.61714440302013;9125
-5.57778333333333;48.7855833333333;9.44466949628871;4.81229947042283;9280
-5.56903333333333;48.7889;9.80071861755187;5.21113452601258;9400
-5.56045;48.7923;9.71197077376119;4.94849627397743;9503
-5.5521;48.7953;10.1563728946119;4.95359404232924;9626
-5.54381666666667;48.7983166666667;10.0664931471193;4.90975676042501;9784
-5.5356;48.8012666666667;9.62287063118038;4.90309748377892;9865
-5.5274;48.8042833333333;10.1563728946119;4.95359404232924;10008
-5.5211;48.80665;10.1574740358554;5.1754915238472;10091
-5.51223333333333;48.8099166666667;9.52721723363389;4.64673432318954;10225
-5.50403333333333;48.8128333333333;9.88673450929084;4.82208261467985;10347
-5.49485;48.8161333333333;10.1574740358554;5.1754915238472;10451
-5.48576666666667;48.8194833333333;10.2462517849478;4.99743090617016;10579
-5.47746666666667;48.8225333333333;10.1563728946119;4.95359404232924;10719
-5.46843333333333;48.8259;10.2412781663786;4.77558643827794;10845
-5.45935;48.8291833333333;10.1574740358554;5.1754915238472;10972
-5.45118333333333;48.8323;10.0664931471193;4.90975676042501;11085
-5.44178333333333;48.83575;9.96938565740315;4.64880087914769;11237
-5.4328;48.8390666666667;10.0600167818358;4.69106286653784;11380
-5.42461666666667;48.8421;10.150647041946;4.7333244508878;11492
-5.41566666666667;48.8453666666667;9.97661425678347;4.86591989658408;11603
-5.40678333333333;48.8486833333333;9.8901727583829;5.0392947202926;11747
-5.39853333333333;48.85175;10.2412781663786;4.77558643827794;11857
-5.38825;48.85545;10.150647041946;4.7333244508878;12026
-5.38;48.85845;10.150647041946;4.7333244508878;12140
-5.37106666666667;48.8616666666667;9.8787545329705;4.60653889175755;12290
-5.36278333333333;48.8646166666667;9.8901727583829;5.0392947202926;12372
-5.35411666666667;48.86785;9.96938565740315;4.64880087914769;12500
-5.34583333333333;48.8708;10.1563728946119;4.95359404232924;12625
-5.33733333333333;48.8739166666667;10.3361315324404;5.04126818807439;12765
-5.32748333333333;48.8774833333333;10.0683738932746;5.1300927336487;12930
-5.31876666666667;48.88065;10.3304866680406;5.49281719505033;13043
-5.30965;48.8840833333333;10.5158901702689;5.12894233381955;13134
-5.29968333333333;48.8876666666667;10.4260112799331;5.08510546997862;13271
-5.29041666666667;48.8911166666667;10.6057699177615;5.17277961572377;13415
-5.28193333333333;48.8942666666667;10.4260112799331;5.08510546997862;13540
-5.27268333333333;48.8977833333333;10.6884816801735;4.758818646408;13651
-5.27196666666667;48.8980333333333;10.5131706753541;4.90237199740819;13681
-5.2613;48.9019166666667;10.4260112799331;5.08510546997862;13825
-5.25275;48.90505;10.4225395509215;4.86011001001804;13932
-5.24441666666667;48.9081166666667;10.2412781663786;4.77558643827794;14095
-5.23406666666667;48.9118833333333;10.2412781663786;4.77558643827794;14222
-5.22565;48.9149333333333;10.3361315324404;5.04126818807439;14355
-5.2158;48.9184666666667;10.3361315324404;5.04126818807439;14495
-5.20575;48.9221333333333;10.3361315324404;5.04126818807439;14635
-5.19585;48.9257666666667;10.2412781663786;4.77558643827794;14744
-5.1861;48.9293833333333;10.4144178686357;4.63679757590641;14932
-5.17753333333333;48.9324;10.4260112799331;5.08510546997862;15015
-5.16903333333333;48.9353666666667;10.4260112799331;5.08510546997862;15123
-5.15905;48.9390166666667;10.5131706753541;4.90237199740819;15286
-5.15038333333333;48.9421166666667;10.6038009354643;4.94463358175815;15425
-5.14031666666667;48.94575;10.6038009354643;4.94463358175815;15555
-5.13171666666667;48.9489166666667;10.7798365744277;4.7994924658733;15645
-5.12248333333333;48.9522833333333;10.1563728946119;4.95359404232924;15808
-5.11325;48.95555;10.5131706753541;4.90237199740819;15915
-5.10318333333333;48.9591;10.4225395509215;4.86011001001804;16072
-5.0936;48.9624;10.78552855559;5.26045376146893;16172
-5.0828;48.9661333333333;10.4260112799331;5.08510546997862;16352
-5.07256666666667;48.9697833333333;10.5131706753541;4.90237199740819;16475
-5.06318333333333;48.9730333333333;10.4260112799331;5.08510546997862;16623
-5.05445;48.97605;10.4260112799331;5.08510546997862;16735
-5.0319;48.9841333333333;10.4260112799331;5.08510546997862;17021
-5.02336666666667;48.9874333333333;10.3304866680406;5.49281719505033;17151
-5.0135;48.9914166666667;10.4260112799331;5.08510546997862;17365
-5.0036;48.99525;10.3356760204771;5.26628997016237;17445
-4.9864;49.0019;10.3304866680406;5.49281719505033;17664
-4.96895;49.0086166666667;10.5070760182035;5.58671141806291;17942
-4.9574;49.01295;10.2330504067105;5.67227246441205;18095
-4.93846666666667;49.0200333333333;10.5138771553687;5.35708798351847;18345
-4.88918333333333;49.0382;10.4079741813179;5.76923429599122;19028
-4.86118333333333;49.0485;10.6920782902604;5.44788599687456;19425
