"x";"y";"vx";"vy";"t"
-4.708;49.2883333333333;-14.2154565818465;-7.55849233994203;0
-4.7255;49.2823333333333;-14.2154565818465;-7.55849233994203;171
-4.72616666666667;49.2821666666667;-14.2154565818465;-7.55849233994203;176
-4.72916666666667;49.2811666666667;-14.0813776185852;-7.80543507090622;208
-4.74366666666667;49.2761666666667;-14.0813776185852;-7.80543507090622;355
-4.74783333333333;49.2748333333333;-14.0813776185852;-7.80543507090622;394
-4.97716666666667;49.1935;-13.9505721355799;-7.41765078156167;2715
-5.01133333333333;49.1811666666667;-13.8189915396229;-7.65999209236222;3063
-5.0355;49.1728333333333;-13.8189915396229;-7.65999209236222;3309
-5.0425;49.1703333333333;-13.8189915396229;-7.65999209236222;3383
-5.04316666666667;49.17;-13.8189915396229;-7.65999209236222;3390
-5.0525;49.1666666666667;-13.9064530098755;-7.70847277697656;3483
-5.0555;49.1655;-13.8189915396229;-7.65999209236222;3514
-5.0665;49.1616666666667;-13.8622770394763;-7.37070344619389;3628
-5.07516666666667;49.1585;-13.731529235268;-7.61151094539739;3720
-5.0805;49.1566666666667;-13.731529235268;-7.61151094539739;3773
-5.08283333333333;49.1558333333333;-13.8622770394763;-7.37070344619389;3799
-5.08683333333333;49.1543333333333;-13.8622770394763;-7.37070344619389;3838
-5.09816666666667;49.1505;-13.8622770394763;-7.37070344619389;3951
-5.1105;49.1461666666667;-13.731529235268;-7.61151094539739;4077
-5.11216666666667;49.1456666666667;-13.8622770394763;-7.37070344619389;4102
-5.11466666666667;49.1448333333333;-13.731529235268;-7.61151094539739;4120
-5.11683333333333;49.144;-13.8622770394763;-7.37070344619389;4143
-5.1175;49.1436666666667;-13.9505721355799;-7.41765078156167;4149
-5.11983333333333;49.1428333333333;-13.8189915396229;-7.65999209236222;4174
-5.12033333333333;49.1426666666667;-13.8189915396229;-7.65999209236222;4183
-5.12166666666667;49.1423333333333;-13.8189915396229;-7.65999209236222;4191
-5.12216666666667;49.142;-13.8189915396229;-7.65999209236222;4203
-5.1245;49.1411666666667;-13.9505721355799;-7.41765078156167;4228
-5.12683333333333;49.1403333333333;-13.8189915396229;-7.65999209236222;4246
-5.1275;49.1401666666667;-13.8189915396229;-7.65999209236222;4253
-5.12866666666667;49.1396666666667;-13.9505721355799;-7.41765078156167;4264
-5.1485;49.1326666666667;-13.8189915396229;-7.65999209236222;4469
-5.14966666666667;49.1323333333333;-13.8189915396229;-7.65999209236222;4479
-5.17066666666667;49.1245;-13.8189915396229;-7.65999209236222;4699
-5.17366666666667;49.1235;-13.8189915396229;-7.65999209236222;4728
-5.17783333333333;49.122;-14.0388663896392;-7.46459766920647;4770
-5.1795;49.1213333333333;-14.0388663896392;-7.46459766920647;4794
-5.19716666666667;49.115;-14.0388663896392;-7.46459766920647;4970
-5.19766666666667;49.1148333333333;-14.0388663896392;-7.46459766920647;4975
-5.20133333333333;49.1135;-14.0388663896392;-7.46459766920647;5006
-5.206;49.1118333333333;-14.0388663896392;-7.46459766920647;5055
-5.20833333333333;49.111;-14.0388663896392;-7.46459766920647;5079
-5.2095;49.1105;-14.0388663896392;-7.46459766920647;5095
-5.21066666666667;49.1101666666667;-14.0388663896392;-7.46459766920647;5103
-5.21183333333333;49.1096666666667;-14.0388663896392;-7.46459766920647;5114
-5.21416666666667;49.1088333333333;-14.167003394703;-7.21844877267516;5138
-5.21483333333333;49.1086666666667;-14.167003394703;-7.21844877267516;5144
-5.2155;49.1085;-14.167003394703;-7.21844877267516;5152
-5.219;49.1071666666667;-14.0388663896392;-7.46459766920647;5186
-5.22016666666667;49.1068333333333;-14.0388663896392;-7.46459766920647;5203
-5.22483333333333;49.1051666666667;-13.9505721355799;-7.41765078156167;5246
-5.23066666666667;49.103;-13.9505721355799;-7.41765078156167;5309
-5.2355;49.1013333333333;-14.0779032521222;-7.17304998247666;5354
-5.23666666666667;49.101;-14.0779032521222;-7.17304998247666;5372
-5.23833333333333;49.1003333333333;-14.167003394703;-7.21844877267516;5390
-5.24066666666667;49.0995;-14.0388663896392;-7.46459766920647;5409
-5.24133333333333;49.0993333333333;-14.0388663896392;-7.46459766920647;5420
-5.24433333333333;49.0983333333333;-14.0388663896392;-7.46459766920647;5444
-5.24483333333333;49.098;-13.9064530098755;-7.70847277697656;5451
-5.246;49.0976666666667;-13.9064530098755;-7.70847277697656;5465
-5.2485;49.0968333333333;-14.0388663896392;-7.46459766920647;5492
-5.24966666666667;49.0963333333333;-14.0388663896392;-7.46459766920647;5499
-5.25083333333333;49.096;-14.0388663896392;-7.46459766920647;5517
-5.252;49.0955;-14.0388663896392;-7.46459766920647;5523
-5.25316666666667;49.0951666666667;-14.0388663896392;-7.46459766920647;5538
-5.25433333333333;49.0946666666667;-14.0388663896392;-7.46459766920647;5547
-5.2555;49.0943333333333;-14.0388663896392;-7.46459766920647;5560
-5.25783333333333;49.0935;-13.9064530098755;-7.70847277697656;5583
-5.2585;49.0931666666667;-14.0388663896392;-7.46459766920647;5589
-5.26033333333333;49.0925;-14.0388663896392;-7.46459766920647;5607
-5.262;49.092;-13.9064530098755;-7.70847277697656;5624
-5.26266666666667;49.0916666666667;-13.9064530098755;-7.70847277697656;5632
-5.262;49.092;-13.9064530098755;-7.70847277697656;5643
-5.2655;49.0906666666667;-14.0388663896392;-7.46459766920647;5661
-5.26683333333333;49.0901666666667;-14.0388663896392;-7.46459766920647;5673
-5.26916666666667;49.0893333333333;-14.1271614857428;-7.51154500457425;5696
-5.27033333333333;49.089;-14.1271614857428;-7.51154500457425;5710
-5.27216666666667;49.0883333333333;-13.9939153142303;-7.75695392394139;5730
-5.27333333333333;49.0878333333333;-13.9939153142303;-7.75695392394139;5740
-5.27383333333333;49.0876666666667;-13.9939153142303;-7.75695392394139;5749
-5.27666666666667;49.0866666666667;-13.9064530098755;-7.70847277697656;5780
-5.278;49.0861666666667;-14.0388663896392;-7.46459766920647;5788
-5.27966666666667;49.0855;-14.1271614857428;-7.51154500457425;5809
-5.2815;49.0848333333333;-14.1271614857428;-7.51154500457425;5822
-5.28216666666667;49.0846666666667;-14.1271614857428;-7.51154500457425;5830
-5.28266666666667;49.0845;-14.1271614857428;-7.51154500457425;5836
-5.2845;49.0838333333333;-14.1271614857428;-7.51154500457425;5853
-5.28516666666667;49.0836666666667;-14.1271614857428;-7.51154500457425;5860
-5.28566666666667;49.0835;-14.1271614857428;-7.51154500457425;5869
-5.28633333333333;49.0831666666667;-13.9939153142303;-7.75695392394139;5874
-5.28683333333333;49.083;-13.9939153142303;-7.75695392394139;5879
-5.28816666666667;49.0826666666667;-13.9939153142303;-7.75695392394139;5890
-5.28866666666667;49.0823333333333;-13.9939153142303;-7.75695392394139;5896
-5.2905;49.0816666666667;-13.9939153142303;-7.75695392394139;5914
-5.291;49.0815;-13.9939153142303;-7.75695392394139;5920
-5.29166666666667;49.0813333333333;-13.9939153142303;-7.75695392394139;5925
-5.29216666666667;49.0811666666667;-13.9939153142303;-7.75695392394139;5932
-5.29333333333333;49.0806666666667;-13.9939153142303;-7.75695392394139;5942
-5.29466666666667;49.0801666666667;-14.1271614857428;-7.51154500457425;5957
-5.2975;49.0791666666667;-14.1271614857428;-7.51154500457425;5985
-5.29816666666667;49.079;-14.1271614857428;-7.51154500457425;5991
-5.3;49.0783333333333;-13.9064530098755;-7.70847277697656;6010
-5.30166666666667;49.0776666666667;-13.9064530098755;-7.70847277697656;6028
-5.30233333333333;49.0775;-13.9064530098755;-7.70847277697656;6033
-5.3035;49.077;-13.9064530098755;-7.70847277697656;6055
-5.30516666666667;49.0763333333333;-13.9064530098755;-7.70847277697656;6062
-5.30633333333333;49.076;-13.9064530098755;-7.70847277697656;6079
-5.30866666666667;49.0751666666667;-13.9064530098755;-7.70847277697656;6100
-5.30933333333333;49.0748333333333;-13.8189915396229;-7.65999209236222;6105
-5.30983333333333;49.0746666666667;-13.8189915396229;-7.65999209236222;6111
-5.311;49.0741666666667;-13.8189915396229;-7.65999209236222;6133
-5.31216666666667;49.0738333333333;-13.8189915396229;-7.65999209236222;6139
-5.31516666666667;49.0726666666667;-13.9505721355799;-7.41765078156167;6169
-5.31633333333333;49.0723333333333;-13.9505721355799;-7.41765078156167;6184
-5.3175;49.0718333333333;-13.9505721355799;-7.41765078156167;6193
-5.318;49.0716666666667;-13.9505721355799;-7.41765078156167;6200
-5.32166666666667;49.0705;-13.9505721355799;-7.41765078156167;6231
-5.32216666666667;49.0701666666667;-13.9505721355799;-7.41765078156167;6238
-5.32283333333333;49.07;-13.9505721355799;-7.41765078156167;6243
-5.32333333333333;49.0698333333333;-13.9505721355799;-7.41765078156167;6252
-5.324;49.0696666666667;-13.9505721355799;-7.41765078156167;6261
-5.3275;49.0683333333333;-13.9505721355799;-7.41765078156167;6293
-5.328;49.0681666666667;-13.9505721355799;-7.41765078156167;6298
-5.32866666666667;49.0678333333333;-13.9505721355799;-7.41765078156167;6305
-5.32916666666667;49.0676666666667;-13.9505721355799;-7.41765078156167;6310
-5.33033333333333;49.0673333333333;-13.9505721355799;-7.41765078156167;6322
-5.3315;49.0668333333333;-13.9505721355799;-7.41765078156167;6333
-5.33216666666667;49.0666666666667;-13.9505721355799;-7.41765078156167;6342
-5.33333333333333;49.0661666666667;-13.9505721355799;-7.41765078156167;6352
-5.33383333333333;49.066;-13.9505721355799;-7.41765078156167;6358
-5.335;49.0655;-14.0388663896392;-7.46459766920647;6374
-5.33683333333333;49.065;-14.0388663896392;-7.46459766920647;6387
-5.3375;49.0646666666667;-14.0388663896392;-7.46459766920647;6401
-5.33983333333333;49.0638333333333;-14.0388663896392;-7.46459766920647;6418
-5.341;49.0635;-14.0388663896392;-7.46459766920647;6429
-5.3415;49.0633333333333;-14.0388663896392;-7.46459766920647;6436
-5.34216666666667;49.063;-14.0388663896392;-7.46459766920647;6443
-5.34333333333333;49.0626666666667;-14.0388663896392;-7.46459766920647;6453
-5.3445;49.0621666666667;-14.0388663896392;-7.46459766920647;6470
-5.34566666666667;49.0618333333333;-14.0388663896392;-7.46459766920647;6478
-5.34683333333333;49.0613333333333;-14.167003394703;-7.21844877267516;6489
-5.3475;49.0611666666667;-14.167003394703;-7.21844877267516;6497
-5.34983333333333;49.0603333333333;-14.0388663896392;-7.46459766920647;6524
-5.351;49.06;-14.0388663896392;-7.46459766920647;6531
-5.35166666666667;49.0598333333333;-14.0388663896392;-7.46459766920647;6538
-5.35216666666667;49.0595;-14.0388663896392;-7.46459766920647;6544
-5.3545;49.0586666666667;-14.0388663896392;-7.46459766920647;6568
-5.35516666666667;49.0585;-13.9064530098755;-7.70847277697656;6573
-5.35633333333333;49.058;-13.8189915396229;-7.65999209236222;6585
-5.35683333333333;49.0578333333333;-13.8189915396229;-7.65999209236222;6591
-5.3575;49.0576666666667;-13.8189915396229;-7.65999209236222;6598
-5.358;49.0575;-13.8189915396229;-7.65999209236222;6608
-5.35916666666667;49.057;-13.9505721355799;-7.41765078156167;6616
-5.35983333333333;49.0568333333333;-13.9505721355799;-7.41765078156167;6626
-5.361;49.0563333333333;-13.8189915396229;-7.65999209236222;6633
-5.3615;49.0561666666667;-13.8189915396229;-7.65999209236222;6643
-5.36266666666667;49.0556666666667;-13.9505721355799;-7.41765078156167;6652
-5.36333333333333;49.0555;-13.9505721355799;-7.41765078156167;6657
-5.36383333333333;49.0553333333333;-13.9505721355799;-7.41765078156167;6663
-5.36866666666667;49.0536666666667;-14.0388663896392;-7.46459766920647;6713
-5.36916666666667;49.0533333333333;-13.9505721355799;-7.41765078156167;6719
-5.37216666666667;49.0523333333333;-13.9505721355799;-7.41765078156167;6748
-5.37383333333333;49.0516666666667;-13.9505721355799;-7.41765078156167;6767
-5.3745;49.0515;-13.9505721355799;-7.41765078156167;6772
-5.37516666666667;49.0513333333333;-13.8189915396229;-7.65999209236222;6777
-5.37566666666667;49.0511666666667;-13.8189915396229;-7.65999209236222;6783
-5.37683333333333;49.0506666666667;-13.8189915396229;-7.65999209236222;6798
-5.37866666666667;49.05;-13.8189915396229;-7.65999209236222;6813
-5.37916666666667;49.0498333333333;-13.8189915396229;-7.65999209236222;6821
-5.38033333333333;49.0495;-13.9505721355799;-7.41765078156167;6832
-5.38266666666667;49.0485;-14.0388663896392;-7.46459766920647;6855
-5.3845;49.048;-14.0388663896392;-7.46459766920647;6873
-5.385;49.0476666666667;-14.0388663896392;-7.46459766920647;6878
-5.38566666666667;49.0475;-14.0388663896392;-7.46459766920647;6888
-5.38683333333333;49.0471666666667;-14.0388663896392;-7.46459766920647;6898
-5.38916666666667;49.0463333333333;-14.0388663896392;-7.46459766920647;6922
-5.3915;49.0455;-13.9064530098755;-7.70847277697656;6947
-5.39266666666667;49.045;-13.9064530098755;-7.70847277697656;6958
-5.39383333333333;49.0445;-13.9064530098755;-7.70847277697656;6968
-5.3945;49.0443333333333;-13.9064530098755;-7.70847277697656;6974
-5.39566666666667;49.0438333333333;-13.9064530098755;-7.70847277697656;6988
-5.39616666666667;49.0436666666667;-13.9064530098755;-7.70847277697656;6994
-5.39683333333333;49.0435;-13.9064530098755;-7.70847277697656;7009
-5.3985;49.0428333333333;-13.9064530098755;-7.70847277697656;7018
-5.40083333333333;49.0418333333333;-14.0388663896392;-7.46459766920647;7042
-5.4015;49.0416666666667;-14.0388663896392;-7.46459766920647;7050
-5.402;49.0415;-14.0388663896392;-7.46459766920647;7061
-5.40433333333333;49.0405;-14.0388663896392;-7.46459766920647;7076
-5.405;49.0403333333333;-14.1271614857428;-7.51154500457425;7087
-5.40616666666667;49.0398333333333;-14.1271614857428;-7.51154500457425;7100
-5.40733333333333;49.0395;-14.1271614857428;-7.51154500457425;7108
-5.408;49.0393333333333;-14.1271614857428;-7.51154500457425;7113
-5.4085;49.039;-14.1271614857428;-7.51154500457425;7120
-5.40966666666667;49.0386666666667;-14.0388663896392;-7.46459766920647;7133
-5.41033333333333;49.0383333333333;-14.0388663896392;-7.46459766920647;7139
-5.4115;49.038;-14.0388663896392;-7.46459766920647;7153
-5.41666666666667;49.036;-14.0388663896392;-7.46459766920647;7202
-5.4185;49.0353333333333;-14.0388663896392;-7.46459766920647;7222
-5.419;49.0351666666667;-14.0388663896392;-7.46459766920647;7229
-5.42016666666667;49.0346666666667;-14.0388663896392;-7.46459766920647;7240
-5.422;49.034;-14.0388663896392;-7.46459766920647;7259
-5.4225;49.0338333333333;-14.1271614857428;-7.51154500457425;7267
-5.42316666666667;49.0336666666667;-14.1271614857428;-7.51154500457425;7274
-5.42433333333333;49.0331666666667;-14.1271614857428;-7.51154500457425;7282
-5.42483333333333;49.033;-14.1271614857428;-7.51154500457425;7291
-5.4255;49.0326666666667;-14.1271614857428;-7.51154500457425;7302
-5.42666666666667;49.0323333333333;-14.1271614857428;-7.51154500457425;7310
-5.42733333333333;49.0321666666667;-14.1271614857428;-7.51154500457425;7319
-5.429;49.0315;-14.0388663896392;-7.46459766920647;7334
-5.43016666666667;49.031;-14.0388663896392;-7.46459766920647;7342
-5.43133333333333;49.0306666666667;-14.0388663896392;-7.46459766920647;7358
-5.4325;49.0301666666667;-14.0388663896392;-7.46459766920647;7365
-5.4355;49.029;-13.9064530098755;-7.70847277697656;7397
-5.43716666666667;49.0285;-13.9064530098755;-7.70847277697656;7412
-5.44133333333333;49.0268333333333;-14.0388663896392;-7.46459766920647;7454
-5.44483333333333;49.0255;-14.1271614857428;-7.51154500457425;7492
-5.44666666666667;49.025;-14.1271614857428;-7.51154500457425;7512
-5.44716666666667;49.0246666666667;-14.1271614857428;-7.51154500457425;7517
-5.4495;49.0238333333333;-14.1271614857428;-7.51154500457425;7540
-5.45066666666667;49.0235;-14.1271614857428;-7.51154500457425;7552
-5.45133333333333;49.0231666666667;-13.9939153142303;-7.75695392394139;7558
-5.45366666666667;49.0223333333333;-13.9939153142303;-7.75695392394139;7580
-5.4555;49.0216666666667;-14.0813776185852;-7.80543507090622;7601
-5.45833333333333;49.0205;-14.0813776185852;-7.80543507090622;7629
-5.4595;49.0201666666667;-14.0813776185852;-7.80543507090622;7643
-5.46083333333333;49.0196666666667;-14.0813776185852;-7.80543507090622;7652
-5.46133333333333;49.0195;-14.0813776185852;-7.80543507090622;7660
-5.46316666666667;49.0188333333333;-14.2154565818465;-7.55849233994203;7677
-5.46666666666667;49.0175;-14.2154565818465;-7.55849233994203;7715
-5.47033333333333;49.0161666666667;-14.3452053793247;-7.30924721899034;7752
-5.4745;49.0146666666667;-14.3452053793247;-7.30924721899034;7793
-5.475;49.0145;-14.2154565818465;-7.55849233994203;7798
-5.47566666666667;49.0143333333333;-14.2154565818465;-7.55849233994203;7809
-5.47683333333333;49.0138333333333;-14.2154565818465;-7.55849233994203;7814
-5.47983333333333;49.0128333333333;-14.0813776185852;-7.80543507090622;7845
-5.481;49.0123333333333;-14.0813776185852;-7.80543507090622;7859
-5.49516666666667;49.0071666666667;-14.2154565818465;-7.55849233994203;8002
-5.497;49.0065;-14.2154565818465;-7.55849233994203;8020
-5.49883333333333;49.0058333333333;-14.3452053793247;-7.30924721899034;8037
-5.5125;49.001;-14.0813776185852;-7.80543507090622;8176
-5.5155;48.9998333333333;-14.0813776185852;-7.80543507090622;8208
-5.516;48.9996666666667;-14.0813776185852;-7.80543507090622;8215
-5.51783333333333;48.999;-14.0813776185852;-7.80543507090622;8230
-5.52666666666667;48.9955;-14.2154565818465;-7.55849233994203;8320
-5.52733333333333;48.9953333333333;-14.2154565818465;-7.55849233994203;8328
-5.53266666666667;48.9933333333333;-14.2154565818465;-7.55849233994203;8382
-5.53916666666667;48.9911666666667;-14.0813776185852;-7.80543507090622;8450
-5.541;48.9903333333333;-14.0813776185852;-7.80543507090622;8467
-5.5445;48.989;-14.0813776185852;-7.80543507090622;8499
-5.54566666666667;48.9886666666667;-14.0813776185852;-7.80543507090622;8514
-5.55566666666667;48.9848333333333;-14.2154565818465;-7.55849233994203;8614
-5.55616666666667;48.9846666666667;-14.2154565818465;-7.55849233994203;8620
-5.55983333333333;48.9833333333333;-14.1271614857428;-7.51154500457425;8655
-5.56033333333333;48.9831666666667;-14.1271614857428;-7.51154500457425;8662
-5.561;48.983;-14.1271614857428;-7.51154500457425;8668
-5.56216666666667;48.9825;-14.1271614857428;-7.51154500457425;8680
-5.56266666666667;48.9823333333333;-14.1271614857428;-7.51154500457425;8688
-5.56516666666667;48.9815;-13.9939153142303;-7.75695392394139;8710
-5.56633333333333;48.981;-13.9939153142303;-7.75695392394139;8722
-5.56683333333333;48.9808333333333;-13.9939153142303;-7.75695392394139;8729
-5.56633333333333;48.981;-13.9939153142303;-7.75695392394139;8737
-5.56916666666667;48.9798333333333;-13.9939153142303;-7.75695392394139;8752
-5.56983333333333;48.9796666666667;-13.9939153142303;-7.75695392394139;8758
-5.57033333333333;48.9795;-13.9939153142303;-7.75695392394139;8764
-5.57383333333333;48.9781666666667;-14.1271614857428;-7.51154500457425;8800
-5.575;48.9776666666667;-14.1271614857428;-7.51154500457425;8812
-5.5785;48.9765;-14.1271614857428;-7.51154500457425;8847
-5.58033333333333;48.9758333333333;-14.1271614857428;-7.51154500457425;8867
-5.58316666666667;48.9748333333333;-14.0388663896392;-7.46459766920647;8895
-5.58383333333333;48.9745;-13.9064530098755;-7.70847277697656;8901
-5.58433333333333;48.9743333333333;-13.9064530098755;-7.70847277697656;8912
-5.58666666666667;48.9735;-13.9064530098755;-7.70847277697656;8932
-5.58783333333333;48.973;-14.0388663896392;-7.46459766920647;8948
-5.589;48.9725;-14.0388663896392;-7.46459766920647;8957
-5.58966666666667;48.9723333333333;-14.0388663896392;-7.46459766920647;8964
-5.5915;48.9716666666667;-14.0388663896392;-7.46459766920647;8982
-5.595;48.9703333333333;-14.0388663896392;-7.46459766920647;9015
-5.617;48.9621666666667;-13.8189915396229;-7.65999209236222;9244
-5.7105;48.9265;-14.3037516779502;-7.60543967530981;10204
-5.77366666666667;48.9021666666667;-14.0296122020328;-8.10000038146973;10845
-5.789;48.8918333333333;-8.47870822773128;-13.5687695385028;11043
-5.78966666666667;48.8911666666667;-8.24060919856087;-13.7146768112338;11057
-5.79033333333333;48.8903333333333;-8.24060919856087;-13.7146768112338;11066
-5.79266666666667;48.8876666666667;-8;-13.856406460551;11114
-5.79316666666667;48.8868333333333;-8.24060919856087;-13.7146768112338;11122
-5.7935;48.8865;-8.29211320252331;-13.8003938682874;11128
-5.79383333333333;48.886;-8.29211320252331;-13.8003938682874;11143
-5.7945;48.8853333333333;-8.29211320252331;-13.8003938682874;11148
-5.79583333333333;48.8836666666667;-8.34361720648574;-13.886110925341;11174
-5.79683333333333;48.8825;-8.63768360270493;-13.8231833203404;11188
-5.7975;48.8816666666667;-8.63768360270493;-13.8231833203404;11199
-5.79816666666667;48.8808333333333;-8.63768360270493;-13.8231833203404;11213
-5.79883333333333;48.8801666666667;-8.63768360270493;-13.8231833203404;11225
-5.79916666666667;48.8796666666667;-8.6906757312764;-13.9079884534607;11232
-5.79983333333333;48.8788333333333;-8.6906757312764;-13.9079884534607;11244
-5.80083333333333;48.8776666666667;-8.6906757312764;-13.9079884534607;11262
-5.80116666666667;48.8773333333333;-8.44662423205345;-14.0575434045313;11267
-5.8015;48.8768333333333;-8.44662423205345;-14.0575434045313;11274
-5.80283333333333;48.8753333333333;-8.49812823601589;-14.1432604615849;11296
-5.8035;48.8745;-8.49812823601589;-14.1432604615849;11307
-5.80383333333333;48.8741666666667;-8.49812823601589;-14.1432604615849;11314
-5.80416666666667;48.8736666666667;-8.49812823601589;-14.1432604615849;11322
-5.8035;48.8745;-8.49812823601589;-14.1432604615849;11329
-5.80516666666667;48.8725;-8.49812823601589;-14.1432604615849;11337
-5.80683333333333;48.8705;-8.49812823601589;-14.1432604615849;11370
-5.8075;48.8696666666667;-8.49812823601589;-14.1432604615849;11378
-5.80783333333333;48.8693333333333;-8.49812823601589;-14.1432604615849;11388
-5.8085;48.8685;-8.25;-14.2894191624432;11399
-5.8095;48.8673333333333;-8.49812823601589;-14.1432604615849;11418
-5.8105;48.866;-8.49812823601589;-14.1432604615849;11433
-5.81116666666667;48.8651666666667;-8.49812823601589;-14.1432604615849;11444
-5.8115;48.8648333333333;-8.49812823601589;-14.1432604615849;11450
-5.81216666666667;48.864;-8.54963223997833;-14.2289775186384;11467
-5.8135;48.8623333333333;-8.54963223997833;-14.2289775186384;11489
-5.81383333333333;48.862;-8.54963223997833;-14.2289775186384;11494
-5.8145;48.8611666666667;-8.54963223997833;-14.2289775186384;11504
-5.81483333333333;48.8608333333333;-8.54963223997833;-14.2289775186384;11511
-5.81616666666667;48.8591666666667;-8.54963223997833;-14.2289775186384;11538
-5.8165;48.8588333333333;-8.54963223997833;-14.2289775186384;11543
-5.81716666666667;48.858;-8.79665998841936;-14.0775987197013;11553
-5.8175;48.8576666666667;-8.79665998841936;-14.0775987197013;11563
-5.81916666666667;48.8555;-8.54963223997833;-14.2289775186384;11588
-5.8205;48.854;-8.54963223997833;-14.2289775186384;11613
-5.82083333333333;48.8535;-8.30000019073487;-14.3760220331842;11623
-5.82416666666667;48.8495;-8.54963223997833;-14.2289775186384;11679
-5.82483333333333;48.8486666666667;-8.54963223997833;-14.2289775186384;11693
-5.82616666666667;48.847;-8.30000019073487;-14.3760220331842;11718
-5.82633333333333;48.8466666666667;-8.30000019073487;-14.3760220331842;11723
-5.82933333333333;48.843;-8.54963223997833;-14.2289775186384;11774
-5.82966666666667;48.8425;-8.54963223997833;-14.2289775186384;11783
-5.833;48.8385;-8.60113624394077;-14.314694575692;11841
-5.834;48.8373333333333;-8.60113624394077;-14.314694575692;11861
-5.83466666666667;48.8365;-8.60113624394077;-14.314694575692;11873
-5.83733333333333;48.8331666666667;-8.60113624394077;-14.314694575692;11923
-5.838;48.8323333333333;-8.35000038146973;-14.4626249039251;11931
-5.84066666666667;48.8291666666667;-8.60113624394077;-14.314694575692;11980
-5.84133333333333;48.8283333333333;-8.60113624394077;-14.314694575692;11993
-5.84216666666667;48.827;-8.60113624394077;-14.314694575692;12008
-5.8435;48.8255;-8.60113624394077;-14.314694575692;12034
-5.8475;48.8205;-8.35000038146973;-14.4626249039251;12107
-5.84816666666667;48.8196666666667;-8.35000038146973;-14.4626249039251;12122
-5.85466666666667;48.8115;-8.30000019073487;-14.3760220331842;12242
-5.85733333333333;48.8083333333333;-8.30000019073487;-14.3760220331842;12286
-5.87466666666667;48.7866666666667;-8.65263926554604;-14.4004099978287;12602
-5.88016666666667;48.7796666666667;-8.65263926554604;-14.4004099978287;12709
-5.88183333333333;48.7776666666667;-8.60113624394077;-14.314694575692;12735
-5.88333333333333;48.776;-8.65263926554604;-14.4004099978287;12758
-5.88533333333333;48.7735;-8.35000038146973;-14.4626249039251;12800
-5.8875;48.7706666666667;-8.60113624394077;-14.314694575692;12839
-5.88966666666667;48.7681666666667;-8.65263926554604;-14.4004099978287;12872
-5.891;48.7666666666667;-8.65263926554604;-14.4004099978287;12897
-5.89166666666667;48.7658333333333;-8.39999961853028;-14.5492261228536;12910
-5.89233333333333;48.765;-8.39999961853028;-14.5492261228536;12923
-5.89433333333333;48.7625;-8.39999961853028;-14.5492261228536;12957
-5.89466666666667;48.762;-8.39999961853028;-14.5492261228536;12965
-5.89833333333333;48.7575;-8.65263926554604;-14.4004099978287;13033
-5.9;48.7555;-8.65263926554604;-14.4004099978287;13061
-5.90266666666667;48.7521666666667;-8.39999961853028;-14.5492261228536;13109
-5.90333333333333;48.7513333333333;-8.65263926554604;-14.4004099978287;13118
-5.90716666666667;48.747;-8.44999980926514;-14.6358289935945;13187
-5.9075;48.7465;-8.44999980926514;-14.6358289935945;13202
-5.90916666666667;48.7445;-8.44999980926514;-14.6358289935945;13222
-5.916;48.7363333333333;-8.70414326950848;-14.4861270548823;13340
-6.05416666666667;48.571;-8.75564727347092;-14.5718441119359;15760
-6.06716666666667;48.5553333333333;-8.75564727347092;-14.5718441119359;15993
