"x";"y";"vx";"vy";"t"
-5.71533333333333;48.4081666666667;1.07664319159405;10.2435757119832;0
-5.71348333333333;48.421;1.10800175051157;10.5419324702837;264
-5.70878333333333;48.4473333333333;1.09754886431036;10.4424799013669;814
-5.7058;48.46025;1.27962810575405;10.4217345922339;1127
-5.70371666666667;48.4911833333333;-0.73244297431331;10.4744225277282;1732
-5.70358333333333;48.5029666666667;-0.932566430776305;10.6592830795726;1990
-5.70333333333333;48.5175666666667;-0.932566430776305;10.6592830795726;2267
-5.70398333333333;48.52825;-1.80594098149456;10.2420002556526;2508
-5.7064;48.5577333333333;-2.0416562141351;10.5034106756595;3100
-5.70818333333333;48.5828166666667;-2.22465505209402;10.4661791412849;3580
-5.70881666666667;48.59175;-2.00349445145372;10.3070854262005;3779
-5.70465;48.6028166666667;4.08321172533237;10.1063036610854;4016
-5.6927;48.6208;4.63679757590641;10.4144178686357;4379
-5.65935;48.6638666666667;4.69106286653784;10.0600167818358;5338
-5.65145;48.6734;5.1754915238472;10.1574740358554;5499
-5.61575;48.7141333333333;5.13009273364869;10.0683738932746;6406
-5.60705;48.7237;4.95359404232924;10.1563728946119;6616
-5.60021666666667;48.73095;4.64880087914769;9.96938565740315;6815
-5.59411666666667;48.73745;4.90975676042501;10.0664931471193;6960
-5.5802;48.7519166666667;5.04126818807439;10.3361315324404;7264
-5.56571666666667;48.7672666666667;9.09326673973661;5.25;7619
-5.55708333333333;48.7709833333333;8.78779858533618;5.92744499010508;7749
-5.5487;48.7746666666667;9.30924362412164;6.04549349643011;7874
-5.53971666666667;48.7786333333333;9.47697757774701;6.15442119955146;8021
-5.5272;48.7841;9.5608441546504;6.20888479140801;8223
-5.51796666666667;48.7881333333333;9.2023173716137;6.20704144184045;8379
-5.49928333333333;48.7957166666667;9.22537624739966;5.9910293851653;8646
-5.48845;48.8001;9.51455736477682;5.71692282797304;8802
-5.47698333333333;48.80475;9.7717069010207;5.87143385750319;8958
-5.46798333333333;48.80835;9.94314101512788;5.97444186542806;9117
-5.45391666666667;48.81395;9.49813851519963;5.93509565833782;9314
-5.44461666666667;48.8175833333333;9.36812472799834;6.31887991587702;9441
-5.43295;48.8222166666667;10.0069676963982;6.2530474190259;9618
-5.42416666666667;48.8257333333333;9.7717069010207;5.87143385750319;9750
-5.41368333333333;48.8299;9.68599066142556;5.81993034471933;9881
-5.39096666666667;48.8389166666667;10.3205127110653;5.72075361137687;10202
-5.36783333333333;48.8476166666667;10.1455889364579;5.6237917797977;10561
-5.34743333333333;48.8549666666667;10.045895014262;5.80000019073486;10840
-5.33615;48.8590166666667;9.78608722794539;5.65000009536743;10996
-5.32711666666667;48.86225;9.97066432774817;5.52682948586805;11140
-5.31865;48.8652833333333;9.7717069010207;5.87143385750319;11256
-5.29816666666667;48.8725166666667;9.78608722794539;5.65000009536743;11535
-5.28775;48.8761833333333;9.87268927278013;5.69999980926514;11683
-5.2725;48.8816666666667;9.34312325066965;5.61391482004816;11922
-5.26273333333333;48.8851;9.68599066142556;5.81993034471933;12033
-5.25025;48.8895166666667;9.52627944162882;5.5;12220
-5.05738333333333;48.9625833333333;9.01067248717891;6.30934079986151;15046
