"x";"y";"vx";"vy";"t"
-5.95691666666667;48.38325;7.32375655854909;13.773982785417;0
-5.93895;48.4074333333333;7.08902077715614;13.3325089889876;438
-5.88801666666667;48.4735333333333;7.08902077715614;13.3325089889876;1457
-5.88205;48.4811666666667;6.99512610642058;13.1559187967802;1577
-5.87528333333333;48.4899666666667;7.13596766480095;13.4208032430468;1754
-5.86275;48.5063166666667;7.08225196912056;13.8997021172306;2017
-5.85691666666667;48.51405;7.18291500016872;13.5090983391505;2129
-5.85028333333333;48.5229166666667;7.46459766920648;14.0388663896392;2286
-5.8445;48.5308;7.22366315673023;13.0318333027361;2389
-5.82921666666667;48.5517666666667;7.22986188781353;13.5973925932097;2721
-5.81881666666667;48.5647166666667;7.69999980926514;13.3367908879179;2904
-5.8066;48.5797666666667;8.19999980926513;14.2028162917023;3188
-5.79858333333333;48.5896666666667;7.80000019073486;13.5099966293997;3299
-5.79203333333333;48.5977;8.10000038146972;14.0296122020329;3462
-5.7855;48.6056833333333;7.75;13.4233937586588;3548
-5.77913333333333;48.6134666666667;7.90000009536743;13.6832015449754;3728
-5.77183333333333;48.6225166666667;7.75;13.4233937586588;3827
-5.76373333333333;48.63255;7.44999980926514;12.9037781860257;4007
-5.75753333333333;48.6401833333333;7.5;12.9903810567666;4117
-5.75115;48.6479666666667;7.77707512761325;12.9432265675853;4252
-5.74473333333333;48.6557833333333;7.75;13.4233937586588;4337
-5.73791666666667;48.6641333333333;7.9315861571434;13.2003761038292;4504
-5.72955;48.6743666666667;8;13.856406460551;4668
-5.72341666666667;48.6819333333333;8.08609767785213;13.4575264575315;4767
-5.71625;48.6905333333333;8.44662423205345;14.0575434045313;4884
-5.70973333333333;48.6980666666667;7.98309016110584;13.2860931608827;5027
-5.70186666666667;48.7073;8.03459416506828;13.3718102179363;5159
-5.6933;48.7173666666667;8.03459416506828;13.3718102179363;5358
-5.68168333333333;48.7305166666667;8.83307690100406;12.6149411695688;5538
-5.67241666666667;48.7362166666667;12.73057327045;7.34999990463257;5667
-5.6612;48.7407333333333;12.5511119848674;7.84280521172551;5797
-5.64916666666667;48.7456666666667;13.2295506235449;8.26674072418615;5971
-5.63801666666667;48.7502166666667;12.4663068517471;7.78981308315403;6063
-5.62665;48.7548833333333;12.8055265754667;8.00178109206955;6198
-5.61446666666667;48.7599666666667;12.9751360329457;8.10776484384211;6310
-5.60378333333333;48.7644166666667;13.0599403573043;8.1607564670432;6440
-5.59171666666667;48.76945;13.3718102179363;8.03459416506828;6578
-5.58088333333333;48.774;12.4663068517471;7.78981308315403;6707
-5.57008333333333;48.7785;12.9432265675853;7.77707512761326;6781
-5.5596;48.78285;13.2860931608827;7.98309016110584;6904
-5.54815;48.7876;12.5511119848674;7.84280521172551;7027
-5.53708333333333;48.79215;12.8575095105317;7.72557112365082;7164
-5.52385;48.79745;12.6860762138829;7.62256360690452;7303
-5.51775;48.79985;12.6860762138829;7.62256360690452;7363
-5.50673333333333;48.8041333333333;13.0289428071804;7.82857864039711;7495
-5.49471666666667;48.8088333333333;12.7717924534781;7.67406711968838;7645
-5.48326666666667;48.8131833333333;12.1717755064783;7.31354056548706;7740
-5.47243333333333;48.8173666666667;12.7717924534781;7.67406711968838;7870
-5.461;48.82175;12.7717924534781;7.67406711968838;8013
-5.4495;48.8261833333333;13.0769839275075;7.55000019073487;8119
-5.43438333333333;48.8320333333333;12.2574925635319;7.36504456944949;8307
-5.42156666666667;48.83705;12.5146429172342;7.51955609015823;8487
-5.4105;48.84135;12.5511119848674;7.84280521172551;8587
-5.39953333333333;48.8458;12.3815025273885;7.73682145995295;8707
-5.38875;48.8502833333333;12.3815025273885;7.73682145995295;8851
-5.37733333333333;48.8550166666667;13.114659864234;7.88008264435955;8949
-5.36665;48.8594166666667;12.1270879367892;7.57784557960891;9109
-5.35613333333333;48.8637333333333;12.3815025273885;7.73682145995295;9199
-5.3453;48.8681833333333;12.4663068517471;7.78981308315403;9321
-5.33413333333333;48.8727166666667;12.4663068517471;7.78981308315403;9455
-5.32365;48.8769666666667;12.5511119848674;7.84280521172551;9552
-5.31201666666667;48.88165;11.9091219048613;7.73387419333173;9694
-5.30108333333333;48.8860833333333;12.2966973942682;7.68382933138147;9822
-5.28888333333333;48.8911;12.8903308998253;8.05477271527064;9969
-5.27818333333333;48.8954333333333;12.8903308998253;8.05477271527064;10107
-5.26613333333333;48.9003666666667;12.7207214423464;7.94878896349807;10237
-5.25515;48.9048;12.5511119848674;7.84280521172551;10369
-5.24496666666667;48.9090166666667;12.2966973942682;7.68382933138147;10480
-5.2347;48.9133166666667;11.7878682130696;7.36587757069339;10613
-5.22436666666667;48.9175833333333;12.5511119848674;7.84280521172551;10702
-5.21386666666667;48.9219666666667;12.4289258601806;7.46805208619579;10830
-5.20368333333333;48.9262166666667;12.5511119848674;7.84280521172551;10957
-5.20105;48.9272833333333;11.6182587555907;7.25989381892083;10997
-5.19021666666667;48.9320666666667;12.5146429172342;7.51955609015823;11105
-5.17956666666667;48.9366833333333;12.3815025273885;7.73682145995295;11247
-5.16696666666667;48.9421833333333;12.6860762138829;7.62256360690452;11397
-5.14981666666667;48.94975;12.4289258601806;7.46805208619579;11591
-5.13556666666667;48.9556833333333;12.7694480578761;7.07822064053672;11748
-5.12245;48.9608;12.2446758999515;6.78733468344872;11955
-5.1064;48.9670833333333;12.9426339238453;6.31254434653739;12087
-5.0945;48.9711833333333;12.7789401429457;5.95891765175993;12241
-5.06876666666667;48.9795333333333;13.2464091358177;5.8976813245991;12517
-5.0549;48.9840666666667;12.8695704030559;6.0011792361099;12664
-5.0334;48.9911666666667;12.7789401429457;5.95891765175993;12897
-5.01131666666667;48.9984833333333;12.7789401429457;5.95891765175993;13160
-4.99178333333333;49.00495;12.8695704030559;6.0011792361099;13362
-4.98043333333333;49.0087166666667;13.0508317875988;6.08570280785;13491
-4.9693;49.0124833333333;12.9426339238453;6.31254434653739;13647
-4.95771666666667;49.0165666666667;13.2320940364641;6.17022678263028;13777
-4.94653333333333;49.0205333333333;13.2122723091664;6.44405577418678;13902
-4.93573333333333;49.0243333333333;12.2958902037455;6.26506898299756;14031
-4.92405;49.0286833333333;12.7628752860168;6.22487020079224;14147
-4.91203333333333;49.0331833333333;13.4541988551364;6.85525671925079;14277
-4.89686666666667;49.0391166666667;12.8304936084205;6.53746302306584;14490
-4.88083333333333;49.0454166666667;12.5378556501879;6.66649610201506;14628
