"x";"y";"vx";"vy";"t"
-5.10871333333333;49.1683083333333;-9.27094972501873;-4.92945140925185;0
-5.13434333333333;49.159035;-8.46456197978949;-4.3129097475257;449
-5.165485;49.14781;-8.5645914823227;-4.55387406947855;959
-5.174035;49.1448066666667;-8.62842318733472;-4.20836317640047;1101
-5.21049;49.1314516666667;-9.00858315035625;-4.99353918100737;1723
-5.22054666666667;49.1276116666667;-7.78411505989968;-4.3148054352522;1893
-5.348985;49.0790666666667;-8.91777102469294;-4.74166296322668;4029
-5.371965;49.0705533333333;-8.57127329678655;-4.7511343708842;4389
-5.534315;49.008205;-8.92006182416095;-5.15000009536744;6937
-5.57001166666667;48.9943866666667;-8.83365937574884;-4.8965773494282;7519
-5.57766833333333;48.9914183333333;-9.00858315035625;-4.99353918100737;7630
-5.58642666666667;48.9881333333333;-9.00858315035625;-4.99353918100737;7787
-5.60446666666667;48.9813083333333;-9.5358341712853;-5.07029296763221;8057
-5.650165;48.964215;-10.1538973178777;-5.39892297203774;8757
-5.66856166666667;48.95748;-10.2330504067105;-5.67227246441204;9006
-5.67915666666667;48.9535233333333;-9.88320285749564;-5.4783488012537;9157
-5.69273833333333;48.9483616666667;-9.70827908288824;-5.38138696967453;9365
-5.70983333333333;48.941915;-9.26647165531225;-5.34999990463257;9607
-5.721715;48.93748;-9.35843069957107;-5.18746284416571;9787
-5.73826666666667;48.9313066666667;-9.97730796771476;-5.30502874902516;10053
-5.749075;48.9273416666667;-9.35843069957107;-5.18746284416571;10167
-5.80305333333333;48.8835433333333;-4.72150102410765;-9.26646751166701;11357
-5.89081333333333;48.7718616666667;-5.42986765428888;-9.79574055314076;13714
-5.90458;48.7555616666667;-5.97444186542806;-9.94314101512788;14062
-5.910845;48.7481466666667;-5.97444186542806;-9.94314101512788;14245
-5.93871166666667;48.7168866666667;-6.02594537821192;-10.028857254723;14911
-5.94599333333333;48.70875;-6.35903117079846;-10.1765771538771;15097
-5.95279833333333;48.701485;-6.43797593637568;-10.7145912587764;15233
-5.95856;48.6951333333333;-6.33496841962938;-10.5431579621277;15353
-5.963815;48.6892783333333;-6.5180070511425;-10.4309917444764;15508
-5.97465666666667;48.6769783333333;-6.06012025307921;-10.9327463392424;15750
-5.98499333333333;48.66445;-5.81771544295604;-10.4954364856727;15978
-6.01536166666667;48.6281083333333;-5.76923429599122;-10.4079741813179;16785
-6.02449166666667;48.6170883333333;-5.67227246441205;-10.2330504067105;16973
-6.02999333333333;48.6104366666667;-5.84999990463257;-10.1324970590967;17111
-6.03322333333333;48.6066;-5.76923429599122;-10.4079741813179;17193
-6.03942333333333;48.5993233333333;-5.63365875343069;-10.5953711143071;17370
-6.0603;48.5747166666667;-6.02594537821192;-10.028857254723;17885
-6.0709;48.562175;-5.42986765428888;-9.79574055314076;18147
-6.07944166666667;48.5522066666667;-5.80000019073486;-10.045895014262;18377
-6.08712;48.5434583333333;-5.84999990463257;-10.1324970590967;18558
-6.09346333333333;48.5363866666667;-5.90000009536743;-10.2190999298376;18717
-6.098965;48.5302816666667;-5.94999980926514;-10.3057019746723;18849
-6.10508666666667;48.52328;-6.12895289495821;-10.2002905513718;18977
-6.13392;48.489915;-5.69999980926514;-9.87268927278013;19687
