"x";"y";"vx";"vy";"t"
-6.07351833333333;48.33753;6.5180070511425;10.4309917444764;0
-6.06504833333333;48.3461516666667;6.57099867434358;10.515796068835;177
-6.06313666666667;48.34815;6.62399080291506;10.6006012019553;218
-6.06276166666667;48.3485433333333;6.62399080291506;10.6006012019553;227
-6.05953166666667;48.3520533333333;6.62399080291506;10.6006012019553;298
-6.059085;48.3525466666667;6.62399080291506;10.6006012019553;308
-6.05862166666667;48.3530283333333;6.62399080291506;10.6006012019553;317
-6.05818333333333;48.3535283333333;6.80798793768784;10.4833820993178;329
-6.05224666666667;48.35996;6.62399080291506;10.6006012019553;457
-6.05190166666667;48.3603683333333;6.62399080291506;10.6006012019553;468
-6.05055666666667;48.36194;6.80798793768784;10.4833820993178;498
-6.050065;48.3624866666667;6.80798793768784;10.4833820993178;507
-6.04831666666667;48.36442;6.98991129338434;10.362969656938;546
-6.04786166666667;48.3649133333333;6.98991129338434;10.362969656938;564
-6.04602;48.36689;6.80798793768784;10.4833820993178;597
-6.04294166666667;48.37038;6.57099867434358;10.515796068835;672
-6.04246333333333;48.37093;6.80798793768784;10.4833820993178;677
-6.04167333333333;48.3718266666667;6.75352382642303;10.3995147225958;696
-6.04123166666667;48.3723266666667;6.75352382642303;10.3995147225958;708
-6.04078666666667;48.3728183333333;6.75352382642303;10.3995147225958;717
-6.04028833333333;48.3733616666667;6.80798793768784;10.4833820993178;727
-6.03979166666667;48.3739033333333;6.75352382642303;10.3995147225958;739
-6.03935166666667;48.3743983333333;6.75352382642303;10.3995147225958;749
-6.03810833333333;48.3757833333333;6.75352382642303;10.3995147225958;779
-6.03712;48.3768666666667;6.75352382642303;10.3995147225958;800
-6.03629166666667;48.37775;6.75352382642303;10.3995147225958;816
-6.02711666666667;48.3883133333333;6.9339917897221;10.2800655834298;1029
-6.024855;48.390655;7.11234759195092;10.1574850367018;1077
-6.02433666666667;48.3911916666667;7.11234759195092;10.1574850367018;1091
-6.02391833333333;48.3916116666667;7.05499027651889;10.0755703009955;1101
-6.02298833333333;48.39257;7.05499027651889;10.0755703009955;1117
-6.022565;48.39301;7.11234759195092;10.1574850367018;1128
-6.01981;48.3959183333333;6.87807281934777;10.1971623005534;1187
-6.01843333333333;48.3974416666667;6.9339917897221;10.2800655834298;1218
-6.01799;48.3979216666667;7.05499027651889;10.0755703009955;1229
-6.01713333333333;48.39885;7.05499027651889;10.0755703009955;1248
-6.016635;48.39939;7.11234759195092;10.1574850367018;1256
-6.01571333333333;48.4003533333333;7.22975871530856;9.9509091851196;1278
-6.01524;48.40083;7.05499027651889;10.0755703009955;1286
-6.014765;48.401305;7.05499027651889;10.0755703009955;1301
-6.01424666666667;48.40183;7.05499027651889;10.0755703009955;1309
-6.01292333333333;48.4032333333333;6.87807281934777;10.1971623005534;1337
-6.01424666666667;48.40183;7.05499027651889;10.0755703009955;1344
-6.012075;48.40416;6.87807281934777;10.1971623005534;1364
-6.010235;48.4061566666667;7.05499027651889;10.0755703009955;1398
-6.00978333333333;48.4066466666667;7.05499027651889;10.0755703009955;1411
-6.00937333333333;48.4070816666667;7.05499027651889;10.0755703009955;1420
-6.00882833333333;48.40766;7.05499027651889;10.0755703009955;1430
-6.00837;48.408135;7.05499027651889;10.0755703009955;1438
-6.00800333333333;48.4085233333333;7.05499027651889;10.0755703009955;1446
-6.00749;48.4090483333333;7.05499027651889;10.0755703009955;1458
-6.007025;48.409525;7.05499027651889;10.0755703009955;1468
-6.00605333333333;48.4105316666667;7.05499027651889;10.0755703009955;1487
-6.00559166666667;48.41101;7.05499027651889;10.0755703009955;1501
-6.00471;48.4119166666667;7.05499027651889;10.0755703009955;1520
-6.004245;48.4123916666667;7.05499027651889;10.0755703009955;1529
-6.00332666666667;48.413355;6.87807281934777;10.1971623005534;1548
-6.00283166666667;48.4138916666667;6.87807281934777;10.1971623005534;1557
-6.001975;48.4148216666667;7.05499027651889;10.0755703009955;1576
-6.00110833333333;48.4157266666667;7.22975871530856;9.9509091851196;1596
-5.99826333333333;48.41863;7.34214316766788;9.74335307024934;1658
-5.99777666666667;48.4191033333333;7.63420205918195;9.77133304412111;1666
-5.99684;48.419985;7.5726362639337;9.6925324196638;1687
-5.996295;48.42049;7.4023248995573;9.82321692590934;1697
-5.99530166666667;48.4214233333333;7.4023248995573;9.82321692590934;1718
-5.99480833333333;48.4218933333333;7.22975871530856;9.9509091851196;1728
-5.99437;48.422315;7.22975871530856;9.9509091851196;1737
-5.99530166666667;48.4214233333333;7.4023248995573;9.82321692590934;1755
-5.99243666666667;48.42427;7.22975871530856;9.9509091851196;1782
-5.99153666666667;48.4251633333333;7.34214316766788;9.74335307024934;1797
-5.99106333333333;48.4256316666667;7.34214316766788;9.74335307024934;1806
-5.98865;48.4279633333333;7.22975871530856;9.9509091851196;1860
-5.986685;48.4299016666667;7.22975871530856;9.9509091851196;1904
-5.985255;48.431335;7.28853690420439;10.0318104216339;1932
-5.98478;48.4318083333333;7.22975871530856;9.9509091851196;1938
-5.97322833333333;48.44316;7.5726362639337;9.6925324196638;2178
-5.97278833333333;48.4435816666667;7.63420205918195;9.77133304412111;2188
-5.972245;48.4440933333333;7.5726362639337;9.6925324196638;2197
-5.96095333333333;48.454935;7.22975871530856;9.9509091851196;2427
-5.960515;48.455365;7.28853690420439;10.0318104216339;2442
-5.959985;48.4558883333333;7.28853690420439;10.0318104216339;2447
-5.95946166666667;48.4564166666667;7.11234759195092;10.1574850367018;2461
-5.95908666666667;48.4567983333333;7.28853690420439;10.0318104216339;2467
-5.95856166666667;48.457325;7.28853690420439;10.0318104216339;2478
-5.95764833333333;48.4582316666667;7.28853690420439;10.0318104216339;2496
-5.95567;48.4601933333333;7.34731565365591;10.1127124296868;2537
-5.951865;48.463985;7.28853690420439;10.0318104216339;2616
-5.95133166666667;48.464515;7.34731565365591;10.1127124296868;2627
-5.95089833333333;48.4649483333333;7.28853690420439;10.0318104216339;2637
-5.95041333333333;48.4654316666667;7.34731565365591;10.1127124296868;2649
-5.94988833333333;48.46596;7.28853690420439;10.0318104216339;2659
-5.94940666666667;48.466445;7.34731565365591;10.1127124296868;2668
-5.94898166666667;48.4668816666667;7.28853690420439;10.0318104216339;2676
-5.94757;48.4683466666667;7.34731565365591;10.1127124296868;2706
-5.94706333333333;48.4688883333333;7.5226877894006;9.98294387559116;2716
-5.94107;48.474565;7.34731565365591;10.1127124296868;2838
-5.94058666666667;48.4750483333333;7.16970545438808;10.2394005536124;2850
-5.93965;48.47603;7.34731565365591;10.1127124296868;2868
-5.93918;48.4765166666667;7.34731565365591;10.1127124296868;2878
-5.938755;48.4769566666667;7.34731565365591;10.1127124296868;2888
-5.938225;48.4774966666667;7.34731565365591;10.1127124296868;2896
-5.93775;48.477985;7.34731565365591;10.1127124296868;2909
-5.93727833333333;48.4784683333333;7.34731565365591;10.1127124296868;2920
-5.93587166666667;48.4798566666667;7.69576844157073;9.85013442008403;2946
-5.93530666666667;48.4803766666667;7.69576844157073;9.85013442008403;2957
-5.934855;48.4808016666667;7.5226877894006;9.98294387559116;2968
-5.9343;48.48132;7.5226877894006;9.98294387559116;2980
-5.93329833333333;48.4822666666667;7.34731565365591;10.1127124296868;2999
-5.93285666666667;48.4826983333333;7.34731565365591;10.1127124296868;3006
-5.932325;48.4832316666667;7.34731565365591;10.1127124296868;3018
-5.93189833333333;48.483665;7.16970545438808;10.2394005536124;3033
-5.93138166666667;48.4842033333333;7.34731565365591;10.1127124296868;3041
-5.93096;48.48464;7.34731565365591;10.1127124296868;3049
-5.93049666666667;48.4851266666667;7.34731565365591;10.1127124296868;3057
-5.930025;48.485615;7.34731565365591;10.1127124296868;3069
-5.9295;48.48615;7.34731565365591;10.1127124296868;3078
-5.92854333333333;48.4871116666667;7.28853690420439;10.0318104216339;3098
-5.92811166666667;48.4875416666667;7.34731565365591;10.1127124296868;3108
-5.92763166666667;48.4880233333333;7.28853690420439;10.0318104216339;3119
-5.927155;48.488505;7.5226877894006;9.98294387559116;3126
-5.92662;48.489035;7.46250605751119;9.90308001993116;3136
-5.92617833333333;48.4894683333333;7.5226877894006;9.98294387559116;3149
-5.92563666666667;48.4899866666667;7.63420205918195;9.77133304412111;3157
-5.92468166666667;48.49089;7.63420205918195;9.77133304412111;3180
-5.92411833333333;48.4914166666667;7.5226877894006;9.98294387559116;3187
-5.922595;48.492835;7.5226877894006;9.98294387559116;3222
-5.92215;48.4932633333333;7.34731565365591;10.1127124296868;3228
-5.92112333333333;48.4942683333333;7.34731565365591;10.1127124296868;3247
-5.92009833333333;48.49528;7.34731565365591;10.1127124296868;3268
-5.91924333333333;48.4961516666667;7.34731565365591;10.1127124296868;3288
-5.91823333333333;48.49718;7.34731565365591;10.1127124296868;3308
-5.91779666666667;48.4976133333333;7.5226877894006;9.98294387559116;3318
-5.91719;48.49817;7.5226877894006;9.98294387559116;3328
-5.91674666666667;48.4985916666667;7.63420205918195;9.77133304412111;3337
-5.91628;48.4990183333333;7.69576844157073;9.85013442008403;3349
-5.91576666666667;48.4994866666667;7.63420205918195;9.77133304412111;3360
-5.915195;48.500005;7.5226877894006;9.98294387559116;3371
-5.91417833333333;48.5010166666667;7.5226877894006;9.98294387559116;3388
-5.91373;48.5014483333333;7.5226877894006;9.98294387559116;3397
-5.912775;48.5023516666667;7.5226877894006;9.98294387559116;3418
-5.91222333333333;48.5028783333333;7.5226877894006;9.98294387559116;3432
-5.91118833333333;48.5038933333333;7.5226877894006;9.98294387559116;3448
-5.91075;48.50432;7.5226877894006;9.98294387559116;3459
-5.91025333333333;48.5047933333333;7.5226877894006;9.98294387559116;3469
-5.90980166666667;48.50522;7.5226877894006;9.98294387559116;3480
-5.90925666666667;48.50575;7.5226877894006;9.98294387559116;3487
-5.90875833333333;48.506165;7.34731565365591;10.1127124296868;3499
-5.90813333333333;48.5067316666667;7.34731565365591;10.1127124296868;3511
-5.9077;48.50717;7.40609440310744;10.1936144377398;3516
-5.90722;48.5076533333333;7.34731565365591;10.1127124296868;3530
-5.905775;48.5090383333333;7.5226877894006;9.98294387559116;3561
-5.90517666666667;48.5096133333333;7.5226877894006;9.98294387559116;3568
-5.90478166666667;48.5099983333333;7.5226877894006;9.98294387559116;3582
-5.90379333333333;48.5109533333333;7.5226877894006;9.98294387559116;3598
-5.90280333333333;48.5119166666667;7.34731565365591;10.1127124296868;3618
-5.90220166666667;48.512495;7.40609440310744;10.1936144377398;3630
-5.90083333333333;48.5138616666667;7.40609440310744;10.1936144377398;3656
-5.90028;48.5144566666667;7.40609440310744;10.1936144377398;3668
-5.89989;48.5148483333333;7.58286952129002;10.0628077312512;3676
-5.89891666666667;48.5158233333333;7.58286952129002;10.0628077312512;3699
-5.89841666666667;48.5163;7.58286952129002;10.0628077312512;3707
-5.89689833333333;48.51772;7.58286952129002;10.0628077312512;3738
-5.89540333333333;48.5191816666667;7.40609440310744;10.1936144377398;3767
-5.89485;48.51972;7.58286952129002;10.0628077312512;3777
-5.89344166666667;48.5211333333333;7.75733482395951;9.92893579604694;3808
-5.892945;48.5216166666667;7.75733482395951;9.92893579604694;3819
-5.89243833333333;48.5220916666667;7.75733482395951;9.92893579604694;3828
-5.89189166666667;48.5226216666667;7.92943716729463;9.79203941081549;3844
-5.88983;48.52445;7.75733482395951;9.92893579604694;3876
-5.88931333333333;48.524915;7.69576844157073;9.85013442008403;3887
-5.88817666666667;48.525955;7.5226877894006;9.98294387559116;3908
-5.88676833333333;48.5272883333333;7.5226877894006;9.98294387559116;3936
-5.88567833333333;48.52828;7.5226877894006;9.98294387559116;3957
-5.885115;48.528805;7.58286952129002;10.0628077312512;3969
-5.88467;48.5291666666667;7.5226877894006;9.98294387559116;3978
-5.88406;48.5297366666667;7.58286952129002;10.0628077312512;3987
-5.88365666666667;48.530115;7.5226877894006;9.98294387559116;3997
-5.883165;48.5305916666667;7.5226877894006;9.98294387559116;4009
-5.88259;48.531115;7.58286952129002;10.0628077312512;4020
-5.88157666666667;48.5321466666667;7.58286952129002;10.0628077312512;4037
-5.88111666666667;48.5326416666667;7.58286952129002;10.0628077312512;4054
-5.88022333333333;48.5335133333333;7.58286952129002;10.0628077312512;4069
-5.87967333333333;48.5340383333333;7.75733482395951;9.92893579604694;4080
-5.87911333333333;48.5345683333333;7.75733482395951;9.92893579604694;4087
-5.87967333333333;48.5340383333333;7.75733482395951;9.92893579604694;4095
-5.87808333333333;48.5355283333333;7.75733482395951;9.92893579604694;4108
-5.87770166666667;48.5359166666667;7.75733482395951;9.92893579604694;4116
-5.87717333333333;48.53639;7.64305067924391;10.142670825273;4128
-5.87662666666667;48.5369133333333;7.58286952129002;10.0628077312512;4137
-5.87613833333333;48.5374016666667;7.58286952129002;10.0628077312512;4147
-5.87520166666667;48.53833;7.58286952129002;10.0628077312512;4168
-5.87470333333333;48.5388166666667;7.58286952129002;10.0628077312512;4176
-5.874215;48.5392983333333;7.58286952129002;10.0628077312512;4186
-5.873725;48.5397866666667;7.81890061920775;10.0077364205042;4203
-5.87317166666667;48.540315;7.75733482395951;9.92893579604694;4210
-5.873725;48.5397866666667;7.81890061920775;10.0077364205042;4218
-5.872195;48.5412266666667;7.92943716729463;9.79203941081549;4228
-5.871675;48.5416966666667;7.92943716729463;9.79203941081549;4246
-5.87001;48.5431416666667;8.16340252041704;9.72876428149964;4272
-5.86898833333333;48.544025;7.9923688462996;9.8697535622747;4291
-5.86845166666667;48.54449;7.75733482395951;9.92893579604694;4297
-5.86739333333333;48.545425;7.64305067924391;10.142670825273;4319
-5.86587333333333;48.5468633333333;7.40609440310744;10.1936144377398;4350
-5.86538;48.5473566666667;7.46487259200327;10.2745156742541;4357
-5.8644;48.54835;7.64305067924391;10.142670825273;4380
-5.86387666666667;48.5488916666667;7.58286952129002;10.0628077312512;4388
-5.86337;48.54938;7.81890061920775;10.0077364205042;4398
-5.86240666666667;48.55031;7.9923688462996;9.8697535622747;4417
-5.86023833333333;48.5522583333333;7.64305067924391;10.142670825273;4458
-5.85971833333333;48.5527366666667;7.64305067924391;10.142670825273;4469
-5.858785;48.5536666666667;7.46487259200327;10.2745156742541;4489
-5.85823;48.5542083333333;7.64305067924391;10.142670825273;4498
-5.85778333333333;48.554655;7.64305067924391;10.142670825273;4507
-5.85723333333333;48.5551966666667;7.64305067924391;10.142670825273;4523
-5.85621333333333;48.55616;7.64305067924391;10.142670825273;4539
-5.85576;48.5565983333333;7.64305067924391;10.142670825273;4547
-5.85520333333333;48.5571333333333;7.64305067924391;10.142670825273;4559
-5.85475333333333;48.557575;7.70323241113332;10.222534680933;4569
-5.853695;48.5586016666667;7.81890061920775;10.0077364205042;4589
-5.85272833333333;48.55953;7.81890061920775;10.0077364205042;4609
-5.85216333333333;48.5600616666667;7.81890061920775;10.0077364205042;4618
-5.85169833333333;48.5604983333333;7.81890061920775;10.0077364205042;4630
-5.85061166666667;48.5615066666667;7.81890061920775;10.0077364205042;4649
-5.8501;48.5619883333333;7.81890061920775;10.0077364205042;4659
-5.84964;48.5624216666667;7.81890061920775;10.0077364205042;4667
-5.84908166666667;48.5629583333333;7.70323241113332;10.222534680933;4686
-5.848065;48.5639333333333;7.88046700159653;10.0865377964672;4702
-5.84755666666667;48.56442;7.88046700159653;10.0865377964672;4707
-5.84704666666667;48.5649033333333;7.88046700159653;10.0865377964672;4719
-5.84601166666667;48.5658783333333;8.05530112547126;9.94746845487806;4740
-5.84548333333333;48.5663633333333;7.9923688462996;9.8697535622747;4752
-5.84386833333333;48.567805;7.94203279684478;10.1653384209245;4779
-5.84338833333333;48.5682366666667;7.88046700159653;10.0865377964672;4788
-5.842275;48.5692533333333;7.76341356908721;10.3023977749548;4808
-5.84175166666667;48.5697433333333;7.76341356908721;10.3023977749548;4818
-5.84124;48.5702316666667;7.58242953035062;10.4363189188213;4834
-5.840735;48.5707283333333;7.58242953035062;10.4363189188213;4840
-5.840285;48.5711766666667;7.58242953035062;10.4363189188213;4848
-5.839745;48.5717283333333;7.58242953035062;10.4363189188213;4862
-5.83876833333333;48.5727366666667;7.76341356908721;10.3023977749548;4883
-5.837775;48.5737416666667;7.76341356908721;10.3023977749548;4900
-5.83732166666667;48.5741916666667;7.76341356908721;10.3023977749548;4909
-5.83676;48.5747416666667;7.82359530097663;10.3822616306148;4919
-5.83624666666667;48.575245;7.94203279684478;10.1653384209245;4929
-5.83573666666667;48.575745;8.00359917923356;10.2441397968874;4939
-5.83471833333333;48.5767333333333;8.00359917923356;10.2441397968874;4957
-5.83425833333333;48.5771766666667;7.94203279684478;10.1653384209245;4967
-5.83374833333333;48.5776716666667;7.82359530097663;10.3822616306148;4980
-5.831665;48.5797083333333;8.00359917923356;10.2441397968874;5017
-5.83121;48.5801516666667;8.00359917923356;10.2441397968874;5028
-5.83013833333333;48.5811816666667;8.00359917923356;10.2441397968874;5052
-5.82858;48.58267;8.00359917923356;10.2441397968874;5080
-5.82811333333333;48.5831116666667;8.00359917923356;10.2441397968874;5087
-5.827025;48.5841466666667;8.00359917923356;10.2441397968874;5108
-5.82655;48.58459;8.00359917923356;10.2441397968874;5120
-5.825485;48.58556;8.00359917923356;10.2441397968874;5139
-5.81833666666667;48.5925816666667;7.88377703286604;10.4621254862748;5280
-5.81778166666667;48.59314;8.06516556162234;10.3229411728503;5287
-5.81575333333333;48.595075;8.18116508364789;10.1028974989406;5326
-5.81463333333333;48.5960916666667;8.18116508364789;10.1028974989406;5352
-5.799505;48.6105066666667;7.82359530097663;10.3822616306148;5637
-5.79789833333333;48.612065;7.88377703286604;10.4621254862748;5670
-5.79743166666667;48.612515;7.88377703286604;10.4621254862748;5679
-5.79586;48.6140166666667;8.06516556162234;10.3229411728503;5707
-5.79743166666667;48.612515;7.88377703286604;10.4621254862748;5715
-5.79376;48.6160216666667;7.88377703286604;10.4621254862748;5749
-5.791645;48.6180816666667;8.12673135687058;10.4017417973076;5788
-5.790115;48.6195266666667;8.06516556162234;10.3229411728503;5818
-5.789585;48.620025;8.06516556162234;10.3229411728503;5829
-5.78847833333333;48.6210683333333;7.88377703286604;10.4621254862748;5851
-5.78749;48.6220183333333;7.88377703286604;10.4621254862748;5867
-5.78645333333333;48.6230233333333;7.94395819081993;10.5419885802966;5889
-5.78536666666667;48.624085;7.94395819081993;10.5419885802966;5908
-5.78443833333333;48.625;7.94395819081993;10.5419885802966;5928
-5.783355;48.6260633333333;7.94395819081993;10.5419885802966;5948
-5.781325;48.6280233333333;8.12673135687058;10.4017417973076;5989
-5.78020666666667;48.62907;8.12673135687058;10.4017417973076;6008
-5.77908166666667;48.6301183333333;8.12673135687058;10.4017417973076;6028
-5.77858166666667;48.6305616666667;8.12673135687058;10.4017417973076;6040
-5.77748833333333;48.6315516666667;8.12673135687058;10.4017417973076;6059
-5.77168666666667;48.6370783333333;8.18829773925936;10.4805431732705;6166
-5.77109;48.6376316666667;8.18829773925936;10.4805431732705;6179
-5.770495;48.6381833333333;8.18829773925936;10.4805431732705;6189
-5.76891166666667;48.6396483333333;8.00413992270935;10.6218524359566;6218
-5.76831666666667;48.6402033333333;8.00413992270935;10.6218524359566;6229
-5.767835;48.640655;7.81754396760103;10.7599261794945;6238
-5.767255;48.641215;7.87632215649686;10.8408274160088;6252
-5.76626166666667;48.6421883333333;7.87632215649686;10.8408274160088;6269
-5.76573333333333;48.6426966666667;8.06432108066323;10.7017155299785;6280
-5.76467166666667;48.6437183333333;7.87632215649686;10.8408274160088;6297
-5.76408666666667;48.6442866666667;7.87632215649686;10.8408274160088;6311
-5.76366833333333;48.6447;7.87632215649686;10.8408274160088;6318
-5.76308333333333;48.6452666666667;7.93510090594839;10.9217294240618;6328
-5.76256;48.645785;7.87632215649686;10.8408274160088;6337
-5.76198;48.6463566666667;7.74328189073912;11.0585525979014;6348
-5.761515;48.64683;7.74328189073912;11.0585525979014;6358
-5.760555;48.64783;7.60502370051732;11.2749113030013;6382
-5.75999166666667;48.64841;7.35262697270287;11.3220526672632;6389
-5.75897;48.6495483333333;7.20690219571974;11.5334544312321;6409
-5.75850333333333;48.65003;7.20690219571974;11.5334544312321;6418
-5.75795333333333;48.6506316666667;7.25989381892083;11.6182587555907;6429
-5.75709666666667;48.65162;7.05602152803203;11.7431918561273;6446
-5.75613333333333;48.6527916666667;7.05602152803203;11.7431918561273;6469
-5.75568833333333;48.6533583333333;7.05602152803203;11.7431918561273;6478
-5.754845;48.6544266666667;7.05602152803203;11.7431918561273;6498
-5.75439333333333;48.654995;7.25989381892083;11.6182587555907;6508
-5.753945;48.6555516666667;7.25989381892083;11.6182587555907;6517
-5.75344333333333;48.65617;7.25989381892083;11.6182587555907;6528
-5.752565;48.6572233333333;7.46155467582422;11.4897866208886;6546
-5.75160166666667;48.658325;7.66094267089165;11.3578145858777;6566
-5.74909666666667;48.66109;7.25989381892083;11.6182587555907;6618
-5.748685;48.661585;7.20690219571974;11.5334544312321;6627
-5.74502166666667;48.6661;7.46155467582422;11.4897866208886;6709
-5.74326666666667;48.6682683333333;7.60502370051732;11.2749113030013;6749
-5.74280666666667;48.6688216666667;7.60502370051732;11.2749113030013;6757
-5.73825;48.6744033333333;7.54910419685508;11.1920072294931;6858
-5.73118166666667;48.6831166666667;7.43726572281852;11.0261998731084;7016
-5.730735;48.6836633333333;7.43726572281852;11.0261998731084;7028
-5.73118166666667;48.6831166666667;7.43726572281852;11.0261998731084;7033
-5.72983;48.6847366666667;7.43726572281852;11.0261998731084;7047
-5.72755;48.6874816666667;7.24369926958151;11.1543187136379;7098
-5.72715666666667;48.6879683333333;7.24369926958151;11.1543187136379;7108
-5.725825;48.6895866666667;7.18923515831671;11.0704513369159;7138
-5.72537333333333;48.69013;7.38134621915628;10.9432957996002;7147
-5.72486833333333;48.690715;7.38134621915628;10.9432957996002;7158
-5.725825;48.6895866666667;7.18923515831671;11.0704513369159;7181
-5.72344166666667;48.6923583333333;7.18923515831671;11.0704513369159;7188
-5.72307333333333;48.6927866666667;7.18923515831671;11.0704513369159;7199
-5.722625;48.6933216666667;7.18923515831671;11.0704513369159;7209
-5.72033666666667;48.6959966666667;6.99493418680423;11.1942347075125;7257
-5.71988666666667;48.6965416666667;6.99493418680423;11.1942347075125;7266
-5.71900166666667;48.697615;6.798502490577;11.3146082057762;7288
-5.71852666666667;48.6982066666667;6.99493418680423;11.1942347075125;7299
-5.71804166666667;48.6988016666667;7.0479263153757;11.2790398406328;7308
-5.71769333333333;48.699235;6.99493418680423;11.1942347075125;7316
-5.71635166666667;48.7008483333333;6.99493418680423;11.1942347075125;7348
-5.71590666666667;48.701385;6.99493418680423;11.1942347075125;7359
-5.71537;48.702035;7.24369926958151;11.1543187136379;7368
-5.71500833333333;48.7024633333333;7.18923515831671;11.0704513369159;7377
-5.71405666666667;48.7035866666667;7.18923515831671;11.0704513369159;7397
-5.71364166666667;48.7040733333333;7.18923515831671;11.0704513369159;7410
-5.71262;48.7052433333333;7.18923515831671;11.0704513369159;7429
-5.712245;48.7056666666667;7.24369926958151;11.1543187136379;7437
-5.71177666666667;48.7062083333333;7.18923515831671;11.0704513369159;7449
-5.71127;48.7067916666667;7.0479263153757;11.2790398406328;7457
-5.7104;48.7078066666667;7.0479263153757;11.2790398406328;7479
-5.70949166666667;48.708885;7.0479263153757;11.2790398406328;7497
-5.70854666666667;48.71002;7.0479263153757;11.2790398406328;7517
-5.70813666666667;48.7105066666667;7.0479263153757;11.2790398406328;7528
-5.70769166666667;48.7110483333333;7.0479263153757;11.2790398406328;7539
-5.706795;48.7121433333333;7.10091793857679;11.3638441649914;7558
-5.706355;48.7126816666667;7.0479263153757;11.2790398406328;7568
-5.70590833333333;48.7132283333333;7.10091793857679;11.3638441649914;7577
-5.70130833333333;48.7186666666667;7.43726572281852;11.0261998731084;7680
-5.69982833333333;48.7203283333333;7.49318469319284;11.1091031559848;7708
-5.69934833333333;48.7208633333333;7.49318469319284;11.1091031559848;7720
-5.697975;48.7224216666667;7.49318469319284;11.1091031559848;7747
-5.69649;48.7240883333333;7.60502370051732;11.2749113030013;7778
-5.69508666666667;48.725645;7.35262697270287;11.3220526672632;7807
-5.69362166666667;48.72733;7.35262697270287;11.3220526672632;7838
-5.69073833333333;48.7305883333333;7.54910419685508;11.1920072294931;7903
-5.686495;48.73544;7.80063975317627;11.140468114812;7989
-5.686;48.7359766666667;7.80063975317627;11.140468114812;8000
-5.68544833333333;48.736555;7.93510090594839;10.9217294240618;8009
-5.68443333333333;48.73762;7.74328189073912;11.0585525979014;8028
-5.68291333333333;48.739225;7.99387965539991;11.0026314321148;8057
-5.68194333333333;48.7402366666667;7.99387965539991;11.0026314321148;8079
-5.68136666666667;48.7408166666667;7.99387965539991;11.0026314321148;8088
-5.680295;48.741865;7.85799706860831;11.2223828505183;8108
-5.67977833333333;48.742395;7.80063975317627;11.140468114812;8117
-5.67728333333333;48.7451016666667;7.85799706860831;11.2223828505183;8168
-5.67678666666667;48.7456466666667;7.85799706860831;11.2223828505183;8177
-5.67629166666667;48.746195;8.05265784429574;11.083532668629;8187
-5.67584;48.7466833333333;8.05265784429574;11.083532668629;8199
-5.67527666666667;48.74727;8.05265784429574;11.083532668629;8208
-5.67278;48.7498983333333;8.05265784429574;11.083532668629;8259
-5.67220333333333;48.7504966666667;8.05265784429574;11.083532668629;8268
-5.67011833333333;48.752625;7.91535493104546;11.3042983674289;8313
-5.66708333333333;48.7558766666667;8.11143659374727;11.164434676682;8370
-5.66606;48.75696;8.11143659374727;11.164434676682;8387
-5.66559666666667;48.7574466666667;8.11143659374727;11.164434676682;8399
-5.66503833333333;48.7580333333333;8.11143659374727;11.164434676682;8408
-5.66131;48.7617683333333;7.91535493104546;11.3042983674289;8478
-5.660275;48.7628466666667;7.91535493104546;11.3042983674289;8498
-5.6592;48.7639883333333;7.91535493104546;11.3042983674289;8520
-5.65828;48.7649733333333;7.91535493104546;11.3042983674289;8538
-5.65563666666667;48.7678233333333;7.91535493104546;11.3042983674289;8592
-5.65415833333333;48.7694;8.11143659374727;11.164434676682;8619
-5.64765333333333;48.7758616666667;8.68462151652109;10.724614416335;8739
-5.64721;48.7762816666667;8.68462151652109;10.724614416335;8750
-5.64609333333333;48.777325;8.87046913627625;10.5714134611533;8769
-5.64551166666667;48.7778333333333;9.05361472520233;10.4149923510237;8778
-5.64487333333333;48.7783966666667;9.05361472520233;10.4149923510237;8789
-5.64377166666667;48.77937;9.23400249537878;10.2553987333317;8807
-5.64306;48.7799616666667;9.23400249537878;10.2553987333317;8819
-5.64252;48.7804133333333;9.23400249537878;10.2553987333317;8828
-5.64197833333333;48.7808566666667;9.23400249537878;10.2553987333317;8838
-5.63945166666667;48.7829466666667;9.34337740277537;10.019545572688;8877
-5.63890666666667;48.7833933333333;9.41157749894334;10.0926812218392;8888
-5.63572666666667;48.7858633333333;9.68736276738579;9.68736276738579;8939
-5.634505;48.786765;9.75807371524427;9.75807371524427;8959
-5.633795;48.7872833333333;9.68736276738579;9.68736276738579;8970
-5.62998;48.79006;10.795747174111;8.43456209453341;9027
-5.62716;48.7917633333333;11.5334544312321;7.20690219571974;9068
-5.62642666666667;48.7921583333333;11.3638441649914;7.10091793857679;9079
-5.62568166666667;48.79254;11.5717585594785;6.95301401128573;9088
-5.62485166666667;48.7929466666667;11.604740080349;6.69999980926514;9098
-5.62103;48.7946533333333;11.719903742027;6.49644872636072;9147
-5.61952666666667;48.7952966666667;11.604740080349;6.69999980926514;9167
-5.61864833333333;48.7956683333333;11.604740080349;6.69999980926514;9178
-5.61786166666667;48.7960133333333;11.6913429510899;6.75;9188
-5.61708666666667;48.7963516666667;11.604740080349;6.69999980926514;9202
-5.61559166666667;48.7970066666667;11.4860415024249;6.90151000732329;9216
-5.614805;48.7973566666667;11.5717585594785;6.95301401128573;9232
-5.61394333333333;48.7977416666667;11.5717585594785;6.95301401128573;9243
-5.61236666666667;48.7984516666667;11.5717585594785;6.95301401128573;9257
-5.61158666666667;48.7988016666667;11.6574756165321;7.00451801524817;9268
-5.61088166666667;48.7991216666667;11.6574756165321;7.00451801524817;9277
-5.60767833333333;48.8005966666667;11.5334544312321;7.20690219571974;9318
-5.60691;48.8009616666667;11.5334544312321;7.20690219571974;9328
-5.60621166666667;48.8012916666667;11.5334544312321;7.20690219571974;9337
-5.60544166666667;48.8016566666667;11.6574756165321;7.00451801524817;9349
-5.60458166666667;48.8020583333333;11.6574756165321;7.00451801524817;9359
-5.60379666666667;48.80242;11.6574756165321;7.00451801524817;9368
-5.601525;48.8034616666667;11.6574756165321;7.00451801524817;9397
-5.60074166666667;48.8038233333333;11.6574756165321;7.00451801524817;9407
-5.59832166666667;48.8049366666667;11.7779458218308;6.80000019073487;9438
-5.59753166666667;48.8052916666667;11.8645478666656;6.84999990463257;9448
-5.59513833333333;48.80634;11.8948283507367;6.59341102029038;9477
-5.59271833333333;48.8073733333333;11.7779458218308;6.80000019073487;9507
-5.58718;48.8097733333333;11.8645478666656;6.84999990463257;9578
-5.586375;48.810115;11.8645478666656;6.84999990463257;9587
-5.58549;48.810495;11.8645478666656;6.84999990463257;9600
-5.58308166666667;48.8115433333333;11.8645478666656;6.84999990463257;9629
-5.582355;48.8118616666667;11.8645478666656;6.84999990463257;9636
-5.58308166666667;48.8115433333333;11.8645478666656;6.84999990463257;9655
-5.58067166666667;48.8126083333333;11.8645478666656;6.84999990463257;9660
-5.57907333333333;48.813325;11.9511507374065;6.90000009536743;9680
-5.57827333333333;48.813675;11.8645478666656;6.84999990463257;9688
-5.57588;48.8147466666667;11.9511507374065;6.90000009536743;9719
-5.57347166666667;48.8158183333333;12.0697521253441;6.69037285186955;9748
-5.57106;48.8168683333333;11.9511507374065;6.90000009536743;9781
-5.57025666666667;48.8172333333333;11.9511507374065;6.90000009536743;9789
-5.569455;48.817585;11.9511507374065;6.90000009536743;9798
-5.56866;48.8179416666667;11.9511507374065;6.90000009536743;9808
-5.56793833333333;48.81826;11.9511507374065;6.90000009536743;9819
-5.56625166666667;48.8190216666667;12.0697521253441;6.69037285186955;9844
-5.56464;48.8197316666667;12.0697521253441;6.69037285186955;9858
-5.56382833333333;48.8200966666667;12.0697521253441;6.69037285186955;9868
-5.56309833333333;48.8204066666667;12.0697521253441;6.69037285186955;9876
-5.56138833333333;48.8211466666667;12.0697521253441;6.69037285186955;9900
-5.55001333333333;48.8260416666667;12.0697521253441;6.69037285186955;10038
-5.54367;48.8289016666667;12.0377527822412;6.94999980926514;10117
-5.46973166666667;48.8608683333333;12.361266300025;6.57260187900247;11020
-5.44558333333333;48.8707783333333;12.2446758999515;6.78733468344872;11312
-5.44466166666667;48.8711583333333;12.2446758999515;6.78733468344872;11323
-5.44407833333333;48.8714;12.2446758999515;6.78733468344872;11328
-5.44157;48.8724383333333;12.2446758999515;6.78733468344872;11357
-5.44106833333333;48.8726466666667;12.2446758999515;6.78733468344872;11364
-5.44056333333333;48.8728566666667;12.3321382043064;6.83581583041355;11369
-5.44015166666667;48.873035;12.2446758999515;6.78733468344872;11375
-5.43965166666667;48.8732483333333;12.2446758999515;6.78733468344872;11388
-5.43260833333333;48.8761533333333;12.4495613961286;6.61954921437025;11465
-5.43202;48.876395;12.4495613961286;6.61954921437025;11471
-5.42957833333333;48.8773833333333;12.361266300025;6.57260187900247;11501
-5.32039333333333;48.917805;13.3920309469949;6.53172991993193;12731
-5.31547166666667;48.919515;13.5039856811171;6.29701193872035;12784
-5.310355;48.921295;13.4819106944875;6.57556720183616;12843
-5.309245;48.9216866666667;13.4819106944875;6.57556720183616;12855
-5.306475;48.9226816666667;13.5717904419801;6.61940448374039;12883
-5.30536833333333;48.9230733333333;13.4819106944875;6.57556720183616;12893
-5.304255;48.92347;13.4819106944875;6.57556720183616;12907
-5.30092;48.92466;13.4819106944875;6.57556720183616;12943
-5.27846;48.9325016666667;13.6852479299824;6.38153591350063;13185
-5.27732333333333;48.932885;13.5717904419801;6.61940448374039;13194
-5.275635;48.9334666666667;13.5717904419801;6.61940448374039;13217
-5.26953833333333;48.9355983333333;13.6852479299824;6.38153591350063;13276
-5.26719;48.93641;13.5717904419801;6.61940448374039;13303
-5.26662833333333;48.9366083333333;13.5717904419801;6.61940448374039;13310
-5.26559833333333;48.93697;13.5717904419801;6.61940448374039;13320
-5.22199;48.9519633333333;13.6852479299824;6.38153591350063;13785
-5.21634166666667;48.9539166666667;13.7758781900926;6.42379749785059;13846
-5.21530166666667;48.9542683333333;13.6852479299824;6.38153591350063;13855
-5.21464333333333;48.9544916666667;13.7945367588932;6.1417234656023;13863
-5.21350166666667;48.9548766666667;13.7758781900926;6.42379749785059;13875
-5.211305;48.9556033333333;13.7758781900926;6.42379749785059;13897
-5.2096;48.9562016666667;13.7758781900926;6.42379749785059;13913
-5.20779666666667;48.9568083333333;13.7758781900926;6.42379749785059;13932
-5.20212;48.95873;13.8858907819226;6.18239689717331;13996
-5.19993166666667;48.9594766666667;13.8858907819226;6.18239689717331;14014
-5.19526333333333;48.9610066666667;13.661669332316;6.66324134758132;14062
-5.19412333333333;48.9613966666667;13.661669332316;6.66324134758132;14084
-5.19252166666667;48.9619616666667;13.661669332316;6.66324134758132;14093
-5.19186;48.9621933333333;13.5432989977172;6.9006555094493;14103
-5.19017;48.9628066666667;13.632399990028;6.94605473260688;14117
-5.18904833333333;48.9632083333333;13.5432989977172;6.9006555094493;14134
-5.18624;48.9642333333333;13.5432989977172;6.9006555094493;14159
-5.185675;48.9644416666667;13.632399990028;6.94605473260688;14165
-5.18455166666667;48.96486;13.5432989977172;6.9006555094493;14179
-5.18173333333333;48.96589;13.5432989977172;6.9006555094493;14208
-5.180605;48.966305;13.632399990028;6.94605473260688;14220
-5.180045;48.96651;13.5432989977172;6.9006555094493;14228
-5.17948;48.96672;13.5432989977172;6.9006555094493;14234
-5.17722833333333;48.9675466666667;13.632399990028;6.94605473260688;14258
-5.174965;48.968365;13.632399990028;6.94605473260688;14285
-5.172805;48.969165;13.632399990028;6.94605473260688;14304
-5.172145;48.9694116666667;13.632399990028;6.94605473260688;14310
-5.17158333333333;48.9696166666667;13.5432989977172;6.9006555094493;14316
-5.17102;48.969825;13.661669332316;6.66324134758132;14326
-5.16931;48.9704366666667;13.661669332316;6.66324134758132;14344
-5.16761666666667;48.97106;13.7515490798086;6.70707862948555;14356
-5.16714833333333;48.97123;13.7515490798086;6.70707862948555;14363
-5.163635;48.972465;13.7515490798086;6.70707862948555;14405
-5.16191;48.9730466666667;13.7515490798086;6.70707862948555;14418
-5.15843833333333;48.974205;13.7515490798086;6.70707862948555;14454
-5.15614166666667;48.975005;13.632399990028;6.94605473260688;14478
-5.109475;48.99293;13.4691431563058;7.4660679668534;14974
-5.09937;48.996855;13.5566054606606;7.51454911381823;15084
-5.09824666666667;48.9972966666667;13.4691431563058;7.4660679668534;15096
-5.09655;48.9979416666667;13.5973925932097;7.22986188781353;15113
-5.09484333333333;48.9985833333333;13.4691431563058;7.4660679668534;15136
-5.05157833333333;49.0147216666667;13.4691431563058;7.4660679668534;15587
-5.04816666666667;49.016005;13.4691431563058;7.4660679668534;15623
-5.04646833333333;49.0166483333333;13.4691431563058;7.4660679668534;15643
-5.03919666666667;49.0193633333333;13.4691431563058;7.4660679668534;15720
-4.98728666666667;49.0386383333333;13.5566054606606;7.51454911381823;16265
-4.972305;49.04403;13.6440677650155;7.56303026078305;16425
-4.971155;49.0444416666667;13.5566054606606;7.51454911381823;16434
-4.97000166666667;49.0448633333333;13.6440677650155;7.56303026078305;16450
-4.96480833333333;49.0467166666667;13.773982785417;7.32375655854909;16501
-4.96307;49.0473266666667;13.773982785417;7.32375655854909;16523
-4.94566833333333;49.0535216666667;13.6440677650155;7.56303026078305;16699
-4.942785;49.054565;13.6440677650155;7.56303026078305;16729
-4.93768;49.0563916666667;13.6440677650155;7.56303026078305;16784
-4.93479;49.057415;13.6440677650155;7.56303026078305;16812
-4.93364666666667;49.057825;13.6440677650155;7.56303026078305;16827
-4.93297333333333;49.0580616666667;13.6440677650155;7.56303026078305;16834
-4.931245;49.0586833333333;13.6440677650155;7.56303026078305;16851
-4.92960833333333;49.0592733333333;13.773982785417;7.32375655854909;16868
-4.92835333333333;49.0597183333333;13.8622770394763;7.37070344619389;16882
-4.92554666666667;49.06071;13.6440677650155;7.56303026078305;16907
-4.92487666666667;49.0609516666667;13.4233937586588;7.75;16913
-4.92429666666667;49.0611633333333;13.5099966293997;7.80000019073487;16920
-4.92381333333333;49.0613433333333;13.5965986742344;7.84999990463257;16926
-4.92323666666667;49.061555;13.5099966293997;7.80000019073487;16935
-4.92257166666667;49.0618016666667;13.3367908879179;7.69999980926514;16941
-4.921995;49.0620183333333;13.5099966293997;7.80000019073487;16947
-4.92084833333333;49.0624466666667;13.2860931608827;7.98309016110584;16959
-4.91980166666667;49.06285;13.3718102179363;8.03459416506828;16972
-4.91856833333333;49.0633183333333;13.2860931608827;7.98309016110584;16982
-4.91809333333333;49.0635;13.4233937586588;7.75;16988
-4.91685166666667;49.0639733333333;13.5099966293997;7.80000019073487;16999
-4.91628666666667;49.0641866666667;13.4233937586588;7.75;17007
-4.91581;49.0643666666667;13.5099966293997;7.80000019073487;17013
-4.91466333333333;49.0648;13.5099966293997;7.80000019073487;17021
-4.91410166666667;49.0650166666667;13.4233937586588;7.75;17028
-4.91343833333333;49.06527;13.5099966293997;7.80000019073487;17035
-4.912395;49.0656666666667;13.4233937586588;7.75;17044
-4.91115333333333;49.06613;13.5099966293997;7.80000019073487;17059
-4.91058333333333;49.066345;13.3718102179363;8.03459416506828;17065
-4.91011666666667;49.0665216666667;13.2860931608827;7.98309016110584;17071
-4.90897666666667;49.0669566666667;13.3718102179363;8.03459416506828;17081
-4.90772833333333;49.06742;13.2860931608827;7.98309016110584;17095
-4.90545833333333;49.06831;13.2860931608827;7.98309016110584;17119
-4.90489666666667;49.0685383333333;13.3718102179363;8.03459416506828;17125
-4.90328833333333;49.0691583333333;13.3718102179363;8.03459416506828;17144
-4.90101833333333;49.0700333333333;13.3718102179363;8.03459416506828;17164
-4.89980333333333;49.07052;13.3718102179363;8.03459416506828;17184
-4.898775;49.0709283333333;13.2860931608827;7.98309016110584;17191
-4.89764166666667;49.0713633333333;13.3718102179363;8.03459416506828;17202
-4.89708166666667;49.071585;13.2860931608827;7.98309016110584;17207
-4.89641833333333;49.0718383333333;13.1447454904246;8.21374859561468;17216
-4.895385;49.0722433333333;13.2295506235449;8.26674072418615;17225
-4.89473333333333;49.0725066666667;13.1447454904246;8.21374859561468;17232
-4.89314666666667;49.073145;13.2295506235449;8.26674072418615;17249
-4.889775;49.0744816666667;13.2295506235449;8.26674072418615;17289
-4.88631333333333;49.0758483333333;13.1447454904246;8.21374859561468;17323
-4.88584666666667;49.076035;13.1447454904246;8.21374859561468;17329
-4.885195;49.076295;13.1447454904246;8.21374859561468;17335
-4.88407666666667;49.0767466666667;13.1447454904246;8.21374859561468;17346
-4.88351666666667;49.0769683333333;13.1447454904246;8.21374859561468;17354
-4.88127666666667;49.07786;13.0599403573043;8.1607564670432;17379
-4.88025666666667;49.0782783333333;13.2860931608827;7.98309016110584;17386
-4.87961666666667;49.07854;13.2003761038292;7.9315861571434;17400
-4.8785;49.0789916666667;13.3718102179363;8.03459416506828;17405
-4.87794166666667;49.07922;13.2860931608827;7.98309016110584;17411
-4.87737333333333;49.0794383333333;13.2860931608827;7.98309016110584;17418
-4.87680166666667;49.0796583333333;13.2860931608827;7.98309016110584;17426
-4.87623666666667;49.0798833333333;13.2860931608827;7.98309016110584;17432
-4.87567333333333;49.080105;13.2860931608827;7.98309016110584;17440
-4.87464166666667;49.080515;13.2860931608827;7.98309016110584;17448
-4.87350833333333;49.080955;13.4233937586588;7.75;17460
-4.87284666666667;49.0812133333333;13.4233937586588;7.75;17465
-4.87228;49.0814316666667;13.3367908879179;7.69999980926514;17472
-4.87171;49.0816533333333;13.4233937586588;7.75;17480
-4.87114166666667;49.081875;13.4233937586588;7.75;17486
-4.87001;49.0823066666667;13.4233937586588;7.75;17497
-4.86944166666667;49.08252;13.5099966293997;7.80000019073487;17505
-4.86830666666667;49.0829516666667;13.3367908879179;7.69999980926514;17513
-4.86783333333333;49.0831283333333;13.3367908879179;7.69999980926514;17518
-4.867165;49.0833816666667;13.5099966293997;7.80000019073487;17525
-4.86659666666667;49.0835983333333;13.4233937586588;7.75;17531
-4.86603;49.083815;13.3367908879179;7.69999980926514;17540
-4.86489;49.0842466666667;13.2860931608827;7.98309016110584;17551
-4.86432666666667;49.08446;13.2003761038292;7.9315861571434;17558
-4.86376166666667;49.0846816666667;13.2860931608827;7.98309016110584;17567
-4.86263166666667;49.0851133333333;13.2860931608827;7.98309016110584;17575
-4.861505;49.0855483333333;13.2860931608827;7.98309016110584;17588
-4.86094166666667;49.0857666666667;13.2860931608827;7.98309016110584;17594
-4.859815;49.08621;13.4233937586588;7.75;17605
-4.85925;49.0864283333333;13.4233937586588;7.75;17611
-4.85868333333333;49.086645;13.4233937586588;7.75;17617
-4.85811666666667;49.0868616666667;13.4233937586588;7.75;17625
-4.85641333333333;49.0875116666667;13.5566054606606;7.51454911381823;17641
-4.85536166666667;49.0879066666667;13.5566054606606;7.51454911381823;17654
-4.85469333333333;49.0881566666667;13.5566054606606;7.51454911381823;17662
-4.85297166666667;49.088795;13.5566054606606;7.51454911381823;17676
-4.85239666666667;49.08901;13.5566054606606;7.51454911381823;17686
-4.85067;49.0896383333333;13.5566054606606;7.51454911381823;17701
-4.84961;49.0900233333333;13.6440677650155;7.56303026078305;17711
-4.84893833333333;49.0902683333333;13.5566054606606;7.51454911381823;17717
-4.84836166666667;49.0904633333333;13.5566054606606;7.51454911381823;17724
-4.84778333333333;49.0906666666667;13.6440677650155;7.56303026078305;17730
-4.847205;49.0908716666667;13.6440677650155;7.56303026078305;17737
-4.84615;49.09125;13.5566054606606;7.51454911381823;17749
-4.84383833333333;49.092095;13.5566054606606;7.51454911381823;17773
-4.84316333333333;49.092345;13.6440677650155;7.56303026078305;17781
-4.84201666666667;49.0927683333333;13.4233937586588;7.75;17796
-4.84097;49.09316;13.5099966293997;7.80000019073487;17804
-4.83982833333333;49.0935883333333;13.4233937586588;7.75;17815
-4.83859833333333;49.09406;13.5099966293997;7.80000019073487;17823
-4.83812666666667;49.0942383333333;13.4233937586588;7.75;17830
-4.83756;49.0944583333333;13.5099966293997;7.80000019073487;17842
-4.836325;49.0949233333333;13.6440677650155;7.56303026078305;17856
-4.83527833333333;49.0953133333333;13.6440677650155;7.56303026078305;17865
-4.83460666666667;49.09556;13.6440677650155;7.56303026078305;17871
-4.83345666666667;49.0959833333333;13.6440677650155;7.56303026078305;17881
-4.83287833333333;49.096195;13.6440677650155;7.56303026078305;17890
-4.83182;49.09658;13.6440677650155;7.56303026078305;17897
-4.83114833333333;49.0968266666667;13.6440677650155;7.56303026078305;17904
-4.83057333333333;49.0970383333333;13.5099966293997;7.80000019073487;17911
-4.83000166666667;49.0972466666667;13.5099966293997;7.80000019073487;17919
-4.82952666666667;49.0974216666667;13.5099966293997;7.80000019073487;17925
-4.82838833333333;49.097845;13.5099966293997;7.80000019073487;17932
-4.827155;49.0983016666667;13.5099966293997;7.80000019073487;17947
-4.82668166666667;49.0984833333333;13.5099966293997;7.80000019073487;17953
-4.825445;49.098945;13.5099966293997;7.80000019073487;17964
-4.82430333333333;49.0993733333333;13.5099966293997;7.80000019073487;17979
-4.823155;49.0998016666667;13.5099966293997;7.80000019073487;17989
-4.82210166666667;49.1001983333333;13.5099966293997;7.80000019073487;18001
-4.82143166666667;49.10045;13.5099966293997;7.80000019073487;18007
-4.82095166666667;49.10063;13.6440677650155;7.56303026078305;18015
-4.82037833333333;49.1008433333333;13.6440677650155;7.56303026078305;18023
-4.81856333333333;49.1015116666667;13.6440677650155;7.56303026078305;18034
-4.81693166666667;49.102105;13.6440677650155;7.56303026078305;18057
-4.816355;49.102315;13.6440677650155;7.56303026078305;18064
-4.81856333333333;49.1015116666667;13.6440677650155;7.56303026078305;18069
-4.81462;49.1029533333333;13.6440677650155;7.56303026078305;18082
-4.81336666666667;49.103415;13.5099966293997;7.80000019073487;18089
-4.81278666666667;49.10363;13.5099966293997;7.80000019073487;18099
-4.809905;49.1047016666667;13.5099966293997;7.80000019073487;18131
-4.80885833333333;49.1050983333333;13.5099966293997;7.80000019073487;18139
-4.80818833333333;49.1053516666667;13.5099966293997;7.80000019073487;18148
-4.80704333333333;49.105785;13.5099966293997;7.80000019073487;18158
-4.806565;49.1059666666667;13.6440677650155;7.56303026078305;18165
-4.80415833333333;49.10687;13.731529235268;7.6115109453974;18186
-4.8031;49.10726;13.6440677650155;7.56303026078305;18198
-4.80184166666667;49.1077233333333;13.731529235268;7.6115109453974;18210
-4.8002;49.1083316666667;13.5965986742344;7.84999990463257;18229
-4.795515;49.1100983333333;13.731529235268;7.6115109453974;18277
-4.79378666666667;49.1107466666667;13.6440677650155;7.56303026078305;18296
-4.79262833333333;49.111175;13.731529235268;7.6115109453974;18305
-4.79205166666667;49.11139;13.731529235268;7.6115109453974;18313
-4.79031333333333;49.1120333333333;13.731529235268;7.6115109453974;18330
-4.789255;49.112425;13.731529235268;7.6115109453974;18347
-4.78800166666667;49.1128966666667;13.731529235268;7.6115109453974;18354
-4.78684166666667;49.113325;13.731529235268;7.6115109453974;18365
-4.78451833333333;49.1141783333333;13.731529235268;7.6115109453974;18392
-4.782195;49.11503;13.731529235268;7.6115109453974;18413
-4.78161666666667;49.115245;13.731529235268;7.6115109453974;18424
-4.77997166666667;49.1158483333333;13.5965986742344;7.84999990463257;18437
-4.779295;49.1160983333333;13.5965986742344;7.84999990463257;18444
-4.77871666666667;49.1163116666667;13.5965986742344;7.84999990463257;18451
-4.73978;49.1306416666667;13.6832015449754;7.90000009536743;18855
-4.556965;49.197325;13.5432435145851;8.13760168181458;20728
-4.55580333333333;49.19776;13.5432435145851;8.13760168181458;20740
