"x";"y";"vx";"vy";"t"
-5.82233333333333;48.4886666666667;6.32984457963043;14.912179328219;0
-5.81616666666667;48.4971666666667;6.06862709913992;15.0203791513671;131
-5.8105;48.5053333333333;6.03116629689726;14.9276604122178;246
-5.81016666666667;48.5056666666667;6.14354798911988;15.2058148612027;252
-5.80816666666667;48.5085;6.32984457963043;14.912179328219;294
-5.8065;48.511;6.03116629689726;14.9276604122178;329
-5.80533333333333;48.5125;6.58913392814339;14.79943711079;354
-5.80316666666667;48.5155;5.76972412438586;15.0306452227376;396
-5.803;48.5158333333333;5.80556105604691;15.12400362152;401
-5.7995;48.5206666666667;6.10608718687722;15.1130961220535;479
-5.796;48.5256666666667;6.36891709627097;15.0042284089853;551
-5.7945;48.5276666666667;6.06862709913992;15.0203791513671;581
-5.79333333333333;48.5293333333333;6.36891709627097;15.0042284089853;599
-5.79166666666667;48.5316666666667;6.32984457963043;14.912179328219;641
-5.791;48.5325;6.62980697182011;14.8907902625945;648
-5.7905;48.5333333333333;6.10608718687722;15.1130961220535;671
-5.78966666666667;48.5345;5.84139730417535;15.217360239639;678
-5.78783333333333;48.537;6.06862709913992;15.0203791513671;713
-5.78733333333333;48.5378333333333;5.80556105604691;15.12400362152;731
-5.787;48.5381666666667;5.80556105604691;15.12400362152;745
-5.78583333333333;48.5398333333333;6.88867734394126;14.7728162372394;760
-5.78516666666667;48.5406666666667;6.5484601086781;14.7080822165358;779
-5.78433333333333;48.5418333333333;5.84139730417535;15.217360239639;786
-5.78283333333333;48.5438333333333;6.32984457963043;14.912179328219;815
-5.78266666666667;48.5443333333333;6.32984457963043;14.912179328219;823
-5.78233333333333;48.5446666666667;6.32984457963043;14.912179328219;828
-5.78133333333333;48.546;6.06862709913992;15.0203791513671;850
-5.77933333333333;48.5488333333333;6.2907713177294;14.820128491729;894
-5.777;48.552;6.10608718687722;15.1130961220535;935
-5.7765;48.5528333333333;5.80556105604691;15.12400362152;959
-5.77366666666667;48.5568333333333;6.2907713177294;14.820128491729;1011
-5.77333333333333;48.5573333333333;6.40799035817199;15.0962792454753;1021
-5.77233333333333;48.5585;6.03116629689726;14.9276604122178;1037
-5.77066666666667;48.561;6.32984457963043;14.912179328219;1068
-5.77;48.5618333333333;6.5484601086781;14.7080822165358;1079
-5.76966666666667;48.5621666666667;6.2907713177294;14.820128491729;1085
-5.76883333333333;48.5633333333333;5.69805026106375;14.8439284251728;1105
-5.768;48.5646666666667;6.06862709913992;15.0203791513671;1123
-5.76633333333333;48.567;6.06862709913992;15.0203791513671;1159
-5.76516666666667;48.5686666666667;6.25169805582838;14.728077655239;1185
-5.76433333333333;48.5698333333333;5.7338871927248;14.9372868239552;1199
-5.7635;48.571;5.95624469241193;14.7422229339193;1219
-5.76283333333333;48.5718333333333;5.99370549465459;14.8349416730686;1229
-5.76233333333333;48.5726666666667;6.06862709913992;15.0203791513671;1243
-5.762;48.573;6.32984457963043;14.912179328219;1249
-5.76083333333333;48.5746666666667;6.06862709913992;15.0203791513671;1271
-5.76033333333333;48.5755;6.2907713177294;14.820128491729;1285
-5.76;48.576;6.36891709627097;15.0042284089853;1290
-5.7595;48.5768333333333;6.58913392814339;14.79943711079;1304
-5.75716666666667;48.58;6.21262479392735;14.6360268187491;1351
-5.75466666666667;48.5836666666667;5.99370549465459;14.8349416730686;1403
-5.75366666666667;48.5848333333333;6.25169805582838;14.728077655239;1423
-5.7515;48.588;6.5484601086781;14.7080822165358;1470
-5.7495;48.5908333333333;5.95624469241193;14.7422229339193;1511
-5.747;48.5945;5.91878424742195;14.6495050790015;1568
-5.74583333333333;48.596;5.88132344517928;14.5567863398523;1590
-5.7455;48.5965;6.17355190465657;14.5439768601209;1595
-5.745;48.5971666666667;6.2907713177294;14.820128491729;1612
-5.7435;48.5991666666667;6.2907713177294;14.820128491729;1637
-5.7405;48.6036666666667;6.71963020046105;14.4102934681537;1704
-5.73916666666667;48.6051666666667;6.5077862892128;14.6167273222816;1734
-5.7385;48.606;6.5077862892128;14.6167273222816;1744
-5.73733333333333;48.6076666666667;6.76189218785119;14.5009245925864;1764
-5.7365;48.6088333333333;6.80415417524133;14.591555717019;1782
-5.73683333333333;48.6085;6.80415417524133;14.591555717019;1790
-5.7355;48.61;6.5484601086781;14.7080822165358;1800
-5.73433333333333;48.6116666666667;6.58913392814339;14.79943711079;1828
-5.7325;48.614;6.2907713177294;14.820128491729;1860
-5.73216666666667;48.6143333333333;6.84641616263148;14.6821868414517;1865
-5.73033333333333;48.6168333333333;6.25169805582838;14.728077655239;1903
-5.72883333333333;48.6186666666667;6.88867734394126;14.7728162372394;1932
-5.72583333333333;48.6223333333333;6.84641616263148;14.6821868414517;1987
-5.72433333333333;48.6243333333333;6.84641616263148;14.6821868414517;2016
-5.721;48.6286666666667;6.80415417524133;14.591555717019;2085
-5.72066666666667;48.629;6.58913392814339;14.79943711079;2093
-5.7195;48.6306666666667;6.58913392814339;14.79943711079;2118
-5.71683333333333;48.6338333333333;6.71963020046105;14.4102934681537;2159
-5.71533333333333;48.6356666666667;6.4264390381765;14.4340184049981;2193
-5.71433333333333;48.637;6.97010106672101;14.290824993294;2213
-5.7135;48.638;6.21262479392735;14.6360268187491;2228
-5.69416666666667;48.6623333333333;6.5077862892128;14.6167273222816;2602
-5.69316666666667;48.6636666666667;6.46711246974751;14.5253724280274;2616
-5.693;48.664;6.3857652187112;14.3426635107439;2621
-5.69;48.6676666666667;7.05772529350183;15.13534073497;2676
-5.68883333333333;48.6691666666667;6.84641616263148;14.6821868414517;2699
-5.6875;48.6708333333333;6.5077862892128;14.6167273222816;2729
-5.68666666666667;48.6718333333333;6.71963020046105;14.4102934681537;2743
-5.68566666666667;48.6731666666667;6.5484601086781;14.7080822165358;2759
-5.68516666666667;48.6738333333333;6.5484601086781;14.7080822165358;2771
-5.68416666666667;48.675;6.3857652187112;14.3426635107439;2791
-5.68383333333333;48.6756666666667;6.80415417524133;14.591555717019;2796
-5.68066666666667;48.6795;6.3857652187112;14.3426635107439;2856
-5.68033333333333;48.6798333333333;6.76189218785119;14.5009245925864;2861
-5.68;48.6801666666667;6.5484601086781;14.7080822165358;2872
-5.6775;48.6835;6.58913392814339;14.79943711079;2916
-5.67516666666667;48.6861666666667;6.80415417524133;14.591555717019;2958
-5.674;48.6876666666667;6.9309393313314;14.8634473616721;2982
-5.67366666666667;48.6881666666667;6.5077862892128;14.6167273222816;2988
-5.673;48.689;6.21262479392735;14.6360268187491;3002
-5.67266666666667;48.6893333333333;6.5077862892128;14.6167273222816;3010
-5.67216666666667;48.69;6.71963020046105;14.4102934681537;3018
-5.66983333333333;48.6928333333333;6.71963020046105;14.4102934681537;3060
-5.669;48.694;6.84641616263148;14.6821868414517;3078
-5.66866666666667;48.6943333333333;6.5077862892128;14.6167273222816;3084
-5.668;48.6951666666667;6.5077862892128;14.6167273222816;3097
-5.66616666666667;48.6975;6.80415417524133;14.591555717019;3132
-5.66483333333333;48.699;6.76189218785119;14.5009245925864;3155
-5.66383333333333;48.7003333333333;6.46711246974751;14.5253724280274;3174
-5.6635;48.7008333333333;6.80415417524133;14.591555717019;3179
-5.663;48.7015;6.80415417524133;14.591555717019;3192
-5.65883333333333;48.7065;6.2907713177294;14.820128491729;3269
-5.65383333333333;48.7128333333333;6.5077862892128;14.6167273222816;3370
-5.65166666666667;48.7156666666667;6.5077862892128;14.6167273222816;3411
-5.64883333333333;48.7193333333333;6.80415417524133;14.591555717019;3464
-5.6485;48.7195;6.76189218785119;14.5009245925864;3472
-5.64783333333333;48.7205;6.5484601086781;14.7080822165358;3483
-5.64766666666667;48.7206666666667;6.21262479392735;14.6360268187491;3489
-5.64533333333333;48.7235;6.58913392814339;14.79943711079;3528
-5.64416666666667;48.725;6.3857652187112;14.3426635107439;3558
-5.6435;48.726;6.76189218785119;14.5009245925864;3565
-5.6425;48.7271666666667;6.5484601086781;14.7080822165358;3582
-5.641;48.729;6.76189218785119;14.5009245925864;3612
-5.6405;48.7295;6.84641616263148;14.6821868414517;3619
-5.64033333333333;48.7298333333333;6.46711246974751;14.5253724280274;3624
-5.6405;48.7295;6.84641616263148;14.6821868414517;3632
-5.63966666666667;48.7305;6.5484601086781;14.7080822165358;3645
-5.63866666666667;48.7318333333333;6.80415417524133;14.591555717019;3654
-5.638;48.7326666666667;6.71963020046105;14.4102934681537;3670
-5.636;48.7353333333333;6.76189218785119;14.5009245925864;3712
-5.63516666666667;48.7361666666667;7.01393834862524;14.3807047407867;3720
-5.63466666666667;48.7368333333333;6.80415417524133;14.591555717019;3737
-5.63366666666667;48.7381666666667;6.2907713177294;14.820128491729;3750
-5.633;48.739;6.5077862892128;14.6167273222816;3763
-5.63283333333333;48.7391666666667;6.76189218785119;14.5009245925864;3772
-5.63116666666667;48.7413333333333;6.5077862892128;14.6167273222816;3801
-5.62733333333333;48.746;6.46711246974751;14.5253724280274;3874
-5.62616666666667;48.7475;6.76189218785119;14.5009245925864;3893
-5.626;48.7478333333333;6.46711246974751;14.5253724280274;3900
-5.62516666666667;48.7488333333333;6.46711246974751;14.5253724280274;3914
-5.62466666666667;48.7495;6.46711246974751;14.5253724280274;3924
-5.62333333333333;48.751;6.25169805582838;14.728077655239;3948
-5.6225;48.7521666666667;6.5484601086781;14.7080822165358;3970
-5.622;48.753;6.5077862892128;14.6167273222816;3977
-5.62166666666667;48.7533333333333;7.1016129124337;14.5604642357719;3984
-5.62116666666667;48.7538333333333;6.5077862892128;14.6167273222816;3991
-5.62;48.7553333333333;6.80415417524133;14.591555717019;4014
-5.6175;48.7585;6.71963020046105;14.4102934681537;4063
-5.61716666666667;48.7588333333333;6.76189218785119;14.5009245925864;4068
-5.61566666666667;48.7608333333333;6.4264390381765;14.4340184049981;4097
-5.61466666666667;48.762;6.5077862892128;14.6167273222816;4120
-5.614;48.763;6.71963020046105;14.4102934681537;4133
-5.61216666666667;48.7651666666667;6.71963020046105;14.4102934681537;4163
-5.61116666666667;48.7665;6.4264390381765;14.4340184049981;4186
-5.611;48.7668333333333;6.5077862892128;14.6167273222816;4192
-5.61066666666667;48.7671666666667;6.4264390381765;14.4340184049981;4197
-5.61;48.768;6.63510662872095;14.2290320836109;4206
-5.60983333333333;48.7683333333333;6.46711246974751;14.5253724280274;4214
-5.60916666666667;48.769;6.46711246974751;14.5253724280274;4223
-5.608;48.7708333333333;6.63510662872095;14.2290320836109;4255
-5.60683333333333;48.7721666666667;6.76189218785119;14.5009245925864;4272
-5.6055;48.7738333333333;6.46711246974751;14.5253724280274;4295
-5.60433333333333;48.7753333333333;6.59284504437098;14.1384018235007;4324
-5.60383333333333;48.776;6.3044179676749;14.1599545934603;4332
-5.6025;48.7776666666667;6.59284504437098;14.1384018235007;4360
-5.60183333333333;48.7785;6.63510662872095;14.2290320836109;4368
-5.60133333333333;48.7791666666667;6.67736861611109;14.3196632080436;4381
-5.6005;48.7803333333333;7.6115109453974;13.731529235268;4397
-5.597;48.7831666666667;13.5566054606606;7.51454911381823;4448
-5.596;48.7835;14.2513094877145;6.3450917871402;4463
-5.59483333333333;48.7838333333333;14.4640684849345;5.8438630001893;4469
-5.594;48.784;14.7422229339193;5.95624469241193;4476
-5.59383333333333;48.784;14.4519260236309;6.13447864275555;4491
-5.59183333333333;48.7846666666667;13.6832015449754;7.90000009536743;4499
-5.58933333333333;48.7855;13.1064327086239;9.17722298161674;4521
-5.589;48.7856666666667;12.298986550073;9.26795112696733;4531
-5.5875;48.7861666666667;13.0158897309878;8.77932847783314;4542
-5.5865;48.7866666666667;13.2509951335014;8.60529685711908;4557
-5.5835;48.7878333333333;13.3475052343889;9.00300595919419;4584
-5.5825;48.7883333333333;13.2509951335014;8.60529685711908;4598
-5.57966666666667;48.7895;13.5864638405707;8.82315278277005;4628
-5.57866666666667;48.7898333333333;13.8231833203404;8.63768360270493;4641
-5.57733333333333;48.7903333333333;13.8380643710995;8.98654407774795;4650
-5.57366666666667;48.7918333333333;13.6791199471582;9.22668290726732;4688
-5.57333333333333;48.792;13.992793586581;8.74366785984788;4705
-5.57133333333333;48.7926666666667;13.8380643710995;8.98654407774795;4711
-5.56866666666667;48.7938333333333;13.6791199471582;9.22668290726732;4739
-5.56633333333333;48.7948333333333;13.8380643710995;8.98654407774795;4764
-5.5645;48.7955;13.8380643710995;8.98654407774795;4784
-5.562;48.7965;13.7620240206664;9.28260241092956;4807
-5.5615;48.7966666666667;13.7541969943775;8.93207996648314;4812
-5.561;48.7968333333333;13.6703296176555;8.87761585521834;4818
-5.56033333333333;48.7971666666667;13.8380643710995;8.98654407774795;4825
-5.5595;48.7973333333333;14.0057991245434;9.09547230027756;4830
-5.55916666666667;48.7976666666667;13.6703296176555;8.87761585521834;4838
-5.556;48.7988333333333;14.1735322783502;9.20439948399066;4869
-5.55366666666667;48.7998333333333;13.8449280941747;9.3385219145918;4891
-5.55316666666667;48.8;14.1624038528217;8.84965211699084;4896
-5.55133333333333;48.8006666666667;14.2472073684186;8.90264323482153;4913
-5.55066666666667;48.801;13.7541969943775;8.93207996648314;4920
-5.55133333333333;48.8006666666667;14.2472073684186;8.90264323482153;4926
-5.5485;48.8018333333333;13.8380643710995;8.98654407774795;4944
-5.54716666666667;48.8023333333333;13.8449280941747;9.3385219145918;4959
-5.5455;48.803;14.1624038528217;8.84965211699084;4974
-5.54466666666667;48.8033333333333;13.7541969943775;8.93207996648314;4980
-5.5425;48.8041666666667;13.8436692360023;9.69344155553063;5004
-5.54166666666667;48.8045;14.0057991245434;9.09547230027756;5014
-5.5405;48.805;14.0057991245434;9.09547230027756;5023
-5.53516666666667;48.807;13.8449280941747;9.3385219145918;5077
-5.5335;48.8076666666667;13.9278305864192;9.39444035167822;5093
-5.53266666666667;48.808;14.2289775186384;8.54963223997834;5106
-5.52966666666667;48.8091666666667;14.1735322783502;9.20439948399066;5132
-5.526;48.8106666666667;13.7620240206664;9.28260241092956;5166
-5.52483333333333;48.8111666666667;13.7620240206664;9.28260241092956;5180
-5.52416666666667;48.8113333333333;14.2472073684186;8.90264323482153;5187
-5.52233333333333;48.812;13.9079884534607;8.6906757312764;5203
-5.52133333333333;48.8123333333333;14.1735322783502;9.20439948399066;5215
-5.52;48.813;14.0107346599275;9.45035985534046;5226
-5.51766666666667;48.8138333333333;13.6791199471582;9.22668290726732;5256
-5.51283333333333;48.8156666666667;13.6791199471582;9.22668290726732;5300
-5.5085;48.8173333333333;13.8380643710995;8.98654407774795;5342
-5.50433333333333;48.819;14.0057991245434;9.09547230027756;5382
-5.50366666666667;48.8191666666667;14.0057991245434;9.09547230027756;5392
-5.50266666666667;48.8195;14.1735322783502;9.20439948399066;5399
-5.5;48.8206666666667;13.8380643710995;8.98654407774795;5425
-5.49666666666667;48.8218333333333;14.0057991245434;9.09547230027756;5461
-5.4955;48.8223333333333;14.1735322783502;9.20439948399066;5471
-5.49216666666667;48.8236666666667;14.0775987197013;8.79665998841936;5505
-5.491;48.8241666666667;14.3320125015389;8.95563536339301;5516
-5.48933333333333;48.8246666666667;14.0057991245434;9.09547230027756;5532
-5.48366666666667;48.827;13.992793586581;8.74366785984788;5586
-5.48083333333333;48.828;14.0896649016283;9.14993537272585;5615
-5.4765;48.8296666666667;14.0057991245434;9.09547230027756;5658
-5.47483333333333;48.8303333333333;14.1735322783502;9.20439948399066;5675
-5.47183333333333;48.8315;14.0896649016283;9.14993537272585;5705
-5.46383333333333;48.8346666666667;14.0775987197013;8.79665998841936;5785
-5.46283333333333;48.8351666666667;13.9079884534607;8.6906757312764;5800
-5.45716666666667;48.8373333333333;14.2289775186384;8.54963223997834;5855
-5.45533333333333;48.838;13.8380643710995;8.98654407774795;5870
-5.45383333333333;48.8386666666667;13.6791199471582;9.22668290726732;5885
-5.4445;48.8421666666667;14.0896649016283;9.14993537272585;5980
-5.44283333333333;48.8428333333333;14.0107346599275;9.45035985534046;5996
-5.43933333333333;48.8441666666667;14.0057991245434;9.09547230027756;6035
-5.4385;48.8445;14.0775987197013;8.79665998841936;6040
-5.438;48.8448333333333;13.5864638405707;8.82315278277005;6045
-5.43266666666667;48.8468333333333;13.5864638405707;8.82315278277005;6097
-5.428;48.8486666666667;13.7620240206664;9.28260241092956;6148
-5.42666666666667;48.8491666666667;13.1883482255345;9.23458084405389;6160
-5.42566666666667;48.8495;13.2702637424451;9.29193870649104;6168
-5.425;48.8498333333333;12.7781681607567;9.62904037043277;6174
-5.42333333333333;48.8505;13.4304093078971;9.05892546285643;6197
-5.4215;48.8511666666667;13.7541969943775;8.93207996648314;6209
-5.41833333333333;48.8523333333333;13.2646011608807;8.94708645553195;6242
-5.41733333333333;48.8528333333333;13.3348617104048;8.65976044897563;6252
-5.41683333333333;48.853;13.4304093078971;9.05892546285643;6262
-5.41616666666667;48.8531666666667;13.7620240206664;9.28260241092956;6267
-5.41333333333333;48.8543333333333;13.5864638405707;8.82315278277005;6293
-5.411;48.8553333333333;13.6535746716231;8.53170035630276;6319
-5.4095;48.8558333333333;14.0775987197013;8.79665998841936;6335
-5.4085;48.8561666666667;13.5133118001417;9.11484389994284;6342
-5.40766666666667;48.8565;13.8380643710995;8.98654407774795;6348
-5.40316666666667;48.8581666666667;13.3475052343889;9.00300595919419;6406
-5.39966666666667;48.8596666666667;13.4187290871268;8.71422456024044;6431
-5.39483333333333;48.8615;12.5385773554149;9.44849574870005;6480
-5.39383333333333;48.8618333333333;12.9426024560069;9.06250780374755;6492
-5.38683333333333;48.8645;13.3348617104048;8.65976044897563;6563
-5.38216666666667;48.8663333333333;13.1816970873724;8.89116695186971;6613
-5.381;48.8668333333333;13.4187290871268;8.71422456024044;6624
-5.37733333333333;48.8683333333333;13.4340932138578;9.40665333735511;6661
-5.37633333333333;48.8686666666667;13.3991600810239;8.37272447595872;6675
-5.37516666666667;48.8691666666667;13.9079884534607;8.6906757312764;6684
-5.37633333333333;48.8686666666667;13.3991600810239;8.37272447595872;6692
-5.3715;48.8705;13.4304093078971;9.05892546285643;6724
-5.36966666666667;48.8713333333333;13.4187290871268;8.71422456024044;6740
-5.36633333333333;48.8726666666667;13.5687695385028;8.47870822773128;6774
-5.36566666666667;48.8728333333333;13.4304093078971;9.05892546285643;6783
-5.3635;48.8736666666667;13.9079884534607;8.6906757312764;6803
-5.359;48.8755;13.4839644053825;8.4257160991598;6852
-5.356;48.8766666666667;13.3348617104048;8.65976044897563;6882
-5.35533333333333;48.877;13.2509951335014;8.60529685711908;6894
-5.35316666666667;48.8778333333333;13.3348617104048;8.65976044897563;6914
-5.35233333333333;48.8781666666667;13.2646011608807;8.94708645553195;6919
-5.34833333333333;48.8798333333333;13.6535746716231;8.53170035630276;6961
-5.34616666666667;48.8806666666667;13.5962158736499;9.17076340360508;6983
-5.3445;48.8813333333333;13.3475052343889;9.00300595919419;7001
-5.34266666666667;48.8821666666667;13.7146768112338;8.24060919856087;7021
-5.34166666666667;48.8825;13.6535746716231;8.53170035630276;7036
-5.3405;48.883;13.3143549479035;8.31973234738724;7044
-5.33983333333333;48.8831666666667;13.1064327086239;9.17722298161674;7052
-5.33883333333333;48.8836666666667;12.6206654208647;9.16945015998486;7064
-5.33766666666667;48.8841666666667;13.1816970873724;8.89116695186971;7074
-5.33716666666667;48.8843333333333;12.5397634128117;9.11067141053333;7080
-5.33633333333333;48.8846666666667;13.3475052343889;9.00300595919419;7086
-5.33466666666667;48.8853333333333;13.3348617104048;8.65976044897563;7104
-5.3335;48.8858333333333;13.3143549479035;8.31973234738724;7115
-5.332;48.8865;13.0158897309878;8.77932847783314;7136
-5.32983333333333;48.8873333333333;13.2646011608807;8.94708645553195;7157
-5.32866666666667;48.8878333333333;13.2509951335014;8.60529685711908;7172
-5.32683333333333;48.8886666666667;13.5432435145851;8.13760168181458;7194
-5.323;48.8901666666667;13.098793804496;8.83524798149538;7229
-5.32216666666667;48.8905;13.4187290871268;8.71422456024044;7235
-5.32116666666667;48.891;13.1671277567794;8.55083274585428;7252
-5.3185;48.892;13.1671277567794;8.55083274585428;7277
-5.31766666666667;48.8923333333333;13.5025964638488;8.76868867150524;7284
-5.31616666666667;48.893;13.5025964638488;8.76868867150524;7301
-5.3145;48.8936666666667;13.2646011608807;8.94708645553195;7326
-5.31283333333333;48.8943333333333;13.098793804496;8.83524798149538;7340
-5.311;48.8951666666667;13.2295506235449;8.26674072418615;7356
-5.30983333333333;48.8955;13.1816970873724;8.89116695186971;7374
-5.30716666666667;48.8966666666667;13.2295506235449;8.26674072418615;7397
-5.30533333333333;48.8973333333333;13.0158897309878;8.77932847783314;7418
-5.30416666666667;48.8978333333333;12.77877220339;8.94779262587837;7432
-5.302;48.8988333333333;13.1671277567794;8.55083274585428;7455
-5.3005;48.8995;13.7146768112338;8.24060919856087;7469
-5.29966666666667;48.8996666666667;12.6968566864794;8.89043476344122;7477
-5.298;48.9003333333333;13.083261179876;8.49636915399773;7493
-5.2975;48.9006666666667;12.9329864481114;8.72340950745881;7501
-5.29683333333333;48.9008333333333;13.0158897309878;8.77932847783314;7508
-5.29633333333333;48.9011666666667;13.2509951335014;8.60529685711908;7515
-5.29583333333333;48.9013333333333;12.9993938031541;8.44190504273292;7522
-5.29483333333333;48.9016666666667;13.2509951335014;8.60529685711908;7535
-5.29366666666667;48.9021666666667;13.098793804496;8.83524798149538;7543
-5.29133333333333;48.9031666666667;13.1816970873724;8.89116695186971;7568
-5.28916666666667;48.904;13.2509951335014;8.60529685711908;7594
-5.2875;48.9048333333333;13.6535746716231;8.53170035630276;7614
-5.28616666666667;48.9053333333333;12.9426024560069;9.06250780374755;7624
-5.28516666666667;48.9058333333333;12.7671783010949;8.61157050013434;7635
-5.28416666666667;48.9061666666667;12.8500823746031;8.66749000379657;7644
-5.283;48.9066666666667;13.4839644053825;8.4257160991598;7655
-5.282;48.907;13.2509951335014;8.60529685711908;7667
-5.28116666666667;48.9073333333333;13.3143549479035;8.31973234738724;7674
-5.28;48.9078333333333;13.3348617104048;8.65976044897563;7690
-5.279;48.9083333333333;13.1671277567794;8.55083274585428;7702
-5.278;48.9086666666667;13.3143549479035;8.31973234738724;7710
-5.2775;48.909;13.2509951335014;8.60529685711908;7715
-5.27666666666667;48.9091666666667;13.1671277567794;8.55083274585428;7725
-5.27633333333333;48.9093333333333;13.098793804496;8.83524798149538;7732
-5.275;48.91;12.9426024560069;9.06250780374755;7740
-5.2745;48.9101666666667;13.2509951335014;8.60529685711908;7750
-5.273;48.9108333333333;13.0158897309878;8.77932847783314;7764
-5.27116666666667;48.9116666666667;12.9442719099992;9.40456403667957;7782
-5.27066666666667;48.9118333333333;13.0158897309878;8.77932847783314;7792
-5.26833333333333;48.9128333333333;13.0245171917133;9.11986511917959;7812
-5.2675;48.9131666666667;12.6968566864794;8.89043476344122;7827
-5.26633333333333;48.9136666666667;12.8500823746031;8.66749000379657;7838
-5.26566666666667;48.914;12.8606869390963;9.0051499413104;7844
-5.2645;48.9145;12.4588614047587;9.05189266108181;7854
-5.2635;48.915;12.6149411695688;8.83307690100406;7869
-5.2615;48.9158333333333;12.6968566864794;8.89043476344122;7889
-5.261;48.9161666666667;12.8500823746031;8.66749000379657;7897
-5.25966666666667;48.9166666666667;13.0599403573043;8.1607564670432;7911
-5.258;48.9175;12.8500823746031;8.66749000379657;7930
-5.256;48.9183333333333;12.6149411695688;8.83307690100406;7954
-5.25483333333333;48.9188333333333;12.9426024560069;9.06250780374755;7962
-5.256;48.9183333333333;12.6149411695688;8.83307690100406;7974
-5.25483333333333;48.9188333333333;12.9426024560069;9.06250780374755;7980
-5.25266666666667;48.9198333333333;12.6149411695688;8.83307690100406;7988
-5.2515;48.9203333333333;12.7015666573789;9.22822834888069;8007
-5.24983333333333;48.921;13.083261179876;8.49636915399773;8024
-5.24516666666667;48.923;13.098793804496;8.83524798149538;8074
-5.244;48.9236666666667;12.8500823746031;8.66749000379657;8082
-5.2435;48.9238333333333;12.8606869390963;9.0051499413104;8089
-5.2425;48.9243333333333;12.6968566864794;8.89043476344122;8099
-5.24183333333333;48.9245;12.77877220339;8.94779262587837;8106
-5.24066666666667;48.9251666666667;12.8316598495287;8.33297733961157;8122
-5.24183333333333;48.9245;12.77877220339;8.94779262587837;8127
-5.239;48.9258333333333;12.7671783010949;8.61157050013434;8137
-5.237;48.9266666666667;12.9155264264321;8.38744093146811;8159
-5.23566666666667;48.9271666666667;13.2509951335014;8.60529685711908;8171
-5.23516666666667;48.9275;12.5330264338624;8.77571958557203;8182
-5.23216666666667;48.9288333333333;12.9329864481114;8.72340950745881;8214
-5.231;48.9293333333333;12.8500823746031;8.66749000379657;8226
-5.22816666666667;48.9305;12.77877220339;8.94779262587837;8256
-5.22616666666667;48.9315;12.6968566864794;8.89043476344122;8282
-5.22383333333333;48.9325;12.9329864481114;8.72340950745881;8303
-5.22066666666667;48.9338333333333;12.9155264264321;8.38744093146811;8340
-5.2195;48.9343333333333;13.4187290871268;8.71422456024044;8356
-5.216;48.9358333333333;12.9426024560069;9.06250780374755;8389
-5.20666666666667;48.94;13.0158897309878;8.77932847783314;8490
-5.18916666666667;48.9475;13.0158897309878;8.77932847783314;8682
-5.05433333333333;49.0046666666667;12.6968566864794;8.89043476344122;10128
-5.051;49.0061666666667;12.6968566864794;8.89043476344122;10157
-5.05433333333333;49.0046666666667;12.6968566864794;8.89043476344122;10262
-5.051;49.0061666666667;12.6968566864794;8.89043476344122;10331
