"x";"y";"vx";"vy";"t"
-5.965795;48.28902;6.13719605504708;12.5831166481883;0
-5.94730666666667;48.313095;6.31046777319607;12.3849903463263;420
-5.94624666666667;48.314475;6.04952190930193;12.4033580103599;449
-5.90038666666667;48.3736783333333;5.6943130030612;12.7896364069964;1478
-5.89962333333333;48.374725;5.65363918359591;12.6982815127422;1496
-5.89936333333333;48.3750733333333;5.91665566436979;12.6883090185131;1501
-5.89884;48.375765;5.65363918359591;12.6982815127422;1513
-5.89541333333333;48.380345;5.47023579884983;12.8870679483342;1595
-5.88710333333333;48.3915233333333;5.6943130030612;12.7896364069964;1785
-5.88659333333333;48.3922266666667;5.7349868225265;12.8809913012506;1796
-5.88710333333333;48.3915233333333;5.6943130030612;12.7896364069964;1803
-5.87794166666667;48.4037466666667;5.6943130030612;12.7896364069964;1995
-5.87268;48.4107333333333;5.7349868225265;12.8809913012506;2115
-5.87111333333333;48.4128366666667;5.7349868225265;12.8809913012506;2156
-5.87062;48.413475;5.7349868225265;12.8809913012506;2163
-5.87031;48.4138816666667;5.6943130030612;12.7896364069964;2172
-5.87111333333333;48.4128366666667;5.7349868225265;12.8809913012506;2178
-5.86871166666667;48.4159766666667;5.50930906075086;12.9791187848241;2203
-5.86717;48.4180866666667;5.6943130030612;12.7896364069964;2240
-5.86664666666667;48.4187883333333;5.6943130030612;12.7896364069964;2253
-5.85613333333333;48.432835;5.8163340735628;13.0637002185342;2493
-5.85320333333333;48.436735;5.7756602540975;12.97234532428;2557
-5.85240666666667;48.4377983333333;5.7756602540975;12.97234532428;2576
-5.85130666666667;48.4392716666667;5.7349868225265;12.8809913012506;2601
-5.84183833333333;48.45194;5.8163340735628;13.0637002185342;2816
-5.84161666666667;48.4522383333333;5.8163340735628;13.0637002185342;2821
-5.84183833333333;48.45194;5.8163340735628;13.0637002185342;2846
-5.83903333333333;48.4558066666667;6.04344122350004;12.9602015274886;2883
-5.837455;48.45794;5.58745521192266;13.1632195799423;2921
-5.831875;48.465535;6.0011792361099;12.8695704030559;3045
-5.83135333333333;48.466245;6.0011792361099;12.8695704030559;3057
-5.83109333333333;48.4666016666667;5.7756602540975;12.97234532428;3063
-5.83065333333333;48.4671933333333;6.0011792361099;12.8695704030559;3076
-5.82316333333333;48.4772616666667;5.8163340735628;13.0637002185342;3242
-5.82268166666667;48.4779133333333;5.7756602540975;12.97234532428;3257
-5.82237333333333;48.4783266666667;5.8163340735628;13.0637002185342;3265
-5.82184333333333;48.479035;5.54838195002164;13.0711687434523;3275
-5.821365;48.4796866666667;5.7756602540975;12.97234532428;3285
-5.81918666666667;48.48259;5.85700750513381;13.1550542415635;3332
-5.81651;48.4861633333333;5.85700750513381;13.1550542415635;3393
-5.81571166666667;48.48724;5.85700750513381;13.1550542415635;3412
-5.81410166666667;48.48938;5.85700750513381;13.1550542415635;3447
-5.813835;48.489735;5.62652810119345;13.2552695385704;3452
-5.81144166666667;48.4929666666667;5.62652810119345;13.2552695385704;3509
-5.80900833333333;48.4961916666667;5.8976813245991;13.2464091358177;3565
-5.80817833333333;48.4972633333333;5.8976813245991;13.2464091358177;3581
-5.80623666666667;48.4997633333333;5.85700750513381;13.1550542415635;3624
-5.80485833333333;48.5015466666667;5.8976813245991;13.2464091358177;3652
-5.80409;48.5025633333333;5.8976813245991;13.2464091358177;3667
-5.80295666666667;48.5040583333333;5.85700750513381;13.1550542415635;3692
-5.80241666666667;48.504775;5.62652810119345;13.2552695385704;3707
-5.80223333333333;48.5050116666667;5.62652810119345;13.2552695385704;3713
-5.80135166666667;48.5062066666667;5.8163340735628;13.0637002185342;3727
-5.80109;48.5065666666667;6.08570280785;13.0508317875988;3735
-5.80028333333333;48.5076366666667;5.85700750513381;13.1550542415635;3753
-5.79974833333333;48.5083516666667;5.62652810119345;13.2552695385704;3767
-5.79896666666667;48.50943;5.85700750513381;13.1550542415635;3784
-5.797635;48.5112166666667;6.08570280785;13.0508317875988;3812
-5.79746;48.5114566666667;5.85700750513381;13.1550542415635;3821
-5.79692166666667;48.51217;5.8163340735628;13.0637002185342;3832
-5.79577666666667;48.5137216666667;6.04344122350004;12.9602015274886;3855
-5.79443166666667;48.5154983333333;5.8163340735628;13.0637002185342;3882
-5.79316166666667;48.5172266666667;5.58745521192266;13.1632195799423;3915
-5.79187166666667;48.5190316666667;5.85700750513381;13.1550542415635;3947
-5.79108333333333;48.5201083333333;6.08570280785;13.0508317875988;3965
-5.79187166666667;48.5190316666667;5.85700750513381;13.1550542415635;3972
-5.78784166666667;48.5244;5.85700750513381;13.1550542415635;4034
-5.78726333333333;48.5251783333333;5.85700750513381;13.1550542415635;4046
-5.787;48.5255383333333;5.85700750513381;13.1550542415635;4055
-5.78630166666667;48.5264983333333;5.85700750513381;13.1550542415635;4070
-5.78595;48.5269766666667;6.08570280785;13.0508317875988;4075
-5.78573;48.5272766666667;5.85700750513381;13.1550542415635;4082
-5.78550333333333;48.527575;5.85700750513381;13.1550542415635;4087
-5.785145;48.5280516666667;5.85700750513381;13.1550542415635;4096
-5.78488333333333;48.5284116666667;5.85700750513381;13.1550542415635;4106
-5.78435833333333;48.52913;5.85700750513381;13.1550542415635;4115
-5.78413833333333;48.5294283333333;5.8163340735628;13.0637002185342;4121
-5.78361333333333;48.5301466666667;5.8163340735628;13.0637002185342;4130
-5.783295;48.53056;5.8163340735628;13.0637002185342;4137
-5.78311666666667;48.5307983333333;5.8163340735628;13.0637002185342;4145
-5.78280333333333;48.5312133333333;5.58745521192266;13.1632195799423;4151
-5.78155333333333;48.53295;5.8163340735628;13.0637002185342;4184
-5.78094833333333;48.5337883333333;5.8163340735628;13.0637002185342;4191
-5.78068166666667;48.534145;5.8163340735628;13.0637002185342;4201
-5.78024166666667;48.53474;5.85700750513381;13.1550542415635;4212
-5.77962166666667;48.5355716666667;5.58745521192266;13.1632195799423;4222
-5.77909666666667;48.5362866666667;5.58745521192266;13.1632195799423;4232
-5.77888;48.5365833333333;5.8163340735628;13.0637002185342;4238
-5.77866833333333;48.5368833333333;5.8163340735628;13.0637002185342;4246
-5.77836833333333;48.5373033333333;5.8163340735628;13.0637002185342;4252
-5.77780666666667;48.5380833333333;5.8163340735628;13.0637002185342;4263
-5.77700333333333;48.5391566666667;5.85700750513381;13.1550542415635;4282
-5.77679;48.5394566666667;5.58745521192266;13.1632195799423;4287
-5.77647833333333;48.5398733333333;5.85700750513381;13.1550542415635;4292
-5.77622666666667;48.5402333333333;5.85700750513381;13.1550542415635;4297
-5.77600833333333;48.5405316666667;6.04344122350004;12.9602015274886;4306
-5.77522166666667;48.541605;6.04344122350004;12.9602015274886;4323
-5.77464;48.5423766666667;6.04344122350004;12.9602015274886;4335
-5.77410166666667;48.5430883333333;6.08570280785;13.0508317875988;4345
-5.77360666666667;48.5437416666667;5.85700750513381;13.1550542415635;4362
-5.772765;48.544875;5.85700750513381;13.1550542415635;4378
-5.771715;48.54631;6.08570280785;13.0508317875988;4400
-5.77039333333333;48.5481;5.8163340735628;13.0637002185342;4431
-5.76991833333333;48.5487566666667;5.8163340735628;13.0637002185342;4441
-5.76623;48.5537566666667;5.8163340735628;13.0637002185342;4525
-5.76542333333333;48.5548216666667;5.8163340735628;13.0637002185342;4544
-5.76430333333333;48.5563033333333;5.8163340735628;13.0637002185342;4571
-5.76381833333333;48.55696;5.85700750513381;13.1550542415635;4583
-5.76324833333333;48.5577366666667;5.8163340735628;13.0637002185342;4593
-5.76217166666667;48.5591666666667;5.85700750513381;13.1550542415635;4618
-5.7611;48.560595;5.8163340735628;13.0637002185342;4640
-5.76057666666667;48.56131;6.04344122350004;12.9602015274886;4655
-5.760315;48.5616666666667;6.04344122350004;12.9602015274886;4661
-5.760095;48.561965;6.26870748269647;12.8527550335094;4666
-5.75951333333333;48.562735;6.04344122350004;12.9602015274886;4678
-5.75814;48.564505;5.85700750513381;13.1550542415635;4710
-5.757605;48.5652216666667;6.08570280785;13.0508317875988;4722
-5.754375;48.5695066666667;5.85700750513381;13.1550542415635;4793
-5.753575;48.5705783333333;5.85700750513381;13.1550542415635;4813
-5.75034;48.5748383333333;5.8163340735628;13.0637002185342;4882
-5.74979;48.575545;5.8163340735628;13.0637002185342;4892
-5.74952;48.5759;5.58745521192266;13.1632195799423;4897
-5.74849833333333;48.5772583333333;5.7756602540975;12.97234532428;4923
-5.71794333333333;48.6173916666667;5.7349868225265;12.8809913012506;5606
-5.68830166666667;48.6550133333333;5.7349868225265;12.8809913012506;6260
-5.6813;48.6637216666667;5.6943130030612;12.7896364069964;6403
-5.59871833333333;48.7666933333333;8.87046913627625;10.5714134611533;8181
-5.59744333333333;48.7678266666667;9.75807371524427;9.75807371524427;8203
-5.59575333333333;48.7690416666667;11.4486492981118;7.15391006714827;8231
-5.59480333333333;48.76956;11.3638441649914;7.10091793857679;8241
-5.59341;48.7702083333333;11.6913429510899;6.75;8261
-5.59301333333333;48.7703816666667;11.7779458218308;6.80000019073487;8266
-5.58897833333333;48.7719866666667;12.0697521253441;6.69037285186955;8314
-5.58644166666667;48.77295;12.0377527822412;6.94999980926514;8344
-5.58585;48.7731783333333;12.0377527822412;6.94999980926514;8349
-5.58390666666667;48.773925;12.1572135955967;6.73885353648389;8374
-5.58339833333333;48.7741183333333;12.2446758999515;6.78733468344872;8382
-5.58288833333333;48.7743116666667;12.2446758999515;6.78733468344872;8387
-5.58186833333333;48.774695;12.0003422098296;7.21053304874076;8395
-5.58144333333333;48.7748566666667;12.1243556529821;7;8403
-5.57941666666667;48.7756533333333;12.1243556529821;7;8425
-5.57849;48.7760216666667;12.1243556529821;7;8438
-5.57781333333333;48.776285;12.1243556529821;7;8444
-5.577305;48.776485;12.1243556529821;7;8452
-5.576375;48.7768466666667;12.1243556529821;7;8464
-5.57849;48.7760216666667;12.1243556529821;7;8473
-5.57477;48.77748;12.2446758999515;6.78733468344872;8480
-5.57375333333333;48.7778783333333;12.2446758999515;6.78733468344872;8494
-5.57128166666667;48.77882;12.1243556529821;7;8522
-5.57068666666667;48.7790483333333;12.1243556529821;7;8530
-5.56511;48.781235;12.2446758999515;6.78733468344872;8600
-5.5511;48.7867;12.1572135955967;6.73885353648389;8765
-5.55000833333333;48.787135;12.1572135955967;6.73885353648389;8773
-5.54899166666667;48.78753;12.2729712039213;6.52565454363469;8789
-5.54686666666667;48.78833;12.2446758999515;6.78733468344872;8810
-5.54534166666667;48.788905;12.0377527822412;6.94999980926514;8830
-5.54382333333333;48.789485;11.8289089131808;7.10752553199447;8846
-5.54332;48.7896816666667;12.0377527822412;6.94999980926514;8854
-5.54231833333333;48.790075;12.0377527822412;6.94999980926514;8864
-5.541315;48.7904716666667;12.0377527822412;6.94999980926514;8875
-5.53831;48.79167;12.1572135955967;6.73885353648389;8913
-5.53781333333333;48.7918766666667;12.1572135955967;6.73885353648389;8920
-5.53529333333333;48.7928583333333;12.0377527822412;6.94999980926514;8948
-5.533375;48.7936233333333;12.1572135955967;6.73885353648389;8973
-5.53146333333333;48.7943933333333;12.0377527822412;6.94999980926514;8996
-5.52886166666667;48.79541;12.0377527822412;6.94999980926514;9030
-5.52726666666667;48.79604;12.0377527822412;6.94999980926514;9044
-5.52634833333333;48.7964066666667;12.1572135955967;6.73885353648389;9056
-5.52726666666667;48.79604;12.0377527822412;6.94999980926514;9080
-5.52031833333333;48.798785;12.0003422098296;7.21053304874076;9130
-5.51940333333333;48.799155;12.0377527822412;6.94999980926514;9140
-5.51452833333333;48.8010683333333;12.2446758999515;6.78733468344872;9196
-5.51300833333333;48.8016583333333;12.2446758999515;6.78733468344872;9213
-5.50995666666667;48.80283;12.1243556529821;7;9253
-5.50793833333333;48.8036366666667;12.2446758999515;6.78733468344872;9275
-5.50692166666667;48.804035;12.1243556529821;7;9289
-5.45097;48.8252466666667;12.1572135955967;6.73885353648389;9946
-5.42828166666667;48.8334433333333;12.1243556529821;7;10209
-5.42725;48.833815;12.0377527822412;6.94999980926514;10224
-5.41798333333333;48.837165;12.0377527822412;6.94999980926514;10328
-5.41642333333333;48.837705;12.0377527822412;6.94999980926514;10345
-5.39353666666667;48.8458216666667;12.0377527822412;6.94999980926514;10615
-5.38505;48.8487683333333;12.1243556529821;7;10711
-5.34386166666667;48.86291;12.0377527822412;6.94999980926514;11184
