"x";"y";"vx";"vy";"t"
-5.87681666666667;48.45835;8.12642977215426;15.9490164430798;0
-5.86438333333333;48.47355;8.30802579886644;16.3054187128631;191
-5.85553333333333;48.4843;8.92049682759241;16.0930022777239;345
-5.83328666666667;48.5105816666667;8.21722821846943;16.1272184277015;719
-5.82603333333333;48.51895;8.59132924080343;16.1579402756828;811
-5.816765;48.529895;8.54438280088159;16.069646863668;970
-5.80881666666667;48.5393166666667;8.4442234683392;16.5727216897957;1083
-5.800705;48.5491533333333;8.26262744162701;16.2163194200123;1219
-5.79275;48.5583;8.59132924080343;16.1579402756828;1354
-5.78398333333333;48.56895;8.87201568062758;16.0055399733691;1480
-5.77541666666667;48.5785666666667;8.30802579886644;16.3054187128631;1630
-5.76711666666667;48.5882333333333;8.6382765761712;16.2462353717865;1743
-5.759;48.59735;8.30802579886644;16.3054187128631;1899
-5.75138333333333;48.6062166666667;8.92049682759241;16.0930022777239;1991
-5.74323333333333;48.6155;8.6382765761712;16.2462353717865;2133
-5.7341;48.6261333333333;8.77505431139889;15.830617032864;2259
-5.72761666666667;48.6336333333333;8.39882424518161;16.4836206974848;2369
-5.71943333333333;48.6434833333333;7.73391386742265;16.5854318113127;2494
-5.71213666666667;48.6526166666667;8.02219165178947;16.4479303615493;2627
-5.70416666666667;48.6627833333333;7.73391386742265;16.5854318113127;2811
-5.69653333333333;48.67275;7.3619333948297;16.535173131821;2908
-5.68931666666667;48.6822;7.64939069872273;16.4041712910923;3012
-5.68238333333333;48.6918333333333;7.11130683660897;16.7531890351239;3156
-5.67583333333333;48.7015166666667;7.07223357470795;16.6611381986339;3269
-5.66915;48.7111666666667;7.11130683660897;16.7531890351239;3397
-5.66013333333333;48.7245166666667;6.81784028597175;16.8747468605007;3629
-5.65296666666667;48.7351666666667;7.18945261515054;16.9372889523802;3740
-5.64511666666667;48.7467333333333;6.45062309181541;16.8044476769496;3886
-5.63908333333333;48.756;7.15037935324952;16.8452381158902;3987
-5.63103333333333;48.7685666666667;6.19056472466493;17.0084367946892;4132
-5.62558333333333;48.7779166666667;5.29192796701249;17.3091164477323;4270
-5.6172;48.79235;6.08795829025624;16.7265279330606;4444
-5.60683333333333;48.8003833333333;16.6177744356485;9.2113827846804;4615
-5.59195;48.8061333333333;15.9433121200427;9.57970838979844;4699
-5.57173333333333;48.8143;16.1977189600924;10.1214581490024;4916
-5.55696666666667;48.8202833333333;15.8585000451345;9.90949064545724;5031
-5.54048333333333;48.8268166666667;16.114744599233;9.68271541536616;5170
-5.52688333333333;48.8321333333333;16.0290291770963;9.63121239376088;5302
-5.51138333333333;48.83845;15.8585000451345;9.90949064545724;5421
-5.49756666666667;48.8437;16.3678798011634;9.44999980926514;5569
-5.48305;48.8491166666667;16.194675711494;9.35000038146973;5680
-5.47005;48.8537666666667;16.108072840753;9.30000019073487;5784
-5.45403333333333;48.8598;16.114744599233;9.68271541536616;5935
-5.44436666666667;48.8633;16.4428498269388;9.11442049075075;6009
-5.42125;48.8716333333333;16.3678798011634;9.44999980926514;6239
-5.4066;48.8769833333333;16.6177744356485;9.2113827846804;6323
-5.39118333333333;48.8823833333333;16.194675711494;9.35000038146973;6469
-5.37723333333333;48.8875166666667;16.194675711494;9.35000038146973;6569
-5.36266666666667;48.8926166666667;15.9433121200427;9.57970838979844;6701
-5.34846333333333;48.8976716666667;16.2861787133401;9.78572342329103;6821
-5.33443666666667;48.9025816666667;15.6831402604343;10.1847503703076;6961
-5.31925;48.9080666666667;16.1129138269721;10.0684660204309;7069
-5.30303333333333;48.91385;16.3718957703937;9.83722742725347;7240
-5.28835;48.9191;16.1977189600924;10.1214581490024;7381
-5.26725666666667;48.92672;15.8575950629891;9.52820438583601;7517
-5.25307666666667;48.9315933333333;17.0182249518898;8.67121871820898;7646
-5.23723333333333;48.9372833333333;16.3678798011634;9.44999980926514;7786
-5.222405;48.9426033333333;15.9433035607315;9.96248176328794;7909
-5.19116666666667;48.9535833333333;16.6276884133862;9.60000038146973;8180
-5.17155;48.9605666666667;16.114744599233;9.68271541536616;8365
-5.15455;48.9664333333333;16.0214699700121;9.25;8479
-5.13681666666667;48.9727666666667;16.5410855426453;9.55000019073487;8630
-5.11931666666667;48.9789333333333;16.7760042643196;8.91995969293193;8797
-5.02413333333333;49.0124166666667;16.108072840753;9.30000019073487;9619
-5.00501666666667;49.0193166666667;15.5030032392848;10.4569077215333;9768
-4.99163333333333;49.0246;15.25429101876;10.2891492105466;9878
-4.9767;49.0312666666667;15.5859057315293;10.5128261586197;10054
-4.9413;49.0468166666667;14.7358016936502;11.5128700583022;10341
