"x";"y";"vx";"vy";"t"
-5.19810333333333;47.937335;-5.21886463240171;22.6053862464028;0
-5.20329333333333;47.9528683333333;-5.21886463240171;22.6053862464028;129
-5.208705;47.965285;-7.20009573317502;22.1596161040785;260
-5.21512166666667;47.9778716666667;-7.52062449215473;21.8414794570309;376
-5.222125;47.9915633333333;-7.45551061287451;21.6523750205376;540
-5.22867833333333;48.004255;-7.52062449215473;21.8414794570309;646
-5.23522333333333;48.016905;-7.45551061287451;21.6523750205376;780
-5.24119166666667;48.0291033333333;-5.24135939458803;22.7028217661106;903
-5.245675;48.0423633333333;-5.26385458583443;22.8002591442818;1019
-5.24976333333333;48.0548083333333;-5.30884496832724;22.9951339006242;1129
-5.25407833333333;48.0679933333333;-5.30884496832724;22.9951339006242;1260
-5.25841166666667;48.0814633333333;-4.88592473421736;22.9864686172444;1380
-5.26285833333333;48.0944383333333;-4.90671598261115;23.0842837504515;1520
-5.26739166666667;48.1074266666667;-5.30884496832724;22.9951339006242;1647
-5.27213;48.1209233333333;-5.35383492175996;23.1900067985032;1793
-5.27662666666667;48.13403;-5.28634977708084;22.897696522453;1888
-5.28091;48.1462566666667;-5.30884496832724;22.9951339006242;1990
-5.285375;48.159045;-5.30884496832724;22.9951339006242;2107
-5.28991;48.1721216666667;-5.26385458583443;22.8002591442818;2237
-5.29444;48.18536;-5.26385458583443;22.8002591442818;2382
-5.29896833333333;48.1988;-5.33134015957364;23.0925712787954;2502
-5.30341333333333;48.21192;-5.37633011300636;23.2874441766744;2606
-5.30766;48.224575;-5.28634977708084;22.897696522453;2723
-5.31198333333333;48.237815;-5.68516454659219;22.8019495674859;2844
-5.31640166666667;48.25072;-5.26385458583443;22.8002591442818;2988
-5.320845;48.2641016666667;-5.1738742499089;22.4105114900604;3100
-5.32431833333333;48.2742933333333;-5.24135939458803;22.7028217661106;3191
-5.32880166666667;48.286965;-5.24135939458803;22.7028217661106;3313
-5.33357666666667;48.300495;-5.19636944115531;22.5079488682316;3447
-5.33808833333333;48.3133;-5.19636944115531;22.5079488682316;3580
-5.34256166666667;48.3259533333333;-5.19636944115531;22.5079488682316;3697
-5.34725333333333;48.3392183333333;-5.24135939458803;22.7028217661106;3812
-5.35176666666667;48.352585;-5.24135939458803;22.7028217661106;3954
-5.35606833333333;48.36558;-5.28634977708084;22.897696522453;4080
-5.360445;48.3785016666667;-5.30884496832724;22.9951339006242;4200
-5.36476666666667;48.3913016666667;-5.30884496832724;22.9951339006242;4300
-5.36925833333333;48.4049133333333;-4.92750723100494;23.1820988836586;4430
-5.3736;48.417825;-5.37633011300636;23.2874441766744;4568
-5.37806666666667;48.43106;-5.26385458583443;22.8002591442818;4669
-5.38219666666667;48.4434016666667;-5.21886463240171;22.6053862464028;4812
-5.386615;48.4565966666667;-5.30884496832724;22.9951339006242;4920
-5.38907333333333;48.4698016666667;-2.05687556209201;23.5101952549833;5029
-5.39081666666667;48.482415;-1.65322848095572;23.6422687522388;5173
-5.39228166666667;48.4956666666667;1.63927713298694;23.4427551811059;5281
-5.38486166666667;48.5075933333333;13.6612014846999;18.1290266873841;5397
-5.37234;48.5175966666667;15.0893576667817;17.3583203451238;5513
-5.35971833333333;48.5277283333333;15.0407571060244;18.5737881823639;5635
-5.34666333333333;48.5376916666667;16.3244717057864;16.9044853079583;5787
-5.33312;48.5473533333333;15.1892652748522;16.8693881053114;5901
-5.32068833333333;48.5570183333333;15.023751513616;17.2828490992026;6008
-5.30840166666667;48.5678216666667;14.2855733569647;17.6412139179886;6143
-5.29685;48.5779416666667;15.0407571060244;18.5737881823639;6251
-5.284185;48.588655;15.234066839979;18.1552538863653;6371
-5.27146166666667;48.5998016666667;15.1036893851961;18.6515030749673;6509
-5.25992;48.6097616666667;14.6527426430382;18.7546553346355;6622
-5.24693833333333;48.620765;14.8374417902046;18.9910594625242;6740
-5.24112666666667;48.6256916666667;15.8766290021036;18.2639724171888;6799
-5.22561666666667;48.6337283333333;19.1737033839172;13.9305109277762;6927
-5.20859333333333;48.6415833333333;19.0118993678113;13.8129534288731;7031
-5.19203666666667;48.6493683333333;19.5777335460252;13.708476609988;7178
-5.17588166666667;48.6569216666667;19.64819110206;13.252872238887;7272
-5.15936666666667;48.664885;19.4164078649987;14.1068460550194;7419
-5.14279833333333;48.6727;19.007524529815;14.3231970918703;7552
-5.12733833333333;48.6798083333333;19.2500730407913;13.4790462542496;7659
-5.10942666666667;48.6882233333333;19.5777335460252;13.708476609988;7792
-5.09323;48.6959316666667;19.4164078649987;14.1068460550194;7900
-5.07762833333333;48.7033716666667;18.6766659848256;13.0775423111998;8035
-5.06014333333333;48.7113483333333;19.1681575238807;13.4216883918124;8161
-5.04369666666667;48.71902;19.2500730407913;13.4790462542496;8270
-5.02734833333333;48.7266666666667;19.9603588772462;12.962408617831;8390
-5.008865;48.73525;19.004328052468;13.3069737609484;8521
-4.99266666666667;48.742745;19.007524529815;14.3231970918703;8648
-4.97498666666667;48.7509633333333;19.8139976678128;13.3647101796357;8782
-4.95881833333333;48.758555;19.3355058569458;14.0480673055678;8921
-4.94223333333333;48.766115;19.64819110206;13.252872238887;9010
-4.92553166666667;48.7736983333333;19.004328052468;13.3069737609484;9170
-4.9088;48.7813616666667;19.4068422848387;14.6241046034464;9242
-4.89204833333333;48.78902;20.2958283841341;13.1802650628903;9398
-4.87540166666667;48.7965816666667;20.0627098883375;13.5324686906224;9484
-4.85839666666667;48.8043033333333;19.9827203782922;14.5182961800686;9618
-4.84117166666667;48.812225;19.4958180291146;13.6511187475508;9766
-4.82389;48.82007;19.896901741321;13.4206296832979;9854
-4.80711166666667;48.82763;19.8209163621862;14.4007386811656;9977
-4.78937166666667;48.8357816666667;20.3968855903142;14.282053046339;10097
-4.772515;48.8434316666667;19.5782118811047;14.2244035539224;10218
-4.70692333333333;48.872895;18.806932860174;15.2295539435394;10686
