"x";"y";"vx";"vy";"t"
-5.79804;48.477385;4.12088177209387;7.43426751068486;0
-5.79665;48.47908;3.90431847094373;7.66265644791198;49
-5.79141833333333;48.4859366666667;3.90431847094373;7.66265644791198;241
-5.79036666666667;48.4873183333333;3.90431847094373;7.66265644791198;280
-5.78406166666667;48.4955283333333;3.81382889345231;7.81950803137139;512
-5.783555;48.49622;4.26632475063786;7.69665358964715;529
-5.776945;48.50451;4.03745561904785;7.59334963540455;759
-5.77585833333333;48.5059016666667;4.37782363673546;7.28592205596795;803
-5.775005;48.5069133333333;4.55730587455372;7.29321395044994;829
-5.774395;48.5076066666667;4.34999990463257;7.53442084774338;851
-5.77182;48.5108966666667;3.99511648429983;7.84085758280365;941
-5.77126166666667;48.5116783333333;4.40000009536743;7.6210237184843;960
-5.76947166666667;48.5138133333333;4.17829672970524;7.85823323962667;1025
-5.768925;48.5144933333333;3.99511648429983;7.84085758280365;1045
-5.76730833333333;48.5166983333333;4.13134984206043;7.76993898556745;1099
-5.76618166666667;48.5181633333333;4.04051527449833;7.92995772538446;1140
-5.761685;48.5239916666667;3.81382889345231;7.81950803137139;1304
-5.75345666666667;48.5345833333333;4.27219140044079;8.03482343183401;1589
-5.75314833333333;48.5349966666667;4.13131372081351;8.10815971000616;1607
-5.75059666666667;48.5384383333333;4.3191382880856;8.12311768589324;1690
-5.75034833333333;48.5387766666667;4.41176772918186;7.95903966860944;1699
-5.740265;48.551565;4.22524406507302;7.94652833573034;2039
-5.739145;48.5530716666667;4.41176772918186;7.95903966860944;2091
-5.73312833333333;48.5607383333333;4.3191382880856;8.12311768589324;2281
-5.72658;48.568965;4.4602484137962;8.04650113886197;2498
-5.72347;48.572775;4.36608562345338;8.21141278199691;2600
-5.72288833333333;48.57349;4.36608562345338;8.21141278199691;2619
-5.72227166666667;48.5742916666667;4.36608562345338;8.21141278199691;2640
-5.72167333333333;48.575065;4.50872956076103;8.13396344321685;2664
-5.71820333333333;48.579595;4.27219140044079;8.03482343183401;2779
-5.71588833333333;48.5825983333333;4.59999990463257;7.9674335496356;2859
-5.71285666666667;48.586405;4.4602484137962;8.04650113886197;2961
-5.712225;48.587175;4.65000009536743;8.05403642037652;2981
-5.709365;48.59048;4.50872956076103;8.13396344321685;3068
-5.70720333333333;48.5931433333333;4.4602484137962;8.04650113886197;3143
-5.70475166666667;48.59618;4.2221117341696;8.28636084489783;3221
-5.70331166666667;48.5980666666667;4.36608562345338;8.21141278199691;3271
-5.70173166666667;48.6000016666667;4.2221117341696;8.28636084489783;3321
-5.70145666666667;48.6003466666667;3.9726114991465;8.51929285241552;3328
-5.700555;48.6015666666667;4.4602484137962;8.04650113886197;3360
-5.700295;48.6018983333333;4.55000019073486;7.88083150480087;3371
-5.69614666666667;48.6066633333333;4.41176772918186;7.95903966860944;3504
-5.69584166666667;48.60703;4.68684667815293;7.8002227633726;3515
-5.69460166666667;48.6084916666667;4.2221117341696;8.28636084489783;3548
-5.69188333333333;48.6119;4.3191382880856;8.12311768589324;3640
-5.69123833333333;48.6127233333333;4.3191382880856;8.12311768589324;3660
-5.69099666666667;48.6130283333333;4.2221117341696;8.28636084489783;3668
-5.69011333333333;48.6141666666667;4.17671251101201;8.19725985258698;3700
-5.689805;48.6145916666667;4.17671251101201;8.19725985258698;3711
-5.688585;48.6160983333333;4.78985419489922;7.97165606002133;3751
-5.68756333333333;48.6172516666667;4.50872956076103;8.13396344321685;3780
-5.68540833333333;48.6198983333333;4.31290974752569;8.4645619797895;3850
-5.684545;48.6210416666667;4.50692718183374;8.47629722826348;3878
-5.68420666666667;48.62148;4.50692718183374;8.47629722826348;3890
-5.68195833333333;48.6242416666667;4.94436571560795;8.22880641372365;3960
-5.68163;48.6246233333333;4.50692718183374;8.47629722826348;3972
-5.67975166666667;48.62694;4.75;8.22724133595217;4035
-5.67878666666667;48.6280483333333;4.6056913923402;8.30888721782426;4061
-5.67811666666667;48.6288516666667;4.31290974752569;8.4645619797895;4079
-5.67785166666667;48.6292016666667;4.31290974752569;8.4645619797895;4095
-5.67753333333333;48.629635;4.31290974752569;8.4645619797895;4107
-5.67542666666667;48.6323383333333;4.16452589449624;8.53854343984209;4168
-5.675155;48.6327483333333;4.16452589449624;8.53854343984209;4181
-5.66808;48.641635;4.36608562345338;8.21141278199691;4411
-5.66717833333333;48.6427883333333;4.2221117341696;8.28636084489783;4439
-5.66657666666667;48.6435516666667;4.07685174875108;8.35878480201361;4459
-5.66625833333333;48.6439733333333;4.36608562345338;8.21141278199691;4469
-5.66598333333333;48.6443133333333;4.3191382880856;8.12311768589324;4479
-5.66536;48.645055;4.59999990463257;7.9674335496356;4499
-5.66402166666667;48.6465483333333;4.26751052436811;8.37546098747864;4539
-5.66369166666667;48.6469183333333;3.9726114991465;8.51929285241552;4549
-5.66340333333333;48.6472966666667;4.07685174875108;8.35878480201361;4559
-5.66163166666667;48.6496383333333;4.41303251109818;8.29970703605614;4619
-5.66100166666667;48.650415;4.6056913923402;8.30888721782426;4639
-5.66036666666667;48.6511933333333;4.35830897068328;8.55366297210035;4659
-5.66004333333333;48.6515883333333;4.50692718183374;8.47629722826348;4668
-5.65970666666667;48.651975;4.45997984646596;8.38800213215981;4685
-5.659365;48.6524033333333;4.31290974752569;8.4645619797895;4692
-5.656525;48.655925;4.31290974752569;8.4645619797895;4780
-5.6559;48.656655;4.16452589449624;8.53854343984209;4801
-5.65529166666667;48.6574416666667;4.20836317640046;8.62842318733472;4822
-5.65468333333333;48.6582583333333;4.01487348653664;8.60992397684817;4841
-5.65355;48.659795;4.89286171164551;8.14308935667007;4881
-5.65258;48.66094;4.41303251109818;8.29970703605614;4909
-5.65225666666667;48.6613266666667;4.41303251109818;8.29970703605614;4926
-5.65190833333333;48.6617466666667;4.26751052436811;8.37546098747864;4934
-5.651625;48.662095;4.26751052436811;8.37546098747864;4939
-5.65101666666667;48.662905;4.26751052436811;8.37546098747864;4961
-5.65073;48.663295;4.12068861259201;8.44866369234945;4969
-5.65048333333333;48.66365;4.41303251109818;8.29970703605614;4981
-5.65015333333333;48.664065;4.41303251109818;8.29970703605614;4994
-5.649245;48.6652033333333;4.84135770768308;8.05737229961648;5023
-5.64893666666667;48.6655833333333;4.65000009536743;8.05403642037652;5030
-5.64862833333333;48.6659233333333;4.50872956076103;8.13396344321685;5039
-5.64768;48.6670566666667;4.2221117341696;8.28636084489783;5069
-5.64734333333333;48.66747;4.17671251101201;8.19725985258698;5084
-5.647045;48.667855;4.17671251101201;8.19725985258698;5090
-5.64644333333333;48.6686233333333;3.93034991479654;8.42866259230534;5111
-5.64619333333333;48.6689583333333;3.93034991479654;8.42866259230534;5120
-5.64562166666667;48.6697733333333;4.07685174875108;8.35878480201361;5139
-5.64533333333333;48.6701583333333;4.36608562345338;8.21141278199691;5149
-5.64452;48.6712883333333;4.36608562345338;8.21141278199691;5179
-5.64274166666667;48.6736283333333;4.6056913923402;8.30888721782426;5239
-5.64210666666667;48.6744133333333;4.31290974752569;8.4645619797895;5258
-5.64088666666667;48.675975;3.9726114991465;8.51929285241552;5299
-5.64061;48.6763683333333;4.12068861259201;8.44866369234945;5309
-5.64088666666667;48.675975;3.9726114991465;8.51929285241552;5314
-5.639665;48.67757;4.26751052436811;8.37546098747864;5341
-5.639355;48.677955;4.31290974752569;8.4645619797895;5350
-5.638455;48.679075;4.41303251109818;8.29970703605614;5378
-5.63721;48.68063;4.6056913923402;8.30888721782426;5418
-5.63687333333333;48.681065;4.6056913923402;8.30888721782426;5430
-5.63657833333333;48.6814066666667;4.6056913923402;8.30888721782426;5438
-5.63624;48.6818283333333;4.31290974752569;8.4645619797895;5451
-5.63594166666667;48.68222;4.16452589449624;8.53854343984209;5462
-5.63562666666667;48.6826483333333;4.16452589449624;8.53854343984209;5471
-5.63538833333333;48.68296;4.16452589449624;8.53854343984209;5478
-5.635055;48.6833983333333;4.31290974752569;8.4645619797895;5490
-5.63444;48.684185;4.35830897068328;8.55366297210035;5511
-5.63414;48.6845833333333;4.35830897068328;8.55366297210035;5523
-5.63385666666667;48.6849333333333;4.50692718183374;8.47629722826348;5528
-5.63354;48.6853283333333;4.40370776088179;8.64276311468116;5539
-5.63319833333333;48.6857633333333;4.25220004024139;8.71830207767056;5551
-5.63292833333333;48.6861283333333;4.09939705827675;8.79118536139101;5565
-5.63229166666667;48.686985;4.55387406947855;8.5645914823227;5580
-5.632;48.68735;4.70265322391937;8.48381099243167;5588
-5.63166833333333;48.6877533333333;4.40370776088179;8.64276311468116;5598
-5.63104333333333;48.6885283333333;4.40370776088179;8.64276311468116;5618
-5.63037333333333;48.689365;4.25220004024139;8.71830207767056;5640
-5.62978833333333;48.6901283333333;4.40370776088179;8.64276311468116;5658
-5.63037333333333;48.689365;4.25220004024139;8.71830207767056;5666
-5.62944833333333;48.6905683333333;4.25220004024139;8.71830207767056;5671
-5.629175;48.6909266666667;4.40370776088179;8.64276311468116;5678
-5.62735;48.69331;4.20836317640046;8.62842318733472;5743
-5.62551;48.6956666666667;4.50692718183374;8.47629722826348;5801
-5.62516833333333;48.6960566666667;4.80000019073486;8.31384420669309;5812
-5.624515;48.6968383333333;4.20836317640046;8.62842318733472;5831
-5.624165;48.6972666666667;4.35830897068328;8.55366297210035;5841
-5.62386666666667;48.697655;4.35830897068328;8.55366297210035;5851
-5.62264833333333;48.6991766666667;4.35830897068328;8.55366297210035;5888
-5.62232833333333;48.6996066666667;4.45997984646596;8.38800213215981;5900
-5.62173333333333;48.7003433333333;3.67287245874708;8.65274527130821;5921
-5.62118;48.7011883333333;3.9726114991465;8.51929285241552;5940
-5.62090833333333;48.7015883333333;4.12068861259201;8.44866369234945;5951
-5.62062833333333;48.7019883333333;4.45997984646596;8.38800213215981;5960
-5.62003833333333;48.7027383333333;4.50692718183374;8.47629722826348;5980
-5.61971333333333;48.7031216666667;4.45997984646596;8.38800213215981;5990
-5.61937;48.7035566666667;4.50692718183374;8.47629722826348;6001
-5.61812666666667;48.7050933333333;4.70265322391937;8.48381099243167;6040
-5.617425;48.705915;4.55387406947855;8.5645914823227;6061
-5.61645833333333;48.707125;4.44910698403937;8.73186410699201;6090
-5.61551166666667;48.7083066666667;4.25220004024139;8.71830207767056;6119
-5.61490833333333;48.7091033333333;4.65417253930503;8.39634952217914;6139
-5.61429833333333;48.709855;4.35830897068328;8.55366297210035;6160
-5.61362666666667;48.710685;4.20836317640046;8.62842318733472;6179
-5.61334;48.711085;4.16452589449624;8.53854343984209;6189
-5.61306333333333;48.7114366666667;4.50692718183374;8.47629722826348;6199
-5.61239833333333;48.71226;4.65417253930503;8.39634952217914;6220
-5.61177333333333;48.7129966666667;4.55387406947855;8.5645914823227;6240
-5.61140166666667;48.71343;4.40370776088179;8.64276311468116;6249
-5.61014333333333;48.7149683333333;4.40370776088179;8.64276311468116;6291
-5.60916;48.7161566666667;4.7511343708842;8.57127329678655;6322
-5.60876;48.7166366666667;4.7511343708842;8.57127329678655;6331
-5.60844;48.7169916666667;4.60082140484632;8.65288657842637;6340
-5.60653166666667;48.71938;4.09939705827675;8.79118536139101;6401
-5.605935;48.72018;4.25220004024139;8.71830207767056;6420
-5.605635;48.720585;4.60082140484632;8.65288657842637;6430
-5.604925;48.721425;4.29603732214562;8.8081818251632;6450
-5.60396166666667;48.722565;4.90000009536743;8.48704912226874;6479
-5.603635;48.7229533333333;4.40370776088179;8.64276311468116;6499
-5.60335333333333;48.723305;4.25220004024139;8.71830207767056;6505
-5.601705;48.7253366666667;4.55387406947855;8.5645914823227;6552
-5.60045166666667;48.7269616666667;4.25220004024139;8.71830207767056;6591
-5.600185;48.7273283333333;4.55387406947855;8.5645914823227;6601
-5.59927833333333;48.7285033333333;4.44910698403937;8.73186410699201;6629
-5.59860166666667;48.7293416666667;4.44910698403937;8.73186410699201;6652
-5.59763333333333;48.7305383333333;4.60082140484632;8.65288657842637;6681
-5.59697666666667;48.7312933333333;4.64776829249113;8.7411808324856;6700
-5.59659;48.7317283333333;4.02669261129271;9.04409968217181;6710
-5.59630833333333;48.732105;4.02669261129271;9.04409968217181;6721
-5.59659;48.7317283333333;4.02669261129271;9.04409968217181;6729
-5.59566333333333;48.7329733333333;4.49450577423788;8.82096424957283;6746
-5.593655;48.7353533333333;4.60082140484632;8.65288657842637;6800
-5.59335;48.735705;4.44910698403937;8.73186410699201;6809
-5.59264333333333;48.7365433333333;3.9860191797217;8.95274565914246;6831
-5.59237;48.736915;4.14165904566689;8.88181648582366;6838
-5.59172166666667;48.7377633333333;4.44910698403937;8.73186410699201;6860
-5.59072166666667;48.7389683333333;4.33987418598654;8.89806071549904;6893
-5.58908333333333;48.7409916666667;4.38371146789077;8.98794046299167;6941
-5.58843666666667;48.741815;4.38371146789077;8.98794046299167;6960
-5.58749166666667;48.7430383333333;4.64776829249113;8.7411808324856;6990
-5.586465;48.7442933333333;4.64776829249113;8.7411808324856;7022
-5.58552166666667;48.7454516666667;4.44910698403937;8.73186410699201;7052
-5.58487333333333;48.7462;4.44910698403937;8.73186410699201;7071
-5.58385166666667;48.7474816666667;6.10440767315008;7.53831567790379;7100
-5.58365;48.7476683333333;6.23503969135742;7.4306309521427;7105
-5.583495;48.7478116666667;6.49056675405439;7.2085046653871;7112
-5.58306833333333;48.7481583333333;6.49056675405439;7.2085046653871;7122
-5.58236333333333;48.74871;7.50723568867737;6.29931869753009;7135
-5.5813;48.749355;8.3145226533188;4.99586922839181;7157
-5.57996833333333;48.7499233333333;8.48381099243167;4.70265322391937;7184
-5.579445;48.750125;8.57127329678655;4.7511343708842;7190
-5.57885166666667;48.7503466666667;8.57127329678655;4.7511343708842;7200
-5.57754166666667;48.7508716666667;8.65873476703908;4.79961505549854;7221
-5.57641;48.7513316666667;8.57167300702112;5.15038074910054;7241
-5.574615;48.75205;8.39567582844394;5.24620051376057;7269
-5.57397166666667;48.75231;8.31087150408531;5.19320889055949;7286
-5.57345;48.752525;8.40023971037239;5.04737323235425;7294
-5.57285833333333;48.7527716666667;8.48595594996753;5.0988767451381;7301
-5.55684833333333;48.759395;8.40044625152782;4.84999990463257;7570
-5.556315;48.7596083333333;8.48381099243167;4.70265322391937;7582
-5.55567166666667;48.75985;8.5645914823227;4.55387406947855;7590
-5.55502333333333;48.7600916666667;8.40044625152782;4.84999990463257;7605
-5.55272166666667;48.7610033333333;8.40044625152782;4.84999990463257;7642
-5.549215;48.762455;8.40023971037239;5.04737323235425;7700
-5.54868;48.7626783333333;8.57365116710347;4.94999980926514;7709
-5.548095;48.762915;8.57365116710347;4.94999980926514;7719
-5.546905;48.7634033333333;8.74619707139396;4.84809620246337;7742
-5.54512166666667;48.764135;8.65739006407471;5.20188475306298;7771
-5.54451666666667;48.7643766666667;8.65739006407471;5.20188475306298;7778
-5.54386;48.764625;8.57167300702112;5.15038074910054;7790
-5.54331666666667;48.7648433333333;8.57167300702112;5.15038074910054;7801
-5.54265833333333;48.76512;8.57167300702112;5.15038074910054;7810
-5.54037333333333;48.7660933333333;8.74619707139396;4.84809620246337;7848
-5.53977333333333;48.7663233333333;8.66025403784439;5;7861
-5.53911666666667;48.7665866666667;8.66025403784439;5;7872
-5.53852333333333;48.76683;8.65873476703908;4.79961505549854;7880
-5.53620166666667;48.76777;8.74619707139396;4.84809620246337;7921
-5.53560166666667;48.7680166666667;8.74619707139396;4.84809620246337;7928
-5.52898166666667;48.77073;9.00606527875217;4.78860985087149;8040
-5.52533166666667;48.7722483333333;8.7468569085853;5.05000019073486;8100
-5.52117666666667;48.7740316666667;8.92112084600137;4.94505803404254;8169
-5.51275;48.7775933333333;8.65739006407471;5.20188475306298;8312
-5.51038;48.7786116666667;8.91777102469294;4.74166296322669;8352
-5.508015;48.779565;8.83365937574884;4.8965773494282;8392
-5.50493166666667;48.7808283333333;9.00606527875217;4.78860985087149;8440
-5.49640166666667;48.7844583333333;9.00858315035625;4.99353918100737;8580
-5.49579833333333;48.7847116666667;8.92112084600137;4.94505803404254;8590
-5.494645;48.7851883333333;8.92112084600137;4.94505803404254;8612
-5.49391666666667;48.7854933333333;8.92112084600137;4.94505803404254;8620
-5.493425;48.7856883333333;8.92006182416096;5.15000009536743;8630
-5.490985;48.7867016666667;8.83345895342004;5.09999990463257;8674
-5.48976666666667;48.78719;8.92112084600137;4.94505803404254;8690
-5.48914833333333;48.7874333333333;8.92112084600137;4.94505803404254;8702
-5.48848666666667;48.7877066666667;8.83345895342004;5.09999990463257;8717
-5.486635;48.788495;8.65739006407471;5.20188475306298;8744
-5.47949666666667;48.7916183333333;9.18265462891506;4.88250407388408;8859
-5.47705833333333;48.79265;9.18265462891506;4.88250407388408;8900
-5.47580166666667;48.7931883333333;8.74310630366986;5.25338826584684;8920
-5.47296333333333;48.79449;8.83365937574884;4.8965773494282;8973
-5.47237333333333;48.7947516666667;8.91777102469294;4.74166296322669;8980
-5.471835;48.79498;8.99916623419453;4.58530422055305;8996
-5.46999166666667;48.7957566666667;8.83365937574884;4.8965773494282;9022
-5.46885;48.7962433333333;8.74310630366986;5.25338826584684;9040
-5.46764666666667;48.7967616666667;8.83345895342004;5.09999990463257;9059
-5.463485;48.7985333333333;8.7468569085853;5.05000019073486;9128
-5.46171833333333;48.7992933333333;8.82947592858927;4.69471562785891;9160
-5.45994;48.8000433333333;8.74619707139396;4.84809620246337;9188
-5.45869666666667;48.8005933333333;8.83365937574884;4.8965773494282;9212
-5.45816;48.8008183333333;8.99916623419453;4.58530422055305;9220
-5.455815;48.8018316666667;8.66025403784439;5;9262
-5.45350666666667;48.8028266666667;8.57127329678655;4.7511343708842;9298
-5.45292666666667;48.803065;8.57127329678655;4.7511343708842;9309
-5.45005833333333;48.8042766666667;8.40023971037239;5.04737323235425;9358
-5.44949333333333;48.8045383333333;8.31087150408531;5.19320889055949;9370
-5.44893;48.804795;8.48704912226873;4.90000009536743;9380
-5.44602833333333;48.80608;8.74619707139396;4.84809620246337;9428
-5.44426166666667;48.8068233333333;8.82947592858927;4.69471562785891;9458
-5.443085;48.8073266666667;8.66025403784439;5;9483
-5.43952666666667;48.8088283333333;8.66025403784439;5;9538
-5.43893;48.8090783333333;8.91777102469294;4.74166296322669;9559
-5.43767333333333;48.809595;8.66025403784439;5;9570
-5.43598;48.8103066666667;8.57365116710347;4.94999980926514;9599
-5.43541;48.8105516666667;8.48704912226873;4.90000009536743;9610
-5.43422333333333;48.8110816666667;8.48381099243167;4.70265322391937;9632
-5.43370166666667;48.8113066666667;8.5645914823227;4.55387406947855;9640
-5.43138166666667;48.8123016666667;8.65873476703908;4.79961505549854;9677
-5.430805;48.8125616666667;8.7411808324856;4.64776829249113;9689
-5.429625;48.8130283333333;8.65873476703908;4.79961505549854;9710
-5.42665166666667;48.8142883333333;8.48595594996753;5.0988767451381;9760
-5.42613666666667;48.814525;8.57365116710347;4.94999980926514;9777
-5.424975;48.8150416666667;8.66025403784439;5;9794
-5.42378333333333;48.8155483333333;8.91777102469294;4.74166296322669;9812
-5.42022666666667;48.81702;8.82096424957283;4.49450577423788;9869
-5.41713666666667;48.8182583333333;8.57365116710347;4.94999980926514;9920
-5.41666833333333;48.81845;8.48595594996753;5.0988767451381;9929
-5.41360833333333;48.819705;8.65873476703908;4.79961505549854;9982
-5.41306833333333;48.8199166666667;8.65873476703908;4.79961505549854;9991
-5.41241;48.8201866666667;8.74619707139396;4.84809620246337;10002
-5.41127666666667;48.82066;8.66025403784439;5;10022
-5.41061333333333;48.82093;8.7468569085853;5.05000019073486;10030
-5.41002;48.8211833333333;8.7468569085853;5.05000019073486;10042
-5.40881;48.8216733333333;8.92112084600137;4.94505803404254;10061
-5.40825833333333;48.821895;8.92112084600137;4.94505803404254;10070
-5.40579666666667;48.82289;9.00858315035625;4.99353918100737;10114
-5.40512666666667;48.8231616666667;8.82882336072344;5.30489226980928;10122
-5.40403;48.8236083333333;8.83345895342004;5.09999990463257;10138
-5.402685;48.824165;9.00858315035625;4.99353918100737;10162
-5.40092333333333;48.8248416666667;8.48048096156426;5.29919264233205;10193
-5.400415;48.82507;8.57167300702112;5.15038074910054;10201
-5.39976833333333;48.8253416666667;8.48048096156426;5.29919264233205;10215
-5.39916166666667;48.8255716666667;8.48595594996753;5.0988767451381;10220
-5.39794666666667;48.82609;8.65873476703908;4.79961505549854;10240
-5.397425;48.8263183333333;8.7411808324856;4.64776829249113;10254
-5.39689;48.826535;8.7411808324856;4.64776829249113;10262
-5.39623666666667;48.8268016666667;8.7411808324856;4.64776829249113;10276
-5.39510666666667;48.8272416666667;8.65288657842637;4.60082140484633;10292
-5.394405;48.82751;8.48381099243167;4.70265322391937;10300
-5.39336666666667;48.8279416666667;8.5645914823227;4.55387406947855;10321
-5.39153;48.8286333333333;8.48381099243167;4.70265322391937;10356
-5.39037166666667;48.82911;8.48381099243167;4.70265322391937;10369
-5.38921;48.82958;8.57127329678655;4.7511343708842;10391
-5.38808166666667;48.8300033333333;8.57127329678655;4.7511343708842;10411
-5.38681666666667;48.8304933333333;8.65873476703908;4.79961505549854;10430
-5.38628166666667;48.8307033333333;8.7411808324856;4.64776829249113;10442
-5.38562166666667;48.8309566666667;8.65873476703908;4.79961505549854;10454
-5.38390333333333;48.831635;8.57365116710347;4.94999980926514;10480
-5.38034333333333;48.8331016666667;8.82947592858927;4.69471562785891;10538
-5.37969;48.8333666666667;8.65873476703908;4.79961505549854;10550
-5.37908833333333;48.8336;8.82096424957283;4.49450577423788;10562
-5.37849166666667;48.8338283333333;8.7411808324856;4.64776829249113;10570
-5.37795;48.8340283333333;8.7411808324856;4.64776829249113;10580
-5.37674166666667;48.8344766666667;8.65873476703908;4.79961505549854;10602
-5.37546666666667;48.834965;8.74619707139396;4.84809620246337;10622
-5.373645;48.8356916666667;8.7468569085853;5.05000019073486;10656
-5.37248;48.8361483333333;8.65739006407471;5.20188475306298;10670
-5.371815;48.8364116666667;8.74310630366986;5.25338826584684;10680
-5.37126666666667;48.8366383333333;8.74310630366986;5.25338826584684;10690
-5.36997;48.8371416666667;8.74310630366986;5.25338826584684;10712
-5.36941833333333;48.837365;8.83345895342004;5.09999990463257;10722
-5.36811166666667;48.837885;9.1773673690862;4.67610223390915;10741
-5.36755;48.8381033333333;9.09436037485584;4.83555718623927;10749
-5.36508666666667;48.8390633333333;8.92112084600137;4.94505803404254;10788
-5.36440166666667;48.8393166666667;8.83345895342004;5.09999990463257;10802
-5.36384333333333;48.839535;8.74310630366986;5.25338826584684;10809
-5.36200333333333;48.8402566666667;8.74310630366986;5.25338826584684;10842
-5.36137833333333;48.8404833333333;8.74310630366986;5.25338826584684;10848
-5.36077333333333;48.840715;8.7468569085853;5.05000019073486;10862
-5.35655166666667;48.8424316666667;8.7468569085853;5.05000019073486;10929
-5.35593666666667;48.8426683333333;8.91777102469294;4.74166296322669;10940
-5.35468166666667;48.8431516666667;8.92112084600137;4.94505803404254;10961
-5.35028;48.8448183333333;9.00858315035625;4.99353918100737;11030
-5.34908833333333;48.8452833333333;9.00858315035625;4.99353918100737;11048
-5.34840333333333;48.8455516666667;8.92006182416096;5.15000009536743;11064
-5.34716833333333;48.8460366666667;8.92112084600137;4.94505803404254;11081
-5.345375;48.8467516666667;8.74310630366986;5.25338826584684;11108
-5.34346666666667;48.8475366666667;9.00858315035625;4.99353918100737;11140
-5.34228166666667;48.847995;9.00858315035625;4.99353918100737;11162
-5.34099333333333;48.8485066666667;8.82882336072344;5.30489226980928;11180
-5.34045;48.848735;8.82882336072344;5.30489226980928;11192
-5.33976666666667;48.849;9.00858315035625;4.99353918100737;11199
-5.33859166666667;48.8494733333333;8.92006182416096;5.15000009536743;11218
-5.33729;48.8499916666667;8.82882336072344;5.30489226980928;11240
-5.33673833333333;48.8502216666667;8.92006182416096;5.15000009536743;11248
-5.336065;48.8504933333333;8.92006182416096;5.15000009536743;11266
-5.33421833333333;48.8512516666667;8.82882336072344;5.30489226980928;11289
-5.33360333333333;48.85151;8.82882336072344;5.30489226980928;11300
-5.33303166666667;48.8517233333333;8.92006182416096;5.15000009536743;11308
-5.329855;48.8528983333333;8.91777102469294;4.74166296322669;11360
-5.32930833333333;48.85309;8.74619707139396;4.84809620246337;11368
-5.32865333333333;48.8533433333333;8.48595594996753;5.0988767451381;11385
-5.32751333333333;48.8537933333333;8.65873476703908;4.79961505549854;11402
-5.32686166666667;48.8540516666667;8.57365116710347;4.94999980926514;11410
-5.325745;48.8545066666667;8.48704912226873;4.90000009536743;11428
-5.32503333333333;48.8547916666667;8.82096424957283;4.49450577423788;11445
-5.32449333333333;48.8549933333333;8.7411808324856;4.64776829249113;11450
-5.32396;48.8551966666667;8.57365116710347;4.94999980926514;11462
-5.32272666666667;48.855695;8.57365116710347;4.94999980926514;11480
-5.32090833333333;48.8563983333333;8.66025403784439;5;11509
-5.31852;48.8573166666667;8.92112084600137;4.94505803404254;11550
-5.31789833333333;48.8575533333333;9.00606527875217;4.78860985087149;11557
-5.31591;48.8582966666667;8.92112084600137;4.94505803404254;11590
-5.31536;48.858505;8.83345895342004;5.09999990463257;11600
-5.312215;48.85974;8.82882336072344;5.30489226980928;11649
-5.31104333333333;48.86021;9.00858315035625;4.99353918100737;11670
-5.310475;48.86043;9.09436037485584;4.83555718623927;11678
-5.30855833333333;48.861175;8.92006182416096;5.15000009536743;11710
-5.30794;48.8614166666667;9.00858315035625;4.99353918100737;11726
-5.30542833333333;48.86237;8.92006182416096;5.15000009536743;11762
-5.30423833333333;48.8628216666667;8.92006182416096;5.15000009536743;11780
-5.30356;48.863085;9.00858315035625;4.99353918100737;11790
-5.30300333333333;48.8633033333333;8.92006182416096;5.15000009536743;11798
-5.30238666666667;48.8635466666667;9.00858315035625;4.99353918100737;11810
-5.30106166666667;48.864055;9.00666386899569;5.19999980926514;11829
-5.29982833333333;48.8645483333333;9.09604462060878;5.04201986562171;11849
-5.29862666666667;48.8650233333333;9.00025665737218;5.40789978655557;11869
-5.29799;48.86527;9.00025665737218;5.40789978655557;11881
-5.29730166666667;48.8655483333333;9.09326673973661;5.25;11896
-5.292925;48.8673083333333;9.17986961047752;5.30000019073486;11960
-5.29161;48.8678166666667;9.00025665737218;5.40789978655557;11986
-5.291035;48.8680433333333;9.00025665737218;5.40789978655557;11996
-5.29039833333333;48.8682983333333;9.18350692496366;5.09050101258654;12002
-5.28784833333333;48.8693483333333;9.00666386899569;5.19999980926514;12042
-5.28727333333333;48.8695866666667;9.27094972501873;4.92945140925185;12049
-5.28399666666667;48.8708266666667;9.27096922931853;5.13898215955137;12100
-5.28279333333333;48.8712916666667;9.09326673973661;5.25;12120
-5.281525;48.8717816666667;9.35556850397786;4.76690024726524;12138
-5.280185;48.8722933333333;9.18350692496366;5.09050101258654;12162
-5.27891;48.8727966666667;9.00025665737218;5.40789978655557;12183
-5.27827166666667;48.873055;9.18350692496366;5.09050101258654;12192
-5.27635833333333;48.8737883333333;9.09326673973661;5.25;12224
-5.27573;48.8740366666667;9.09326673973661;5.25;12230
-5.27509;48.8742766666667;9.18350692496366;5.09050101258654;12238
-5.27319166666667;48.87501;9.00025665737218;5.40789978655557;12272
-5.27255666666667;48.875255;9.00025665737218;5.40789978655557;12282
-5.271925;48.8755016666667;9.00025665737218;5.40789978655557;12291
-5.27130333333333;48.8757566666667;9.00025665737218;5.40789978655557;12306
-5.27068;48.8760166666667;8.91453960031859;5.35639578259313;12324
-5.26820333333333;48.8769916666667;9.18265462891506;4.88250407388408;12350
-5.26757166666667;48.87724;9.18265462891506;4.88250407388408;12362
-5.26701;48.8774683333333;9.18350692496366;5.09050101258654;12368
-5.26573833333333;48.8779633333333;9.35556850397786;4.76690024726524;12388
-5.26509166666667;48.8782133333333;9.18350692496366;5.09050101258654;12398
-5.26375333333333;48.87873;9.27096922931853;5.13898215955137;12421
-5.26318666666667;48.8789533333333;9.3592448211224;4.97639874461963;12431
-5.262555;48.8792083333333;9.3592448211224;4.97639874461963;12441
-5.25814666666667;48.88103;9.09326673973661;5.25;12508
-5.25684;48.8815633333333;9.27094972501873;4.92945140925185;12530
-5.25629666666667;48.881785;9.34745773864862;4.55905975938108;12542
-5.255045;48.88228;9.18265462891506;4.88250407388408;12560
-5.25380333333333;48.8827683333333;9.00858315035625;4.99353918100737;12584
-5.253185;48.883;8.92006182416096;5.15000009536743;12592
-5.25257166666667;48.88324;8.92006182416096;5.15000009536743;12602
-5.253185;48.883;8.92006182416096;5.15000009536743;12608
-5.25195833333333;48.8834833333333;8.92006182416096;5.15000009536743;12617
-5.24948833333333;48.8844566666667;8.92006182416096;5.15000009536743;12649
-5.24886833333333;48.8846916666667;9.00858315035625;4.99353918100737;12658
-5.24762166666667;48.88518;9.26646751166701;4.72150102410766;12682
-5.24701;48.8854166666667;9.00858315035625;4.99353918100737;12692
-5.24581;48.8858983333333;8.7468569085853;5.05000019073486;12709
-5.24336333333333;48.8868616666667;8.7468569085853;5.05000019073486;12753
-5.24275166666667;48.887105;8.83345895342004;5.09999990463257;12758
-5.24214666666667;48.8873433333333;8.92112084600137;4.94505803404254;12769
-5.24275166666667;48.887105;8.83345895342004;5.09999990463257;12776
-5.24214666666667;48.8873433333333;8.92112084600137;4.94505803404254;12782
-5.23841333333333;48.8888416666667;8.99916623419453;4.58530422055305;12830
-5.23773666666667;48.8890983333333;8.83365937574884;4.8965773494282;12844
-5.23662;48.8894983333333;8.7468569085853;5.05000019073486;12862
-5.23403333333333;48.8904866666667;9.00606527875217;4.78860985087149;12908
-5.23227833333333;48.8911733333333;9.00858315035625;4.99353918100737;12928
-5.23025333333333;48.8919633333333;9.26646751166701;4.72150102410766;12962
-5.22644833333333;48.8934316666667;9.35556850397786;4.76690024726524;13021
-5.22328833333333;48.8945883333333;9.27094972501873;4.92945140925185;13072
-5.22008;48.89582;9.18350692496366;5.09050101258654;13120
-5.21943;48.89606;9.18350692496366;5.09050101258654;13130
-5.21820166666667;48.896525;9.27096922931853;5.13898215955137;13148
-5.21749833333333;48.89679;9.18350692496366;5.09050101258654;13162
-5.21691833333333;48.8970083333333;9.09326673973661;5.25;13168
-5.21365833333333;48.8982883333333;9.17986961047752;5.30000019073486;13219
-5.21308833333333;48.8985066666667;9.08597371442577;5.45940379051801;13229
-5.21173166666667;48.8990183333333;9.27096922931853;5.13898215955137;13250
-5.21108333333333;48.8992716666667;9.27096922931853;5.13898215955137;13262
-5.20850666666667;48.90024;9.18350692496366;5.09050101258654;13299
-5.20663333333333;48.9009333333333;9.27094972501873;4.92945140925185;13329
-5.20466333333333;48.9016816666667;9.09604462060878;5.04201986562171;13360
-5.20338166666667;48.90217;9.18350692496366;5.09050101258654;13382
-5.20281333333333;48.9023966666667;9.00025665737218;5.40789978655557;13389
-5.20156666666667;48.90287;8.91453960031859;5.35639578259313;13409
-5.2009;48.903125;8.83345895342004;5.09999990463257;13421
-5.200295;48.9033766666667;8.92112084600137;4.94505803404254;13430
-5.19968166666667;48.9036233333333;8.92112084600137;4.94505803404254;13441
-5.19844666666667;48.90412;9.00858315035625;4.99353918100737;13460
-5.19788333333333;48.9043383333333;9.09436037485584;4.83555718623927;13468
-5.195915;48.90507;9.26646751166701;4.72150102410766;13502
-5.194625;48.905515;9.26646751166701;4.72150102410766;13525
-5.192805;48.9062166666667;9.18265462891506;4.88250407388408;13548
-5.19210666666667;48.9064866666667;9.26646751166701;4.72150102410766;13562
-5.19083833333333;48.9069616666667;9.00858315035625;4.99353918100737;13581
-5.19028833333333;48.90717;8.74310630366986;5.25338826584684;13588
-5.18962166666667;48.9074433333333;8.56528609468458;5.35218477090353;13600
-5.189065;48.907665;8.83365937574884;4.8965773494282;13612
-5.18534833333333;48.9090916666667;9.00858315035625;4.99353918100737;13672
-5.18397666666667;48.9096216666667;9.18265462891506;4.88250407388408;13690
-5.17962833333333;48.9112766666667;9.09604462060878;5.04201986562171;13761
-5.17843666666667;48.91174;8.92006182416096;5.15000009536743;13778
-5.17773333333333;48.9119983333333;8.92006182416096;5.15000009536743;13790
-5.17142833333333;48.914355;8.92006182416096;5.15000009536743;13892
-5.17019;48.9148333333333;8.65009041904321;5.40517639410461;13910
-5.16475;48.917015;9.00606527875217;4.78860985087149;14003
-5.16412833333333;48.91726;9.1773673690862;4.67610223390915;14012
-5.15790333333333;48.9195416666667;8.92006182416096;5.15000009536743;14108
-5.15226666666667;48.921725;9.00666386899569;5.19999980926514;14198
-5.14858166666667;48.9232466666667;9.09604462060878;5.04201986562171;14258
-5.14481166666667;48.9246966666667;9.09436037485584;4.83555718623927;14320
-5.14348166666667;48.9252066666667;9.18265462891506;4.88250407388408;14339
-5.14099833333333;48.9261183333333;9.26646751166701;4.72150102410766;14380
-5.13965;48.9266266666667;9.18265462891506;4.88250407388408;14402
-5.13471166666667;48.92857;9.18265462891506;4.88250407388408;14478
-5.13344666666667;48.929075;9.18265462891506;4.88250407388408;14499
-5.120725;48.9338633333333;9.18265462891506;4.88250407388408;14701
-5.11747666666667;48.9350616666667;9.00858315035625;4.99353918100737;14749
-5.11561166666667;48.9357616666667;9.35556850397786;4.76690024726524;14780
-5.114345;48.936245;9.09604462060878;5.04201986562171;14799
-5.10795833333333;48.9386683333333;9.35556850397786;4.76690024726524;14900
-5.10145;48.941135;9.27096922931853;5.13898215955137;14999
-5.09561;48.94331;9.18350692496366;5.09050101258654;15089
-5.09367333333333;48.9440316666667;9.17986961047752;5.30000019073486;15121
-5.09244;48.9444833333333;9.08597371442577;5.45940379051801;15139
-5.09115;48.94496;9.00025665737218;5.40789978655557;15160
-5.068985;48.9532533333333;9.27096922931853;5.13898215955137;15499
-5.06639833333333;48.9542233333333;9.3592448211224;4.97639874461963;15540
-5.06388833333333;48.9551416666667;9.18350692496366;5.09050101258654;15583
-5.06252;48.9556633333333;9.08597371442577;5.45940379051801;15601
-5.06187666666667;48.955905;9.09326673973661;5.25;15613
-5.05938;48.956875;9.27094972501873;4.92945140925185;15652
-5.058035;48.957385;9.44466949628871;4.81229947042283;15675
-5.05349833333333;48.959035;9.18350692496366;5.09050101258654;15739
-5.04709666666667;48.9614433333333;9.27096922931853;5.13898215955137;15839
-5.04450166666667;48.96244;9.35843069957106;5.18746284416571;15880
-5.04248166666667;48.9632133333333;9.44753907518163;5.02334563226444;15909
-5.04115;48.9636916666667;9.5358341712853;5.07029296763222;15929
-5.03524166666667;48.96592;9.62412842534453;5.11723985527702;16020
-5.007355;48.976445;9.62412842534453;5.11723985527702;16449
-5.00140333333333;48.9786283333333;9.44753907518163;5.02334563226444;16538
-4.98152333333333;48.9861483333333;9.09326673973661;5.25;16850
-4.92369166666667;49.0075383333333;9.27094972501873;4.92945140925185;17751
