"x";"y";"vx";"vy";"t"
-3.6829;49.70625;-9.77133304412111;-7.63420205918195;0
-3.69181666666667;49.7021333333333;-9.77133304412111;-7.63420205918195;120
-3.70113333333333;49.69785;-9.98294387559116;-7.5226877894006;263
-3.71633333333333;49.6908833333333;-9.98294387559116;-7.5226877894006;441
-3.74555;49.6811166666667;-11.3017293570032;-6.009236093204;809
-4.2588;49.4804833333333;-11.1897525509143;-8.74239283219624;7157
-4.75071666666667;49.2944666666667;-10.2002905513718;-6.12895289495822;13241
-4.76235;49.2903;-10.2002905513718;-6.12895289495822;13403
-4.7745;49.2859166666667;-10.2002905513718;-6.12895289495822;13570
-4.79561666666667;49.2782333333333;-10.2190999298376;-5.90000009536744;13882
-4.80503333333333;49.2747833333333;-10.1145743117766;-6.07744938217436;14012
-4.8154;49.271;-10.2190999298376;-5.90000009536744;14142
-4.8242;49.2678166666667;-9.92216256327785;-6.20005529045442;14239
-4.83356666666667;49.26435;-10.1145743117766;-6.07744938217436;14394
-4.84308333333333;49.2609;-10.028857254723;-6.02594537821192;14513
-4.85175;49.25775;-9.94314101512788;-5.97444186542807;14631
-4.86385;49.2533166666667;-9.94314101512788;-5.97444186542807;14813
-4.87331666666667;49.2498833333333;-9.85742395807429;-5.92293786146563;14932
-4.88183333333333;49.2468333333333;-9.85742395807429;-5.92293786146563;15043
-4.89016666666667;49.2438;-9.95929214352104;-5.75000000000001;15180
-4.9002;49.2402;-9.7717069010207;-5.87143385750319;15332
-4.91101666666667;49.2362833333333;-9.45102801087474;-6.37479888625135;15470
-4.9191;49.2329;-9.36812472799834;-6.31887991587703;15578
-4.92741666666667;49.2295333333333;-9.25641825670646;-6.48141384016785;15721
-4.9354;49.2261833333333;-9.28522065449009;-6.26296041221479;15821
-4.95221666666667;49.2192166666667;-9.28522065449009;-6.26296041221479;16060
-4.96381666666667;49.2145;-9.49813851519963;-5.93509565833782;16227
-4.97215;49.2114;-9.49813851519963;-5.93509565833782;16353
-4.9846;49.2067833333333;-9.49813851519963;-5.93509565833782;16538
-5.049;49.1825666666667;-9.32852905772068;-5.82911190656526;17518
-5.19885;49.1263833333333;-9.2574070110745;-5.56241130726431;19725
-5.26768333333333;49.1001166666667;-9.15891960024174;-5.72312815479269;20772
-5.30326666666667;49.08605;-10.6854063350756;-6.67698293148654;21268
-5.3338;49.0740833333333;-11.2790398406328;-7.04792631537571;21642
-5.3444;49.0701166666667;-11.5717585594785;-6.95301401128574;21779
-5.35428333333333;49.0664666666667;-11.4486492981118;-7.15391006714827;21891
-5.36413333333333;49.06285;-11.2790398406328;-7.04792631537571;22015
-5.38455;49.0552666666667;-11.1942347075125;-6.99493418680423;22281
-5.39441666666667;49.0515;-10.9865847600125;-7.13477156646016;22384
-5.41163333333333;49.04185;-9.50759812104921;-8.86597868081249;22642
-5.41973333333333;49.0367833333333;-9.58073377020042;-8.93417877698046;22761
-5.42793333333333;49.0312;-8.7977785846445;-9.434462471898;22884
-5.43513333333333;49.0257833333333;-8.45677940461325;-9.06878562108842;23008
-5.44225;49.0203333333333;-8.115780224582;-8.70310877027883;23138
-5.44885;49.0152833333333;-8.04758077881834;-8.62997381860086;23262
-5.45526666666667;49.0103666666667;-7.82882796677211;-8.69479431634189;23377
-5.46285;49.0045833333333;-8.55683816944964;-7.97938068265037;23553
-5.49061666666667;48.99615;-11.3013319833464;-3.02818277833368;23890
-5.61215;48.9680166666667;-9.08597371442576;-5.45940379051801;25550
-5.6565;48.9511833333333;-9.15891960024174;-5.72312815479269;26219
-5.76968333333333;48.9032;-9.61288231236974;-5.55000019073487;27983
-5.78711666666667;48.8962833333333;-9.70827908288824;-5.38138696967453;28249
-5.79585;48.8929166666667;-9.70827908288824;-5.38138696967453;28355
-5.80415;48.8897166666667;-9.79574055314076;-5.42986765428888;28466
-5.81985;48.8661833333333;-5.13009273364869;-10.0683738932746;28988
-5.82393333333333;48.8599;-4.99743090617016;-10.2462517849478;29111
-5.82935;48.8516833333333;-4.99743090617016;-10.2462517849478;29309
-5.83336666666667;48.8457666666667;-5.69999980926514;-9.87268927278013;29428
-5.97448333333333;48.6807333333333;-7.22706331682522;-10.321316070523;32856
-5.98143333333333;48.6733;-6.86245204895264;-10.5672494760398;32998
-5.98838333333333;48.6659666666667;-7.22706331682522;-10.321316070523;33148
-6.00183333333333;48.6517666666667;-7.15766927108314;-10.6116810868309;33448
-6.00778333333333;48.6457333333333;-6.6954949738307;-11.1431749091275;33548
-6.02405;48.6251833333333;-6.54492987332555;-11.8073660463818;33925
-6.0767;48.55855;-7.32062545065988;-13.2067579114458;35045
-6.08798333333333;48.5440666666667;-7.07822064053671;-12.7694480578761;35289
