"x";"y";"vx";"vy";"t"
-5.8193;48.5297;3.67114468692648;9.0864019516008;0
-5.80415;48.5478833333333;3.55876263745116;8.80824661838448;447
-5.79315;48.5611833333333;3.44033245234141;8.96237245050581;800
-5.78358333333333;48.5724;3.75101898254912;8.83684694428816;1080
-5.77475;48.5829;3.9046719286854;8.7700367418589;1345
-5.76551666666667;48.5937166666667;3.59622343969383;8.90096535753373;1623
-5.76066666666667;48.59955;3.5213018352085;8.71552787923523;1814
-5.75578333333333;48.6053333333333;3.5213018352085;8.71552787923523;1958
-5.74806666666667;48.61445;3.2969850674635;8.58893974570792;2174
-5.74303333333333;48.6204;3.44638058797585;8.53009128516816;2335
-5.73781666666667;48.6263;3.48384139021852;8.62281002431741;2513
-5.73185;48.6330333333333;3.33282199912455;8.68229814449031;2665
-5.72778333333333;48.6379666666667;3.63379956947629;8.56069531268006;2818
-5.72196666666667;48.6443;3.5213018352085;8.71552787923523;2976
-5.71665;48.65045;3.75101898254912;8.83684694428816;3130
-5.7042;48.6659333333333;4.02669261129271;9.04409968217181;3548
-5.69785;48.6741;3.67114468692648;9.0864019516008;3740
-5.69306666666667;48.6805666666667;3.82916513372093;9.02094773940628;3876
-5.67553333333333;48.7041666666667;3.44033245234141;8.96237245050581;4485
-5.6668;48.7151666666667;4.40370776088179;8.64276311468116;4764
-5.65198333333333;48.7326333333333;5.28299853576411;8.1351043491069;5220
-5.64638333333333;48.7370666666667;6.36377245607459;7.32068278421146;5324
-5.63931666666667;48.74125;6.8589356426396;6.8589356426396;5472
-5.63053333333333;48.7455333333333;7.2085046653871;6.49056675405439;5629
-5.62398333333333;48.7488333333333;7.28281943142209;6.55748006994335;5752
-5.61511666666667;48.7531833333333;7.39615403013259;6.4293786092403;5943
-5.60851666666667;48.7565166666667;7.28281943142209;6.55748006994335;6042
-5.59981666666667;48.7609333333333;7.32068278421146;6.36377245607459;6194
-5.59226666666667;48.7646666666667;7.13419060807024;6.42365407629811;6349
-5.58581666666667;48.7679166666667;7.2085046653871;6.49056675405439;6458
-5.57723333333333;48.77225;7.05987584203524;6.35674076040915;6627
-5.56696666666667;48.7773833333333;7.13419060807024;6.42365407629811;6833
-5.55886666666667;48.78145;7.2085046653871;6.49056675405439;6958
-5.55016666666667;48.7856833333333;7.24521225803747;6.29816692857553;7136
-5.54203333333333;48.7897;7.0941307662113;6.61538396252537;7256
-5.5333;48.79395;7.2085046653871;6.49056675405439;7415
-5.52615;48.7973833333333;7.32068278421146;6.36377245607459;7544
-5.5185;48.8010833333333;7.32068278421146;6.36377245607459;7700
-5.50998333333333;48.8050666666667;7.28281943142209;6.55748006994335;7854
-5.50078333333333;48.8095666666667;7.2085046653871;6.49056675405439;8014
-5.49405;48.8127666666667;7.39615403013259;6.4293786092403;8130
-5.48466666666667;48.8172666666667;7.0941307662113;6.61538396252537;8337
-5.47648333333333;48.8211833333333;7.24521225803747;6.29816692857553;8444
-5.46921666666667;48.8245333333333;7.39615403013259;6.4293786092403;8585
-5.46178333333333;48.8282833333333;7.2085046653871;6.49056675405439;8744
-5.43928333333333;48.8401833333333;7.13419060807024;6.42365407629811;9158
-5.43613333333333;48.8419;6.98556107600025;6.2898274445202;9211
-5.41655;48.8522166666667;7.0942697661952;6.16695462224411;9598
-5.40668333333333;48.85735;6.98556107600025;6.2898274445202;9800
-5.39785;48.8619666666667;6.91124701868339;6.22291476676392;9951
-5.3918;48.8653666666667;6.80158956455293;6.3425848786621;10071
-5.38395;48.8691333333333;7.97165606002133;4.78985419489922;10231
-5.33975;48.8859;7.86385993765603;5.50633400777209;11001
-5.32945;48.88995;7.76656345461499;5.64273864623002;11170
-5.32148333333333;48.8932;7.95876101278114;5.36825208663433;11324
-5.31231666666667;48.8968833333333;7.76656345461499;5.64273864623002;11464
-5.30265;48.9009;7.78194442074542;5.44897614533494;11641
-5.29518333333333;48.9039333333333;7.76656345461499;5.64273864623002;11774
-5.28146666666667;48.9097;7.94577467336237;5.56369132320412;12018
-5.2718;48.9137833333333;7.78194442074542;5.44897614533494;12194
-5.264;48.9171;7.60475943850901;5.52518114732697;12335
-5.25691666666667;48.9203;7.60475943850901;5.52518114732697;12455
-5.25033333333333;48.9231;7.70002890383482;5.39161828289779;12570
-5.24156666666667;48.9271166666667;7.58703734544928;5.71724271994446;12732
-5.23603333333333;48.9295666666667;7.70002890383482;5.39161828289779;12844
-5.22943333333333;48.93245;7.60475943850901;5.52518114732697;12957
-5.21928333333333;48.9366833333333;8.1351043491069;5.28299853576411;13149
-5.20843333333333;48.94105;7.95876101278114;5.36825208663433;13314
-5.20038333333333;48.9443333333333;7.94577467336237;5.56369132320412;13458
-5.18125;48.9521833333333;8.0512377722035;5.22853494390757;13815
