"x";"y";"vx";"vy";"t"
-5.380915;48.5270516666667;1.09446447495093;-3.00701643132294;0
-5.38019333333333;48.5249583333333;1.19874111679355;-2.96698837882529;141
-5.37967;48.5230983333333;0.7499578532875;-3.00791665892098;293
-5.379315;48.5210333333333;0.774150077454672;-3.10494637035049;405
-5.379045;48.519255;0.538309334207103;-3.05290394041926;575
-5.37884333333333;48.517305;0.665317420530832;-3.13007236898989;655
-5.378635;48.5153566666667;0.742338468608252;-3.21542116732969;822
-5.378445;48.513245;0.686108569784604;-3.22788703577985;937
-5.378315;48.5112316666667;0.686108569784604;-3.22788703577985;1059
-5.37813166666667;48.509265;0.686108569784604;-3.22788703577985;1186
-5.37806666666667;48.5074133333333;0.764833606222145;-3.31285831319297;1345
-5.37805166666667;48.5055266666667;0.787328690203527;-3.41029522674832;1439
-5.37798833333333;48.50344;0.667831483817907;-3.43569514206682;1575
-5.37797666666667;48.5013833333333;0.648750602477217;-3.33753251733732;1695
-5.37801333333333;48.49944;0.376302457794942;-3.58027872848078;1843
-5.37818166666667;48.4978766666667;0.118658292116778;-3.39792890717426;1906
-5.378585;48.4956283333333;0.183175846850303;-3.49520337164101;2059
-5.37886666666667;48.4936816666667;0.305045099616805;-3.48668144332111;2191
-5.37910166666667;48.4913666666667;0.501023150183656;-3.56496495303033;2330
-5.37948666666667;48.4892566666667;4.28626379701574e-16;-3.5;2438
-5.37996166666667;48.48712;-0.0628286615098283;-3.5994516072101;2577
-5.380375;48.48491;-0.0645739046501434;-3.6994365197551;2691
-5.38080166666667;48.4829233333333;4.53119321524092e-16;-3.70000004768372;2815
-5.38127666666667;48.4807383333333;4.53119321524092e-16;-3.70000004768372;2999
-5.38170166666667;48.4787583333333;-0.0645739046501434;-3.6994365197551;3332
-5.38274333333333;48.4743083333333;-0.0663191436294805;-3.79942119391783;3355
-5.38321666666667;48.472105;-0.0645739046501434;-3.6994365197551;3463
-5.383695;48.4699466666667;4.40872836013905e-16;-3.59999990463257;3599
-5.38415666666667;48.4677316666667;-0.0628286615098283;-3.5994516072101;3737
-5.38474833333333;48.4656633333333;-0.725074173332388;-3.73018325029349;3865
-5.38559666666667;48.463505;-0.983512359048124;-3.67051809383953;3977
-5.386495;48.461465;-1.00939430058274;-3.76711081464523;4095
-5.38752166666667;48.4592766666667;-0.919303191743002;-3.68712371358148;4229
-5.388805;48.456755;-0.877309133394078;-3.80004334558559;4370
-5.38970666666667;48.4547433333333;-0.919303191743002;-3.68712371358148;4491
-5.390715;48.4525283333333;-0.877309133394078;-3.80004334558559;4622
-5.39169333333333;48.4505083333333;-0.877309133394078;-3.80004334558559;4813
-5.39276333333333;48.4483483333333;-0.983512359048124;-3.67051809383953;4895
-5.39388166666667;48.4461633333333;-0.854813995780185;-3.70260619972231;5002
-5.39492666666667;48.4440866666667;-0.96768758239867;-3.88118290510399;5146
-5.395855;48.4424;-0.228702864856536;-1.07596238412804;5271
-5.39616666666667;48.4419133333333;-0.463525491562422;-1.42658477444273;5395
-5.396715;48.4404866666667;-0.57880752810823;-3.65444690729866;5523
-5.39755333333333;48.4384733333333;-0.397208155432776;-3.77918315497694;5630
-5.39901666666667;48.43511;-0.21288692655698;-6.09628394950715;5785
-5.39620333333333;48.4343533333333;5.07802217782466;6.05175117369562;5927
-5.39243166666667;48.43783;2.13221729065729;6.56229005313638;6073
-5.39178333333333;48.4402983333333;-2.39853808015517;0.0837587954142784;6176
-5.39369166666667;48.4383683333333;-0.80982377418491;-3.50773214030368;6306
-5.39503;48.435195;7.9602041944578e-16;-6.5;6423
-5.39572166666667;48.4308483333333;0.488295316208879;-6.98294835181877;6541
-5.39624;48.4284033333333;0.642498265647832;-3.64378873310446;6706
-5.39657666666667;48.42589;1.07498571397313;-3.7489207058325;6815
-5.39679;48.42372;1.00939430058274;-3.76711081464523;6955
-5.39699833333333;48.4215483333333;1.03527618041008;-3.86370330515627;7056
-5.397265;48.41925;1.0817753214155;-3.5383276426634;7195
-5.39753833333333;48.4173716666667;0.879984778031479;-3.2841479015007;7351
-5.39766;48.4155;1.04742193896119;-3.65279439872908;7468
-5.39778166666667;48.4132833333333;0.935589469054128;-3.06017526468188;7597
-5.39785166666667;48.4110783333333;0.846726634598837;-3.39603504196599;7692
-5.39809333333333;48.4088133333333;0.832318911798802;-3.60516928616696;7845
-5.398235;48.406655;0.790064415193483;-3.71696083614675;7992
-5.39835;48.4042783333333;0.677227909461409;-3.8407503306662;8083
-5.398495;48.4019383333333;0.810855614017265;-3.81477573614527;8239
-5.39868833333333;48.3995166666667;0.407661016712461;-3.87863548678126;8356
-5.39907833333333;48.3971366666667;0.198876631227614;-3.79479218444901;8487
-5.39946;48.394815;0.204110234338627;-3.89465528077957;8633
-5.399905;48.39263;0.136108040468028;-3.89762432068381;8735
-5.40024333333333;48.3905133333333;0.386755319074624;-3.67973106028511;8853
-5.400455;48.38846;0.514940480188534;-3.66399190156347;8975
-5.40073;48.3860933333333;0.450916576410229;-3.67242080840118;9106
-5.401075;48.3836466666667;0.386755319074624;-3.67973106028511;9273
-5.40142;48.3812283333333;0.542775107016838;-3.86204556253145;9413
-5.40171333333333;48.37921;0.514940480188534;-3.66399190156347;9510
-5.40207;48.3767883333333;0.397208155432779;-3.77918315497694;9692
-5.40250666666667;48.374545;0.438729624636165;-3.57316605125218;9823
-5.40273666666667;48.37213;0.621533639743886;-5.06198527871416;9926
-5.40303166666667;48.3700116666667;0.57303897802068;-3.24986553798099;10079
-5.40315166666667;48.3676516666667;0.954044976882725;-4.90813591723832;10187
-5.40318;48.3654516666667;0.809823774184909;-3.50773214030368;10282
-5.40311333333333;48.362425;1.1227231502439;-5.28199713724598;10421
-5.40298333333333;48.35925;0.997976155581253;-4.69510867008912;10621
-5.40289333333333;48.3564433333333;1.19224063092849;-5.16416152920809;10674
-5.40275166666667;48.35369;0.705993291991698;-3.63202062556399;10824
-5.40278166666667;48.3517816666667;0.648750602477217;-3.33753251733732;10955
-5.402845;48.3498366666667;0.625133423040568;-3.54530781692536;11067
-5.40295;48.3475583333333;0.590403820627944;-3.34834645416009;11225
-5.40292666666667;48.3456233333333;0.607768621834256;-3.44682713554273;11302
-5.40288;48.3436833333333;0.809823774184909;-3.50773214030368;11455
-5.40285;48.34134;0.629669675644116;-3.23936965856966;11604
-5.40285;48.3394266666667;0.964730745359499;-3.36441593578412;11691
-5.40270833333333;48.3373533333333;0.964730745359499;-3.36441593578412;11844
-5.40262833333333;48.33529;0.994063823940045;-3.25143626147465;11986
-5.40248333333333;48.3329466666667;0.879984778031479;-3.2841479015007;12101
-5.402505;48.3310166666667;0.802339015134908;-2.99436996937825;12235
-5.402505;48.3289766666667;0.937167036064626;-3.26828985786334;12375
-5.40247333333333;48.32704;0.828220956669521;-3.09096269018395;12519
-5.40258333333333;48.3252416666667;0.774150077454672;-3.10494637035049;12654
-5.40258666666667;48.323745;0.802339015134908;-2.99436996937825;12711
-5.40261666666667;48.322025;0.802339015134908;-2.99436996937825;12855
-5.40270833333333;48.320115;0.935589469054128;-3.06017526468188;12969
-5.402745;48.3182233333333;0.828220956669521;-3.09096269018395;13096
-5.402775;48.3164066666667;0.91159081695574;-2.64745196659225;13229
-5.402845;48.3143833333333;0.865247569514774;-2.66295820027652;13425
-5.402785;48.3128166666667;0.316860281231017;-2.58061989961086;13515
-5.403205;48.3110083333333;-0.146540674984669;-2.79616264969444;13647
-5.40386833333333;48.3092483333333;-0.324038226161113;-3.08301778079665;13786
-5.40459833333333;48.3071916666667;-0.27018279420592;-3.08820346907988;13936
-5.40526;48.3053333333333;-0.292977176420333;-4.18976882082102;14096
-5.40592;48.302975;-0.0733001037078071;-4.19936012895103;14197
-5.40654666666667;48.3007716666667;-0.209269421232374;-2.99269215077947;14322
-5.40727;48.298735;-0.235511803093246;-4.49383290639558;14461
-5.40800166666667;48.2964583333333;-0.202293780510458;-2.89293584088861;14566
-5.40863833333333;48.2948866666667;-0.157007868728831;-2.99588860426372;14685
-5.40936333333333;48.2930983333333;-0.303132553444805;-2.88411359141299;14826
-5.41006833333333;48.2916016666667;-0.235320509574586;-2.68972573234998;14964
-5.410915;48.2889483333333;-0.299952850404728;-4.28952560638749;15095
-5.411725;48.2867783333333;-0.162241459361979;-3.09575146250245;15237
-5.412375;48.2853233333333;-0.281582029613039;-1.7778389659746;15383
-5.41256;48.2852833333333;-0.0418113859300994;-0.397808764075122;15467
-5.412585;48.2851433333333;0.311867536226639;-1.46722140110071;15613
-5.41274333333333;48.2841116666667;0.228970803550336;-1.17795266694483;15745
-5.41288833333333;48.2827033333333;0.716657098837372;-2.49928031776657;15895
-5.412255;48.280535;1.34490981384185;-4.39900178622963;15972
-5.41090333333333;48.2757466666667;4.84999990463257;-8.40044625152782;16133
-5.40485666666667;48.2726316666667;9.13142440578701;-1.12119793608262;16247
-5.40067666666667;48.2717616666667;5.67144409770914;-1.62626042560712;16319
-5.39782333333333;48.2708883333333;2.20921173607204;-0.937754745637281;16441
-5.395485;48.2701183333333;3.4768627417159;-1.26547454661377;16578
-5.39149;48.2689483333333;4.41655513846163;-1.60749460839548;16731
-5.38921333333333;48.2683516666667;2.36379643899829;-0.813920386142891;16856
-5.386955;48.2678033333333;2.34923155196477;-0.855050358314172;17016
-5.38497;48.267345;2.31795963641697;-0.93651648353978;17098
-5.38260333333333;48.2668116666667;2.06732381053703;-0.752444331625262;17257
-5.38060166666667;48.2663966666667;2.37764129073788;-0.772542485937368;17365
-5.377865;48.2659916666667;2.328709835597;-0.580612572510673;17510
-5.37558;48.2656883333333;2.34755433504456;-0.498988077790626;17685
-5.37271166666667;48.2654233333333;2.42573931568999;-0.604804738999169;17845
-5.37057333333333;48.2652616666667;2.44536900183451;-0.519779227044398;17976
-5.368225;48.26511;2.53336207551844;-0.584872719841044;18081
-5.36582666666667;48.2650216666667;2.53336207551844;-0.584872719841044;18207
-5.36365;48.264925;2.52276879578298;-0.628996905487666;18321
-5.36111833333333;48.2648716666667;2.53336207551844;-0.584872719841044;18468
-5.35911833333333;48.2649016666667;2.29513150551161;-0.701692119217307;18575
-5.35628166666667;48.2647516666667;3.34834645416009;-0.590403820627944;18715
-5.35381833333333;48.2648783333333;2.77275054525674;-0.389684676051892;18851
-5.35155666666667;48.2650433333333;2.65039344211632;-0.515184296615153;18966
-5.34909166666667;48.26516;2.54318366862447;-0.54057037629817;19075
-5.346665;48.2652783333333;2.42573931568999;-0.604804738999169;19212
-5.344295;48.2654533333333;2.53336207551844;-0.584872719841044;19385
-5.34076166666667;48.2656183333333;3.98477879236698;-0.348622970990633;19465
-5.337565;48.2660183333333;2.89823349366471;-0.101208543765527;19617
-5.33490666666667;48.26651;2.99817248105729;-0.104698490107502;19735
-5.332445;48.2670566666667;2.896025746025;-0.151774278095682;19862
-5.33172166666667;48.267225;2.79957349876144;-0.0488667371921981;19902
-5.32930833333333;48.2678433333333;2.88896471947059;-0.252751662280028;20051
-5.32685;48.2684183333333;2.78934510715462;-0.244036075537533;20173
-5.32421;48.2690416666667;2.89293584088861;-0.202293780510459;20331
-5.32172;48.26966;2.88411359141299;-0.303132553444806;20475
-5.319095;48.2704166666667;2.99817248105729;-0.104698490107502;20625
-5.31681666666667;48.2711516666667;3.09811146844986;-0.108188436449477;20702
-5.31460166666667;48.2718883333333;2.89823349366471;-0.101208543765527;20824
-5.312255;48.27276;2.89823349366471;-0.101208543765527;20973
-5.30934666666667;48.2739016666667;3;1.83697019872103e-16;21105
-5.30712333333333;48.2749883333333;2.99817248105729;0.104698490107503;21235
-5.30486833333333;48.276105;4.20603486972221;0.894020310172374;21351
-5.30183833333333;48.27782;3.77493482302514;1.84115873290146;21481
-5.299805;48.279515;3.06116897498788;1.69683367086218;21658
-5.29821833333333;48.2813183333333;2.75803763762353;2.1548151636398;21755
-5.29674666666667;48.28318;2.5597379556671;2.38699426021874;21888
-5.29557166666667;48.2851583333333;2.0130943991659;2.98453518213497;22012
-5.29462666666667;48.28724;1.79999995231628;3.11769137103336;22150
-5.29375;48.2893266666667;1.64835275507259;2.97370708768418;22267
-5.29302;48.2914033333333;1.34858370057201;3.33786178801729;22399
-5.29192833333333;48.29402;2.1557042858806;4.84179109975075;22535
-5.29115833333333;48.2962366666667;0.771784583144184;2.69153270279076;22651
-5.29057833333333;48.29827;1.14336289392238;3.51890915564198;22784
-5.291035;48.29807;1.21881428246785;1.9505105807217;22928
-5.291655;48.2966766666667;0.750575255480218;2.80118498835616;23034
-5.291445;48.2960816666667;0.0618033997959319;0.1902113060934;23183
-5.2914;48.296225;0.303201097970406;1.05738788845042;23305
-5.29134833333333;48.2982166666667;-0.665317420530834;3.13007236898989;23433
-5.29195;48.3001683333333;-1.73704480469394;3.26690613568025;23522
-5.29297;48.3021133333333;-2.44259288615835;2.91096884732427;23650
-5.294085;48.30414;-2.98453518213497;2.0130943991659;23795
-5.29640833333333;48.3062133333333;-3.92042879140182;-1.99755824214991;23885
-5.295465;48.307085;4.82135586690101;1.9479542143122;24032
-5.29170333333333;48.3093583333333;5.30288495888077;2.58638980786189;24167
-5.287775;48.3118166666667;5.21300563996653;2.54255273498931;24282
-5.284415;48.3143966666667;2.078534175716;5.4147666517501;24408
-5.28359666666667;48.31557;-0.879034032558623;-2.55290019920399;24515
-5.28559166666667;48.3135283333333;-1.54098225139805;-4.0143960120043;24661
-5.28772666666667;48.31142;-1.64826904675528;-4.07960904851701;24805
-5.289555;48.3091883333333;0.0628286615098292;-3.5994516072101;24936
-5.28930833333333;48.3071316666667;0.272050254254585;-3.89049989114844;25035
-5.28907833333333;48.3046716666667;0.150067842477304;-4.29738074680078;25186
-5.28904;48.3037683333333;0.234735781392946;-0.441473796429463;25315
-5.28730166666667;48.3058066666667;2.3183987879532;5.20720893431786;25455
-5.28701666666667;48.3096366666667;0.125657323019659;7.1989032144202;25578
-5.28678333333333;48.3159166666667;0.357338536953579;4.08439816717163;25827
-5.28673666666667;48.3181366666667;0.15355778881928;4.39731973419336;25980
-5.28658;48.321165;0.29308134996934;5.59232529938888;26103
-5.28647;48.3239933333333;0.146577879493953;4.19744128286153;26196
-5.28633166666667;48.3264333333333;0.0715548647284712;4.0993754547883;26331
-5.28628;48.3288933333333;-0.0715548647284751;4.0993754547883;26471
-5.28619166666667;48.3311533333333;-0.0715548647284751;4.0993754547883;26580
-5.28607833333333;48.3336233333333;-0.209343824971777;3.9945181390183;26717
-5.28602333333333;48.3358883333333;-0.0733001037078123;4.19936012895103;26856
-5.28585666666667;48.3385166666667;-0.143087933151978;4.09750229546896;26970
-5.285695;48.3408116666667;-0.214577415604926;4.09438099725702;27103
-5.28545666666667;48.3438633333333;0.146577879493953;4.19744128286153;27285
-5.28515833333333;48.346585;0.292977176420335;4.18976882082102;27381
-5.28472666666667;48.3500766666667;0.212886926556981;6.09628394950715;27512
-5.284225;48.3537683333333;0.219866835882307;6.29616240083898;27665
-5.283745;48.3570583333333;0.266913371847868;5.09301053201159;27808
-5.28320333333333;48.3597333333333;0.524038199886867;4.26794864137084;27931
-5.282755;48.362055;0.449472411988132;4.27644433977357;28028
-5.282205;48.3643766666667;0.584526997487112;4.15912569983595;28183
-5.281535;48.367075;0.584526997487112;4.15912569983595;28282
-5.28101166666667;48.36939;0.524038199886867;4.26794864137084;28417
-5.28037333333333;48.3719216666667;0.657024723331463;4.14829084211298;28532
-5.27967333333333;48.3743383333333;0.711957511874034;4.03771169343147;28658
-5.27897333333333;48.3767883333333;0.80139774418756;4.12283398324966;28780
-5.27831;48.3790866666667;0.852437912524809;4.01040506972518;28906
-5.27759166666667;48.381595;0.82047871651307;4.22099707605548;29040
-5.27691666666667;48.3840366666667;0.570609700663687;4.06009898740112;29175
-5.27629666666667;48.3865583333333;0.598444360673444;4.2581528844674;29323
-5.27565833333333;48.3888533333333;0.511851219056887;4.1686936475804;29435
-5.27492166666667;48.3913283333333;0.584526997487112;4.15912569983595;29585
-5.27421833333333;48.393815;0.584526997487112;4.15912569983595;29675
-5.27351666666667;48.3962833333333;0.511851219056887;4.1686936475804;29832
-5.2728;48.3985783333333;0.598444360673444;4.2581528844674;29927
-5.272035;48.40131;0.439019525786922;4.17699177085675;30061
-5.27128;48.4037716666667;0.524038199886867;4.26794864137084;30235
-5.27053666666667;48.4063133333333;0.598444360673444;4.2581528844674;30326
-5.26981333333333;48.40879;0.449472411988132;4.27644433977357;30457
-5.26909;48.411355;0.449472411988132;4.27644433977357;30583
-5.26841166666667;48.4136816666667;0.374769710438569;4.28363739180357;30705
-5.26773666666667;48.4162133333333;0.29995285040473;4.28952560638749;30832
-5.26696;48.4187733333333;0.383485276401515;4.38325676660821;30995
-5.266195;48.4211233333333;0.672668229510499;4.24706005294569;31090
-5.26542333333333;48.423685;0.612361657496869;4.35717959690223;31218
-5.26450666666667;48.426275;0.688311661095769;4.34582879281191;31351
-5.26400833333333;48.4275666666667;0.167007727788369;1.18832172970955;31469
-5.26373666666667;48.4285783333333;0.457941607100671;2.35590533388966;31581
-5.26279833333333;48.430815;0.885605689540964;5.02251944644367;31705
-5.26187666666667;48.4335466666667;1.26696964746713;3.89933162611031;31831
-5.26029666666667;48.4363616666667;3.04997854414333;4.69655510051252;31968
-5.257945;48.4396083333333;6.21598091375973;1.90041608069779;32115
-5.25342166666667;48.4409416666667;-0.688311661095768;-4.34582879281191;32228
-5.25405333333333;48.4413783333333;-1.54865640549808;-2.21171055864049;32345
-5.25804166666667;48.4388216666667;-3.6708892473472;-5.24257316156998;32459
-5.26413666666667;48.4368;-6.71484120761981;-4.87861770613867;32605
-5.270405;48.43503;-6.79574244413407;-4.9373958950345;32725
-5.27731;48.4329233333333;-6.79896212383948;-4.76068453111471;32835
-5.28365833333333;48.4309733333333;-6.96391529320961;-4.69722017583911;32980
-5.29148666666667;48.4303716666667;-8.5111119632697;-2.60210806050141;33101
-5.30016;48.4299866666667;-8.31985119447775;-2.54363377532234;33246
-5.30504666666667;48.4302616666667;-4.56507145961637;-1.48328163194006;33354
-5.30918666666667;48.4306916666667;-4.30337140183366;-1.31567267125232;33506
-5.31199833333333;48.4313816666667;-3.06017526468188;-0.935589469054128;33622
-5.31437333333333;48.4320733333333;-2.66946416279826;-1.13312030988192;33757
-5.31665;48.4326966666667;-2.39331253119016;-1.01590089680909;33875
-5.31857;48.4332266666667;-2.22524133938343;-0.899055859923458;33997
-5.32055666666667;48.433755;-1.8671608529944;-0.716735899090601;34125
-5.32179166666667;48.434595;-2.29999995231628;-4.2250313694648e-16;34241
-5.32235833333333;48.4354033333333;-2.75806398795576;0.896149313157504;34337
-5.32298833333333;48.437365;-2.15481516363981;2.75803763762353;34445
-5.32429;48.4407583333333;-3.6442684521022;5.01590521081693;34575
-5.32531666666667;48.4442216666667;-2.40902092327337;3.44043842977291;34721
-5.32528166666667;48.446845;-1.79732166002889;3.68505550411091;34862
-5.32502333333333;48.4490483333333;-1.58627294678505;3.56282737192863;34990
-5.324605;48.45139;-1.14024967630141;3.72958863945617;35105
-5.32392333333333;48.4537616666667;-0.711957511874038;4.03771169343147;35246
-5.32298;48.4560616666667;0.204110234338627;3.89465528077957;35371
-5.32198666666667;48.4581516666667;0.198876631227614;3.79479218444901;35505
-5.32079833333333;48.4603333333333;0.528857777011958;3.76301861399831;35640
-5.31949166666667;48.46239;0.725074173332388;3.73018325029349;35747
-5.31821333333333;48.4643333333333;0.769273265939711;3.61914616935679;35882
-5.3169;48.4663716666667;0.642498265647833;3.64378873310446;36000
-5.31558;48.46844;0.642498265647833;3.64378873310446;36133
-5.31437833333333;48.4703566666667;0.790064415193483;3.71696083614675;36243
-5.31293;48.472565;0.659863066854145;3.7422694144871;36414
-5.31158333333333;48.4746316666667;0.705993291991698;3.63202062556399;36510
-5.31032;48.4765033333333;0.642498265647833;3.64378873310446;36657
-5.309;48.4785316666667;0.686912365158597;3.53385776679633;36769
-5.30769166666667;48.4803783333333;0.705993291991698;3.63202062556399;36886
-5.30631166666667;48.4824283333333;0.642498265647833;3.64378873310446;37020
-5.30492333333333;48.484375;0.625133423040569;3.54530781692536;37147
-5.30329333333333;48.4866383333333;0.686912365158597;3.53385776679633;37317
-5.30200166666667;48.48845;0.625133423040569;3.54530781692536;37431
-5.30050666666667;48.490565;0.607768621834256;3.44682713554273;37555
-5.29903833333333;48.492445;0.667831483817907;3.43569514206682;37681
-5.29756833333333;48.494345;0.547520627640808;3.45690919208298;37820
-5.29655666666667;48.4956766666667;0.74848206711593;3.52133126935828;37909
-5.29526166666667;48.4972483333333;0.711752518558916;1.76164930157111;38037
-5.29461333333333;48.497725;0.350846059608653;1.14756575275581;38175
-5.29328;48.4992583333333;2.70258819705231;4.3250452095216;38292
-5.28956666666667;48.5012533333333;5.4790708395046;-0.47935658511212;38417
-5.28796666666667;48.5006633333333;-1.36674560349304;-1.31985088731015;38555
-5.29002333333333;48.4999316666667;-2.29813332935693;-1.92836282905962;38665
-5.29236;48.4988733333333;-1.72641558941435;-1.66718015534938;38815
-5.293705;48.498245;-1.2465121394403;-1.43394818442959;38922
-5.29492333333333;48.4974116666667;-1.23434897375862;-1.69893561103352;39057
-5.29611;48.4965266666667;-1.30713373597689;-2.01280944305088;39202
-5.29680333333333;48.4954433333333;-0.920579366450731;-1.88746741151257;39332
-5.29706;48.4940033333333;-0.689093389542498;-2.4031542398458;39453
-5.297105;48.492445;-0.595283791394343;-2.22162935440592;39621
-5.29721666666667;48.4911566666667;-0.701692119217306;-2.29513150551161;39706
-5.29756666666667;48.4897266666667;-0.772542485937369;-2.37764129073788;39846
-5.29784166666667;48.4882883333333;-0.710739072327301;-2.18742994212894;39971
-5.298385;48.4864016666667;-0.781363601745775;-2.26924467161004;40136
-5.29827666666667;48.4850233333333;-0.226604922832091;-2.59010612003401;40241
-5.297695;48.483615;-0.0471214982128602;-2.69958882459871;40368
-5.297225;48.4821833333333;-0.217889356869145;-2.49048674522936;40525
-5.29690333333333;48.480645;-0.329047233005082;-2.67987465675986;40625
-5.29662;48.479225;-0.316860281231018;-2.58061989961086;40733
-5.296295;48.4776716666667;-0.316860281231018;-2.58061989961086;40893
-5.29601666666667;48.4760183333333;-0.341234155723231;-2.77912917726741;41022
-5.29573166666667;48.4744216666667;-0.353421107497295;-2.87838393441641;41119
-5.295505;48.4728716666667;-0.271773994527287;-2.58575683311251;41243
-5.29529333333333;48.4710516666667;-0.313760665579749;-3.58630081812575;41399
-5.29507333333333;48.4694716666667;-0.329047233005082;-2.67987465675986;41504
-5.29487;48.4674816666667;-0.303132553444805;-2.88411359141299;41651
-5.29485166666667;48.46585;-0.365608030215443;-2.97763845492397;41761
-5.29501666666667;48.4639533333333;-0.377794952933592;-3.07689297543152;41886
-5.29496166666667;48.4621833333333;0.278898380948417;-3.18782308139585;42011
-5.29448833333333;48.46047;0.377794952933591;-3.07689297543152;42139
-5.29406666666667;48.45873;0.270182794205922;-3.08820346907988;42266
-5.29354666666667;48.45689;0.538309334207103;-3.05290394041926;42376
-5.29262;48.4552616666667;1.0751038486359;-2.80074127949161;42521
-5.29184;48.4536316666667;0.697348247012976;-3.02054710791106;42623
-5.29087;48.45126;0.877309133394077;-3.80004334558559;42778
-5.29011833333333;48.44937;0.623735072453278;-2.93444280220142;42929
-5.289375;48.4474166666667;0.648750602477217;-3.33753251733732;43075
-5.28878333333333;48.4455816666667;0.555674176814367;-3.15138485659836;43216
-5.28831666666667;48.44365;0.459271226531926;-3.26788457962752;43319
-5.28802666666667;48.4415666666667;0.11167839111214;-3.19805069411577;43486
-5.287625;48.439605;0.57303897802068;-3.24986553798099;43585
-5.28716833333333;48.4376883333333;0.57303897802068;-3.24986553798099;43730
-5.28665833333333;48.43569;0.629669675644116;-3.23936965856966;43845
-5.28613666666667;48.43371;0.706899768608386;-3.32570193577836;44005
-5.28557;48.4318833333333;0.854102836496866;-3.18755518069499;44097
-5.28492333333333;48.430125;0.988854396734911;-3.0433808974944;44203
-5.28420333333333;48.428195;0.964826611643663;-3.15580564907785;44335
-5.28338333333333;48.4264266666667;1.25033962979719;-2.9456155749409;44453
-5.28226833333333;48.4245433333333;1.4693085589591;-3.82767965960536;44594
-5.28110166666667;48.42272;1.4527696208145;-2.85122091988928;44725
-5.27999166666667;48.4209783333333;1.40228255501766;-3.85273965560615;44851
-5.27874166666667;48.41903;1.84533655478907;-2.73582394990005;44993
-5.27727333333333;48.4173383333333;2.01382528136782;-2.48686711371951;45111
-5.27580333333333;48.4153466666667;1.21280439188163;-4.22955155380166;45245
-5.274965;48.413005;1.74531458665177;-3.14863086229159;45384
-5.27399666666667;48.4110916666667;1.32848587412656;-3.12971658952448;45484
-5.27306666666667;48.4090766666667;1.57813608663435;-3.23565848096132;45625
-5.27206166666667;48.4068383333333;1.62197326402275;-3.32553801416476;45756
-5.271145;48.40472;1.44570519404183;-3.40586800166712;45874
-5.27032333333333;48.4025683333333;1.46425187628345;-3.28876356039088;46045
-5.26954;48.40036;1.42350503711783;-3.52329860314222;46145
-5.269465;48.39785;-0.0698096257491328;-3.99939078062557;46259
-5.26978833333333;48.3956883333333;-0.418113853070612;-3.97808758147309;46385
-5.27035666666667;48.3932433333333;-0.491283757420747;-4.67425271854089;46518
-5.27089;48.3908733333333;-0.511851219056888;-4.1686936475804;46630
-5.27141833333333;48.3886433333333;-0.499664296338739;-4.06943912707284;46785
-5.27194333333333;48.3864366666667;-0.463103499128378;-3.77167532890874;46895
-5.27245666666667;48.3841666666667;-0.475290450902442;-3.87093008605773;47001
-5.27301333333333;48.3818933333333;-0.584526997487113;-4.15912569983595;47158
-5.27362333333333;48.3794216666667;-0.598444360673444;-4.2581528844674;47288
-5.27424333333333;48.3770766666667;-0.511851219056888;-4.1686936475804;47397
-5.274985;48.3740333333333;-0.459925248346285;-4.3758964344654;47545
-5.279485;48.3572183333333;-0.626278954320295;-4.45620630933707;48445
-5.280925;48.3523116666667;-0.511851219056888;-4.1686936475804;48667
-5.28127166666667;48.35117;-0.439019525786921;-4.17699177085675;48775
-5.29146833333333;48.326875;-1.73273483283285;-3.71586184041802;50025
-5.292735;48.3245533333333;-1.73273483283285;-3.71586184041802;50115
-5.29416333333333;48.3218766666667;-1.73273483283285;-3.71586184041802;50251
-5.29542166666667;48.3195516666667;-2.16315981638651;-3.60010249945718;50405
-5.296985;48.3173516666667;-2.29430574540418;-3.27660817715597;50535
-5.298695;48.3151333333333;-2.46869794751725;-3.39787122206703;50645
-5.30013333333333;48.31315;-1.77056299228014;-3.47492552930764;50773
-5.30153833333333;48.3109716666667;-1.6904730469628;-3.6252311481466;50888
-5.302955;48.3087883333333;-1.70964751428373;-3.50529686628243;51037
-5.304295;48.3065616666667;-1.70964751428373;-3.50529686628243;51157
-5.30605833333333;48.30392;-1.60594937446265;-3.44396954752315;51306
-5.30739666666667;48.3019216666667;-1.70964751428373;-3.50529686628243;51445
-5.30866333333333;48.299955;-1.3976350374033;-3.64096375237225;51562
-5.30990833333333;48.2974816666667;-0.98978466056601;-4.28722837797821;51718
-5.31089;48.2949416666667;-0.548412045323165;-4.46645768238595;51816
-5.31151333333333;48.29269;-0.0698096257491328;-3.99939078062557;51927
-5.31206666666667;48.2899683333333;0.0872620321864172;-4.99923847578196;52080
-5.31258;48.2874866666667;5.02105175971273e-16;-4.09999990463257;52195
-5.31295333333333;48.2854216666667;0.0715548647284709;-4.0993754547883;52316
-5.31319333333333;48.2827883333333;0.331191818285193;-3.78553980524637;52455
-5.31332;48.280345;0.0698096257491338;-3.99939078062557;52635
-5.31382333333333;48.2771616666667;-0.428566689428766;-4.07753967616492;52791
-5.31428166666667;48.2746233333333;-0.219811006238072;-4.19424385549574;52896
-5.31473166666667;48.272265;-0.348622970990632;-3.98477879236698;53032
-5.31504833333333;48.27017;-0.25809895617951;-3.69098703352891;53136
-5.31548166666667;48.2680616666667;-0.265074596901426;-3.79074334341977;53286
-5.315895;48.2656216666667;-0.331191818285191;-3.78553980524637;53416
-5.31633166666667;48.263255;-0.209343824971774;-3.9945181390183;53506
-5.31675666666667;48.2610366666667;-0.193643040594464;-3.69492932621029;53636
-5.31718333333333;48.258805;-0.265074596901426;-3.79074334341977;53766
-5.31755333333333;48.256615;-0.25809895617951;-3.69098703352891;53913
-5.31794;48.2544266666667;-0.327855413292395;-4.68855084595093;54027
-5.31847333333333;48.25194;-0.339907405027685;-3.88515941756234;54146
-5.31893666666667;48.2505416666667;-0.132537298450713;-1.89537167170989;54285
-5.31926833333333;48.2496166666667;-0.230196360029364;-3.29196131828986;54391
-5.31964833333333;48.2474233333333;-0.198876631227613;-3.79479218444901;54536
-5.32009166666667;48.2455866666667;-0.847877971578674;-2.77328388349313;54655
-5.32082666666667;48.2441533333333;-0.879034032558623;-2.55290019920399;54807
-5.32183333333333;48.2420116666667;-0.686108569784603;-3.22788703577985;54954
-5.3224;48.2397233333333;-1.04742193896118;-3.65279439872908;55088
-5.323415;48.2377383333333;-1.26547454661377;-3.4768627417159;55213
-5.32468333333333;48.23567;-1.4693085589591;-3.82767965960536;55346
-5.325635;48.2332783333333;-0.991879748887167;-3.97821238519697;55457
-5.32661666666667;48.2307183333333;-0.703955092681038;-4.44459753267812;55582
-5.32748666666667;48.2277283333333;-0.654113547967146;-4.65425973420674;55724
-5.32813;48.2251883333333;-0.703955092681038;-4.44459753267812;55846
-5.32841333333333;48.2239833333333;-0.150067842477305;-4.29738074680078;55904
-5.328855;48.221495;-0.0663191436294805;-3.79942119391783;56064
-5.32920166666667;48.2194583333333;0.0628286615098292;-3.5994516072101;56167
-5.32944666666667;48.2172716666667;0.061083422530492;-3.49946693304737;56305
-5.329645;48.215345;0.0593381835511549;-3.39948225888464;56429
-5.32989166666667;48.2134816666667;0.235320509574588;-2.68972573234998;56563
-5.33011666666667;48.2119716666667;0.125606299974211;-2.39671097864771;56679
-5.330215;48.209465;0.106459677603038;-6.09907084510108;56815
-5.330285;48.2060383333333;0.188409437483452;-3.59506622987973;56969
-5.33049166666667;48.20392;0.11167839111214;-3.19805069411577;57106
-5.330775;48.2014216666667;0.219811006238073;-4.19424385549574;57257
-5.33098666666667;48.1996816666667;0.16224145936198;-3.09575146250245;57397
-5.33119166666667;48.197855;0.167475062472993;-3.195614558833;57505
-5.33133;48.1957633333333;0.108188436449477;-3.09811146844986;57648
-5.33156;48.19351;0.104698490107502;-2.99817248105729;57816
-5.33134833333333;48.191845;0.906352256757746;-2.96454465228508;57952
-5.33038666666667;48.1898716666667;1.54511422473016;-2.57150190210634;58075
-5.32912;48.1883983333333;1.76209706493121;-2.17600865502231;58227
-5.32734666666667;48.186845;2.01450934057888;-2.08608548958368;58381
-5.32573333333333;48.1854916666667;1.63679612919043;-1.75524895363333;58496
-5.323825;48.1839966666667;1.83696524989009;-2.1131867886364;58657
-5.32213833333333;48.1825766666667;1.68508203612896;-2.23617939005051;58761
-5.32078833333333;48.181345;1.6622860127363;-2.12762907231343;58887
-5.31906833333333;48.1798483333333;1.6622860127363;-2.12762907231343;59032
-5.317715;48.1786516666667;1.62490059120731;-2.1563159152096;59168
-5.31622833333333;48.177335;1.58702020921746;-2.18434592338929;59315
-5.31478333333333;48.1760466666667;1.6622860127363;-2.12762907231343;59436
-5.31379666666667;48.1751283333333;1.6622860127363;-2.12762907231343;59507
-5.31243833333333;48.1740016666667;1.52824159990486;-2.10344410822099;59635
-5.31108;48.17288;1.63623295671291;-2.02057942567371;59747
-5.30939333333333;48.1714133333333;1.6991650858429;-2.09829413299103;59906
-5.30780666666667;48.1703916666667;2.09829413299103;-1.6991650858429;60025
-5.30582166666667;48.1697116666667;2.33826863151329;-1.35000002384186;60140
-5.30313833333333;48.1691;2.31661687791675;-1.18037525602691;60285
-5.301;48.1687183333333;2.49481822524093;-1.27117337762278;60416
-5.29882333333333;48.1683333333333;2.42674396786559;-1.18360211723367;60537
-5.29646;48.16794;2.47225321790277;-1.31452035341434;60653
-5.29413166666667;48.1676316666667;2.38395854282133;-1.26757324190805;60786
-5.29192666666667;48.1673683333333;2.4057176577951;-1.22577437094473;60902
-5.28953166666667;48.167105;2.31661687791675;-1.18037525602691;61046
-5.28705666666667;48.1668483333333;2.47225321790277;-1.31452035341434;61167
-5.28477166666667;48.16662;2.36147325098149;-1.30898599778263;61306
-5.282345;48.1663433333333;2.51662328677983;-1.22743919010625;61411
-5.277115;48.16576;2.49481822524093;-1.27117337762278;61717
-5.27501666666667;48.1655716666667;2.71682798730548;-0.677381296143335;61832
-5.27209666666667;48.1660366666667;3.24986553798099;0.57303897802068;61953
-5.26957;48.1671933333333;2.90163150394265;1.95717516214761;62054
-5.26786833333333;48.1691116666667;1.85000002384186;3.20429403529773;62186
-5.26696333333333;48.1711033333333;0.931748537686167;3.47733288252278;62315
-5.26674166666667;48.1736166666667;-0.922299301356844;3.99491717269629;62485
-5.26795166666667;48.1782683333333;-1.19707050163984;3.28892417275068;62758
-5.26925333333333;48.1809633333333;-2.06567492103022;3.88496949278372;62935
-5.270535;48.1833516666667;-1.64835275507259;2.97370708768418;63094
-5.27085666666667;48.1839466666667;-1.59987172369539;2.88624499185489;63158
-5.272085;48.1860766666667;-1.75112950381204;2.91436890413302;63265
-5.27313333333333;48.1879866666667;-1.70000004768372;2.94448645545771;63394
-5.274165;48.1897216666667;-1.75112950381204;2.91436890413302;63750
-5.27742833333333;48.1953216666667;-1.84533655478907;2.73582394990004;63975
-5.27850833333333;48.197265;-2.11967705693282;3.3921923846257;64065
-5.27956;48.19917;-1.90623662255259;2.93534698780898;64155
-5.280565;48.20115;-1.75112950381204;2.91436890413302;64306
-5.28158666666667;48.20305;-1.85177277099192;2.8514800109963;64425
-5.28266;48.2049666666667;-1.95717516214762;2.90163150394265;64569
-5.28378833333333;48.2068633333333;-1.90125592512933;2.81872782575032;64705
-5.28499166666667;48.2087366666667;-2.09324907482129;2.67923663741341;64812
-5.28618833333333;48.21058;-2.18547793423524;2.60455117966022;64945
-5.28729666666667;48.2123183333333;-2.07675726045613;2.5645816357508;65068
-5.28854333333333;48.2141816666667;-2.2081309690776;2.45237788863949;65202
-5.28982333333333;48.2160816666667;-2.43130429660649;2.51768930118528;65316
-5.291395;48.2182233333333;-2.44575538975301;2.36183852580837;65508
-5.29275833333333;48.2200266666667;-2.48660265525251;2.31879448925293;65642
-5.29420166666667;48.2219866666667;-2.6414835307797;2.29620660146677;65772
-5.29572;48.2237733333333;-2.99444082613026;2.33951357688048;65865
-5.29721333333333;48.2256383333333;-2.7200108650994;2.20262136867443;65995
-5.29854666666667;48.2273116666667;-2.64229634306812;2.13968938958612;66157
-5.29981333333333;48.229035;-2.68115555091642;2.24975663390289;66229
-5.30127166666667;48.2310016666667;-2.68115555091642;2.24975663390289;66376
-5.302635;48.2328933333333;-2.7200108650994;2.20262136867443;66505
-5.3039;48.234635;-2.48660265525251;2.31879448925293;66615
-5.30493;48.2361016666667;-2.6414835307797;2.29620660146677;66712
-5.30657833333333;48.2384383333333;-2.75775992217263;2.31403533357054;66870
-5.30792666666667;48.2401716666667;-2.71695441682727;2.36181244179916;67003
-5.30938166666667;48.242085;-2.87508776000644;2.16653402595382;67121
-5.31102833333333;48.24401;-3.230844014637;2.52421199012115;67265
-5.31246833333333;48.24576;-2.83683863783364;2.21638125245832;67404
-5.31389166666667;48.24769;-2.50077006740461;2.58962321261755;67495
-5.314995;48.2497466666667;-2.17480546150994;2.99336291776424;67628
-5.31601833333333;48.2520383333333;-1.85000002384186;3.20429403529773;67763
-5.31687;48.2542583333333;-1.54559922429333;3.47147269548064;67916
-5.31754833333333;48.2565416666667;-1.34490981384185;4.39900178622964;68026
-5.31798666666667;48.258765;-0.407661016712459;3.87863548678126;68157
-5.31843666666667;48.2639433333333;-0.0680643867698005;3.89940610646283;68423
-5.31858833333333;48.2682516666667;0.209343824971775;3.9945181390183;68664
-5.3185;48.270635;0.279025894976501;3.9902562010393;68799
-5.31848666666667;48.273;0.418113853070614;3.97808758147309;68935
-5.31846333333333;48.2754116666667;0.339907405027686;3.88515941756234;69076
-5.31833166666667;48.2798683333333;0.279025894976501;3.9902562010393;69336
-5.31808166666667;48.28314;0.816146401913811;4.62859625132021;69467
-5.31784;48.2856833333333;0.711957511874034;4.03771169343147;69615
-5.31754833333333;48.2879383333333;0.78231686284687;4.02467135852016;69689
-5.31729166666667;48.2902033333333;0.80139774418756;4.12283398324966;69816
-5.31701;48.2925333333333;0.82047871651307;4.22099707605548;69925
-5.31667333333333;48.2950783333333;0.80139774418756;4.12283398324966;70086
-5.316395;48.2973833333333;0.80139774418756;4.12283398324966;70175
-5.31605666666667;48.2999016666667;1.13011313256287;3.94117286167405;70307
-5.31566333333333;48.3026033333333;0.80139774418756;4.12283398324966;70458
-5.31534833333333;48.3051183333333;0.967289576584628;4.18979146442285;70576
-5.31499333333333;48.3081416666667;0.833511285922027;4.72707740229577;70755
-5.31471666666667;48.3109633333333;0.746687197088562;4.23467352578967;70877
-5.31441666666667;48.3137083333333;0.657024723331463;4.14829084211298;71008
-5.31412166666667;48.3163316666667;0.82047871651307;4.22099707605548;71132
-5.31387166666667;48.3186466666667;0.657024723331463;4.14829084211298;71288
-5.31347;48.3215816666667;1.01607191537566;4.07524186528996;71416
-5.31266333333333;48.3267483333333;1.138803823134;4.25007372778977;71665
-5.31219666666667;48.3293566666667;1.08703994006477;4.05688828617836;71836
-5.31167666666667;48.3319183333333;1.28643552866278;4.20774101743768;71925
-5.31111;48.3347366666667;1.28643552866278;4.20774101743768;72108
-5.31052833333333;48.3372033333333;1.57329262668049;4.32258596599911;72217
-5.30989833333333;48.3397366666667;1.43249991066009;4.16028182280867;72296
-5.30920833333333;48.3423516666667;1.53909064496551;4.22861679353659;72452
-5.30853166666667;48.3450016666667;1.53909064496551;4.22861679353659;72580
-5.30776;48.34764;1.75829007820173;4.14227184053598;72728
-5.30709;48.350115;1.61265577295385;4.20111191923741;72826
-5.30606833333333;48.353165;1.90178217783315;4.07838504166492;72978
-5.30526166666667;48.3558416666667;1.90178217783315;4.07838504166492;73105
-5.304375;48.3584816666667;1.8303148938411;4.1109545593917;73243
-5.30347333333333;48.3611366666667;1.61265577295385;4.20111191923741;73342
-5.30258166666667;48.3640183333333;1.4214781446546;4.37485988425789;73512
-5.30175333333333;48.3664766666667;1.49761347945432;4.34938535758518;73644
-5.300845;48.36911;1.61265577295385;4.20111191923741;73753
-5.30001166666667;48.371585;1.49761347945432;4.34938535758518;73858
-5.29961166666667;48.37283;1.57329262668049;4.32258596599911;73935
-5.29875166666667;48.375285;1.6857296703716;4.17232734555054;74033
-5.29772;48.3779066666667;1.53909064496551;4.22861679353659;74166
-5.296745;48.3804916666667;1.75829007820173;4.14227184053598;74294
-5.29565666666667;48.3831333333333;1.79736315378763;4.23432223809504;74437
-5.29457166666667;48.38575;1.8595203919631;3.98775434939351;74566
-5.29337;48.3885183333333;1.97267016055085;4.04457320834625;74695
-5.29226833333333;48.39086;1.99755824214991;3.92042879140182;74855
-5.29139;48.3934683333333;0.313904131848564;4.48903822616921;74964
-5.29093333333333;48.3959683333333;-0.23551180309325;4.49383290639558;75075
-5.29057833333333;48.3986716666667;-0.548412045323167;4.46645768238595;75212
-5.29029666666667;48.4014066666667;-0.798781600707503;4.53011556993757;75356
-5.29020666666667;48.4040833333333;-1.2403681011765;4.32567763172243;75497
-5.29029;48.4067533333333;-1.57681901217595;4.10775396562085;75601
-5.29047833333333;48.409195;-1.88499601480569;3.86481457051778;75703
-5.29071666666667;48.41162;-2.01872780952392;3.79667481770227;75839
-5.29098166666667;48.4142533333333;-1.99755824214991;3.92042879140182;75955
-5.291605;48.41722;-2.49062044082199;3.98582589018286;76090
-5.29201666666667;48.422425;-1.72319029398793;4.26504564258408;76348
-5.29216833333333;48.42506;-2.34194795444627;3.60628360212904;76474
-5.29238166666667;48.427675;-2.21466382034895;3.68581955651077;76592
-5.29266166666667;48.4304633333333;-2.34194795444627;3.60628360212904;76756
-5.29292833333333;48.4328333333333;-2.27865293727686;3.64660697522497;76853
-5.29342833333333;48.4356683333333;-2.33164481316314;3.73141170396444;77017
-5.29361333333333;48.4382033333333;-2.27865293727686;3.64660697522497;77165
-5.293765;48.4405866666667;-2.27865293727686;3.64660697522497;77235
-5.293875;48.4431983333333;-2.22566080870539;3.56180184210465;77375
-5.29392;48.446;-2.08468145952935;3.76086490751987;77502
-5.29391666666667;48.4461983333333;-2.08468145952935;3.76086490751987;77522
-5.29389833333333;48.4486066666667;-2.20000004768372;3.81051185924215;77632
-5.293805;48.4510483333333;-2.13316237531893;3.84832679482358;77767
-5.29371833333333;48.4537016666667;-1.78964126832295;4.01960010074993;77885
-5.29348;48.45642;-1.73273483283285;3.71586184041802;78031
-5.29319833333333;48.4590966666667;-1.601997589543;3.77406981136882;78195
-5.29290666666667;48.4616016666667;-1.601997589543;3.77406981136882;78298
-5.292625;48.4639;-1.39994312626297;4.06573005542042;78425
-5.29220333333333;48.466195;-1.32877313475259;4.08954320146879;78550
-5.29166166666667;48.4687716666667;-0.657024723331464;4.14829084211298;78715
-5.29097166666667;48.47098;-0.487477373620592;3.97018460656529;78815
-5.29009833333333;48.4733166666667;-0.139597986810003;3.99756330807638;78935
-5.28901333333333;48.475645;0.286001535698418;4.09001251093016;79046
-5.28791166666667;48.4777583333333;0.418113853070614;3.97808758147309;79171
-5.28663666666667;48.4799866666667;0.348622970990633;3.98477879236698;79290
-5.285255;48.4822533333333;0.641381291746193;4.04952210224676;79456
-5.28379666666667;48.484565;0.706899768608386;3.32570193577836;79604
-5.28299833333333;48.4853633333333;0.380083202198189;1.24319613715178;79713
-5.28169666666667;48.4871983333333;0.977184907187461;4.59729353688204;79865
-5.280305;48.4896183333333;0.703955092681039;4.44459753267812;79985
-5.27876833333333;48.4921;1.37414695643139;4.49463217062561;80095
-5.27706833333333;48.49454;1.23606797749979;3.80422606518061;80246
-5.27489;48.4967083333333;2.74004528033545;4.06228418458289;80351
-5.27205333333333;48.4989283333333;4.53848934322008;1.56272720349155;80493
-5.26911166666667;48.5004266666667;4.14829084211298;0.657024723331464;80612
-5.26587833333333;48.5015433333333;3.58594071586129;-1.98771939677493;80719
-5.26397166666667;48.501495;0.435459400543667;-1.74653226102949;80851
-5.262335;48.5009816666667;1.31511344036723;-2.6963821388975;80983
-5.25903166666667;48.4980866666667;2.37664758963444;-6.90228578221837;81098
-5.25836666666667;48.4972633333333;2.53094909322753;-6.95372548343179;81103
-5.25539666666667;48.4934116666667;1.98458890930874;-6.92108402740978;81236
-5.25252666666667;48.4895166666667;1.95702520001387;-6.824957949489;81385
-5.24944;48.485375;1.83761519554499;-6.85807327453452;81508
-5.24665333333333;48.4815166666667;1.98458890930874;-6.92108402740978;81631
-5.244135;48.477885;2.13431350024146;-6.98102490093082;81762
-5.24173333333333;48.4742933333333;1.90189778142412;-6.63270579364746;81884
-5.23940833333333;48.470745;1.69345326919767;-6.79207008393197;81995
-5.23659666666667;48.466235;1.57465738040705;-6.82059045349665;82142
-5.23444666666667;48.4626266666667;1.7858514358903;-6.66488829351244;82304
-5.23192666666667;48.458415;1.86349707537234;-6.95466576504556;82407
-5.22931833333333;48.45415;2.01215275003775;-7.01721056369584;82554
-5.22714833333333;48.4503916666667;2.25582411787743;-6.94271275035426;82696
-5.22427333333333;48.4464033333333;2.7346282033867;-6.76844231518383;82823
-5.221085;48.4421416666667;2.89141038808365;-6.81173600333424;82938
-5.218245;48.4384116666667;2.68775962158975;-7.00185319872901;83054
-5.21503333333333;48.4340883333333;2.56515107494252;-7.04769465589431;83225
-5.212165;48.42997;2.77208882700302;-6.86116061221737;83355
-5.20930833333333;48.4259583333333;3.04770287674239;-7.1799380325014;83485
-5.206415;48.4217083333333;3.00862961484136;-7.08788719601142;83615
-5.20382;48.4177966666667;2.95939212371098;-7.32475253950076;83708
-5.20104;48.41358;2.8311068355845;-7.37528545836106;83847
-5.19827;48.4092116666667;2.92193150009465;-7.23203424246723;83964
-5.195215;48.4045733333333;2.88447069785199;-7.13931550331798;84124
-5.1924;48.4005116666667;2.80954945061934;-6.95387890925091;84253
-5.18883833333333;48.3964033333333;4.30264842855954;-6.62549756675071;84364
-5.184995;48.3922966666667;4.12030459928044;-6.8573384056169;84496
-5.18106;48.3885683333333;4.76068453111471;-6.79896212383948;84617
-5.17825166666667;48.3859233333333;4.58861149080837;-6.55321635431193;84703
-5.17399166666667;48.38196;5.18318747143456;-5.55828806255837;84839
-5.169445;48.3787716666667;5.20993777844248;-5.39504850253988;84975
-5.16463333333333;48.3753083333333;4.9320743640111;-5.10731251380283;85112
-5.15968666666667;48.3717533333333;5.18318747143456;-5.55828806255837;85243
-5.15494;48.368435;5.25138724240038;-5.63142336297296;85390
-5.14979;48.3653433333333;5.34886932003871;-5.53891632540444;85531
-5.14432166666667;48.36194;5.61085057984466;-5.41833542207575;85675
-5.139535;48.3590066666667;5.53891632540444;-5.34886932003871;85772
-5.1349;48.356135;5.72221501443231;-5.15230554133667;85905
-5.129905;48.352935;5.87084419214323;-5.28613185404825;86051
-5.12478333333333;48.3498633333333;5.82193769464854;-4.8851857723167;86142
-5.119865;48.34706;6.06768265247064;-4.74059324257946;86286
-5.11403;48.34373;6.22528502864367;-4.86372571378675;86442
-5.10864;48.34076;6.13945316962449;-4.97163114931038;86535
-5.10324;48.337685;6.38908408037834;-4.81452018521639;86693
-5.09787166666667;48.3346316666667;5.89854206590475;-4.94946447198435;86795
-5.09250333333333;48.3315783333333;6.13945316962449;-4.97163114931038;86935
-5.08720666666667;48.3284616666667;6.11314788770331;-5.31407838508977;87055
-5.08187666666667;48.3253066666667;6.0617386475932;-4.90869917022207;87189
-5.076495;48.3220433333333;6.29488258425912;-5.09749540757036;87357
-5.07153333333333;48.31912;5.7965297804673;-5.21921885722563;87445
-5.06617666666667;48.315985;6.29488258425912;-5.09749540757036;87592
-5.06094;48.3132133333333;6.39123433271596;-4.64350354916611;87715
-5.05556;48.3104983333333;6.30922060553743;-4.75433874029474;87835
-5.04945166666667;48.3074;6.79323192028537;-4.41157639138502;87979
-5.04399666666667;48.3049066666667;6.62549756675071;-4.30264842855954;88076
-5.03803833333333;48.3022366666667;6.69958004051193;-4.18636223797936;88207
-5.03281166666667;48.299945;6.86918990237173;-4.29234624243712;88312
-5.02713833333333;48.2974083333333;6.79810793682497;-4.58538170180254;88433
-5.02087833333333;48.2948916666667;7.15187583897509;-3.8027198376549;88585
-5.01448666666667;48.292635;7.49107257842436;-3.3352403956427;88685
-5.00780166666667;48.29053;7.69562616975062;-3.10923479680261;88826
-5.00098;48.2890666666667;7.89518762876019;-0.275706027278031;88961
-4.994245;48.288615;7.88075609218773;-0.551076149231086;89083
-4.98744833333333;48.288025;8.15507935232984;-0.857133378857535;89195
-4.98065666666667;48.2874166666667;8.08026918764506;-0.565027463937398;89338
-4.97327;48.2867516666667;8.15507935232984;-0.857133378857535;89495
-4.96590166666667;48.286105;8.10000038146973;4.95981977012962e-16;89571
-4.95901833333333;48.2857383333333;8.39872025790206;-0.146600207415616;89682
-4.952145;48.2853666666667;8.30000019073486;5.08228433325294e-16;89825
-4.944565;48.28501;8.38848771099148;-0.439622012476143;89943
-4.93762333333333;48.28465;8.39872025790206;-0.146600207415616;90055
-4.93064333333333;48.284405;8.28862532893643;-0.434388446798724;90201
-4.92317166666667;48.28422;8.29494405487717;-0.289665829287307;90315
-4.91574666666667;48.28401;8.1987509095766;-0.143109729456942;90455
-4.90170166666667;48.2836216666667;7.99512661615277;-0.279195973620006;90685
-4.89388166666667;48.28336;7.98903627803659;-0.418687649943549;90834
-4.88662166666667;48.2831483333333;8.0987667121784;-0.141364498799561;90959
-4.8793;48.2829233333333;8.1987509095766;-0.143109729456942;91103
-4.87165166666667;48.2826783333333;7.88917341979787;-0.4134540593104;91245
-4.86507166666667;48.2824416666667;7.58958436889803;-0.397753262455226;91370
-4.85838166666667;48.282165;7.19999980926514;4.40872836013905e-16;91482
-4.85093666666667;48.2819483333333;6.99573578913367;0.244296476917508;91643
-4.84512333333333;48.282165;6.96165326757791;0.731699242873574;91776
-4.839315;48.28253;7.04707758199681;0.865272326554181;91889
-4.83638833333333;48.2826916666667;6.96165326757791;0.731699242873574;91962
-4.83054833333333;48.2829416666667;6.94782306148925;0.853085403836032;92055
-4.82444333333333;48.2836983333333;6.61863002919522;2.2789770812001;92185
-4.81823833333333;48.2849116666667;6.80773356397172;2.34409064999433;92335
-4.81203666666667;48.2859816666667;6.57784834550136;2.39414100327968;92439
-4.805465;48.2867233333333;6.65739561406607;2.16311896062463;92653
-4.79978666666667;48.287075;6.53657971572669;1.87433407212925;92714
-4.79376166666667;48.287355;6.02191993877306;2.93708659987416;92845
-4.78776833333333;48.28863;6.26892782509394;3.33324805100753;92956
-4.781695;48.2904716666667;6.7104016215234;3.56798383240047;93115
-4.77437;48.292655;7.1799380325014;3.04770287674239;93236
-4.76792833333333;48.2945583333333;7.03429984960306;3.1318720741048;93375
-4.76082;48.29629;7.32960262136223;2.66775718317538;93515
-4.75402166666667;48.2978333333333;7.55480766330831;2.30973649519236;93634
-4.74631666666667;48.2995866666667;8.17908640293759;2.65754626950518;93788
-4.73956333333333;48.30112;8.41511496214721;2.8975564504743;93905
-4.73110666666667;48.303115;8.79800357245927;2.6898196276837;94102
-4.72246666666667;48.3051216666667;8.93973395557248;2.56342746167175;94182
-4.71321833333333;48.3072316666667;8.74971976851578;2.8429562893092;94345
-4.70404833333333;48.30933;8.89363441285689;2.71905690968693;94515
-4.69593166666667;48.3111533333333;9.17629534974615;2.45878092847395;94601
-4.68791666666667;48.312935;8.793322933417;3.02778389854876;94735
-4.678675;48.31501;8.92707989746613;3.24919136159385;94923
-4.66661666666667;48.3176766666667;8.55120320761605;3.11238343473392;95095
-4.65796833333333;48.3196166666667;8.13146011084084;2.79988625252594;95232
-4.64771;48.322025;7.60845213036123;2.47213595499958;95435
