"x";"y";"vx";"vy";"t"
-4.83035;49.2558833333333;-16.5410855426452;-9.55000019073487;0
-4.83663333333333;49.2533;-16.5410855426452;-9.55000019073487;54
-4.84553333333333;49.2496;-16.5410855426452;-9.55000019073487;133
-4.84826666666667;49.2484666666667;-16.5410855426452;-9.55000019073487;157
-5.03435;49.1716666666667;-17.0607011152784;-9.85000038146974;1756
-5.03563333333333;49.1711333333333;-16.9740982445375;-9.80000019073487;1764
-5.03435;49.1716666666667;-17.0607011152784;-9.85000038146974;1770
-5.03856666666667;49.1699333333333;-17.0607011152784;-9.85000038146974;1795
-5.0421;49.1684833333333;-17.0607011152784;-9.85000038146974;1821
-5.04491666666667;49.1673166666667;-17.0607011152784;-9.85000038146974;1845
-5.23411666666667;49.0895166666667;-17.5803150360992;-10.1499996185303;3433
-5.23485;49.0892166666667;-17.5803150360992;-10.1499996185303;3440
-5.23631666666667;49.0886166666667;-17.5803150360992;-10.1499996185303;3450
-5.24455;49.0851833333333;-17.6669179068401;-10.1999998092651;3518
-5.2494;49.0831666666667;-17.6669179068401;-10.1999998092651;3557
-5.25011666666667;49.0828666666667;-17.6669179068401;-10.1999998092651;3564
-5.25085;49.0825666666667;-17.6669179068401;-10.1999998092651;3569
-5.25303333333333;49.0816666666667;-17.6669179068401;-10.1999998092651;3587
-5.25448333333333;49.0810666666667;-17.6669179068401;-10.1999998092651;3603
-5.2574;49.07985;-17.4862126073397;-10.5067765316937;3626
-5.26321666666667;49.0774166666667;-17.6669179068401;-10.1999998092651;3678
-5.26611666666667;49.0761833333333;-17.6669179068401;-10.1999998092651;3700
-5.33956666666667;49.0471166666667;-18.0171663007125;-9.98707836201473;4291
-5.35605;49.0406666666667;-18.1046286050674;-10.0355595089796;4424
-5.38536666666667;49.0291166666667;-18.4536043539338;-9.81195548313593;4656
-5.38928333333333;49.0275833333333;-18.2795515455724;-10.1325208782082;4688
-5.38991666666667;49.0273333333333;-18.2795515455724;-10.1325208782082;4693
-5.39141666666667;49.0267333333333;-18.2795515455724;-10.1325208782082;4704
-5.39445;49.02555;-18.2795515455724;-10.1325208782082;4729
-5.39823333333333;49.02405;-18.2795515455724;-10.1325208782082;4759
-5.40516666666667;49.0213333333333;-18.2795515455724;-10.1325208782082;4811
-5.40731666666667;49.0204833333333;-18.2795515455724;-10.1325208782082;4832
-5.4082;49.02015;-18.2795515455724;-10.1325208782082;4837
-5.40883333333333;49.0199;-18.0999306087323;-10.4499998092651;4843
-5.4141;49.0178;-18.1920892412176;-10.0840397312434;4885
-5.41486666666667;49.0175;-18.2795515455724;-10.1325208782082;4892
-5.46103333333333;48.9995;-18.2795515455724;-10.1325208782082;5261
-5.47326666666667;48.9947166666667;-18.2795515455724;-10.1325208782082;5354
-5.47478333333333;48.9941333333333;-18.4536043539338;-9.81195548313593;5365
-5.47618333333333;48.9936;-18.2795515455724;-10.1325208782082;5376
-5.5278;48.9735166666667;-18.2795515455724;-10.1325208782082;5785
-5.53083333333333;48.97235;-18.2795515455724;-10.1325208782082;5809
-5.53173333333333;48.972;-18.2795515455724;-10.1325208782082;5816
-5.53325;48.9714166666667;-18.2795515455724;-10.1325208782082;5828
-5.5354;48.9705833333333;-18.2795515455724;-10.1325208782082;5842
-5.53628333333333;48.9702333333333;-18.2795515455724;-10.1325208782082;5851
-5.53691666666667;48.97;-18.2795515455724;-10.1325208782082;5856
-5.53843333333333;48.9694166666667;-18.2795515455724;-10.1325208782082;5872
-5.54006666666667;48.9687666666667;-18.2795515455724;-10.1325208782082;5884
-5.54083333333333;48.9684666666667;-18.0999306087323;-10.4499998092651;5891
-5.54235;48.9678666666667;-18.2795515455724;-10.1325208782082;5897
-5.5426;48.9677666666667;-18.2795515455724;-10.1325208782082;5905
-5.54385;48.9672833333333;-18.2795515455724;-10.1325208782082;5913
-5.54448333333333;48.9670333333333;-18.2795515455724;-10.1325208782082;5922
-5.54613333333333;48.9663833333333;-18.2795515455724;-10.1325208782082;5933
-5.54765;48.9658;-18.2795515455724;-10.1325208782082;5944
-5.54916666666667;48.9652;-18.2795515455724;-10.1325208782082;5953
-5.54993333333333;48.9649;-18.3670138499273;-10.1810020251731;5959
-5.55055;48.96465;-18.3670138499273;-10.1810020251731;5966
-5.55208333333333;48.96405;-18.2795515455724;-10.1325208782082;5978
-5.55371666666667;48.9634166666667;-18.2795515455724;-10.1325208782082;5991
-5.55523333333333;48.9628166666667;-18.3670138499273;-10.1810020251731;6004
-5.55675;48.9622333333333;-18.2795515455724;-10.1325208782082;6012
-5.55815;48.9616833333333;-18.2795515455724;-10.1325208782082;6026
-5.56041666666667;48.9608;-18.2795515455724;-10.1325208782082;6045
-5.5613;48.96045;-18.2795515455724;-10.1325208782082;6050
-5.56281666666667;48.95985;-18.3670138499273;-10.1810020251731;6061
-5.56345;48.9596;-18.3670138499273;-10.1810020251731;6068
-5.56508333333333;48.95895;-18.3670138499273;-10.1810020251731;6080
-5.56721666666667;48.9581;-18.2795515455724;-10.1325208782082;6096
-5.56798333333333;48.9578;-18.2795515455724;-10.1325208782082;6101
-5.56886666666667;48.95745;-18.3670138499273;-10.1810020251731;6112
-5.57263333333333;48.95595;-18.3670138499273;-10.1810020251731;6140
-5.57403333333333;48.9554;-18.3670138499273;-10.1810020251731;6150
-5.5802;48.95295;-18.3670138499273;-10.1810020251731;6201
-5.58083333333333;48.9526833333333;-18.3670138499273;-10.1810020251731;6206
-5.58158333333333;48.9523833333333;-18.3670138499273;-10.1810020251731;6214
-5.58395;48.9514;-18.2795515455724;-10.1325208782082;6232
-5.58606666666667;48.9505333333333;-18.2795515455724;-10.1325208782082;6249
-5.5883;48.9496166666667;-18.2795515455724;-10.1325208782082;6263
-5.59068333333333;48.94865;-18.2795515455724;-10.1325208782082;6284
-5.59205;48.9481;-18.4536043539338;-9.81195548313593;6296
-5.59443333333333;48.94715;-18.2795515455724;-10.1325208782082;6314
-5.5958;48.9465833333333;-18.2795515455724;-10.1325208782082;6328
-5.59818333333333;48.9456166666667;-18.2795515455724;-10.1325208782082;6346
-5.59955;48.94505;-18.2795515455724;-10.1325208782082;6355
-5.60116666666667;48.9443833333333;-18.2795515455724;-10.1325208782082;6366
-5.60265;48.9437666666667;-18.2795515455724;-10.1325208782082;6385
-5.6049;48.9428333333333;-18.2795515455724;-10.1325208782082;6398
-5.60626666666667;48.9422833333333;-18.3670138499273;-10.1810020251731;6412
-5.60776666666667;48.9416666666667;-18.2795515455724;-10.1325208782082;6424
-5.60863333333333;48.9413;-18.3670138499273;-10.1810020251731;6433
-5.61076666666667;48.9404333333333;-18.5418994500375;-9.85890281850371;6444
-5.6124;48.9397666666667;-18.5418994500375;-9.85890281850371;6456
-5.61315;48.93945;-18.3670138499273;-10.1810020251731;6463
-5.61376666666667;48.9392;-18.3670138499273;-10.1810020251731;6471
-5.61451666666667;48.9388833333333;-18.3670138499273;-10.1810020251731;6478
-5.61615;48.9382166666667;-18.3670138499273;-10.1810020251731;6488
-5.61765;48.9376;-18.3670138499273;-10.1810020251731;6499
-5.6199;48.9366666666667;-18.3670138499273;-10.1810020251731;6520
-5.62066666666667;48.9363666666667;-18.3670138499273;-10.1810020251731;6526
-5.62203333333333;48.9358;-18.3670138499273;-10.1810020251731;6535
-5.62291666666667;48.9354333333333;-18.3670138499273;-10.1810020251731;6543
-5.6258;48.93425;-18.4544761542822;-10.2294831721379;6570
-5.62743333333333;48.9335666666667;-18.4544761542822;-10.2294831721379;6578
-5.62818333333333;48.9332666666667;-18.3670138499273;-10.1810020251731;6584
-5.62893333333333;48.93295;-18.3670138499273;-10.1810020251731;6593
-5.63043333333333;48.9323333333333;-18.3670138499273;-10.1810020251731;6600
-5.63118333333333;48.9320333333333;-18.3670138499273;-10.1810020251731;6608
-5.63408333333333;48.93085;-18.3670138499273;-10.1810020251731;6633
-5.63483333333333;48.93055;-18.3670138499273;-10.1810020251731;6640
-5.63646666666667;48.9298666666667;-18.4544761542822;-10.2294831721379;6647
-5.63708333333333;48.9296166666667;-18.4544761542822;-10.2294831721379;6655
-5.64023333333333;48.9283333333333;-18.4544761542822;-10.2294831721379;6677
-5.64086666666667;48.9280666666667;-18.4544761542822;-10.2294831721379;6687
-5.64161666666667;48.9277666666667;-18.4544761542822;-10.2294831721379;6695
-5.64401666666667;48.9267833333333;-18.4544761542822;-10.2294831721379;6711
-5.64465;48.9265333333333;-18.4544761542822;-10.2294831721379;6719
-5.64553333333333;48.9261666666667;-18.4544761542822;-10.2294831721379;6727
-5.64843333333333;48.9249833333333;-18.4544761542822;-10.2294831721379;6743
-5.64995;48.9243666666667;-18.5419384586371;-10.2779643191027;6761
-5.6516;48.9237;-18.5419384586371;-10.2779643191027;6771
-5.65311666666667;48.9230833333333;-18.5419384586371;-10.2779643191027;6782
-5.65538333333333;48.92215;-18.5419384586371;-10.2779643191027;6799
-5.65601666666667;48.9219;-18.5419384586371;-10.2779643191027;6807
-5.65676666666667;48.9215833333333;-18.5419384586371;-10.2779643191027;6814
-5.65916666666667;48.9206166666667;-18.4544761542822;-10.2294831721379;6831
-5.66068333333333;48.9199833333333;-18.4544761542822;-10.2294831721379;6841
-5.66446666666667;48.9184333333333;-18.5419384586371;-10.2779643191027;6873
-5.66598333333333;48.9178166666667;-18.5419384586371;-10.2779643191027;6882
-5.66675;48.9175;-18.5419384586371;-10.2779643191027;6889
-5.66738333333333;48.91725;-18.5419384586371;-10.2779643191027;6895
-5.66826666666667;48.9168833333333;-18.5419384586371;-10.2779643191027;6901
-5.67055;48.9159666666667;-18.5419384586371;-10.2779643191027;6920
-5.67118333333333;48.9157;-18.5419384586371;-10.2779643191027;6925
-5.67421666666667;48.9144833333333;-18.5419384586371;-10.2779643191027;6948
-5.67498333333333;48.9141666666667;-18.5419384586371;-10.2779643191027;6953
-5.67586666666667;48.9138166666667;-18.5419384586371;-10.2779643191027;6961
-5.6774;48.9132;-18.5419384586371;-10.2779643191027;6973
-5.6788;48.9126333333333;-18.5419384586371;-10.2779643191027;6987
-5.68031666666667;48.9120166666667;-18.5419384586371;-10.2779643191027;6999
-5.68348333333333;48.9107333333333;-18.5419384586371;-10.2779643191027;7019
-5.685;48.9101;-18.5419384586371;-10.2779643191027;7035
-5.68638333333333;48.9095333333333;-18.6293990947873;-10.3264445413666;7049
-5.68941666666667;48.9082833333333;-18.6293990947873;-10.3264445413666;7067
-5.6903;48.9079166666667;-18.6293990947873;-10.3264445413666;7080
-5.69258333333333;48.9069666666667;-18.6293990947873;-10.3264445413666;7097
-5.69398333333333;48.9064;-18.6293990947873;-10.3264445413666;7106
-5.69563333333333;48.9057166666667;-18.6293990947873;-10.3264445413666;7117
-5.69638333333333;48.9054;-18.6293990947873;-10.3264445413666;7127
-5.6993;48.9041833333333;-18.5329433106245;-10.6999998092651;7145
-5.70018333333333;48.9038166666667;-18.5329433106245;-10.6999998092651;7155
-5.70156666666667;48.9032166666667;-18.3433799080418;-11.0218146066037;7166
-5.70318333333333;48.9025;-18.1482289342428;-11.3402720524424;7177
-5.70613333333333;48.9011333333333;-17.8243078099334;-12.0226474246211;7201
-5.70891666666667;48.8997666666667;-17.5298534353027;-12.2745355191103;7226
-5.71046666666667;48.8989833333333;-17.5298534353027;-12.2745355191103;7236
-5.71178333333333;48.8983166666667;-17.5298534353027;-12.2745355191103;7250
-5.71333333333333;48.8975333333333;-17.5298534353027;-12.2745355191103;7260
-5.71691666666667;48.8957166666667;-17.3938653790614;-12.6373829242882;7294
-5.73965;48.8828333333333;-16.6231650001273;-13.9484916206059;7489
-5.74168333333333;48.8816333333333;-16.6231650001273;-13.9484916206059;7508
-5.74293333333333;48.8809;-16.6231650001273;-13.9484916206059;7525
-5.74565;48.8792833333333;-16.6231650001273;-13.9484916206059;7544
-5.7478;48.8780166666667;-16.6231650001273;-13.9484916206059;7561
-5.74846666666667;48.8776;-16.6231650001273;-13.9484916206059;7568
-5.7478;48.8780166666667;-16.6231650001273;-13.9484916206059;7575
-5.7504;48.8764666666667;-16.6231650001273;-13.9484916206059;7584
-5.75118333333333;48.876;-16.6231650001273;-13.9484916206059;7590
-5.75456666666667;48.8739833333333;-16.3771984666319;-14.2364814296273;7621
-5.75591666666667;48.8731666666667;-16.3771984666319;-14.2364814296273;7637
-5.76116666666667;48.8698166666667;-15.6096742161614;-15.0740871689425;7682
-5.76286666666667;48.8686666666667;-15.3442176912277;-15.3442176912277;7696
-5.76308333333333;48.8685166666667;-15.0740871689425;-15.6096742161614;7702
-5.76431666666667;48.8676333333333;-14.7993649336797;-15.8703758831146;7711
-5.76545;48.8668166666667;-14.4532213526044;-16.051928513799;7721
-5.76645;48.8660666666667;-14.2364814296273;-16.3771984666319;7733
-5.76735;48.8653833333333;-14.2364814296273;-16.3771984666319;7744
-5.76955;48.8635833333333;-13.3598544842792;-17.0998339544704;7763
-5.77;48.8631833333333;-13.0593864615479;-17.3303911773368;7769
-5.77036666666667;48.8628666666667;-13.0593864615479;-17.3303911773368;7775
-5.77118333333333;48.8621333333333;-12.7549404231912;-17.5556693951673;7784
-5.77336666666667;48.8600833333333;-12.1344864319455;-17.9901159569499;7810
-5.77386666666667;48.8595833333333;-11.8186674753527;-18.1991519642706;7817
-5.77336666666667;48.8600833333333;-12.1344864319455;-17.9901159569499;7822
-5.77666666666667;48.8566;-10.8000001907349;-18.7061490521063;7847
-5.77713333333333;48.8560833333333;-10.8000001907349;-18.7061490521063;7855
-5.77766666666667;48.8554833333333;-10.8000001907349;-18.7061490521063;7860
-5.77811666666667;48.8549666666667;-10.8000001907349;-18.7061490521063;7867
-5.77858333333333;48.8544333333333;-10.4718879822611;-18.8917860078519;7874
-5.77903333333333;48.8539166666667;-10.4718879822611;-18.8917860078519;7882
-5.7799;48.8528666666667;-10.1875332706322;-19.1599634386743;7891
-5.78035;48.8523333333333;-10.1875332706322;-19.1599634386743;7897
-5.78115;48.8513666666667;-10.1405859352644;-19.0716683425706;7908
-5.78158333333333;48.85085;-10.1875332706322;-19.1599634386743;7915
-5.78298333333333;48.8491833333333;-10.1875332706322;-19.1599634386743;7932
-5.78341666666667;48.84865;-10.1875332706322;-19.1599634386743;7938
-5.78385;48.8481166666667;-10.1875332706322;-19.1599634386743;7945
-5.78471666666667;48.8470666666667;-9.80619496755783;-19.2457412623608;7957
-5.78593333333333;48.8455666666667;-10.1875332706322;-19.1599634386743;7975
-5.78643333333333;48.84495;-10.1875332706322;-19.1599634386743;7982
-5.7873;48.8438833333333;-10.1405859352644;-19.0716683425706;7996
-5.78773333333333;48.8433666666667;-10.1405859352644;-19.0716683425706;8002
-5.78816666666667;48.8428333333333;-10.1875332706322;-19.1599634386743;8007
-5.7908;48.8396666666667;-10.1875332706322;-19.1599634386743;8041
-5.79166666666667;48.8386166666667;-10.1405859352644;-19.0716683425706;8053
-5.79331666666667;48.8365833333333;-9.80619496755783;-19.2457412623608;8075
-5.79418333333333;48.8355333333333;-9.80619496755783;-19.2457412623608;8088
-5.7946;48.835;-9.80619496755783;-19.2457412623608;8093
-5.7951;48.8343833333333;-9.80619496755783;-19.2457412623608;8102
-5.79638333333333;48.8328;-10.1405859352644;-19.0716683425706;8117
-5.79681666666667;48.8322666666667;-10.1405859352644;-19.0716683425706;8125
-5.7979;48.83095;-10.1405859352644;-19.0716683425706;8144
-5.79848333333333;48.83025;-10.1405859352644;-19.0716683425706;8152
-5.79943333333333;48.8291166666667;-10.1405859352644;-19.0716683425706;8161
-5.79988333333333;48.8286;-10.1405859352644;-19.0716683425706;8169
-5.80161666666667;48.8264833333333;-9.85159419071542;-19.3348422546716;8198
-5.80246666666667;48.8254166666667;-9.80619496755783;-19.2457412623608;8204
-5.80373333333333;48.8238333333333;-9.80619496755783;-19.2457412623608;8226
-5.80418333333333;48.8233;-9.80619496755783;-19.2457412623608;8233
-5.80503333333333;48.82225;-10.1405859352644;-19.0716683425706;8239
-5.80675;48.8201333333333;-9.80619496755783;-19.2457412623608;8265
-5.8071;48.8197;-9.80619496755783;-19.2457412623608;8270
-5.80796666666667;48.81865;-10.1405859352644;-19.0716683425706;8282
-5.80965;48.8166333333333;-10.4718879822611;-18.8917860078519;8305
-5.81001666666667;48.8162;-10.4718879822611;-18.8917860078519;8313
-5.81111666666667;48.8148833333333;-10.1405859352644;-19.0716683425706;8327
-5.8106;48.8155;-10.1405859352644;-19.0716683425706;8338
-5.81233333333333;48.8133833333333;-9.80619496755783;-19.2457412623608;8347
-5.8137;48.8117166666667;-10.1405859352644;-19.0716683425706;8363
-5.81493333333333;48.8102333333333;-10.1405859352644;-19.0716683425706;8375
-5.81545;48.8096166666667;-10.1405859352644;-19.0716683425706;8388
-5.81801666666667;48.80645;-10.1405859352644;-19.0716683425706;8419
-5.81923333333333;48.80495;-10.0936385998967;-18.9833732464669;8437
-5.8201;48.8039;-10.0936385998967;-18.9833732464669;8450
-5.8206;48.8032833333333;-10.1405859352644;-19.0716683425706;8457
-5.82148333333333;48.8022333333333;-10.1405859352644;-19.0716683425706;8466
-5.8232;48.8001333333333;-10.1405859352644;-19.0716683425706;8491
-5.82443333333333;48.79865;-10.1405859352644;-19.0716683425706;8507
-5.82493333333333;48.7980333333333;-10.1405859352644;-19.0716683425706;8515
-5.82753333333333;48.7948833333333;-10.0936385998967;-18.9833732464669;8550
-5.8284;48.7938333333333;-10.1405859352644;-19.0716683425706;8562
-5.82885;48.7933;-10.1405859352644;-19.0716683425706;8570
-5.82965;48.79235;-10.1405859352644;-19.0716683425706;8584
-5.83276666666667;48.7885833333333;-10.1405859352644;-19.0716683425706;8624
-5.8347;48.7862166666667;-10.0936385998967;-18.9833732464669;8650
-5.83491666666667;48.78595;-10.0936385998967;-18.9833732464669;8656
-5.83666666666667;48.78385;-10.0936385998967;-18.9833732464669;8677
-5.84051666666667;48.77925;-10.0936385998967;-18.9833732464669;8734
-5.84796666666667;48.7702666666667;-9.76079574440024;-19.1566402700499;8836
-5.85176666666667;48.7656333333333;-10.0466912645289;-18.8950781503633;8887
-5.85348333333333;48.7635333333333;-10.0466912645289;-18.8950781503633;8911
-5.88268333333333;48.7266;-9.38114237406093;-19.2341922479395;9331
-5.89078333333333;48.7160333333333;-9.3373050921567;-19.1443125004468;9451
-5.89361666666667;48.7123333333333;-9.3373050921567;-19.1443125004468;9494
-5.89683333333333;48.7081166666667;-9.29346864637908;-19.0544344672678;9539
-5.89848333333333;48.7059166666667;-9.29346864637908;-19.0544344672678;9567
-5.89961666666667;48.7044166666667;-9.3373050921567;-19.1443125004468;9582
-5.90366666666667;48.69915;-9.3373050921567;-19.1443125004468;9644
-5.90608333333333;48.6959833333333;-9.66999729808507;-18.9784382854282;9680
-5.92315;48.6738;-9.71539652124266;-19.0675392777391;9931
-5.92446666666667;48.6721333333333;-9.38114237406093;-19.2341922479395;9948
-5.92603333333333;48.6701;-9.42497965596516;-19.3240719954321;9974
-5.9399;48.6506333333333;-6.96715838118876;-20.2340971571387;10190
-5.94086666666667;48.6489666666667;-6.96715838118876;-20.2340971571387;10206
-5.94435;48.6419333333333;-4.42851885579424;-20.8345431493627;10282
-5.94476666666667;48.6407833333333;-4.06423145594469;-20.9086582585131;10294
-5.94501666666667;48.6401166666667;-3.68134149902197;-20.8779251152075;10302
-5.94528333333333;48.63925;-2.96438694426875;-21.0927091086809;10312
-5.94571666666667;48.6376166666667;-2.20555061482192;-20.9844123716506;10326
-5.94731666666667;48.6243333333333;1.83027059770083;-20.9200886599267;10465
-5.94731666666667;48.62375;1.82155499017879;-20.8204688100994;10474
-5.94728333333333;48.6225;1.82155499017879;-20.8204688100994;10482
-5.94726666666667;48.6214333333333;1.83027059770083;-20.9200886599267;10495
-5.9472;48.619;1.82155499017879;-20.8204688100994;10519
-5.94711666666667;48.6166833333333;1.82155499017879;-20.8204688100994;10546
-5.9471;48.6161;1.82155499017879;-20.8204688100994;10552
-5.94621666666667;48.6068666666667;3.6118819629891;-20.4840005113052;10647
-5.94578333333333;48.6039833333333;3.6118819629891;-20.4840005113052;10678
-5.94553333333333;48.6022666666667;3.6118819629891;-20.4840005113052;10692
-5.94521666666667;48.6000666666667;3.6118819629891;-20.4840005113052;10715
-5.94503333333333;48.5988166666667;3.6118819629891;-20.4840005113052;10728
-5.94488333333333;48.5977666666667;3.6118819629891;-20.4840005113052;10741
-5.94466666666667;48.5965166666667;3.96882695825642;-20.4178446667893;10755
-5.94425;48.5943333333333;4.65648699654204;-20.1694610844397;10780
-5.94396666666667;48.5931;4.98359114163903;-19.988092331424;10794
-5.94371666666667;48.5920666666667;4.98359114163903;-19.988092331424;10801
-5.94145;48.5832333333333;4.98359114163903;-19.988092331424;10894
-5.94123333333333;48.5823833333333;4.98359114163903;-19.988092331424;10903
-5.94095;48.58125;4.98359114163903;-19.988092331424;10917
-5.94123333333333;48.5823833333333;4.98359114163903;-19.988092331424;10922
-5.9404;48.5790833333333;4.98359114163903;-19.988092331424;10937
-5.9401;48.5778666666667;5.00778342348488;-20.08512227419;10951
-5.93998333333333;48.5774;5.00778342348488;-20.08512227419;10958
-5.93981666666667;48.5767333333333;5.00778342348488;-20.08512227419;10966
-5.9394;48.5750333333333;4.98359114163903;-19.988092331424;10987
-5.9387;48.5722;5.00778342348488;-20.08512227419;11019
-5.9383;48.5705833333333;5.03197524390133;-20.1821503662638;11027
-5.93815;48.5700166666667;5.00778342348488;-20.08512227419;11034
-5.93768333333333;48.5682333333333;5.35755443108545;-19.9946653411266;11053
-5.93756666666667;48.56775;5.00778342348488;-20.08512227419;11062
-5.93695;48.5654833333333;5.35755443108545;-19.9946653411266;11086
-5.93646666666667;48.5636833333333;5.03197524390133;-20.1821503662638;11100
-5.93618333333333;48.56255;5.00778342348488;-20.08512227419;11117
-5.93573333333333;48.56085;5.00778342348488;-20.08512227419;11130
-5.93561666666667;48.5603833333333;5.00778342348488;-20.08512227419;11138
-5.93533333333333;48.55925;5.03197524390133;-20.1821503662638;11148
-5.9352;48.5586833333333;4.65648699654204;-20.1694610844397;11157
-5.93533333333333;48.55925;5.03197524390133;-20.1821503662638;11169
-5.93478333333333;48.5568666666667;4.65648699654204;-20.1694610844397;11179
-5.93423333333333;48.5547;5.00778342348488;-20.08512227419;11195
-5.93275;48.5490333333333;5.00778342348488;-20.08512227419;11254
-5.93248333333333;48.5479;5.00778342348488;-20.08512227419;11267
-5.93205;48.5461;5.00778342348488;-20.08512227419;11286
-5.9318;48.5450666666667;4.65648699654204;-20.1694610844397;11302
-5.931;48.54165;5.00778342348488;-20.08512227419;11334
-5.93085;48.5409833333333;4.98359114163903;-19.988092331424;11341
-5.93071666666667;48.5404166666667;5.00778342348488;-20.08512227419;11348
-5.93018333333333;48.53815;5.00778342348488;-20.08512227419;11370
-5.92968333333333;48.5359833333333;4.98359114163903;-19.988092331424;11394
-5.92951666666667;48.5353166666667;4.98359114163903;-19.988092331424;11400
-5.92938333333333;48.53475;4.98359114163903;-19.988092331424;11407
-5.92915;48.5337166666667;4.98359114163903;-19.988092331424;11421
-5.92898333333333;48.5330666666667;4.98359114163903;-19.988092331424;11426
-5.92873333333333;48.5320333333333;4.95939885979319;-19.8910623886579;11437
-5.92856666666667;48.5313666666667;4.95939885979319;-19.8910623886579;11444
-5.92815;48.5296666666667;4.98359114163903;-19.988092331424;11460
-5.92748333333333;48.52685;4.98359114163903;-19.988092331424;11491
-5.92736666666667;48.5263833333333;4.98359114163903;-19.988092331424;11497
-5.92708333333333;48.52525;4.98359114163903;-19.988092331424;11508
-5.92663333333333;48.5234666666667;4.95939885979319;-19.8910623886579;11529
-5.92638333333333;48.5224333333333;4.98359114163903;-19.988092331424;11537
-5.9258;48.5200833333333;4.98359114163903;-19.988092331424;11563
-5.92566666666667;48.5195333333333;4.98359114163903;-19.988092331424;11570
-5.925;48.5168;4.98359114163903;-19.988092331424;11597
-5.92458333333333;48.5151166666667;4.98359114163903;-19.988092331424;11615
-5.92441666666667;48.51445;4.98359114163903;-19.988092331424;11625
-5.924;48.5127666666667;4.95939885979319;-19.8910623886579;11646
-5.92303333333333;48.5088333333333;4.95939885979319;-19.8910623886579;11684
-5.92288333333333;48.5082666666667;4.95939885979319;-19.8910623886579;11691
-5.92246666666667;48.5065833333333;4.95939885979319;-19.8910623886579;11710
-5.92218333333333;48.5054666666667;4.95939885979319;-19.8910623886579;11718
-5.9218;48.5038833333333;4.95939885979319;-19.8910623886579;11737
-5.9215;48.5026666666667;4.95939885979319;-19.8910623886579;11751
-5.9203;48.4976166666667;4.95939885979319;-19.8910623886579;11806
-5.91936666666667;48.4937833333333;4.93520657794734;-19.7940324458919;11843
-5.91908333333333;48.4926666666667;4.95939885979319;-19.8910623886579;11855
-5.91891666666667;48.4920166666667;4.93520657794734;-19.7940324458919;11866
-5.91851666666667;48.49035;4.93520657794734;-19.7940324458919;11879
-5.91755;48.4864333333333;4.93520657794734;-19.7940324458919;11925
-5.9173;48.4854166666667;4.93520657794734;-19.7940324458919;11940
-5.91505;48.4764;4.9110142961015;-19.6970025031258;12030
-5.9148;48.4753833333333;4.9110142961015;-19.6970025031258;12047
-5.91451666666667;48.4742666666667;4.9110142961015;-19.6970025031258;12055
-5.91423333333333;48.4730666666667;4.9110142961015;-19.6970025031258;12067
-5.91366666666667;48.4708333333333;4.9110142961015;-19.6970025031258;12095
-5.91341666666667;48.4698166666667;4.9110142961015;-19.6970025031258;12106
-5.91313333333333;48.4687;4.9110142961015;-19.6970025031258;12114
-5.91298333333333;48.46815;4.9110142961015;-19.6970025031258;12123
-5.9127;48.4670333333333;4.9110142961015;-19.6970025031258;12134
-5.91241666666667;48.4659333333333;4.9110142961015;-19.6970025031258;12145
-5.91185;48.4637;4.9110142961015;-19.6970025031258;12167
-5.91086666666667;48.4603833333333;5.93514538280965;-19.412985816447;12204
-5.91028333333333;48.45875;6.57647696842336;-19.0994759484796;12224
-5.91006666666667;48.4582;6.87460501131627;-18.887822036261;12232
-5.9085;48.45445;6.51136308914314;-18.9103715119863;12269
-5.90806666666667;48.4533833333333;6.51136308914314;-18.9103715119863;12286
-5.90631666666667;48.4490833333333;6.84040286651338;-18.7938524157182;12335
-5.90563333333333;48.4474833333333;6.84040286651338;-18.7938524157182;12347
-5.90541666666667;48.44695;6.84040286651338;-18.7938524157182;12355
-5.90401666666667;48.44375;7.167358990906;-18.671608529944;12394
-5.90355;48.4427;6.84040286651338;-18.7938524157182;12406
-5.90328333333333;48.4420666666667;6.84040286651338;-18.7938524157182;12413
-5.90286666666667;48.4410833333333;6.84040286651338;-18.7938524157182;12419
-5.90208333333333;48.4394166666667;7.49213186831824;-18.5436770913357;12439
-5.9013;48.43785;8.09405904205071;-18.1795542585978;12457
-5.90106666666667;48.4374166666667;8.09405904205071;-18.1795542585978;12467
-5.9005;48.4363666666667;8.36784126003371;-17.9448934918677;12474
-5.89988333333333;48.4352666666667;8.36784126003371;-17.9448934918677;12487
-5.89908333333333;48.4338;8.36784126003371;-17.9448934918677;12506
-5.89818333333333;48.4322666666667;8.94361319123634;-17.5528292062949;12521
-5.89781666666667;48.4316833333333;8.94361319123634;-17.5528292062949;12528
-5.89755;48.4312666666667;9.24859014506043;-17.3940682529564;12533
-5.89653333333333;48.4297666666667;9.85000038146972;-17.0607011152784;12552
-5.89611666666667;48.4292;9.85000038146972;-17.0607011152784;12563
-5.89505;48.4277333333333;9.80000019073486;-16.9740982445375;12580
-5.89476666666667;48.4273333333333;9.75;-16.8874953737966;12589
-5.89408333333333;48.4263333333333;9.20164280969265;-17.3057731568527;12595
-5.89375;48.4258333333333;8.89821396807875;-17.463728213984;12605
-5.89335;48.4251666666667;8.59207464429124;-17.6163636503264;12612
-5.89293333333333;48.4245;8.28331809133378;-17.7636329716473;12618
-5.89273333333333;48.42415;8.28331809133378;-17.7636329716473;12625
-5.89166666666667;48.4222833333333;8.32558007872393;-17.85426409608;12642
-5.89131666666667;48.4216833333333;8.36784126003371;-17.9448934918677;12655
-5.89046666666667;48.42015;8.32558007872393;-17.85426409608;12667
-5.89021666666667;48.4197166666667;8.36784126003371;-17.9448934918677;12675
-5.88988333333333;48.4191166666667;8.36784126003371;-17.9448934918677;12683
-5.88901666666667;48.4175833333333;8.32558007872393;-17.85426409608;12697
-5.88878333333333;48.41715;8.0127121789087;-17.9968462125391;12702
-5.88821666666667;48.4161166666667;8.05338522258542;-18.0881993643436;12716
-5.88793333333333;48.4156;8.05338522258542;-18.0881993643436;12721
-5.88761666666667;48.415;8.05338522258542;-18.0881993643436;12727
-5.88733333333333;48.4144833333333;8.05338522258542;-18.0881993643436;12737
-5.8862;48.4124333333333;8.36784126003371;-17.9448934918677;12757
-5.88561666666667;48.4114;8.32558007872393;-17.85426409608;12768
-5.88538333333333;48.4109833333333;8.32558007872393;-17.85426409608;12776
-5.88561666666667;48.4114;8.32558007872393;-17.85426409608;12781
-5.8848;48.40995;8.32558007872393;-17.85426409608;12787
-5.88445;48.40935;8.32558007872393;-17.85426409608;12792
-5.88431666666667;48.4091;8.32558007872393;-17.85426409608;12802
-5.88331666666667;48.4073;8.36784126003371;-17.9448934918677;12817
-5.88275;48.4062666666667;8.32558007872393;-17.85426409608;12828
-5.88223333333333;48.4053333333333;8.32558007872393;-17.85426409608;12841
-5.88195;48.4048166666667;8.36784126003371;-17.9448934918677;12846
-5.88131666666667;48.4037;8.32558007872393;-17.85426409608;12866
-5.88073333333333;48.4026833333333;8.32558007872393;-17.85426409608;12876
-5.88015;48.4016666666667;8.32558007872393;-17.85426409608;12882
-5.87986666666667;48.40115;8.32558007872393;-17.85426409608;12890
-5.87961666666667;48.4007333333333;8.32558007872393;-17.85426409608;12895
-5.87933333333333;48.4002166666667;8.32558007872393;-17.85426409608;12901
-5.87905;48.3997;8.32558007872393;-17.85426409608;12911
-5.87841666666667;48.3986;8.32558007872393;-17.85426409608;12924
-5.87783333333333;48.3975666666667;8.32558007872393;-17.85426409608;12931
-5.87673333333333;48.3956166666667;8.28331809133378;-17.7636329716473;12955
-5.87645;48.3951;8.28331809133378;-17.7636329716473;12961
-5.87581666666667;48.394;8.0127121789087;-17.9968462125391;12977
-5.87523333333333;48.3929833333333;7.9720383594434;-17.9054913182849;12986
-5.87466666666667;48.39195;7.69740352934289;-18.1339463153025;12996
-5.8744;48.3914333333333;7.69740352934289;-18.1339463153025;13005
-5.87391666666667;48.3904833333333;7.37975017609562;-18.2655226423509;13020
-5.8731;48.3888333333333;7.37975017609562;-18.2655226423509;13035
-5.87203333333333;48.3867666666667;7.69740352934289;-18.1339463153025;13056
-5.87175;48.38625;7.69740352934289;-18.1339463153025;13068
-5.87125;48.3853;7.69740352934289;-18.1339463153025;13075
-5.86985;48.38265;7.69740352934289;-18.1339463153025;13106
-5.86931666666667;48.3816166666667;7.37975017609562;-18.2655226423509;13117
-5.8688;48.3805666666667;7.41721026383291;-18.3582396130372;13127
-5.86858333333333;48.3801333333333;7.37975017609562;-18.2655226423509;13138
-5.86801666666667;48.3790166666667;7.73647604598343;-18.2259953960688;13147
-5.8678;48.3785833333333;7.69740352934289;-18.1339463153025;13155
-5.86696666666667;48.3769333333333;7.69740352934289;-18.1339463153025;13172
-5.86643333333333;48.3759;7.73647604598343;-18.2259953960688;13185
-5.86621666666667;48.3754666666667;7.69740352934289;-18.1339463153025;13190
-5.86593333333333;48.37495;7.69740352934289;-18.1339463153025;13195
-5.86488333333333;48.3728833333333;7.69740352934289;-18.1339463153025;13223
-5.86296666666667;48.3693;7.65833026744187;-18.0418954788126;13261
-5.86183333333333;48.36715;7.65833026744187;-18.0418954788126;13287
-5.86156666666667;48.3666333333333;7.65833026744187;-18.0418954788126;13295
-5.86081666666667;48.3651833333333;7.65833026744187;-18.0418954788126;13307
-5.8603;48.36415;7.34228937385295;-18.1728039032016;13319
-5.85978333333333;48.3631166666667;7.37975017609562;-18.2655226423509;13333
-5.85951666666667;48.3625833333333;7.34228937385295;-18.1728039032016;13338
-5.85923333333333;48.3619833333333;7.34228937385295;-18.1728039032016;13348
-5.8585;48.3605166666667;7.65833026744187;-18.0418954788126;13368
-5.85796666666667;48.3594833333333;7.65833026744187;-18.0418954788126;13375
-5.8577;48.3589666666667;7.65833026744187;-18.0418954788126;13383
-5.85603333333333;48.3558166666667;8.24105610394364;-17.6730018472147;13417
-5.85488333333333;48.3537833333333;8.24105610394364;-17.6730018472147;13441
-5.85435;48.3528666666667;8.24105610394364;-17.6730018472147;13454
-5.85376666666667;48.35185;8.50440008048278;-17.4366041553411;13463
-5.8523;48.3493333333333;8.54823736238701;-17.5264839028338;13496
-5.8511;48.3473333333333;8.24105610394364;-17.6730018472147;13519
-5.84963333333333;48.3448166666667;7.89069072051281;-17.7227815297765;13551
-5.8482;48.3422833333333;7.89069072051281;-17.7227815297765;13577
-5.84791666666667;48.3417833333333;7.93136453997811;-17.8141364240307;13584
-5.84678333333333;48.3397666666667;7.89069072051281;-17.7227815297765;13611
-5.8451;48.3367333333333;7.89069072051281;-17.7227815297765;13644
-5.84476666666667;48.33615;7.89069072051281;-17.7227815297765;13651
-5.84453333333333;48.3357333333333;7.89069072051281;-17.7227815297765;13657
-5.8451;48.3367333333333;7.89069072051281;-17.7227815297765;13668
-5.8431;48.3332166666667;7.89069072051281;-17.7227815297765;13685
-5.84168333333333;48.3307;7.85001690104752;-17.6314266355223;13717
-5.84135;48.3301;7.58018374363982;-17.8577938058326;13724
-5.84085;48.3291833333333;7.89069072051281;-17.7227815297765;13738
-5.84028333333333;48.3281666666667;7.89069072051281;-17.7227815297765;13747
-5.8397;48.3271666666667;7.89069072051281;-17.7227815297765;13757
-5.83908333333333;48.3260833333333;7.89069072051281;-17.7227815297765;13777
-5.8382;48.3245833333333;7.89069072051281;-17.7227815297765;13792
-5.8371;48.32265;7.58018374363982;-17.8577938058326;13811
-5.83655;48.3216333333333;7.58018374363982;-17.8577938058326;13827
-5.836;48.3206166666667;7.58018374363982;-17.8577938058326;13837
-5.83566666666667;48.3200333333333;7.58018374363982;-17.8577938058326;13842
-5.8354;48.3195166666667;7.58018374363982;-17.8577938058326;13848
-5.83488333333333;48.3186;7.85001690104752;-17.6314266355223;13863
-5.8334;48.316;7.85001690104752;-17.6314266355223;13898
-5.83283333333333;48.3150166666667;7.85001690104752;-17.6314266355223;13905
-5.83225;48.3140166666667;7.85001690104752;-17.6314266355223;13918
-5.83201666666667;48.3136;7.85001690104752;-17.6314266355223;13925
-5.83086666666667;48.3116;7.8093438573708;-17.5400734837178;13945
-5.83053333333333;48.3110166666667;7.85001690104752;-17.6314266355223;13950
-5.8303;48.3106;7.5411104817388;-17.7657429693426;13955
-5.82996666666667;48.31;7.5411104817388;-17.7657429693426;13967
-5.8295;48.3091666666667;7.5411104817388;-17.7657429693426;13976
-5.82918333333333;48.3085833333333;7.5411104817388;-17.7657429693426;13981
-5.82891666666667;48.3080833333333;7.5411104817388;-17.7657429693426;13987
-5.82863333333333;48.3075666666667;7.5411104817388;-17.7657429693426;13994
-5.82808333333333;48.3065666666667;7.5411104817388;-17.7657429693426;14008
-5.82721666666667;48.3049666666667;7.58018374363982;-17.8577938058326;14025
-5.82538333333333;48.3015166666667;7.5411104817388;-17.7657429693426;14064
-5.82428333333333;48.2995;7.5411104817388;-17.7657429693426;14088
-5.82395;48.2989166666667;7.5411104817388;-17.7657429693426;14099
-5.82311666666667;48.2974;7.5411104817388;-17.7657429693426;14114
-5.8226;48.2964833333333;7.5411104817388;-17.7657429693426;14123
-5.82205;48.2954833333333;7.5411104817388;-17.7657429693426;14136
-5.82096666666667;48.2934666666667;7.5411104817388;-17.7657429693426;14166
-5.81985;48.29145;7.5411104817388;-17.7657429693426;14188
-5.8193;48.29045;7.5411104817388;-17.7657429693426;14197
-5.81898333333333;48.28985;7.5411104817388;-17.7657429693426;14206
-5.81821666666667;48.2884333333333;7.22990696712496;-17.8946476857539;14221
-5.81763333333333;48.2873333333333;7.5411104817388;-17.7657429693426;14232
-5.8168;48.2858333333333;7.5411104817388;-17.7657429693426;14251
-5.81656666666667;48.2854166666667;7.5411104817388;-17.7657429693426;14257
-5.81623333333333;48.2848333333333;7.5411104817388;-17.7657429693426;14263
-5.81516666666667;48.2829;7.5411104817388;-17.7657429693426;14287
-5.81455;48.2818166666667;7.5411104817388;-17.7657429693426;14299
-5.81431666666667;48.2814;7.50203796509826;-17.6736938885763;14305
-5.81516666666667;48.2829;7.5411104817388;-17.7657429693426;14313
-5.8132;48.2794;7.50203796509826;-17.6736938885763;14328
-5.81291666666667;48.2789;7.50203796509826;-17.6736938885763;14337
-5.81236666666667;48.2779;7.5411104817388;-17.7657429693426;14344
-5.81203333333333;48.2773166666667;7.5411104817388;-17.7657429693426;14358
-5.81095;48.2754;7.5411104817388;-17.7657429693426;14376
-5.81066666666667;48.2749;7.5411104817388;-17.7657429693426;14383
-5.81038333333333;48.2744;7.5411104817388;-17.7657429693426;14388
-5.8101;48.2739;7.5411104817388;-17.7657429693426;14394
-5.80955;48.2728833333333;7.5411104817388;-17.7657429693426;14405
-5.80813333333333;48.2703833333333;7.5411104817388;-17.7657429693426;14437
-5.80728333333333;48.2688833333333;7.5411104817388;-17.7657429693426;14457
-5.80638333333333;48.2673;7.50203796509826;-17.6736938885763;14478
-5.80585;48.2663833333333;7.85001690104752;-17.6314266355223;14488
-5.80528333333333;48.2654;7.8093438573708;-17.5400734837178;14497
-5.80498333333333;48.2649;7.8093438573708;-17.5400734837178;14503
-5.8044;48.2639;7.85001690104752;-17.6314266355223;14513
-5.80411666666667;48.2634;7.85001690104752;-17.6314266355223;14521
-5.80381666666667;48.2629;7.8093438573708;-17.5400734837178;14528
-5.80346666666667;48.2623166666667;7.8093438573708;-17.5400734837178;14537
-5.80258333333333;48.2608333333333;7.8093438573708;-17.5400734837178;14554
-5.80205;48.2599333333333;7.8093438573708;-17.5400734837178;14565
-5.801;48.2582;7.8093438573708;-17.5400734837178;14587
-5.8005;48.2573666666667;7.8093438573708;-17.5400734837178;14599
-5.79996666666667;48.2564666666667;7.8093438573708;-17.5400734837178;14608
-5.79961666666667;48.2558833333333;7.8093438573708;-17.5400734837178;14615
-5.79871666666667;48.2544;7.8093438573708;-17.5400734837178;14628
-5.79818333333333;48.2534833333333;7.85001690104752;-17.6314266355223;14641
-5.79755;48.2524;7.85001690104752;-17.6314266355223;14656
-5.797;48.2514833333333;7.85001690104752;-17.6314266355223;14666
-5.7964;48.2505;7.85001690104752;-17.6314266355223;14675
-5.7961;48.25;7.85001690104752;-17.6314266355223;14682
-5.79576666666667;48.2494166666667;7.85001690104752;-17.6314266355223;14695
-5.79521666666667;48.2485;7.85001690104752;-17.6314266355223;14701
-5.79491666666667;48.248;7.85001690104752;-17.6314266355223;14708
-5.7946;48.2474166666667;7.5411104817388;-17.7657429693426;14715
-5.79406666666667;48.2465;7.5411104817388;-17.7657429693426;14725
-5.79373333333333;48.2459166666667;7.85001690104752;-17.6314266355223;14731
-5.7935;48.2455;7.85001690104752;-17.6314266355223;14738
-5.7926;48.2440166666667;7.85001690104752;-17.6314266355223;14756
-5.79166666666667;48.2424333333333;7.85001690104752;-17.6314266355223;14775
-5.79111666666667;48.2415333333333;7.85001690104752;-17.6314266355223;14787
-5.7905;48.2405333333333;7.85001690104752;-17.6314266355223;14794
-5.79021666666667;48.2400333333333;7.85001690104752;-17.6314266355223;14802
-5.78896666666667;48.2379666666667;7.85001690104752;-17.6314266355223;14825
-5.78866666666667;48.2374666666667;7.85001690104752;-17.6314266355223;14837
-5.7881;48.2365666666667;7.85001690104752;-17.6314266355223;14843
-5.7869;48.2345833333333;7.85001690104752;-17.6314266355223;14869
-5.78661666666667;48.2340833333333;7.85001690104752;-17.6314266355223;14877
-5.78596666666667;48.233;7.85001690104752;-17.6314266355223;14889
-5.78568333333333;48.2325;7.85001690104752;-17.6314266355223;14897
-5.78513333333333;48.2316;7.8093438573708;-17.5400734837178;14908
-5.78448333333333;48.2305166666667;7.85001690104752;-17.6314266355223;14916
-5.78425;48.2301;7.85001690104752;-17.6314266355223;14923
-5.78395;48.2296;7.85001690104752;-17.6314266355223;14929
-5.78365;48.2291;7.85001690104752;-17.6314266355223;14938
-5.78301666666667;48.2280333333333;7.85001690104752;-17.6314266355223;14948
-5.78365;48.2291;7.85001690104752;-17.6314266355223;14954
-5.78183333333333;48.2260333333333;7.85001690104752;-17.6314266355223;14971
-5.78153333333333;48.2255333333333;7.85001690104752;-17.6314266355223;14978
-5.78098333333333;48.2246166666667;7.85001690104752;-17.6314266355223;14987
-5.78033333333333;48.22355;7.85001690104752;-17.6314266355223;15000
-5.7792;48.2216333333333;7.85001690104752;-17.6314266355223;15023
-5.77885;48.22105;7.85001690104752;-17.6314266355223;15031
-5.77855;48.22055;7.85001690104752;-17.6314266355223;15037
-5.77801666666667;48.21965;7.85001690104752;-17.6314266355223;15049
-5.77771666666667;48.21915;7.85001690104752;-17.6314266355223;15054
-5.77706666666667;48.2180666666667;7.89069072051281;-17.7227815297765;15066
-5.77675;48.2175833333333;8.15653212916335;-17.4917395983494;15078
-5.77583333333333;48.2160833333333;7.85001690104752;-17.6314266355223;15092
-5.77466666666667;48.2141833333333;7.85001690104752;-17.6314266355223;15114
-5.77401666666667;48.2131166666667;7.85001690104752;-17.6314266355223;15127
-5.77371666666667;48.2126166666667;7.85001690104752;-17.6314266355223;15135
-5.77343333333333;48.2121166666667;7.85001690104752;-17.6314266355223;15142
-5.7729;48.2111833333333;7.89069072051281;-17.7227815297765;15152
-5.77201666666667;48.2096833333333;7.85001690104752;-17.6314266355223;15167
-5.77171666666667;48.2091833333333;7.85001690104752;-17.6314266355223;15174
-5.77048333333333;48.2071166666667;7.85001690104752;-17.6314266355223;15203
-5.76905;48.2047166666667;7.85001690104752;-17.6314266355223;15227
-5.76875;48.2042333333333;7.8093438573708;-17.5400734837178;15237
-5.76783333333333;48.20275;7.8093438573708;-17.5400734837178;15255
-5.76691666666667;48.2012666666667;7.85001690104752;-17.6314266355223;15272
-5.76656666666667;48.2006833333333;7.85001690104752;-17.6314266355223;15277
-5.766;48.1997666666667;7.85001690104752;-17.6314266355223;15287
-5.7657;48.1992833333333;7.85001690104752;-17.6314266355223;15297
-5.76481666666667;48.1977833333333;7.5411104817388;-17.7657429693426;15313
-5.76446666666667;48.1972;7.5411104817388;-17.7657429693426;15319
-5.76393333333333;48.1962833333333;7.89069072051281;-17.7227815297765;15331
-5.7636;48.1957;7.58018374363982;-17.8577938058326;15336
-5.76306666666667;48.1947833333333;7.85001690104752;-17.6314266355223;15352
-5.76213333333333;48.1931833333333;7.89069072051281;-17.7227815297765;15369
-5.7613;48.1917666666667;7.89069072051281;-17.7227815297765;15386
-5.76065;48.1906833333333;7.89069072051281;-17.7227815297765;15399
-5.7598;48.1892666666667;7.89069072051281;-17.7227815297765;15418
-5.7589;48.1877666666667;7.93136453997811;-17.8141364240307;15431
-5.75831666666667;48.18675;7.93136453997811;-17.8141364240307;15443
-5.75801666666667;48.18625;7.93136453997811;-17.8141364240307;15454
-5.75713333333333;48.1847333333333;7.93136453997811;-17.8141364240307;15472
-5.75593333333333;48.1827166666667;7.9720383594434;-17.9054913182849;15496
-5.75463333333333;48.1806333333333;8.28331809133378;-17.7636329716473;15516
-5.75436666666667;48.1802166666667;8.28331809133378;-17.7636329716473;15522
-5.75406666666667;48.1797166666667;7.9720383594434;-17.9054913182849;15529
-5.75338333333333;48.1786166666667;7.9720383594434;-17.9054913182849;15544
-5.75308333333333;48.1781166666667;7.9720383594434;-17.9054913182849;15549
-5.75283333333333;48.1777;7.65833026744187;-18.0418954788126;15555
-5.75248333333333;48.1771;7.65833026744187;-18.0418954788126;15561
-5.75158333333333;48.1755833333333;7.65833026744187;-18.0418954788126;15579
-5.75105;48.17465;7.69740352934289;-18.1339463153025;15589
-5.74933333333333;48.1715833333333;7.37975017609562;-18.2655226423509;15625
-5.74871666666667;48.1704666666667;7.37975017609562;-18.2655226423509;15637
-5.7482;48.1695333333333;7.37975017609562;-18.2655226423509;15649
-5.747;48.1674;7.69740352934289;-18.1339463153025;15673
-5.74641666666667;48.1663833333333;7.65833026744187;-18.0418954788126;15687
-5.74585;48.1653666666667;7.65833026744187;-18.0418954788126;15695
-5.74411666666667;48.1623166666667;7.65833026744187;-18.0418954788126;15735
-5.74353333333333;48.1613;7.65833026744187;-18.0418954788126;15746
-5.74295;48.1603;7.65833026744187;-18.0418954788126;15759
-5.74271666666667;48.1598666666667;7.61925700554085;-17.9498446423226;15764
-5.74241666666667;48.1593666666667;7.65833026744187;-18.0418954788126;15769
-5.74208333333333;48.1587666666667;7.65833026744187;-18.0418954788126;15775
-5.74121666666667;48.15725;7.65833026744187;-18.0418954788126;15792
-5.74096666666667;48.1568166666667;7.65833026744187;-18.0418954788126;15803
-5.7404;48.1558;7.65833026744187;-18.0418954788126;15814
-5.74006666666667;48.1552166666667;7.65833026744187;-18.0418954788126;15819
-5.73891666666667;48.1531666666667;7.65833026744187;-18.0418954788126;15844
-5.73808333333333;48.1517333333333;7.9720383594434;-17.9054913182849;15862
-5.73773333333333;48.15115;7.93136453997811;-17.8141364240307;15868
-5.73685;48.1496333333333;7.65833026744187;-18.0418954788126;15885
-5.73513333333333;48.1466833333333;7.65833026744187;-18.0418954788126;15918
-5.7348;48.1460833333333;7.61925700554085;-17.9498446423226;15925
-5.73455;48.1456666666667;7.65833026744187;-18.0418954788126;15933
-5.73391666666667;48.1445666666667;7.65833026744187;-18.0418954788126;15942
-5.73368333333333;48.1441333333333;7.65833026744187;-18.0418954788126;15947
-5.73333333333333;48.14355;7.65833026744187;-18.0418954788126;15957
-5.73275;48.1425333333333;7.65833026744187;-18.0418954788126;15969
-5.73245;48.1420333333333;7.65833026744187;-18.0418954788126;15975
-5.7322;48.1416166666667;7.61925700554085;-17.9498446423226;15982
-5.73191666666667;48.1411;7.65833026744187;-18.0418954788126;15987
-5.73161666666667;48.1406;7.65833026744187;-18.0418954788126;15994
-5.73128333333333;48.14;7.61925700554085;-17.9498446423226;15999
-5.73071666666667;48.139;7.65833026744187;-18.0418954788126;16008
-5.73013333333333;48.1379833333333;7.61925700554085;-17.9498446423226;16023
-5.72985;48.1374666666667;7.61925700554085;-17.9498446423226;16029
-5.72955;48.1369666666667;7.61925700554085;-17.9498446423226;16037
-5.72873333333333;48.1355333333333;7.61925700554085;-17.9498446423226;16053
-5.7284;48.13495;7.58018374363982;-17.8577938058326;16058
-5.72781666666667;48.1339333333333;7.65833026744187;-18.0418954788126;16071
-5.72751666666667;48.1334333333333;7.61925700554085;-17.9498446423226;16078
-5.72693333333333;48.1324333333333;7.61925700554085;-17.9498446423226;16086
-5.72663333333333;48.1319333333333;7.61925700554085;-17.9498446423226;16093
-5.72638333333333;48.1315;7.61925700554085;-17.9498446423226;16101
-5.72546666666667;48.1299166666667;7.61925700554085;-17.9498446423226;16116
-5.72516666666667;48.1294166666667;7.58018374363982;-17.8577938058326;16125
-5.72428333333333;48.1279;7.58018374363982;-17.8577938058326;16142
-5.724;48.1274;7.58018374363982;-17.8577938058326;16149
-5.72345;48.1264833333333;7.61925700554085;-17.9498446423226;16159
-5.72316666666667;48.1259666666667;7.61925700554085;-17.9498446423226;16168
-5.72223333333333;48.1243833333333;7.61925700554085;-17.9498446423226;16186
-5.72166666666667;48.1233666666667;7.58018374363982;-17.8577938058326;16194
-5.72143333333333;48.12295;7.30482857161029;-18.0800851640524;16199
-5.72081666666667;48.1218666666667;7.61925700554085;-17.9498446423226;16218
-5.72028333333333;48.1209333333333;7.61925700554085;-17.9498446423226;16228
-5.71965;48.11985;7.89069072051281;-17.7227815297765;16236
-5.71936666666667;48.11935;7.58018374363982;-17.8577938058326;16245
-5.71853333333333;48.1179333333333;7.58018374363982;-17.8577938058326;16261
-5.71736666666667;48.1159166666667;7.58018374363982;-17.8577938058326;16286
-5.71673333333333;48.1148333333333;7.58018374363982;-17.8577938058326;16296
-5.71565;48.1129;7.58018374363982;-17.8577938058326;16322
-5.71536666666667;48.1124;7.58018374363982;-17.8577938058326;16328
-5.71388333333333;48.1098;7.58018374363982;-17.8577938058326;16360
-5.7136;48.1092833333333;7.58018374363982;-17.8577938058326;16366
-5.71301666666667;48.1082833333333;7.58018374363982;-17.8577938058326;16375
-5.7125;48.1073666666667;7.58018374363982;-17.8577938058326;16386
-5.71215;48.1067666666667;7.89069072051281;-17.7227815297765;16396
-5.71013333333333;48.1032666666667;7.85001690104752;-17.6314266355223;16434
-5.7099;48.1028333333333;7.89069072051281;-17.7227815297765;16441
-5.70926666666667;48.10175;7.89069072051281;-17.7227815297765;16457
-5.70873333333333;48.1008333333333;7.58018374363982;-17.8577938058326;16466
-5.70841666666667;48.10025;7.58018374363982;-17.8577938058326;16472
-5.7076;48.0988333333333;7.58018374363982;-17.8577938058326;16489
-5.70731666666667;48.0983166666667;7.58018374363982;-17.8577938058326;16498
-5.70673333333333;48.0973166666667;7.58018374363982;-17.8577938058326;16508
-5.70646666666667;48.0968;7.58018374363982;-17.8577938058326;16513
-5.70445;48.0932833333333;7.58018374363982;-17.8577938058326;16558
-5.70413333333333;48.0927;7.58018374363982;-17.8577938058326;16564
-5.7036;48.0917833333333;7.58018374363982;-17.8577938058326;16573
-5.70211666666667;48.0892;7.5411104817388;-17.7657429693426;16605
-5.70186666666667;48.0887833333333;7.5411104817388;-17.7657429693426;16613
-5.70071666666667;48.0867833333333;7.5411104817388;-17.7657429693426;16633
-5.70015;48.0857666666667;7.58018374363982;-17.8577938058326;16647
-5.6996;48.0847666666667;7.58018374363982;-17.8577938058326;16657
-5.69875;48.08325;7.58018374363982;-17.8577938058326;16676
-5.69761666666667;48.0812333333333;7.58018374363982;-17.8577938058326;16700
-5.69733333333333;48.0807333333333;7.58018374363982;-17.8577938058326;16707
-5.6962;48.0787333333333;7.58018374363982;-17.8577938058326;16728
-5.69558333333333;48.07765;7.5411104817388;-17.7657429693426;16743
-5.69391666666667;48.0747166666667;7.5411104817388;-17.7657429693426;16777
-5.69335;48.0737166666667;7.5411104817388;-17.7657429693426;16788
-5.69305;48.0732166666667;7.5411104817388;-17.7657429693426;16797
-5.69271666666667;48.0726333333333;7.5411104817388;-17.7657429693426;16804
-5.69216666666667;48.0717333333333;7.85001690104752;-17.6314266355223;16816
-5.69188333333333;48.0712333333333;7.5411104817388;-17.7657429693426;16822
-5.69103333333333;48.0697333333333;7.22990696712496;-17.8946476857539;16835
-5.69043333333333;48.0686333333333;7.22990696712496;-17.8946476857539;16851
-5.68988333333333;48.0676333333333;7.22990696712496;-17.8946476857539;16862
-5.68761666666667;48.0636333333333;7.5411104817388;-17.7657429693426;16911
-5.68705;48.0626333333333;7.5411104817388;-17.7657429693426;16924
-5.68653333333333;48.0617166666667;7.50203796509826;-17.6736938885763;16932
-5.68596666666667;48.0607166666667;7.5411104817388;-17.7657429693426;16945
-5.68535;48.0596333333333;7.5411104817388;-17.7657429693426;16957
-5.68453333333333;48.0582166666667;7.5411104817388;-17.7657429693426;16975
-5.68418333333333;48.0576333333333;7.5411104817388;-17.7657429693426;16981
-5.68338333333333;48.0562166666667;7.5411104817388;-17.7657429693426;17002
-5.68281666666667;48.0552166666667;7.5411104817388;-17.7657429693426;17014
-5.68225;48.0542166666667;7.5411104817388;-17.7657429693426;17025
-5.68191666666667;48.0536333333333;7.5411104817388;-17.7657429693426;17033
-5.68078333333333;48.0516333333333;7.5411104817388;-17.7657429693426;17051
-5.67961666666667;48.0496333333333;7.5411104817388;-17.7657429693426;17077
-5.67938333333333;48.0492166666667;7.5411104817388;-17.7657429693426;17085
-5.67881666666667;48.0482166666667;7.5411104817388;-17.7657429693426;17097
-5.67768333333333;48.0462166666667;7.5411104817388;-17.7657429693426;17122
-5.67706666666667;48.0451333333333;7.50203796509826;-17.6736938885763;17132
-5.67676666666667;48.0446333333333;7.85001690104752;-17.6314266355223;17137
-5.67618333333333;48.04365;7.8093438573708;-17.5400734837178;17152
-5.67593333333333;48.0432333333333;7.8093438573708;-17.5400734837178;17162
-5.67521666666667;48.042;7.50203796509826;-17.6736938885763;17169
-5.6748;48.04125;7.19244687938766;-17.8019307150675;17178
-5.67418333333333;48.0401666666667;7.50203796509826;-17.6736938885763;17192
-5.67395;48.03975;7.50203796509826;-17.6736938885763;17198
-5.67366666666667;48.03925;7.50203796509826;-17.6736938885763;17205
-5.67333333333333;48.0386666666667;7.46296470319723;-17.5816430520863;17210
-5.67216666666667;48.0367;7.46296470319723;-17.5816430520863;17233
-5.67158333333333;48.0357166666667;7.7686700379055;-17.4487185894636;17245
-5.67128333333333;48.0352166666667;7.46296470319723;-17.5816430520863;17255
-5.67075;48.0343166666667;7.46296470319723;-17.5816430520863;17263
-5.67045;48.0338166666667;7.46296470319723;-17.5816430520863;17269
-5.67016666666667;48.0333333333333;7.50203796509826;-17.6736938885763;17275
-5.66903333333333;48.03135;7.46296470319723;-17.5816430520863;17301
-5.66841666666667;48.0302833333333;7.42389144129621;-17.4895922155964;17313
-5.66788333333333;48.0293666666667;7.42389144129621;-17.4895922155964;17325
-5.6676;48.0288833333333;7.42389144129621;-17.4895922155964;17331
-5.66698333333333;48.0278166666667;7.38481817939519;-17.3975413791064;17340
-5.66616666666667;48.0264333333333;7.38481817939519;-17.3975413791064;17363
-5.66556666666667;48.0253833333333;7.38481817939519;-17.3975413791064;17374
-5.66475;48.024;7.38481817939519;-17.3975413791064;17387
-5.66446666666667;48.0235;7.38481817939519;-17.3975413791064;17393
-5.66096666666667;48.0176;7.34574491749416;-17.3054905426164;17469
-5.65983333333333;48.0156666666667;7.00514358267971;-17.3383387877841;17491
-5.6596;48.0152666666667;7.042603670417;-17.4310557584705;17497
-5.65875;48.0138166666667;7.30667240085362;-17.2134414618501;17514
-5.65811666666667;48.0127666666667;7.30667240085362;-17.2134414618501;17528
-5.65783333333333;48.0122833333333;7.2675991389526;-17.1213906253601;17534
-5.65753333333333;48.0118166666667;7.2675991389526;-17.1213906253601;17541
-5.65696666666667;48.01085;7.2675991389526;-17.1213906253601;17551
-5.65673333333333;48.01045;7.22852587705157;-17.0293397888701;17557
-5.65588333333333;48.0090166666667;7.2675991389526;-17.1213906253601;17575
-5.65558333333333;48.00855;7.22852587705157;-17.0293397888701;17582
-5.65526666666667;48.0079833333333;7.22852587705157;-17.0293397888701;17588
-5.65496666666667;48.0075;7.22852587705157;-17.0293397888701;17593
-5.65468333333333;48.0070333333333;7.22852587705157;-17.0293397888701;17598
-5.6544;48.00655;7.22852587705157;-17.0293397888701;17605
-5.65411666666667;48.0060833333333;7.22852587705157;-17.0293397888701;17610
-5.65328333333333;48.00475;7.18945261515055;-16.9372889523802;17633
-5.6521;48.0027666666667;7.18945261515055;-16.9372889523802;17655
-5.65181666666667;48.0022833333333;7.22852587705157;-17.0293397888701;17660
-5.6521;48.0027666666667;7.18945261515055;-16.9372889523802;17668
-5.65045;47.9999833333333;7.22852587705157;-17.0293397888701;17691
-5.64953333333333;47.9984833333333;7.22852587705157;-17.0293397888701;17707
-5.64893333333333;47.9975333333333;7.18945261515055;-16.9372889523802;17718
-5.6487;47.99715;7.22852587705157;-17.0293397888701;17724
-5.64661666666667;47.99375;7.18945261515055;-16.9372889523802;17770
-5.64603333333333;47.9928;7.18945261515055;-16.9372889523802;17779
-5.64516666666667;47.9913833333333;7.18945261515055;-16.9372889523802;17797
-5.64463333333333;47.9905166666667;7.18945261515055;-16.9372889523802;17811
-5.64433333333333;47.99005;7.18945261515055;-16.9372889523802;17816
-5.64368333333333;47.9890333333333;7.18945261515055;-16.9372889523802;17826
-5.64306666666667;47.9881;7.15037935324952;-16.8452381158902;17839
-5.64163333333333;47.9858333333333;7.18945261515055;-16.9372889523802;17870
-5.64133333333333;47.9853666666667;6.89276117595171;-17.0601825703363;17876
-5.64071666666667;47.98435;6.89276117595171;-17.0601825703363;17888
-5.64043333333333;47.9838666666667;6.89276117595171;-17.0601825703363;17893
-5.6399;47.983;6.89276117595171;-17.0601825703363;17906
-5.63901666666667;47.9815;6.89276117595171;-17.0601825703363;17922
-5.63876666666667;47.9811;6.89276117595171;-17.0601825703363;17930
-5.6376;47.9791333333333;6.89276117595171;-17.0601825703363;17954
-5.63733333333333;47.97865;6.89276117595171;-17.0601825703363;17959
-5.63473333333333;47.9744;6.89276117595171;-17.0601825703363;18013
-5.63386666666667;47.9729833333333;6.89276117595171;-17.0601825703363;18031
-5.63306666666667;47.97165;6.89276117595171;-17.0601825703363;18050
-5.63213333333333;47.97015;6.93022197819438;-17.1529013094856;18066
-5.63185;47.9696666666667;6.89276117595171;-17.0601825703363;18072
-5.63131666666667;47.9688;6.93022197819438;-17.1529013094856;18084
-5.62955;47.9659666666667;6.89276117595171;-17.0601825703363;18122
-5.6292;47.9654166666667;6.89276117595171;-17.0601825703363;18127
-5.62831666666667;47.964;6.89276117595171;-17.0601825703363;18144
-5.62803333333333;47.9635166666667;6.93022197819438;-17.1529013094856;18152
-5.62778333333333;47.9631333333333;6.62980706658805;-17.2712378901982;18158
-5.62803333333333;47.9635166666667;6.93022197819438;-17.1529013094856;18168
-5.62665;47.9612333333333;6.62980706658805;-17.2712378901982;18181
-5.62631666666667;47.9606666666667;6.62980706658805;-17.2712378901982;18187
-5.62605;47.9601833333333;6.32737265152487;-17.3843134845393;18194
-5.62525;47.95885;6.593970134927;-17.1778794914158;18210
-5.62496666666667;47.9583666666667;6.29317050672198;-17.2903438639964;18215
-5.62465;47.9578166666667;6.29317050672198;-17.2903438639964;18225
-5.62356666666667;47.9559;5.99045391781729;-17.3975414303407;18248
-5.62276666666667;47.9544666666667;6.32737265152487;-17.3843134845393;18267
-5.62253333333333;47.9540666666667;6.29317050672198;-17.2903438639964;18273
-5.61995;47.9497333333333;6.25896836191908;-17.1963742434535;18325
-5.61945;47.94885;5.95789697817718;-17.3029892120941;18335
-5.61861666666667;47.94735;5.95789697817718;-17.3029892120941;18355
-5.6184;47.94695;5.95789697817718;-17.3029892120941;18361
-5.61786666666667;47.946;5.95789697817718;-17.3029892120941;18372
-5.6176;47.9455166666667;5.95789697817718;-17.3029892120941;18378
-5.6168;47.9440833333333;6.29317050672198;-17.2903438639964;18397
-5.61625;47.9431333333333;6.25896836191908;-17.1963742434535;18410
-5.61591666666667;47.9425833333333;6.29317050672198;-17.2903438639964;18415
-5.6157;47.9422;6.29317050672198;-17.2903438639964;18422
-5.61455;47.9402166666667;6.29317050672198;-17.2903438639964;18447
-5.61403333333333;47.93935;6.29317050672198;-17.2903438639964;18456
-5.61348333333333;47.9384;6.29317050672198;-17.2903438639964;18470
-5.61293333333333;47.93745;6.29317050672198;-17.2903438639964;18480
-5.61238333333333;47.9365;6.25896836191908;-17.1963742434535;18492
-5.6121;47.9360166666667;6.29317050672198;-17.2903438639964;18502
-5.61153333333333;47.9350666666667;6.29317050672198;-17.2903438639964;18513
-5.61093333333333;47.93405;6.29317050672198;-17.2903438639964;18522
-5.61036666666667;47.9331;6.25896836191908;-17.1963742434535;18536
-5.60983333333333;47.93215;6.29317050672198;-17.2903438639964;18546
-5.60878333333333;47.9303166666667;6.29317050672198;-17.2903438639964;18570
-5.60816666666667;47.9292833333333;6.29317050672198;-17.2903438639964;18586
-5.60788333333333;47.9288166666667;6.29317050672198;-17.2903438639964;18593
-5.60733333333333;47.92785;6.29317050672198;-17.2903438639964;18603
-5.60621666666667;47.92595;6.29317050672198;-17.2903438639964;18623
-5.60508333333333;47.92405;6.29317050672198;-17.2903438639964;18650
-5.60478333333333;47.9235833333333;6.32737265152487;-17.3843134845393;18657
-5.60421666666667;47.9226333333333;6.32737265152487;-17.3843134845393;18666
-5.60363333333333;47.9216833333333;6.32737265152487;-17.3843134845393;18678
-5.60305;47.9207333333333;6.32737265152487;-17.3843134845393;18691
-5.60251666666667;47.91985;6.32737265152487;-17.3843134845393;18702
-5.60131666666667;47.9178666666667;6.32737265152487;-17.3843134845393;18728
-5.60073333333333;47.9169166666667;6.32737265152487;-17.3843134845393;18738
-5.60045;47.9164333333333;6.36157479632777;-17.4782831050822;18744
-5.59873333333333;47.9135833333333;6.32737265152487;-17.3843134845393;18780
-5.59845;47.9131;6.32737265152487;-17.3843134845393;18788
-5.59873333333333;47.9135833333333;6.32737265152487;-17.3843134845393;18797
-5.59788333333333;47.91215;6.32737265152487;-17.3843134845393;18803
-5.59641666666667;47.9097666666667;6.32737265152487;-17.3843134845393;18828
-5.59491666666667;47.9074;6.36157479632777;-17.4782831050822;18860
-5.59378333333333;47.9055833333333;6.32737265152487;-17.3843134845393;18883
-5.59283333333333;47.9040833333333;6.36157479632777;-17.4782831050822;18901
-5.59228333333333;47.9032166666667;6.36157479632777;-17.4782831050822;18911
-5.59195;47.90265;6.36157479632777;-17.4782831050822;18922
-5.59081666666667;47.9007333333333;6.05556779709752;-17.586645866834;18942
-5.59001666666667;47.8993833333333;6.05556779709752;-17.586645866834;18961
-5.58916666666667;47.8979333333333;6.05556779709752;-17.586645866834;18977
-5.58888333333333;47.8974666666667;6.36157479632777;-17.4782831050822;18986
-5.58825;47.8964166666667;6.36157479632777;-17.4782831050822;18997
-5.58796666666667;47.89595;6.36157479632777;-17.4782831050822;19003
-5.58711666666667;47.8946;6.66564399824911;-17.3645962889806;19022
-5.58676666666667;47.8940333333333;6.66564399824911;-17.3645962889806;19028
-5.58621666666667;47.8931666666667;6.36157479632777;-17.4782831050822;19040
-5.58591666666667;47.8927;6.36157479632777;-17.4782831050822;19045
-5.585;47.8911833333333;6.32737265152487;-17.3843134845393;19065
-5.58418333333333;47.8898333333333;6.32737265152487;-17.3843134845393;19082
-5.58388333333333;47.88935;6.32737265152487;-17.3843134845393;19087
-5.5836;47.8888833333333;6.36157479632777;-17.4782831050822;19092
-5.58301666666667;47.8879166666667;6.36157479632777;-17.4782831050822;19104
-5.5821;47.8864166666667;6.36157479632777;-17.4782831050822;19125
-5.58125;47.8850666666667;6.36157479632777;-17.4782831050822;19140
-5.58006666666667;47.88315;6.36157479632777;-17.4782831050822;19164
-5.57941666666667;47.8821166666667;6.36157479632777;-17.4782831050822;19177
-5.57881666666667;47.8811666666667;6.39577694113067;-17.5722527256251;19190
-5.57795;47.8798166666667;6.39577694113067;-17.5722527256251;19205
-5.57706666666667;47.8783833333333;6.08812473673763;-17.6811980850806;19224
-5.57643333333333;47.87735;5.74771621325465;-17.6896515658891;19237
-5.57585;47.8764;5.74771621325465;-17.6896515658891;19247
-5.57533333333333;47.8755166666667;5.74771621325465;-17.6896515658891;19259
-5.57505;47.8750333333333;5.74771621325465;-17.6896515658891;19264
-5.57423333333333;47.8735833333333;5.43811381937386;-17.7872688257138;19286
-5.5739;47.8730166666667;5.43811381937386;-17.7872688257138;19292
-5.57308333333333;47.8715666666667;5.43811381937386;-17.7872688257138;19307
-5.57281666666667;47.8710833333333;5.77861803057278;-17.7847575803179;19313
-5.5723;47.8702;5.74771621325465;-17.6896515658891;19327
-5.57168333333333;47.8691666666667;5.77861803057278;-17.7847575803179;19338
-5.57145;47.8687666666667;5.77861803057278;-17.7847575803179;19345
-5.57083333333333;47.8677166666667;5.74771621325465;-17.6896515658891;19357
-5.57026666666667;47.8667666666667;5.74771621325465;-17.6896515658891;19367
-5.56998333333333;47.8662833333333;5.74771621325465;-17.6896515658891;19373
-5.56975;47.8658666666667;5.43811381937386;-17.7872688257138;19378
-5.56835;47.8633666666667;5.77861803057278;-17.7847575803179;19411
-5.56778333333333;47.8624;5.74771621325465;-17.6896515658891;19423
-5.56725;47.8614333333333;5.77861803057278;-17.7847575803179;19434
-5.56701666666667;47.8610333333333;5.77861803057278;-17.7847575803179;19441
-5.56591666666667;47.8591;5.77861803057278;-17.7847575803179;19465
-5.5656;47.8585333333333;5.80951925848776;-17.8798617807503;19472
-5.56508333333333;47.8576333333333;5.77861803057278;-17.7847575803179;19482
-5.56481666666667;47.85715;5.77861803057278;-17.7847575803179;19487
-5.56448333333333;47.8565833333333;5.77861803057278;-17.7847575803179;19495
-5.56398333333333;47.8557;5.77861803057278;-17.7847575803179;19507
-5.56366666666667;47.8551333333333;5.77861803057278;-17.7847575803179;19512
-5.56338333333333;47.8546333333333;5.80951925848776;-17.8798617807503;19518
-5.56315;47.8542333333333;5.80951925848776;-17.8798617807503;19523
-5.56283333333333;47.8536666666667;5.77861803057278;-17.7847575803179;19532
-5.5626;47.8532666666667;5.77861803057278;-17.7847575803179;19537
-5.56205;47.8522833333333;5.80951925848776;-17.8798617807503;19546
-5.56148333333333;47.8513166666667;5.80951925848776;-17.8798617807503;19561
-5.56036666666667;47.8493666666667;5.80951925848776;-17.8798617807503;19583
-5.5598;47.8484;5.80951925848776;-17.8798617807503;19599
-5.55951666666667;47.8479;5.84042107580588;-17.9749677951791;19604
-5.55925;47.8474166666667;5.84042107580588;-17.9749677951791;19610
-5.5587;47.8464333333333;5.84042107580588;-17.9749677951791;19622
-5.557;47.8435;5.84042107580588;-17.9749677951791;19657
-5.55613333333333;47.84205;5.80951925848776;-17.8798617807503;19672
-5.55583333333333;47.8415666666667;5.84042107580588;-17.9749677951791;19681
-5.55493333333333;47.8400333333333;5.80951925848776;-17.8798617807503;19698
-5.5547;47.8396166666667;5.84042107580588;-17.9749677951791;19703
-5.55413333333333;47.8386333333333;5.49658782572555;-17.9785286825024;19719
-5.55358333333333;47.8376666666667;5.84042107580588;-17.9749677951791;19726
-5.55273333333333;47.8362;5.84042107580588;-17.9749677951791;19749
-5.55241666666667;47.8356166666667;5.84042107580588;-17.9749677951791;19755
-5.5513;47.83365;5.84042107580588;-17.9749677951791;19774
-5.55101666666667;47.8331666666667;5.871322893124;-18.0700738096079;19784
-5.5499;47.8312;5.84042107580588;-17.9749677951791;19807
-5.54908333333333;47.8298166666667;5.84042107580588;-17.9749677951791;19823
-5.5468;47.8258166666667;5.52582510772878;-18.0741595229001;19874
-5.53961666666667;47.8130666666667;5.90222471044213;-18.1651798240367;20029
-5.53065;47.7972;5.90222471044213;-18.1651798240367;20223
-5.53033333333333;47.7966166666667;5.90222471044213;-18.1651798240367;20229
-5.52981666666667;47.7957;5.90222471044213;-18.1651798240367;20240
-5.5295;47.7951166666667;5.90222471044213;-18.1651798240367;20245
-5.5287;47.7936333333333;5.58429967173523;-18.2654212036953;20261
-5.52711666666667;47.7907333333333;5.871322893124;-18.0700738096079;20297
-5.52678333333333;47.79015;5.871322893124;-18.0700738096079;20308
-5.5265;47.7896666666667;5.871322893124;-18.0700738096079;20313
-5.52291666666667;47.7833333333333;5.871322893124;-18.0700738096079;20389
-5.52265;47.7828333333333;5.871322893124;-18.0700738096079;20394
-5.52205;47.7817666666667;5.871322893124;-18.0700738096079;20408
-5.52291666666667;47.7833333333333;5.871322893124;-18.0700738096079;20416
-5.52013333333333;47.7783833333333;5.90222471044213;-18.1651798240367;20446
-5.51925;47.7768166666667;5.90222471044213;-18.1651798240367;20467
-5.51846666666667;47.7754166666667;5.90222471044213;-18.1651798240367;20485
-5.51763333333333;47.7739166666667;5.90222471044213;-18.1651798240367;20501
-5.51735;47.7734333333333;5.90222471044213;-18.1651798240367;20510
-5.51646666666667;47.7718666666667;5.871322893124;-18.0700738096079;20528
-5.51511666666667;47.7694666666667;6.18579493468598;-17.964852936387;20557
-5.51455;47.7684833333333;5.871322893124;-18.0700738096079;20570
-5.51403333333333;47.7675833333333;5.90222471044213;-18.1651798240367;20582
-5.51366666666667;47.7669166666667;5.90222471044213;-18.1651798240367;20588
-5.5129;47.7655166666667;5.871322893124;-18.0700738096079;20605
-5.51236666666667;47.7645333333333;5.871322893124;-18.0700738096079;20614
-5.51205;47.76395;5.871322893124;-18.0700738096079;20621
-5.51183333333333;47.7635333333333;5.871322893124;-18.0700738096079;20630
-5.51098333333333;47.7619666666667;5.871322893124;-18.0700738096079;20645
-5.51075;47.7615666666667;5.84042107580588;-17.9749677951791;20652
-5.50991666666667;47.7600833333333;6.18579493468598;-17.964852936387;20670
-5.50963333333333;47.7596;6.15323799504587;-17.8703007181404;20678
-5.5093;47.7590333333333;6.18579493468598;-17.964852936387;20684
-5.50906666666667;47.7586166666667;5.871322893124;-18.0700738096079;20690
-5.50798333333333;47.75665;5.52582510772878;-18.0741595229001;20712
-5.5072;47.7551666666667;5.52582510772878;-18.0741595229001;20731
-5.50586666666667;47.7526333333333;5.80951925848776;-17.8798617807503;20761
-5.50551666666667;47.7519833333333;5.77861803057278;-17.7847575803179;20769
-5.5046;47.7502666666667;5.77861803057278;-17.7847575803179;20791
-5.5043;47.7497;5.77861803057278;-17.7847575803179;20797
-5.50353333333333;47.7483166666667;5.74771621325465;-17.6896515658891;20813
-5.50296666666667;47.7472666666667;5.74771621325465;-17.6896515658891;20825
-5.50243333333333;47.7463;5.74771621325465;-17.6896515658891;20838
-5.50216666666667;47.7458166666667;5.74771621325465;-17.6896515658891;20846
-5.50195;47.7454166666667;5.74771621325465;-17.6896515658891;20852
-5.5011;47.7438833333333;5.74771621325465;-17.6896515658891;20868
-5.50056666666667;47.7429166666667;5.74771621325465;-17.6896515658891;20881
-5.50006666666667;47.7420166666667;5.74771621325465;-17.6896515658891;20891
-5.4995;47.7409666666667;5.74771621325465;-17.6896515658891;20905
-5.4987;47.7395166666667;5.74771621325465;-17.6896515658891;20922
-5.49786666666667;47.7380833333333;6.05556779709752;-17.586645866834;20940
-5.49736666666667;47.7372;6.05556779709752;-17.586645866834;20951
-5.49703333333333;47.7366333333333;6.05556779709752;-17.586645866834;20962
-5.49653333333333;47.73575;5.74771621325465;-17.6896515658891;20968
-5.4957;47.7342166666667;5.74771621325465;-17.6896515658891;20988
-5.49516666666667;47.73325;5.74771621325465;-17.6896515658891;21000
-5.4933;47.72985;5.77861803057278;-17.7847575803179;21042
-5.49168333333333;47.7269333333333;5.77861803057278;-17.7847575803179;21078
-5.49038333333333;47.7246;5.74771621325465;-17.6896515658891;21108
-5.48981666666667;47.72355;5.74771621325465;-17.6896515658891;21119
-5.48933333333333;47.7226666666667;5.71681439593653;-17.5945455514603;21132
-5.48901666666667;47.7221;5.71681439593653;-17.5945455514603;21143
-5.48713333333333;47.71875;5.71681439593653;-17.5945455514603;21181
-5.48663333333333;47.7178666666667;5.71681439593653;-17.5945455514603;21192
-5.48633333333333;47.7173166666667;5.71681439593653;-17.5945455514603;21197
-5.48575;47.7163666666667;6.0230108574574;-17.4920936485874;21210
-5.48551666666667;47.7159666666667;6.0230108574574;-17.4920936485874;21218
-5.4843;47.714;5.68591257861841;-17.4994395370316;21240
-5.48406666666667;47.7136;5.71681439593653;-17.5945455514603;21245
-5.48378333333333;47.7131166666667;5.68591257861841;-17.4994395370316;21251
-5.48356666666667;47.7127333333333;5.37963925536741;-17.5960071449185;21256
-5.48346666666667;47.7125666666667;5.37963925536741;-17.5960071449185;21262
-5.4832;47.7120833333333;5.40887653737064;-17.6916379853162;21267
-5.48293333333333;47.7116166666667;5.68591257861841;-17.4994395370316;21272
-5.4824;47.71065;5.37963925536741;-17.5960071449185;21282
-5.48191666666667;47.7097833333333;5.37963925536741;-17.5960071449185;21293
-5.4814;47.7088333333333;5.35040197336418;-17.5003763045209;21306
-5.48003333333333;47.7064666666667;5.92534065950905;-17.208438797281;21337
-5.4797;47.7059333333333;5.92534065950905;-17.208438797281;21342
-5.47866666666667;47.7042;5.65501076130028;-17.4043335226028;21367
-5.47723333333333;47.7017666666667;5.35040197336418;-17.5003763045209;21396
-5.47693333333333;47.7012166666667;5.35040197336418;-17.5003763045209;21402
-5.47671666666667;47.7008166666667;5.35040197336418;-17.5003763045209;21409
-5.47536666666667;47.6983666666667;5.6241095333853;-17.3092293221703;21437
-5.47508333333333;47.6979;5.6241095333853;-17.3092293221703;21443
-5.47406666666667;47.6961;5.59320771606718;-17.2141233077415;21468
-5.4738;47.6956166666667;5.59320771606718;-17.2141233077415;21473
-5.47113333333333;47.6909333333333;5.56230589874906;-17.1190172933128;21534
-5.4706;47.69;5.59320771606718;-17.2141233077415;21546
-5.47031666666667;47.6895333333333;5.56230589874906;-17.1190172933128;21552
-5.47001666666667;47.6889833333333;5.56230589874906;-17.1190172933128;21562
-5.46926666666667;47.6876666666667;5.59320771606718;-17.2141233077415;21577
-5.46818333333333;47.6857;5.2919279670125;-17.3091164477323;21600
-5.46771666666667;47.6848333333333;5.59320771606718;-17.2141233077415;21612
-5.4672;47.6838833333333;5.59320771606718;-17.2141233077415;21623
-5.4661;47.6819333333333;5.59320771606718;-17.2141233077415;21652
-5.46558333333333;47.6809833333333;5.56230589874906;-17.1190172933128;21661
-5.46461666666667;47.6791833333333;5.56230589874906;-17.1190172933128;21685
-5.46435;47.6787166666667;5.59320771606718;-17.2141233077415;21691
-5.4638;47.6777833333333;6.19056472466494;-17.0084367946892;21705
-5.46181666666667;47.67455;5.56230589874906;-17.1190172933128;21744
-5.4613;47.6736166666667;5.26269068500927;-17.2134856073346;21755
-5.46028333333333;47.67165;5.26269068500927;-17.2134856073346;21781
-5.45953333333333;47.6702333333333;5.56230589874906;-17.1190172933128;21799
-5.45931666666667;47.66985;5.56230589874906;-17.1190172933128;21808
-5.45878333333333;47.6689166666667;5.86022678022883;-17.0193343607877;21817
-5.45821666666667;47.6679;5.86022678022883;-17.0193343607877;21827
-5.4577;47.6669666666667;5.56230589874906;-17.1190172933128;21839
-5.4569;47.6655666666667;5.86022678022883;-17.0193343607877;21859
-5.45666666666667;47.6651833333333;5.56230589874906;-17.1190172933128;21864
-5.4564;47.6647166666667;5.56230589874906;-17.1190172933128;21870
-5.45581666666667;47.6637166666667;5.56230589874906;-17.1190172933128;21882
-5.4553;47.6627833333333;5.56230589874906;-17.1190172933128;21896
-5.45056666666667;47.6543833333333;5.53140408143093;-17.023911278884;22006
