"x";"y";"vx";"vy";"t"
-5.96563333333333;48.51495;7.67589051405561;-8.830101944657;0
-5.8339;48.4470166666667;10.8734636193921;-3.7440337762573;2138
-5.8229;48.4439;10.7789114011455;-3.71147683661719;2293
-5.81173333333333;48.44095;10.9680158376388;-3.77659071589741;2462
-5.80061666666667;48.4380333333333;10.9018738531773;-3.33303732230824;2592
-5.79013333333333;48.4353666666667;10.9371499373943;-3.55369543531189;2728
-5.7805;48.4328;10.9018738531773;-3.33303732230824;2882
-5.77091666666667;48.43035;10.9975046935749;-3.36227460431147;2993
-5.76116666666667;48.42785;10.9371499373943;-3.55369543531189;3134
-5.75006666666667;48.425;11.0931355339725;-3.3915118863147;3290
-5.74031666666667;48.42245;11.0322559518231;-3.58459725263002;3417
-5.73003333333333;48.4196833333333;10.9018738531773;-3.33303732230824;3555
-5.71891666666667;48.41675;10.9371499373943;-3.55369543531189;3694
-5.70921666666667;48.4141833333333;10.9371499373943;-3.55369543531189;3831
-5.69953333333333;48.41175;11.0115540512239;-2.95053701543711;3953
-5.68991666666667;48.4095166666667;11.0545095032907;-3.16982959189549;4083
-5.68001666666667;48.4071;11.0545095032907;-3.16982959189549;4203
-5.67031666666667;48.4047333333333;11.1506360395767;-3.1973934326245;4341
-5.66131666666667;48.4025666666667;11.1081470023243;-2.97641901867899;4463
-5.65083333333333;48.4000666666667;11.2047399534247;-3.00230102192087;4604
-5.64115;48.3978333333333;11.0545095032907;-3.16982959189549;4722
-5.63206666666667;48.3957;11.0545095032907;-3.16982959189549;4843
-5.62176666666667;48.3932166666667;11.0115540512239;-2.95053701543711;4983
-5.61265;48.3910666666667;10.9583829670046;-3.14226575116648;5110
-5.6024;48.38865;10.9583829670046;-3.14226575116648;5255
-5.59268333333333;48.3863666666667;11.0115540512239;-2.95053701543711;5371
-5.58381666666667;48.38425;10.9149620213022;-2.9246552590243;5508
-5.57415;48.3819;10.9149620213022;-2.9246552590243;5620
-5.56376666666667;48.3796;10.9552529416518;-2.32861089750289;5774
-5.55405;48.3776833333333;10.9129445397483;-2.51945176574528;5903
-5.54433333333333;48.3756666666667;11.0530680748589;-2.34940214589669;6033
-5.53456666666667;48.3737;11.0530680748589;-2.34940214589669;6163
-5.5249;48.3716666666667;11.0103819179195;-2.54194695699168;6294
-5.51591666666667;48.3698;11.0530680748589;-2.34940214589669;6413
-5.50623333333333;48.3677833333333;11.107818366859;-2.56444193370804;6543
-5.49718333333333;48.3658666666667;11.0103819179195;-2.54194695699168;6659
-5.48516666666667;48.3633333333333;11.0530680748589;-2.34940214589669;6825
-5.47528333333333;48.3614666666667;11.0298466458996;-1.94485955674886;6940
-5.46471666666667;48.3596;11.0923873601891;-2.15614168414888;7094
-5.45498333333333;48.3578833333333;11.0621092262789;-1.75206597861308;7241
-5.44585;48.3565;11.1283277968751;-1.96222444075707;7341
-5.43591666666667;48.3549166666667;11.2268080086648;-1.97958915916148;7486
-5.42583333333333;48.3532833333333;11.2890556058966;-1.58657329785442;7596
-5.41658333333333;48.3519;11.2596467060114;-1.78335284178362;7740
-5.40423333333333;48.34995;11.2596467060114;-1.78335284178362;7883
-5.39493333333333;48.3485666666667;11.3252891596404;-1.9969540431697;8008
-5.38506666666667;48.3467166666667;11.1508822752317;-2.37019319601044;8123
-5.37523333333333;48.3448666666667;11.2052557450302;-2.58693712495445;8257
-5.36525;48.3430666666667;11.107818366859;-2.56444193370804;8386
-5.35525;48.3412166666667;11.2486974084388;-2.39098444440423;8531
-5.34608333333333;48.3395333333333;11.107818366859;-2.56444193370804;8658
-5.34011666666667;48.33845;11.2052557450302;-2.58693712495445;8710
-5.33011666666667;48.3366333333333;11.1508822752317;-2.37019319601044;8838
-5.32013333333333;48.3348833333333;11.2052557450302;-2.58693712495445;8971
-5.31166666666667;48.3324166666667;9.80107176607205;-4.99389549713501;9103
-5.30301666666667;48.3292166666667;10.7661308111631;-3.08713833257674;9240
-5.2934;48.32695;10.7106130843853;-3.27456303712917;9382
-5.28461666666667;48.3247833333333;10.7469388155349;-3.49189209537722;9473
-5.27276666666667;48.3221;10.806243924783;-3.3038003191324;9661
-5.26316666666667;48.3199833333333;10.7469388155349;-3.49189209537722;9800
-5.25425;48.3179666666667;10.6185267941129;-3.86482768481522;9910
-5.24396666666667;48.3154833333333;10.4952565498391;-3.61380663866883;10033
-5.23446666666667;48.3132166666667;10.2917411393839;-4.1581333298177;10153
-5.22435;48.3105166666667;10.52455717357;-3.83062554001232;10319
-5.21561666666667;48.3083166666667;10.52455717357;-3.83062554001232;10420
-5.20541666666667;48.3057333333333;10.4561005987023;-4.0137209665541;10553
-5.19666666666667;48.3035333333333;10.52455717357;-3.83062554001232;10670
-5.18788333333333;48.3013833333333;10.5494589974847;-4.04955789821515;10799
-5.17846666666667;48.2990166666667;10.5494589974847;-4.04955789821515;10924
-5.16965;48.29675;10.4561005987023;-4.0137209665541;11058
-5.16031666666667;48.2943;10.52455717357;-3.83062554001232;11183
-5.15155;48.2920166666667;10.3627430902516;-3.97788437665936;11309
-5.14311666666667;48.2896333333333;10.4305884491879;-3.79642372138525;11434
-5.13383333333333;48.2870833333333;10.589807866369;-3.64636326782295;11561
-5.12525;48.2847166666667;10.589807866369;-3.64636326782295;11670
-5.11585;48.28235;10.589807866369;-3.64636326782295;11833
-5.10625;48.2799666666667;10.7124955184951;-3.89902950344229;11927
-5.09498333333333;48.2773666666667;10.8420439229655;-3.52279361799377;12104
-5.08611666666667;48.27525;10.9371499373943;-3.55369543531189;12233
-5.07708333333333;48.27315;10.9371499373943;-3.55369543531189;12311
-5.06788333333333;48.2710166666667;10.9371499373943;-3.55369543531189;12437
-5.05815;48.2687166666667;10.9018738531773;-3.33303732230824;12578
-5.04923333333333;48.2667333333333;10.9018738531773;-3.33303732230824;12686
-5.04025;48.2648333333333;10.8420439229655;-3.52279361799377;12833
-5.03021666666667;48.2628166666667;10.8420439229655;-3.52279361799377;12929
-5.01911666666667;48.2604666666667;10.8420439229655;-3.52279361799377;13099
-5.00933333333333;48.25835;10.6428165059354;-4.0853944881099;13240
-5.00063333333333;48.2561833333333;10.589807866369;-3.64636326782295;13338
-4.99091666666667;48.2538333333333;10.6843600846156;-3.67892020746307;13481
-4.98148333333333;48.25145;10.477177733451;-4.23305457705034;13609
-4.97276666666667;48.2491333333333;10.477177733451;-4.23305457705034;13733
-4.96331666666667;48.2466333333333;10.477177733451;-4.23305457705034;13893
-4.9539;48.2441333333333;10.5494589974847;-4.04955789821515;13972
-4.94375;48.2414166666667;10.477177733451;-4.23305457705034;14143
-4.934;48.2390166666667;10.5698955883688;-4.27051502204032;14266
-4.92306666666667;48.2365833333333;11.0910021810269;-1.55873870420757;14390
-4.91298333333333;48.2356166666667;11.2268080086648;-1.97958915916148;14519
-4.90283333333333;48.2352166666667;10.964341891988;2.73371746641919;14658
-4.8934;48.23765;9.68599066142556;5.81993034471933;14800
-4.88433333333333;48.2410833333333;10.065602221774;5.35197563666997;14973
-4.87603333333333;48.2440166666667;10.0581266321031;5.57531063283288;15033
-4.86488333333333;48.248;9.66774797267858;6.04107941011038;15213
-4.85613333333333;48.2514;9.95929214352104;5.75;15360
-4.84715;48.25495;9.64471153137237;6.26334890267281;15474
-4.8383;48.2585833333333;9.72857890809435;6.31781301393762;15585
-4.83008333333333;48.2619666666667;9.81244548499774;6.37227660579417;15719
-4.82123333333333;48.2656833333333;10.045895014262;5.80000019073486;15857
-4.81571666666667;48.2676666666667;10.2462517849478;4.99743090617016;15913
-4.80636666666667;48.2707333333333;10.2465750281662;5.22089074700479;16063
-4.79773333333333;48.2735;10.4260112799331;5.08510546997862;16183
-4.78828333333333;48.27635;10.5057727628899;4.6774713953717;16289
-4.77983333333333;48.2788;10.0826687842361;3.87037392344251;16433
-4.77033333333333;48.2813333333333;9.57325012476064;4.06360358723635;16588
-4.76096666666667;48.2839;9.4812001661325;4.02453069796557;16751
-4.75176666666667;48.2864333333333;9.45727513973495;3.82098718139176;16893
-4.74391666666667;48.2885666666667;9.17911980651862;3.70860513191645;16980
-4.73513333333333;48.291;8.56069531268006;3.6337995694763;17113
-4.70988333333333;48.29795;6.58300527900105;2.65970677752771;17596
-4.7046;48.2994166666667;6.16738234255898;2.61789848635209;17713
-4.699;48.3010333333333;6.07533194499992;2.57882541076618;17831
-4.69411666666667;48.3024;5.98328154744086;2.53975233518028;17953
-4.66726666666667;48.3106333333333;7.9674335496356;4.59999990463257;18584
-4.65996666666667;48.3133333333333;8.92112084600137;4.94505803404254;18703
-4.63445;48.3223833333333;10.0581266321031;5.57531063283288;19073
-4.62595;48.3254;10.1455889364579;5.6237917797977;19207
