"x";"y";"vx";"vy";"t"
-5.83392166666667;48.4596366666667;4.80000019073486;8.31384420669309;0
-5.81871666666667;48.47783;4.89286171164551;8.14308935667007;462
-5.81607833333333;48.48101;5.04737323235425;8.40023971037239;545
-5.811525;48.4865116666667;4.99586922839181;8.3145226533188;681
-5.810205;48.488105;5.24620051376057;8.39567582844394;720
-5.80886666666667;48.4896883333333;4.94436571560795;8.22880641372365;765
-5.80853833333333;48.4900766666667;4.99586922839181;8.3145226533188;780
-5.80828833333333;48.490385;4.94436571560795;8.22880641372365;786
-5.80784833333333;48.490885;5.08722513878692;8.14126204660636;795
-5.80752833333333;48.4912283333333;5.03423301021545;8.05645691348605;804
-5.807175;48.4916566666667;5.19320889055949;8.31087150408531;812
-5.80616666666667;48.4928133333333;4.94436571560795;8.22880641372365;844
-5.80579166666667;48.49324;5.0988767451381;8.48595594996754;855
-5.80554;48.4935516666667;4.99586922839181;8.3145226533188;860
-5.80482666666667;48.4943683333333;5.20188475306298;8.65739006407471;885
-5.80257166666667;48.497115;4.80000019073486;8.31384420669309;950
-5.79929333333333;48.501125;4.94436571560795;8.22880641372365;1055
-5.79831;48.5023166666667;4.80000019073486;8.31384420669309;1084
-5.79670166666667;48.5043533333333;4.84809620246337;8.74619707139396;1131
-5.79638333333333;48.504745;4.80000019073486;8.31384420669309;1141
-5.79608666666667;48.5050983333333;4.94436571560795;8.22880641372365;1155
-5.79364833333333;48.507995;5.15038074910054;8.57167300702112;1222
-5.79338;48.5083116666667;4.90000009536743;8.48704912226874;1230
-5.79300166666667;48.5087533333333;5.05000019073486;8.7468569085853;1242
-5.79175666666667;48.510385;4.8965773494282;8.83365937574884;1283
-5.79046;48.51205;5.20188475306298;8.65739006407471;1324
-5.79012666666667;48.5124483333333;5.15038074910054;8.57167300702112;1341
-5.78712833333333;48.5161666666667;4.69471562785891;8.82947592858927;1422
-5.786845;48.516535;4.84809620246337;8.74619707139396;1433
-5.785245;48.51857;5.20188475306298;8.65739006407471;1482
-5.78391;48.5202816666667;5;8.66025403784439;1521
-5.78238333333333;48.52224;4.94999980926514;8.57365116710347;1573
-5.78038666666667;48.52477;5;8.66025403784439;1633
-5.77979166666667;48.52555;4.84809620246337;8.74619707139396;1655
-5.77942666666667;48.525995;5.09999990463257;8.83345895342004;1665
-5.77914166666667;48.5263616666667;5;8.66025403784439;1673
-5.77881333333333;48.5267716666667;5.05000019073486;8.7468569085853;1680
-5.77787333333333;48.5279583333333;5.05000019073486;8.7468569085853;1711
-5.776875;48.5292866666667;5;8.66025403784439;1743
-5.776185;48.5301483333333;5.15000009536743;8.92006182416096;1761
-5.76828166666667;48.540095;5.04201986562171;9.09604462060878;2000
-5.76760333333333;48.5410216666667;4.99353918100737;9.00858315035625;2023
-5.75151;48.5620983333333;5.25338826584684;8.74310630366986;2524
-5.75112166666667;48.5626083333333;5.35639578259313;8.91453960031859;2532
-5.74156333333333;48.5760666666667;5.25;9.09326673973661;2841
-5.73353333333333;48.587935;5.25;9.09326673973661;3114
-5.72993666666667;48.5931866666667;5.25;9.09326673973661;3232
-5.6733;48.671815;5.5624113072643;9.2574070110745;5003
-5.59374166666667;48.7593766666667;9.44589300392594;5.23594399113054;7055
-5.59350833333333;48.7594933333333;9.09604462060878;5.04201986562171;7060
-5.59273166666667;48.7598583333333;9.00666386899569;5.19999980926514;7072
-5.57729333333333;48.767055;9.43733748614125;4.60289704128531;7322
-5.5684;48.7708;9.5358341712853;5.07029296763222;7464
-5.56789833333333;48.7710233333333;9.35556850397786;4.76690024726524;7470
-5.56650333333333;48.7716083333333;9.44466949628871;4.81229947042283;7494
-5.565865;48.7718783333333;9.80107176607205;4.99389549713502;7502
-5.56400666666667;48.7726416666667;9.7968547617982;4.77824533277562;7534
-5.56331;48.77294;9.80107176607205;4.99389549713502;7544
-5.56074666666667;48.774;9.53376963886953;4.85769826062134;7583
-5.560115;48.7742816666667;9.62412842534453;5.11723985527702;7594
-5.55625666666667;48.77588;9.88673450929084;4.82208261467985;7652
-5.55235166666667;48.7774983333333;9.62287063118038;4.90309748377892;7712
-5.54704333333333;48.7797783333333;9.7124235214482;5.1641871906448;7792
-5.54266666666667;48.7816116666667;9.5358341712853;5.07029296763222;7861
-5.539975;48.7827483333333;9.88673450929084;4.82208261467985;7902
-5.53084833333333;48.7866016666667;10.0600167818358;4.69106286653784;8042
-5.51354333333333;48.79357;10.2317089513522;4.5554503248701;8301
-5.512135;48.79412;10.2317089513522;4.5554503248701;8322
-5.50060333333333;48.7986766666667;10.5057727628899;4.6774713953717;8498
-5.46254333333333;48.813425;10.0600167818358;4.69106286653784;9054
-5.45555333333333;48.81614;10.4144178686357;4.63679757590641;9152
-5.45493833333333;48.8163766666667;10.4225395509215;4.86011001001804;9163
-5.45426;48.8166416666667;10.2412781663786;4.77558643827794;9174
-5.44882;48.818725;10.0600167818358;4.69106286653784;9254
-5.44740166666667;48.8192716666667;9.96938565740315;4.64880087914769;9276
-5.44672;48.8195066666667;10.2317089513522;4.5554503248701;9282
-5.44464333333333;48.820315;10.0664931471193;4.90975676042501;9316
-5.44332166666667;48.8208516666667;10.0664931471193;4.90975676042501;9336
-5.44205333333333;48.8213533333333;10.2412781663786;4.77558643827794;9354
-5.43513833333333;48.8240216666667;10.2462517849478;4.99743090617016;9451
-5.41927166666667;48.8303116666667;10.5131706753541;4.90237199740819;9681
-5.41640166666667;48.8314366666667;10.3356760204771;5.26628997016237;9726
-5.41500166666667;48.8319983333333;10.6057699177615;5.17277961572377;9746
-5.41003833333333;48.8340016666667;10.5158901702689;5.12894233381955;9814
-5.40856333333333;48.8345766666667;10.6057699177615;5.17277961572377;9832
-5.40590833333333;48.8356566666667;10.6956488080974;5.2166164795647;9871
-5.402955;48.8368266666667;10.6057699177615;5.17277961572377;9912
-5.39507833333333;48.8399883333333;10.694432059897;4.98689556914829;10022
-5.39373333333333;48.8405133333333;10.6038009354643;4.94463358175815;10041
-5.36904333333333;48.8502016666667;10.9625454917112;4.8808397169096;10385
-4.37512833333333;49.22219;11.3146082057762;6.798502490577;23063
-4.34065833333333;49.23526;11.4486492981118;7.15391006714827;23483
-4.29497333333333;49.25249;11.3449331199386;6.55000019073487;24043
-4.25059;49.2696716666667;11.228891966181;6.74699897779315;24601
-4.223415;49.280195;11.3449331199386;6.55000019073487;24942
-4.22008;49.281515;11.228891966181;6.74699897779315;24984
-4.18766333333333;49.2940083333333;11.4860415024249;6.90151000732329;25382
-4.181265;49.2964683333333;11.5717585594785;6.95301401128573;25461
-4.17778333333333;49.2978116666667;11.5181380355143;6.65000009536743;25502
-4.17617666666667;49.2984383333333;11.1942347075125;6.99493418680423;25523
-4.142065;49.311515;11.3146082057762;6.798502490577;25945
-4.13239833333333;49.3152183333333;11.5181380355143;6.65000009536743;26061
-4.129155;49.31649;11.1094303831539;6.94194256360314;26103
-4.08411333333333;49.3344716666667;11.228891966181;6.74699897779315;26673
-4.06505;49.34211;11.228891966181;6.74699897779315;26914
-4.02628666666667;49.3572366666667;11.2583302491977;6.5;27404
-4.01045;49.3633166666667;11.1717273784568;6.44999980926514;27602
-4.00569;49.365165;10.9717416124787;6.59248745708441;27662
-4.00326833333333;49.3661016666667;10.9717416124787;6.59248745708441;27692
-3.99857;49.3679033333333;11.0574578520739;6.64399096986827;27751
-3.964835;49.380865;11.0574578520739;6.64399096986827;28183
-3.96314333333333;49.3815483333333;10.9717416124787;6.59248745708441;28202
-3.95925166666667;49.3830466666667;11.0574578520739;6.64399096986827;28253
-3.957005;49.3839283333333;10.9398201169132;6.83595830646019;28281
-3.95236166666667;49.3857566666667;10.8550157925546;6.7829666832591;28341
-3.93824833333333;49.391265;10.8860245554251;6.54098345312197;28521
-3.92801666666667;49.39529;10.9717416124787;6.59248745708441;28653
-3.92559666666667;49.396225;11.0574578520739;6.64399096986827;28683
-3.92087833333333;49.3980966666667;10.7702106594343;6.72997455468762;28742
-3.90372;49.40487;11.0574578520739;6.64399096986827;28964
-3.89505166666667;49.4083083333333;10.9717416124787;6.59248745708441;29073
-3.894185;49.4086516666667;11.228891966181;6.74699897779315;29084
-3.88870666666667;49.410805;11.228891966181;6.74699897779315;29152
-3.88635;49.4117316666667;11.0574578520739;6.64399096986827;29183
-3.8854;49.4120983333333;11.2583302491977;6.5;29194
-3.88462;49.412415;11.2583302491977;6.5;29203
-3.883905;49.41269;11.1431749091275;6.69549497383071;29214
