"x";"y";"vx";"vy";"t"
-4.8822;49.2489333333333;-8.71552787923523;-3.5213018352085;0
-4.94195;49.2266833333333;-8.83311027692325;-3.21498921679096;1001
-4.95711666666667;49.2214666666667;-8.73914155254109;-3.18078739816389;1252
-4.95893333333333;49.2208166666667;-8.73914155254109;-3.18078739816389;1283
-4.95966666666667;49.2205666666667;-8.73914155254109;-3.18078739816389;1292
-4.98233333333333;49.21265;-8.80824661838448;-3.55876263745117;1663
-5.0079;49.2031;-8.90096535753373;-3.59622343969383;2080
-5.00863333333333;49.2028166666667;-8.90096535753373;-3.59622343969383;2092
-5.01475;49.20055;-8.90096535753373;-3.59622343969383;2193
-5.02101666666667;49.1982833333333;-8.99368321245155;-3.63368388468381;2294
-5.04636666666667;49.18875;-8.9288969029163;-3.79009187181991;2702
-5.16036666666667;49.14545;-9.14908835773891;-3.51200597389721;4541
-5.17368333333333;49.14055;-9.02094773940628;-3.82916513372093;4752
-5.18646666666667;49.1356333333333;-9.0864019516008;-3.67114468692648;4963
-5.19213333333333;49.1335;-9.0864019516008;-3.67114468692648;5050
-5.19385;49.1328333333333;-9.0864019516008;-3.67114468692648;5086
-5.1964;49.13185;-9.0864019516008;-3.67114468692648;5119
-5.20135;49.12995;-9.17911980651862;-3.70860513191646;5204
-5.22146666666667;49.1221333333333;-9.27183854566787;-3.74606593415912;5524
-5.23121666666667;49.11815;-9.0864019516008;-3.67114468692648;5682
-5.23555;49.1164166666667;-9.14908835773891;-3.51200597389721;5754
-5.23605;49.1162333333333;-9.0864019516008;-3.67114468692648;5764
-5.2387;49.1152166666667;-9.05572995895652;-3.47616904223616;5800
-5.23931666666667;49.1149666666667;-8.99368321245155;-3.63368388468381;5814
-5.24103333333333;49.1143;-8.99368321245155;-3.63368388468381;5844
-5.24718333333333;49.1119666666667;-9.0864019516008;-3.67114468692648;5942
-5.24916666666667;49.1112333333333;-9.14908835773891;-3.51200597389721;5973
-5.25035;49.1107833333333;-8.99368321245155;-3.63368388468381;5992
-5.25085;49.1106;-8.99368321245155;-3.63368388468381;6005
-5.25171666666667;49.1102666666667;-8.99368321245155;-3.63368388468381;6013
-5.25221666666667;49.1100833333333;-9.0864019516008;-3.67114468692648;6022
-5.2527;49.1098833333333;-9.0864019516008;-3.67114468692648;6032
-5.25468333333333;49.1091333333333;-9.0864019516008;-3.67114468692648;6062
-5.25658333333333;49.1084;-9.0864019516008;-3.67114468692648;6093
-5.2583;49.1077166666667;-9.0864019516008;-3.67114468692648;6123
-5.25905;49.1074333333333;-9.0864019516008;-3.67114468692648;6130
-5.25978333333333;49.10715;-9.0864019516008;-3.67114468692648;6144
-5.26028333333333;49.1069666666667;-9.0864019516008;-3.67114468692648;6153
-5.26395;49.1055666666667;-9.14908835773891;-3.51200597389721;6213
-5.26456666666667;49.1053333333333;-9.14908835773891;-3.51200597389721;6223
-5.26508333333333;49.10515;-9.14908835773891;-3.51200597389721;6232
-5.26658333333333;49.1046;-9.14908835773891;-3.51200597389721;6250
-5.26708333333333;49.1044166666667;-9.14908835773891;-3.51200597389721;6261
-5.26953333333333;49.1035166666667;-9.0864019516008;-3.67114468692648;6301
-5.27028333333333;49.1032333333333;-9.0864019516008;-3.67114468692648;6315
-5.27151666666667;49.1027666666667;-9.0864019516008;-3.67114468692648;6332
-5.27276666666667;49.1023;-9.14908835773891;-3.51200597389721;6350
-5.27326666666667;49.1021;-9.0864019516008;-3.67114468692648;6367
-5.28028333333333;49.0994333333333;-9.0864019516008;-3.67114468692648;6471
-5.28273333333333;49.0985;-9.14908835773891;-3.51200597389721;6512
-5.2845;49.09785;-9.14908835773891;-3.51200597389721;6545
-5.28526666666667;49.0975666666667;-9.14908835773891;-3.51200597389721;6552
-5.28603333333333;49.0972833333333;-9.14908835773891;-3.51200597389721;6560
-5.28821666666667;49.0964666666667;-9.0864019516008;-3.67114468692648;6602
-5.29208333333333;49.0949666666667;-9.0864019516008;-3.67114468692648;6663
-5.29525;49.0937666666667;-9.0864019516008;-3.67114468692648;6709
-5.29698333333333;49.0931;-9.14908835773891;-3.51200597389721;6744
-5.29773333333333;49.0928166666667;-9.14908835773891;-3.51200597389721;6750
-5.29823333333333;49.0926333333333;-9.14908835773891;-3.51200597389721;6762
-5.29898333333333;49.0923666666667;-9.14908835773891;-3.51200597389721;6774
-5.30156666666667;49.0914333333333;-9.14908835773891;-3.51200597389721;6812
-5.30208333333333;49.0912333333333;-9.0864019516008;-3.67114468692648;6822
-5.30283333333333;49.0909666666667;-9.0864019516008;-3.67114468692648;6829
-5.30408333333333;49.0905;-9.0864019516008;-3.67114468692648;6850
-5.30531666666667;49.0900166666667;-9.0864019516008;-3.67114468692648;6871
-5.30656666666667;49.08955;-9.0864019516008;-3.67114468692648;6894
-5.3085;49.0888333333333;-9.0864019516008;-3.67114468692648;6922
-5.309;49.0886333333333;-9.0864019516008;-3.67114468692648;6932
-5.30951666666667;49.08845;-9.0864019516008;-3.67114468692648;6944
-5.31026666666667;49.0881833333333;-9.0864019516008;-3.67114468692648;6954
-5.31076666666667;49.088;-9.02094773940628;-3.82916513372093;6960
-5.31158333333333;49.0877;-9.02094773940628;-3.82916513372093;6972
-5.31208333333333;49.0875;-9.02094773940628;-3.82916513372093;6982
-5.31281666666667;49.0872166666667;-9.02094773940628;-3.82916513372093;6991
-5.3152;49.0862666666667;-9.0864019516008;-3.67114468692648;7033
-5.31593333333333;49.0859833333333;-9.02094773940628;-3.82916513372093;7044
-5.31643333333333;49.0858;-9.02094773940628;-3.82916513372093;7052
-5.31885;49.0848333333333;-8.9288969029163;-3.79009187181991;7093
-5.31996666666667;49.08435;-8.9288969029163;-3.79009187181991;7110
-5.32245;49.0833333333333;-8.9288969029163;-3.79009187181991;7153
-5.32293333333333;49.0831333333333;-8.9288969029163;-3.79009187181991;7159
-5.32413333333333;49.0826666666667;-8.99368321245155;-3.63368388468381;7184
-5.32601666666667;49.0819333333333;-8.99368321245155;-3.63368388468381;7212
-5.3265;49.08175;-8.99368321245155;-3.63368388468381;7221
-5.32843333333333;49.0809666666667;-8.99368321245155;-3.63368388468381;7252
-5.32891666666667;49.0807666666667;-8.99368321245155;-3.63368388468381;7261
-5.32963333333333;49.0804833333333;-8.90096535753373;-3.59622343969383;7272
-5.3301;49.0802833333333;-8.90096535753373;-3.59622343969383;7284
-5.33083333333333;49.0799833333333;-8.90096535753373;-3.59622343969383;7291
-5.332;49.0795333333333;-8.90096535753373;-3.59622343969383;7312
-5.33331666666667;49.0790333333333;-8.90096535753373;-3.59622343969383;7332
-5.3338;49.07885;-8.90096535753373;-3.59622343969383;7342
-5.33455;49.0785666666667;-8.90096535753373;-3.59622343969383;7351
-5.33578333333333;49.0781;-8.90096535753373;-3.59622343969383;7372
-5.33743333333333;49.0774333333333;-8.90096535753373;-3.59622343969383;7404
-5.33816666666667;49.07715;-8.90096535753373;-3.59622343969383;7411
-5.33941666666667;49.0766666666667;-8.90096535753373;-3.59622343969383;7433
-5.3399;49.0764833333333;-8.90096535753373;-3.59622343969383;7442
-5.34061666666667;49.0762;-8.90096535753373;-3.59622343969383;7451
-5.3411;49.0760166666667;-8.90096535753373;-3.59622343969383;7462
-5.34185;49.0757333333333;-8.90096535753373;-3.59622343969383;7471
-5.34308333333333;49.0752666666667;-8.90096535753373;-3.59622343969383;7492
-5.3435;49.0751;-8.96237245050581;-3.44033245234141;7502
-5.34423333333333;49.0748333333333;-8.96237245050581;-3.44033245234141;7510
-5.34485;49.0746;-8.96237245050581;-3.44033245234141;7522
-5.3456;49.0743333333333;-8.96237245050581;-3.44033245234141;7535
-5.3461;49.0741666666667;-8.96237245050581;-3.44033245234141;7544
-5.34685;49.0738833333333;-8.90096535753373;-3.59622343969383;7554
-5.34735;49.0737166666667;-8.90096535753373;-3.59622343969383;7561
-5.34858333333333;49.0732333333333;-8.96237245050581;-3.44033245234141;7579
-5.35003333333333;49.0727166666667;-8.90096535753373;-3.59622343969383;7602
-5.35053333333333;49.0725333333333;-8.90096535753373;-3.59622343969383;7614
-5.35103333333333;49.07235;-8.90096535753373;-3.59622343969383;7620
-5.35176666666667;49.0720833333333;-8.90096535753373;-3.59622343969383;7634
-5.35226666666667;49.0719;-8.90096535753373;-3.59622343969383;7643
-5.353;49.0716;-8.90096535753373;-3.59622343969383;7649
-5.35375;49.0713166666667;-8.90096535753373;-3.59622343969383;7663
-5.35425;49.0711333333333;-8.99368321245155;-3.63368388468381;7672
-5.35475;49.07095;-8.99368321245155;-3.63368388468381;7684
-5.3555;49.0706666666667;-8.99368321245155;-3.63368388468381;7691
-5.35593333333333;49.0705166666667;-8.99368321245155;-3.63368388468381;7699
-5.35668333333333;49.0702333333333;-8.99368321245155;-3.63368388468381;7715
-5.35806666666667;49.0697333333333;-8.99368321245155;-3.63368388468381;7731
-5.35856666666667;49.06955;-8.99368321245155;-3.63368388468381;7741
-5.35931666666667;49.0692666666667;-9.0864019516008;-3.67114468692648;7751
-5.35981666666667;49.0690666666667;-9.0864019516008;-3.67114468692648;7759
-5.36105;49.0686;-9.0864019516008;-3.67114468692648;7785
-5.36225;49.06815;-9.0864019516008;-3.67114468692648;7803
-5.363;49.06785;-9.0864019516008;-3.67114468692648;7813
-5.3635;49.0676666666667;-9.0864019516008;-3.67114468692648;7819
-5.36425;49.0673833333333;-9.0864019516008;-3.67114468692648;7832
-5.365;49.0671;-9.0864019516008;-3.67114468692648;7846
-5.36601666666667;49.0667166666667;-9.17911980651862;-3.70860513191646;7863
-5.36676666666667;49.0664333333333;-9.17911980651862;-3.70860513191646;7873
-5.36873333333333;49.0657166666667;-9.17911980651862;-3.70860513191646;7902
-5.36923333333333;49.0655333333333;-9.17911980651862;-3.70860513191646;7909
-5.36986666666667;49.0653;-9.17911980651862;-3.70860513191646;7919
-5.37063333333333;49.0650333333333;-9.17911980651862;-3.70860513191646;7933
-5.37316666666667;49.0641;-9.0864019516008;-3.67114468692648;7972
-5.37443333333333;49.0636333333333;-9.0864019516008;-3.67114468692648;7992
-5.37486666666667;49.06345;-9.0864019516008;-3.67114468692648;8002
-5.37561666666667;49.0631666666667;-9.0864019516008;-3.67114468692648;8014
-5.37688333333333;49.0626833333333;-9.02094773940628;-3.82916513372093;8030
-5.37738333333333;49.0625;-9.0864019516008;-3.67114468692648;8041
-5.37813333333333;49.0622;-9.17911980651862;-3.70860513191646;8052
-5.37888333333333;49.0619166666667;-9.17911980651862;-3.70860513191646;8062
-5.3794;49.0617166666667;-9.17911980651862;-3.70860513191646;8070
-5.38066666666667;49.06125;-9.17911980651862;-3.70860513191646;8092
-5.38186666666667;49.0608;-9.17911980651862;-3.70860513191646;8112
-5.38251666666667;49.0605666666667;-9.17911980651862;-3.70860513191646;8120
-5.38326666666667;49.0602666666667;-9.17911980651862;-3.70860513191646;8133
-5.38455;49.0598166666667;-9.17911980651862;-3.70860513191646;8152
-5.38633333333333;49.05915;-9.27183854566787;-3.74606593415912;8181
-5.38708333333333;49.0588666666667;-9.27183854566787;-3.74606593415912;8190
-5.38758333333333;49.0586833333333;-9.27183854566787;-3.74606593415912;8202
-5.38878333333333;49.0582333333333;-9.27183854566787;-3.74606593415912;8221
-5.38955;49.05795;-9.27183854566787;-3.74606593415912;8232
-5.3903;49.0576666666667;-9.27183854566787;-3.74606593415912;8242
-5.3908;49.0574666666667;-9.17911980651862;-3.70860513191646;8251
-5.39205;49.057;-9.17911980651862;-3.70860513191646;8270
-5.39331666666667;49.0565166666667;-9.17911980651862;-3.70860513191646;8292
-5.394;49.0562666666667;-9.17911980651862;-3.70860513191646;8302
-5.39513333333333;49.05585;-9.17911980651862;-3.70860513191646;8325
-5.39638333333333;49.0553833333333;-9.17911980651862;-3.70860513191646;8344
-5.39711666666667;49.0551;-9.17911980651862;-3.70860513191646;8352
-5.39785;49.0548166666667;-9.17911980651862;-3.70860513191646;8361
-5.39835;49.0546333333333;-9.11299769803442;-3.86823802299171;8374
-5.39886666666667;49.0544333333333;-9.11299769803442;-3.86823802299171;8385
-5.40011666666667;49.05395;-9.17911980651862;-3.70860513191646;8402
-5.4008;49.0536833333333;-9.17911980651862;-3.70860513191646;8412
-5.40131666666667;49.0535;-9.17911980651862;-3.70860513191646;8425
-5.40281666666667;49.0529166666667;-9.0864019516008;-3.67114468692648;8445
-5.40331666666667;49.0527333333333;-9.0864019516008;-3.67114468692648;8451
-5.40406666666667;49.05245;-9.0864019516008;-3.67114468692648;8461
-5.40456666666667;49.05225;-9.0864019516008;-3.67114468692648;8474
-5.40531666666667;49.0519833333333;-9.0864019516008;-3.67114468692648;8481
-5.40581666666667;49.0517833333333;-9.0864019516008;-3.67114468692648;8492
-5.40651666666667;49.0515333333333;-9.02094773940628;-3.82916513372093;8504
-5.40776666666667;49.05105;-9.02094773940628;-3.82916513372093;8525
-5.40836666666667;49.0508166666667;-9.02094773940628;-3.82916513372093;8532
-5.4091;49.0505166666667;-9.02094773940628;-3.82916513372093;8542
-5.4096;49.0503166666667;-9.02094773940628;-3.82916513372093;8552
-5.41008333333333;49.0501166666667;-9.02094773940628;-3.82916513372093;8562
-5.41081666666667;49.0498166666667;-9.0864019516008;-3.67114468692648;8575
-5.41131666666667;49.0496333333333;-9.0864019516008;-3.67114468692648;8585
-5.41253333333333;49.04915;-9.02094773940628;-3.82916513372093;8602
-5.41321666666667;49.0488833333333;-9.02094773940628;-3.82916513372093;8613
-5.41391666666667;49.0485833333333;-9.02094773940628;-3.82916513372093;8620
-5.4144;49.0483833333333;-9.02094773940628;-3.82916513372093;8631
-5.4151;49.0480666666667;-9.02094773940628;-3.82916513372093;8642
-5.41556666666667;49.0478666666667;-9.02094773940628;-3.82916513372093;8652
-5.41626666666667;49.0475666666667;-9.0864019516008;-3.67114468692648;8666
-5.41673333333333;49.0473666666667;-9.0864019516008;-3.67114468692648;8671
-5.41743333333333;49.0470833333333;-9.0864019516008;-3.67114468692648;8682
-5.41901666666667;49.0464166666667;-8.99368321245155;-3.63368388468381;8712
-5.4203;49.0459;-8.9288969029163;-3.79009187181991;8731
-5.42076666666667;49.0457166666667;-8.9288969029163;-3.79009187181991;8740
-5.42146666666667;49.0454333333333;-8.9288969029163;-3.79009187181991;8751
-5.42191666666667;49.0452333333333;-8.9288969029163;-3.79009187181991;8766
-5.42306666666667;49.04475;-8.83684694428816;-3.75101898254913;8781
-5.4242;49.04425;-8.83684694428816;-3.75101898254913;8800
-5.42483333333333;49.0439833333333;-8.80824661838448;-3.55876263745117;8811
-5.4253;49.0438;-8.80824661838448;-3.55876263745117;8821
-5.42598333333333;49.0435166666667;-8.80824661838448;-3.55876263745117;8832
-5.4276;49.0428666666667;-8.71552787923523;-3.5213018352085;8859
-5.429;49.0423333333333;-8.71552787923523;-3.5213018352085;8883
-5.42953333333333;49.0421166666667;-8.71552787923523;-3.5213018352085;8894
-5.43;49.04195;-8.71552787923523;-3.5213018352085;8905
-5.43063333333333;49.0417;-8.71552787923523;-3.5213018352085;8911
-5.43111666666667;49.0415166666667;-8.62281002431741;-3.48384139021852;8919
-5.43181666666667;49.04125;-8.62281002431741;-3.48384139021852;8933
-5.43298333333333;49.0408;-8.62281002431741;-3.48384139021852;8953
-5.43345;49.0406166666667;-8.62281002431741;-3.48384139021852;8965
-5.4346;49.04015;-8.62281002431741;-3.48384139021852;8983
-5.43528333333333;49.0398666666667;-8.62281002431741;-3.48384139021852;8994
-5.43598333333333;49.0396;-8.53009128516816;-3.44638058797586;9002
-5.43706666666667;49.0391666666667;-8.53009128516816;-3.44638058797586;9022
-5.43811666666667;49.0387666666667;-8.53009128516816;-3.44638058797586;9039
-5.4388;49.0385;-8.43737343025034;-3.40892014298588;9049
-5.43926666666667;49.0383166666667;-8.43737343025034;-3.40892014298588;9063
-5.43998333333333;49.03805;-8.43737343025034;-3.40892014298588;9072
-5.44045;49.0378666666667;-8.43737343025034;-3.40892014298588;9083
-5.44115;49.0376;-8.43737343025034;-3.40892014298588;9094
-5.44161666666667;49.0374166666667;-8.43737343025034;-3.40892014298588;9099
-5.44226666666667;49.0371666666667;-8.43737343025034;-3.40892014298588;9109
-5.44273333333333;49.0369833333333;-8.43737343025034;-3.40892014298588;9124
-5.44345;49.0367166666667;-8.43737343025034;-3.40892014298588;9133
-5.44393333333333;49.0365333333333;-8.43737343025034;-3.40892014298588;9144
-5.44465;49.03625;-8.43737343025034;-3.40892014298588;9153
-5.44583333333333;49.0358;-8.53009128516816;-3.44638058797586;9173
-5.44655;49.0355166666667;-8.53009128516816;-3.44638058797586;9181
-5.44703333333333;49.0353333333333;-8.58893974570792;-3.2969850674635;9192
-5.4475;49.03515;-8.53009128516816;-3.44638058797586;9200
-5.44816666666667;49.0349166666667;-8.53009128516816;-3.44638058797586;9212
-5.44888333333333;49.0346333333333;-8.53009128516816;-3.44638058797586;9223
-5.44925;49.0345;-8.53009128516816;-3.44638058797586;9233
-5.44995;49.0342166666667;-8.62281002431741;-3.48384139021852;9244
-5.45113333333333;49.03375;-8.62281002431741;-3.48384139021852;9259
-5.45303333333333;49.033;-8.62281002431741;-3.48384139021852;9294
-5.4535;49.0328166666667;-8.77565565294103;-3.3686585890193;9300
-5.45465;49.0323833333333;-8.77565565294103;-3.3686585890193;9321
-5.45585;49.03195;-8.77565565294103;-3.3686585890193;9343
-5.45655;49.0316666666667;-8.86901405172341;-3.40449552068036;9352
-5.45701666666667;49.0314833333333;-8.86901405172341;-3.40449552068036;9364
-5.45821666666667;49.0310333333333;-8.86901405172341;-3.40449552068036;9379
-5.46006666666667;49.03035;-8.77565565294103;-3.3686585890193;9411
-5.46186666666667;49.0296666666667;-8.86901405172341;-3.40449552068036;9445
-5.46305;49.0292166666667;-8.80824661838448;-3.55876263745117;9461
-5.46376666666667;49.0289333333333;-8.80824661838448;-3.55876263745117;9473
-5.46423333333333;49.02875;-8.80824661838448;-3.55876263745117;9481
-5.46543333333333;49.0283;-8.80824661838448;-3.55876263745117;9499
-5.46608333333333;49.0280333333333;-8.80824661838448;-3.55876263745117;9515
-5.46773333333333;49.0273833333333;-8.80824661838448;-3.55876263745117;9544
-5.46845;49.0271;-8.80824661838448;-3.55876263745117;9554
-5.46965;49.0266333333333;-8.80824661838448;-3.55876263745117;9570
-5.47036666666667;49.02635;-8.80824661838448;-3.55876263745117;9580
-5.47083333333333;49.0261666666667;-8.80824661838448;-3.55876263745117;9590
-5.47155;49.0258833333333;-8.80824661838448;-3.55876263745117;9605
-5.47196666666667;49.0257166666667;-8.80824661838448;-3.55876263745117;9611
-5.47268333333333;49.0254333333333;-8.80824661838448;-3.55876263745117;9623
-5.47326666666667;49.0252;-8.80824661838448;-3.55876263745117;9631
-5.47375;49.0250166666667;-8.80824661838448;-3.55876263745117;9640
-5.47613333333333;49.0240833333333;-8.80824661838448;-3.55876263745117;9685
-5.47683333333333;49.0238;-8.80824661838448;-3.55876263745117;9690
-5.4773;49.0236166666667;-8.80824661838448;-3.55876263745117;9702
-5.47795;49.0233666666667;-8.80824661838448;-3.55876263745117;9710
-5.47843333333333;49.0231666666667;-8.80824661838448;-3.55876263745117;9722
-5.47915;49.0229;-8.80824661838448;-3.55876263745117;9733
-5.47961666666667;49.0227166666667;-8.80824661838448;-3.55876263745117;9745
-5.48078333333333;49.0222333333333;-8.80824661838448;-3.55876263745117;9760
-5.4815;49.0219666666667;-8.71552787923523;-3.5213018352085;9769
-5.48196666666667;49.0217666666667;-8.71552787923523;-3.5213018352085;9781
-5.48266666666667;49.0214833333333;-8.71552787923523;-3.5213018352085;9792
-5.48378333333333;49.02105;-8.71552787923523;-3.5213018352085;9811
-5.48425;49.02085;-8.71552787923523;-3.5213018352085;9823
-5.48506666666667;49.0205166666667;-8.71552787923523;-3.5213018352085;9832
-5.49198333333333;49.0177166666667;-8.77565565294103;-3.3686585890193;9953
-5.49318333333333;49.0172666666667;-8.77565565294103;-3.3686585890193;9978
-5.49681666666667;49.0159;-8.62281002431741;-3.48384139021852;10031
-5.50035;49.0145166666667;-8.62281002431741;-3.48384139021852;10095
-5.50388333333333;49.0131333333333;-8.68229814449031;-3.33282199912456;10152
-5.50578333333333;49.0124;-8.62281002431741;-3.48384139021852;10182
-5.5083;49.0113666666667;-8.71552787923523;-3.5213018352085;10237
-5.51325;49.0094;-8.77565565294103;-3.3686585890193;10312
-5.51371666666667;49.0092166666667;-8.77565565294103;-3.3686585890193;10323
-5.51731666666667;49.0078666666667;-8.77565565294103;-3.3686585890193;10380
-5.52343333333333;49.0056333333333;-8.71552787923523;-3.5213018352085;10483
-5.52528333333333;49.0049166666667;-8.71552787923523;-3.5213018352085;10511
-5.5272;49.0041666666667;-8.71552787923523;-3.5213018352085;10540
-5.52838333333333;49.0037;-8.71552787923523;-3.5213018352085;10563
-5.54123333333333;48.9986833333333;-8.80824661838448;-3.55876263745117;10782
-5.54306666666667;48.9979666666667;-8.71552787923523;-3.5213018352085;10809
-5.5489;48.9956833333333;-8.80824661838448;-3.55876263745117;10909
-5.5496;48.9954;-8.71552787923523;-3.5213018352085;10924
-5.55481666666667;48.9933666666667;-8.71552787923523;-3.5213018352085;11015
-5.55553333333333;48.9930833333333;-8.71552787923523;-3.5213018352085;11023
-5.55671666666667;48.9926333333333;-8.71552787923523;-3.5213018352085;11043
-5.55836666666667;48.992;-8.71552787923523;-3.5213018352085;11071
-5.56028333333333;48.9912833333333;-8.80824661838448;-3.55876263745117;11104
-5.5607;48.9911333333333;-8.71552787923523;-3.5213018352085;11109
-5.56198333333333;48.9906333333333;-8.71552787923523;-3.5213018352085;11132
-5.56243333333333;48.9904666666667;-8.71552787923523;-3.5213018352085;11142
-5.56313333333333;48.9902;-8.71552787923523;-3.5213018352085;11151
-5.56358333333333;48.9900166666667;-8.71552787923523;-3.5213018352085;11166
-5.56543333333333;48.9892833333333;-8.62281002431741;-3.48384139021852;11190
-5.56768333333333;48.9883833333333;-8.53009128516816;-3.44638058797586;11233
-5.56813333333333;48.9882166666667;-8.53009128516816;-3.44638058797586;11240
-5.56883333333333;48.9879333333333;-8.53009128516816;-3.44638058797586;11254
-5.56996666666667;48.9874666666667;-8.43737343025034;-3.40892014298588;11275
-5.57111666666667;48.987;-8.43737343025034;-3.40892014298588;11293
-5.5716;48.9868333333333;-8.43737343025034;-3.40892014298588;11307
-5.57296666666667;48.9863333333333;-8.4955822372572;-3.26114847756876;11323
-5.57343333333333;48.98615;-8.4955822372572;-3.26114847756876;11330
-5.57403333333333;48.9859333333333;-8.4955822372572;-3.26114847756876;11340
-5.57481666666667;48.9856833333333;-8.4955822372572;-3.26114847756876;11353
-5.57601666666667;48.98525;-8.58893974570792;-3.2969850674635;11374
-5.5765;48.9851;-8.58893974570792;-3.2969850674635;11384
-5.5772;48.98485;-8.58893974570792;-3.2969850674635;11392
-5.57768333333333;48.9846833333333;-8.58893974570792;-3.2969850674635;11400
-5.5788;48.9842833333333;-8.53009128516816;-3.44638058797586;11423
-5.58115;48.98345;-8.53009128516816;-3.44638058797586;11462
-5.58186666666667;48.9832;-8.53009128516816;-3.44638058797586;11473
-5.58541666666667;48.9819666666667;-8.68229814449031;-3.33282199912456;11533
-5.58588333333333;48.9818;-8.68229814449031;-3.33282199912456;11545
-5.5866;48.9815666666667;-8.62281002431741;-3.48384139021852;11551
-5.5878;48.98115;-8.62281002431741;-3.48384139021852;11570
-5.58828333333333;48.9809833333333;-8.62281002431741;-3.48384139021852;11582
-5.58898333333333;48.9807166666667;-8.62281002431741;-3.48384139021852;11593
-5.58968333333333;48.9804666666667;-8.62281002431741;-3.48384139021852;11602
-5.59016666666667;48.9803;-8.62281002431741;-3.48384139021852;11614
-5.59188333333333;48.9796833333333;-8.62281002431741;-3.48384139021852;11640
-5.59256666666667;48.9794333333333;-8.56069531268006;-3.63379956947629;11654
-5.59346666666667;48.9791;-8.46864447619008;-3.59472630757527;11672
-5.59485;48.9785666666667;-8.53009128516816;-3.44638058797586;11694
-5.59531666666667;48.9784;-8.53009128516816;-3.44638058797586;11700
-5.59601666666667;48.9781333333333;-8.43737343025034;-3.40892014298588;11714
-5.59706666666667;48.9777333333333;-8.43737343025034;-3.40892014298588;11732
-5.59823333333333;48.9773166666667;-8.43737343025034;-3.40892014298588;11751
-5.5987;48.9771333333333;-8.43737343025034;-3.40892014298588;11760
-5.59938333333333;48.9768666666667;-8.37659451756194;-3.55565341830449;11770
-5.60003333333333;48.9766333333333;-8.43737343025034;-3.40892014298588;11784
-5.60046666666667;48.9764666666667;-8.37659451756194;-3.55565341830449;11791
-5.60111666666667;48.9762166666667;-8.37659451756194;-3.55565341830449;11801
-5.60158333333333;48.9760333333333;-8.37659451756194;-3.55565341830449;11811
-5.60276666666667;48.9755833333333;-8.37659451756194;-3.55565341830449;11832
-5.60365;48.9752333333333;-8.28454368107196;-3.51658015640346;11852
-5.6043;48.975;-8.28454368107196;-3.51658015640346;11862
-5.60493333333333;48.9747333333333;-8.28454368107196;-3.51658015640346;11871
-5.60535;48.9745666666667;-8.28454368107196;-3.51658015640346;11882
-5.60598333333333;48.9743166666667;-8.28454368107196;-3.51658015640346;11892
-5.60643333333333;48.9741333333333;-8.19249284458198;-3.47750689450244;11901
-5.60818333333333;48.9734166666667;-8.25193595195184;-3.33399853850054;11931
-5.6086;48.9732666666667;-8.25193595195184;-3.33399853850054;11940
-5.60926666666667;48.9730166666667;-8.15921809703401;-3.29653809351057;11951
-5.60993333333333;48.9727666666667;-8.15921809703401;-3.29653809351057;11964
-5.61038333333333;48.9726;-8.15921809703401;-3.29653809351057;11973
-5.61193333333333;48.9720333333333;-8.15921809703401;-3.29653809351057;12002
-5.6126;48.9717666666667;-8.15921809703401;-3.29653809351057;12010
-5.613;48.9716333333333;-8.15921809703401;-3.29653809351057;12022
-5.6142;48.9711833333333;-8.15921809703401;-3.29653809351057;12040
-5.61486666666667;48.9709333333333;-8.15921809703401;-3.29653809351057;12051
-5.61531666666667;48.97075;-8.15921809703401;-3.29653809351057;12060
-5.61596666666667;48.9705166666667;-8.06649935788476;-3.2590772912679;12072
-5.61641666666667;48.97035;-8.06649935788476;-3.2590772912679;12082
-5.6171;48.9700666666667;-8.15921809703401;-3.29653809351057;12095
-5.62038333333333;48.9688333333333;-8.15921809703401;-3.29653809351057;12150
-5.62083333333333;48.9686833333333;-8.06649935788476;-3.2590772912679;12161
-5.6215;48.9684333333333;-8.21550793124171;-3.15363802435191;12172
-5.62195;48.96825;-8.12214953245932;-3.11780109269085;12182
-5.62261666666667;48.9680166666667;-8.12214953245932;-3.11780109269085;12191
-5.62305;48.96785;-8.12214953245932;-3.11780109269085;12201
-5.62371666666667;48.9676166666667;-8.12214953245932;-3.11780109269085;12209
-5.62411666666667;48.9674666666667;-8.12214953245932;-3.11780109269085;12222
-5.6249;48.9672;-8.12214953245932;-3.11780109269085;12230
-5.6265;48.96665;-8.12214953245932;-3.11780109269085;12263
-5.6272;48.9664;-8.12214953245932;-3.11780109269085;12270
-5.62833333333333;48.9660333333333;-8.15921809703401;-3.29653809351057;12291
-5.62901666666667;48.9657833333333;-8.10044288595384;-3.43843400523166;12303
-5.62946666666667;48.9656166666667;-8.10044288595384;-3.43843400523166;12312
-5.62991666666667;48.9654166666667;-8.00839204946386;-3.39936074333063;12323
-5.63098333333333;48.9649833333333;-8.00839204946386;-3.39936074333063;12339
-5.6316;48.96475;-8.00839204946386;-3.39936074333063;12349
-5.63221666666667;48.9645166666667;-8.00839204946386;-3.39936074333063;12364
-5.63263333333333;48.96435;-7.94784530724566;-3.5386087171806;12371
-5.63326666666667;48.9641;-7.94784530724566;-3.5386087171806;12382
-5.63368333333333;48.9639166666667;-7.94784530724566;-3.5386087171806;12390
-5.63525;48.9632333333333;-8.00839204946386;-3.39936074333063;12423
-5.63616666666667;48.9628166666667;-8.00839204946386;-3.39936074333063;12440
-5.63781666666667;48.9621333333333;-7.97378150296694;-3.22161684627792;12472
-5.63998333333333;48.9613;-7.97378150296694;-3.22161684627792;12510
-5.64035;48.96115;-7.88106276381769;-3.18415604403525;12523
-5.6437;48.9598;-7.88106276381769;-3.18415604403525;12581
-5.64576666666667;48.959;-7.93543362522621;-3.04612757113506;12624
-5.64673333333333;48.9586333333333;-7.93543362522621;-3.04612757113506;12641
-5.64856666666667;48.958;-7.88106276381769;-3.18415604403525;12672
-5.64966666666667;48.9576166666667;-7.88106276381769;-3.18415604403525;12692
-5.6501;48.95745;-7.88106276381769;-3.18415604403525;12702
-5.65075;48.9571833333333;-7.88106276381769;-3.18415604403525;12712
-5.65111666666667;48.9570166666667;-7.88106276381769;-3.18415604403525;12720
-5.65173333333333;48.9567666666667;-7.88106276381769;-3.18415604403525;12732
-5.65213333333333;48.9566;-7.88106276381769;-3.18415604403525;12743
-5.65313333333333;48.9562;-7.88106276381769;-3.18415604403525;12761
-5.65438333333333;48.9557166666667;-7.78834402466844;-3.14669524179259;12780
-5.65731666666667;48.9545666666667;-7.78834402466844;-3.14669524179259;12840
-5.65941666666667;48.9537333333333;-7.84207522644382;-3.010290639474;12883
-5.66051666666667;48.9533333333333;-7.78834402466844;-3.14669524179259;12906
-5.66118333333333;48.9530833333333;-7.69562616975062;-3.10923479680261;12912
-5.66211666666667;48.9527166666667;-7.69562616975062;-3.10923479680261;12934
-5.66381666666667;48.95205;-7.69562616975062;-3.10923479680261;12960
-5.66526666666667;48.9514833333333;-7.60290743060137;-3.07177399455994;12994
-5.66631666666667;48.9510833333333;-7.60290743060137;-3.07177399455994;13010
-5.66695;48.9508166666667;-7.60290743060137;-3.07177399455994;13020
-5.66778333333333;48.9504666666667;-7.60290743060137;-3.07177399455994;13041
-5.6684;48.9502333333333;-7.69562616975062;-3.10923479680261;13052
-5.66946666666667;48.9498166666667;-7.69562616975062;-3.10923479680261;13070
-5.67053333333333;48.9494;-7.69562616975062;-3.10923479680261;13090
-5.67161666666667;48.9489833333333;-7.60290743060137;-3.07177399455994;13111
-5.67411666666667;48.9480666666667;-7.69562616975062;-3.10923479680261;13159
-5.67518333333333;48.94765;-7.74871771799311;-2.97445404957926;13183
-5.67583333333333;48.9474;-7.74871771799311;-2.97445404957926;13193
-5.67646666666667;48.9471666666667;-7.69562616975062;-3.10923479680261;13199
-5.67688333333333;48.947;-7.69562616975062;-3.10923479680261;13210
-5.6791;48.9461666666667;-7.78834402466844;-3.14669524179259;13253
-5.67951666666667;48.946;-7.69562616975062;-3.10923479680261;13263
-5.68016666666667;48.94575;-7.78834402466844;-3.14669524179259;13270
-5.68058333333333;48.9456;-7.78834402466844;-3.14669524179259;13282
-5.68123333333333;48.9453666666667;-7.69562616975062;-3.10923479680261;13291
-5.68166666666667;48.9452;-7.69562616975062;-3.10923479680261;13307
-5.68268333333333;48.9448333333333;-7.69562616975062;-3.10923479680261;13320
-5.68441666666667;48.9442;-7.69562616975062;-3.10923479680261;13354
-5.68488333333333;48.944;-7.69562616975062;-3.10923479680261;13360
-5.68555;48.94375;-7.78834402466844;-3.14669524179259;13371
-5.68618333333333;48.9435;-7.78834402466844;-3.14669524179259;13380
-5.6866;48.94335;-7.78834402466844;-3.14669524179259;13392
-5.6877;48.94295;-7.78834402466844;-3.14669524179259;13412
-5.68873333333333;48.9425833333333;-7.78834402466844;-3.14669524179259;13430
-5.68926666666667;48.9423833333333;-7.78834402466844;-3.14669524179259;13445
-5.6899;48.9421333333333;-7.78834402466844;-3.14669524179259;13452
-5.69033333333333;48.9419666666667;-7.78834402466844;-3.14669524179259;13461
-5.69095;48.9417333333333;-7.73224041785576;-3.2821413302578;13474
-5.69138333333333;48.9415833333333;-7.73224041785576;-3.2821413302578;13482
-5.69243333333333;48.9411666666667;-7.73224041785576;-3.2821413302578;13500
-5.69306666666667;48.9409166666667;-7.73224041785576;-3.2821413302578;13512
-5.69615;48.9397;-7.69562616975062;-3.10923479680261;13572
-5.69828333333333;48.9388833333333;-7.78834402466844;-3.14669524179259;13610
-5.70043333333333;48.9380333333333;-7.78834402466844;-3.14669524179259;13652
-5.7036;48.9367833333333;-7.78834402466844;-3.14669524179259;13713
-5.7046;48.9363833333333;-7.73224041785576;-3.2821413302578;13729
-5.70523333333333;48.9361333333333;-7.64019045922762;-3.24306844098702;13744
-5.70608333333333;48.9358;-7.73224041785576;-3.2821413302578;13759
-5.70671666666667;48.9355333333333;-7.64019045922762;-3.24306844098702;13774
-5.70715;48.93535;-7.64019045922762;-3.24306844098702;13784
-5.70781666666667;48.9350833333333;-7.64019045922762;-3.24306844098702;13793
-5.70888333333333;48.9346833333333;-7.64019045922762;-3.24306844098702;13809
-5.7105;48.9340166666667;-7.73224041785576;-3.2821413302578;13844
-5.71221666666667;48.9333;-7.78834402466844;-3.14669524179259;13873
-5.71328333333333;48.9328833333333;-7.82429125434574;-3.32121459215883;13893
-5.71373333333333;48.9327166666667;-7.82429125434574;-3.32121459215883;13904
-5.71493333333333;48.9322;-7.82429125434574;-3.32121459215883;13923
-5.71585;48.9318166666667;-7.82429125434574;-3.32121459215883;13941
-5.71655;48.9315333333333;-7.88106276381769;-3.18415604403525;13955
-5.71775;48.9310666666667;-7.97378150296694;-3.22161684627792;13971
-5.72001666666667;48.9302333333333;-8.06649935788476;-3.2590772912679;14013
-5.72043333333333;48.9300833333333;-8.06649935788476;-3.2590772912679;14021
-5.72485;48.9285833333333;-8.25193595195184;-3.33399853850054;14094
-5.72721666666667;48.9277666666667;-8.34465469110109;-3.37145934074321;14133
-5.72771666666667;48.9276;-8.34465469110109;-3.37145934074321;14144
-5.73088333333333;48.9264666666667;-8.43737343025034;-3.40892014298588;14191
-5.7321;48.9260166666667;-8.53009128516816;-3.44638058797586;14212
-5.7345;48.9251666666667;-8.58893974570792;-3.2969850674635;14253
-5.737;48.9243;-8.62281002431741;-3.48384139021852;14293
-5.73825;48.92385;-8.62281002431741;-3.48384139021852;14316
-5.74053333333333;48.9230666666667;-8.62281002431741;-3.48384139021852;14349
-5.7457;48.9212666666667;-8.62281002431741;-3.48384139021852;14430
-5.74856666666667;48.9202333333333;-8.62281002431741;-3.48384139021852;14483
-5.7517;48.9190833333333;-8.74479610779818;-3.7119457206481;14532
-5.75233333333333;48.91885;-8.6527452713082;-3.67287245874708;14541
-5.75306666666667;48.9185833333333;-8.74479610779818;-3.7119457206481;14550
-5.75685;48.9172333333333;-8.77003674185891;-3.9046719286854;14612
-5.75803333333333;48.9168166666667;-8.77003674185891;-3.9046719286854;14630
-5.75975;48.9161833333333;-8.77003674185891;-3.9046719286854;14661
-5.76253333333333;48.91515;-8.86139076488826;-3.9453453602564;14700
-5.76305;48.9149666666667;-8.86139076488826;-3.9453453602564;14712
-5.76613333333333;48.9138166666667;-8.88181648582366;-4.1416590456669;14762
-5.76688333333333;48.9135166666667;-8.71830207767056;-4.25220004024139;14771
-5.7681;48.9130166666667;-8.64276311468116;-4.40370776088179;14796
-5.76856666666667;48.9127833333333;-8.71830207767056;-4.25220004024139;14803
-5.77041666666667;48.9119833333333;-8.71830207767056;-4.25220004024139;14832
-5.77286666666667;48.911;-8.79118536139101;-4.09939705827675;14874
-5.77335;48.9108;-8.70055510128082;-4.05713547392679;14883
-5.77533333333333;48.9100333333333;-8.79118536139101;-4.09939705827675;14912
-5.77791666666667;48.90905;-8.79118536139101;-4.09939705827675;14958
-5.77843333333333;48.9088666666667;-8.86139076488826;-3.9453453602564;14964
-5.78125;48.9078166666667;-8.86139076488826;-3.9453453602564;15003
-5.78176666666667;48.90765;-8.88181648582366;-4.1416590456669;15013
-5.783;48.9072166666667;-8.80818182516319;-4.29603732214562;15032
-5.78351666666667;48.9070333333333;-8.73186410699201;-4.44910698403938;15042
-5.78505;48.9064666666667;-8.65288657842637;-4.60082140484632;15061
-5.78633333333333;48.9059666666667;-8.65288657842637;-4.60082140484632;15082
-5.78885;48.905;-8.65873476703908;-4.79961505549854;15127
-5.78943333333333;48.90475;-8.65873476703908;-4.79961505549854;15132
-5.7902;48.90445;-8.65873476703908;-4.79961505549854;15140
-5.79071666666667;48.9042333333333;-8.57365116710347;-4.94999980926514;15153
-5.79201666666667;48.9037166666667;-8.57167300702112;-5.15038074910055;15171
-5.79456666666667;48.9026333333333;-8.47057305617622;-5.50085446141508;15210
-5.79523333333333;48.9023166666667;-8.45618308193505;-5.70376750874404;15223
-5.79573333333333;48.9020833333333;-8.35535069550686;-5.85047954137965;15230
-5.79825;48.9008166666667;-8.11651091245036;-6.34131331328239;15270
-5.80368333333333;48.8975;-7.28319998109135;-7.28319998109136;15372
-5.80435;48.89705;-7.15498134822324;-7.40920008069128;15385
-5.80671666666667;48.89525;-6.48200014784667;-8.00460355123563;15432
-5.80766666666667;48.8944333333333;-6.1986948532532;-8.22594590581475;15452
-5.80846666666667;48.8936666666667;-6.1986948532532;-8.22594590581475;15472
-5.80933333333333;48.8928;-6.11296639961944;-8.41377643288396;15492
-5.81058333333333;48.8915166666667;-5.96519471924883;-8.51918094812381;15524
-5.8109;48.8912;-5.96519471924883;-8.51918094812381;15532
-5.81138333333333;48.8907;-5.8156059827806;-8.6219904383197;15540
-5.8117;48.8903666666667;-5.8156059827806;-8.6219904383197;15552
-5.81246666666667;48.8895;-5.66424575639298;-8.72217358670498;15573
-5.81325;48.88865;-5.66424575639298;-8.72217358670498;15592
-5.81405;48.8877833333333;-5.66424575639298;-8.72217358670498;15613
-5.81446666666667;48.8873166666667;-5.51116014587717;-8.81969987652216;15623
-5.81485;48.8868833333333;-5.51116014587717;-8.81969987652216;15632
-5.81513333333333;48.8865333333333;-5.35639578259313;-8.91453960031859;15643
-5.81586666666667;48.8856333333333;-5.15000009536743;-8.92006182416096;15660
-5.81628333333333;48.8851;-5.19999980926514;-9.00666386899569;15671
-5.81723333333333;48.8838166666667;-5.19999980926514;-9.00666386899569;15704
-5.81763333333333;48.8832666666667;-5.19999980926514;-9.00666386899569;15712
-5.81826666666667;48.8824;-5.19999980926514;-9.00666386899569;15733
-5.81868333333333;48.88185;-5.19999980926514;-9.00666386899569;15743
-5.81893333333333;48.8814833333333;-5.25;-9.09326673973661;15752
-5.81935;48.8809333333333;-5.40789978655557;-9.00025665737218;15763
-5.82;48.88;-5.40789978655557;-9.00025665737218;15782
-5.82025;48.8796333333333;-5.40789978655557;-9.00025665737218;15789
-5.82095;48.87875;-5.25;-9.09326673973661;15813
-5.82136666666667;48.8782333333333;-5.25;-9.09326673973661;15823
-5.82261666666667;48.8764833333333;-5.25;-9.09326673973661;15862
-5.823;48.8759333333333;-5.25;-9.09326673973661;15873
-5.82323333333333;48.87555;-5.25;-9.09326673973661;15880
-5.82363333333333;48.8749833333333;-5.25;-9.09326673973661;15891
-5.83166666666667;48.8641666666667;-5.25;-9.09326673973661;16134
-5.83205;48.8636166666667;-5.25;-9.09326673973661;16143
-5.8323;48.86325;-5.25;-9.09326673973661;16149
-5.8327;48.8627;-5.25;-9.09326673973661;16164
-5.83293333333333;48.8623333333333;-5.25;-9.09326673973661;16171
-5.8333;48.8617833333333;-5.19999980926514;-9.00666386899569;16182
-5.83355;48.86145;-5.19999980926514;-9.00666386899569;16194
-5.8346;48.8600333333333;-5.5624113072643;-9.2574070110745;16221
-5.83621666666667;48.85775;-4.85769826062133;-9.53376963886953;16271
-5.8368;48.8568333333333;-4.85769826062133;-9.53376963886953;16291
-5.83698333333333;48.8564666666667;-4.83555718623927;-9.09436037485584;16302
-5.83728333333333;48.8559;-5.15000009536743;-8.92006182416096;16310
-5.83758333333333;48.8553666666667;-5.15000009536743;-8.92006182416096;16323
-5.83781666666667;48.855;-5.30489226980927;-8.82882336072345;16332
-5.83808333333333;48.8546333333333;-5.30489226980927;-8.82882336072345;16340
-5.83916666666667;48.8531666666667;-5.30489226980927;-8.82882336072345;16370
-5.83958333333333;48.85265;-5.30489226980927;-8.82882336072345;16380
-5.83981666666667;48.8522833333333;-5.30489226980927;-8.82882336072345;16392
-5.84008333333333;48.8519166666667;-5.15000009536743;-8.92006182416096;16402
-5.84048333333333;48.8514;-5.15000009536743;-8.92006182416096;16410
-5.84118333333333;48.8504833333333;-5.35639578259313;-8.91453960031859;16431
-5.84181666666667;48.8495333333333;-5.35639578259313;-8.91453960031859;16450
-5.84208333333333;48.8491833333333;-5.35639578259313;-8.91453960031859;16461
-5.84238333333333;48.8488333333333;-5.35639578259313;-8.91453960031859;16471
-5.8428;48.8483;-5.51116014587717;-8.81969987652216;16485
-5.84323333333333;48.84775;-5.35639578259313;-8.91453960031859;16490
-5.84351666666667;48.8474;-5.40789978655557;-9.00025665737218;16500
-5.84416666666667;48.8465166666667;-5.25;-9.09326673973661;16521
-5.84458333333333;48.8460166666667;-5.25;-9.09326673973661;16530
-5.8448;48.84565;-5.25;-9.09326673973661;16542
-5.84541666666667;48.8447666666667;-5.09050101258654;-9.18350692496366;16563
-5.84581666666667;48.8442333333333;-5.04201986562171;-9.09604462060878;16574
-5.84696666666667;48.8425166666667;-4.99353918100737;-9.00858315035625;16612
-5.84815;48.8408333333333;-4.78860985087149;-9.00606527875217;16652
-5.84875;48.84;-4.63070301075156;-9.08826637677535;16674
-5.84965;48.8382833333333;-4.38371146789077;-8.98794046299167;16712
-5.84991666666667;48.8380333333333;-4.53990499739546;-8.91006524188368;16722
-5.8502;48.8374833333333;-4.49450577423788;-8.82096424957283;16734
-5.85061666666667;48.83665;-4.60082140484633;-8.65288657842637;16753
-5.85106666666667;48.8358;-4.55387406947855;-8.5645914823227;16770
-5.85131666666667;48.8354833333333;-4.50692718183374;-8.47629722826347;16779
-5.85161666666667;48.8349666666667;-4.45997984646596;-8.38800213215981;16792
-5.8521;48.8342;-4.31290974752569;-8.4645619797895;16815
-5.85258333333333;48.8333333333333;-4.2675105243681;-8.37546098747864;16830
-5.85283333333333;48.8330166666667;-4.2675105243681;-8.37546098747864;16841
-5.85308333333333;48.8325333333333;-4.2221117341696;-8.28636084489783;16854
-5.85356666666667;48.8317;-4.2221117341696;-8.28636084489783;16872
-5.85371666666667;48.8313833333333;-4.36608562345338;-8.21141278199691;16880
-5.85401666666667;48.8309;-4.2221117341696;-8.28636084489783;16890
-5.85448333333333;48.8301666666667;-4.07685174875108;-8.35878480201361;16912
-5.85476666666667;48.8296333333333;-4.07685174875108;-8.35878480201361;16921
-5.85491666666667;48.82935;-4.2221117341696;-8.28636084489783;16931
-5.8553;48.8285666666667;-4.17671251101201;-8.19725985258698;16950
-5.85621666666667;48.8269833333333;-4.3191382880856;-8.12311768589324;16992
-5.85683333333333;48.8259333333333;-4.2721914004408;-8.03482343183401;17021
-5.85716666666667;48.8253833333333;-4.2721914004408;-8.03482343183401;17033
-5.85765;48.8245833333333;-4.08591449765592;-8.01905871769531;17051
-5.85781666666667;48.82425;-4.08591449765592;-8.01905871769531;17064
-5.8581;48.8237666666667;-4.08591449765592;-8.01905871769531;17070
-5.85825;48.8234333333333;-4.22524406507302;-7.94652833573034;17079
-5.85926666666667;48.8216833333333;-4.36328658221703;-7.87157736425456;17122
-5.85945;48.82135;-4.5;-7.79422863405995;17132
-5.86036666666667;48.8197166666667;-4.76927337809884;-7.63243286540783;17171
-5.86088333333333;48.8188833333333;-4.90175131513524;-7.54803511150882;17190
-5.8611;48.8185833333333;-4.90175131513524;-7.54803511150882;17205
-5.8614;48.8181;-5.03273613123672;-7.46133815299538;17214
-5.86468333333333;48.8135;-5.88834946358449;-6.5396746059447;17333
-5.86655;48.8117;-6.25825612574308;-6.04352769049771;17384
-5.86686666666667;48.8114333333333;-6.25825612574308;-6.04352769049771;17390
-5.86766666666667;48.8108;-6.36277706459213;-5.93338560246288;17410
-5.86856666666667;48.8100833333333;-6.36277706459213;-5.93338560246288;17430
-5.8689;48.8098333333333;-6.36277706459213;-5.93338560246288;17441
-5.8694;48.8094666666667;-6.36277706459213;-5.93338560246288;17452
-5.86973333333333;48.8092;-6.36277706459213;-5.93338560246288;17465
-5.87111666666667;48.8081166666667;-6.25825612574308;-6.04352769049771;17490
-5.87148333333333;48.8078666666667;-6.36277706459213;-5.93338560246288;17501
-5.87196666666667;48.8075;-6.25825612574308;-6.04352769049771;17511
-5.87286666666667;48.80685;-6.25825612574308;-6.04352769049771;17530
-5.87318333333333;48.8065833333333;-6.43591271374335;-6.00158569863085;17543
-5.87368333333333;48.8061833333333;-6.33019038018331;-6.11299379253475;17550
-5.87506666666667;48.8051333333333;-6.43591271374335;-6.00158569863085;17579
-5.87593333333333;48.8044666666667;-6.43591271374335;-6.00158569863085;17601
-5.87851666666667;48.8025333333333;-6.50904766542132;-6.06978514439451;17662
-5.87903333333333;48.8021166666667;-6.50904766542132;-6.06978514439451;17670
-5.87995;48.80145;-6.61398866326155;-5.95526214134077;17691
-5.8848;48.7980666666667;-6.8369322526484;-6.15600145087496;17792
-5.8852;48.7978;-6.8369322526484;-6.15600145087496;17803
-5.88773333333333;48.79605;-7.0942697661952;-6.16695462224411;17850
-5.88816666666667;48.7957833333333;-7.0942697661952;-6.16695462224411;17859
-5.8894;48.7949666666667;-7.16974101211633;-6.23256077540982;17882
-5.88983333333333;48.7947;-7.24521225803747;-6.29816692857553;17894
-5.89048333333333;48.7943;-7.13419060807024;-6.42365407629811;17903
-5.89308333333333;48.7925833333333;-7.2085046653871;-6.49056675405439;17950
-5.89353333333333;48.7923166666667;-7.2085046653871;-6.49056675405439;17961
-5.89416666666667;48.7918833333333;-7.28281943142209;-6.55748006994335;17970
-5.89568333333333;48.7909;-7.24040136704049;-6.75178350445701;18003
-5.89628333333333;48.7905166666667;-7.35713348873895;-6.62439274769963;18010
-5.89693333333333;48.7900833333333;-7.35713348873895;-6.62439274769963;18022
-5.89775;48.7894833333333;-7.3135370161917;-6.81998360062499;18040
-5.89838333333333;48.78905;-7.3135370161917;-6.81998360062499;18051
-5.8988;48.7887666666667;-7.3135370161917;-6.81998360062499;18059
-5.89941666666667;48.7883333333333;-7.3135370161917;-6.81998360062499;18072
-5.90043333333333;48.7876;-7.3135370161917;-6.81998360062499;18092
-5.9014;48.7869;-7.43144825477394;-6.69130606358858;18112
-5.90183333333333;48.7866;-7.50576302080893;-6.75821937947754;18120
-5.90256666666667;48.7861;-7.50576302080893;-6.75821937947754;18130
-5.90363333333333;48.7853833333333;-7.50576302080893;-6.75821937947754;18156
-5.9062;48.78365;-7.45980761702089;-6.95638314255662;18200
-5.90676666666667;48.78325;-7.45980761702089;-6.95638314255662;18212
-5.90718333333333;48.7829666666667;-7.45980761702089;-6.95638314255662;18222
-5.90778333333333;48.7825166666667;-7.45980761702089;-6.95638314255662;18230
-5.90818333333333;48.7822166666667;-7.45980761702089;-6.95638314255662;18240
-5.90876666666667;48.7817666666667;-7.45980761702089;-6.95638314255662;18249
-5.90915;48.78145;-7.45980761702089;-6.95638314255662;18262
-5.90971666666667;48.7810166666667;-7.45980761702089;-6.95638314255662;18270
-5.91011666666667;48.7807166666667;-7.45980761702089;-6.95638314255662;18282
-5.91161666666667;48.7795666666667;-7.50576302080893;-6.75821937947754;18313
-5.91276666666667;48.77875;-7.38667266534291;-6.88818369679297;18332
-5.91356666666667;48.77815;-7.38667266534291;-6.88818369679297;18350
-5.91413333333333;48.7777333333333;-7.50576302080893;-6.75821937947754;18363
-5.91475;48.7772833333333;-7.50576302080893;-6.75821937947754;18371
-5.91576666666667;48.7765666666667;-7.38667266534291;-6.88818369679297;18392
-5.91756666666667;48.7751;-7.3135370161917;-6.81998360062499;18432
-5.91858333333333;48.77435;-7.3135370161917;-6.81998360062499;18453
-5.91891666666667;48.7740833333333;-7.3135370161917;-6.81998360062499;18460
-5.9195;48.77365;-7.3135370161917;-6.81998360062499;18470
-5.91988333333333;48.7733166666667;-7.43144825477394;-6.69130606358858;18481
-5.92136666666667;48.7722;-7.62256704814885;-6.62619644307079;18511
-5.9235;48.7707666666667;-7.50576302080893;-6.75821937947754;18550
-5.92393333333333;48.7705;-7.38667266534291;-6.88818369679297;18560
-5.92488333333333;48.7697666666667;-7.50576302080893;-6.75821937947754;18580
-5.92583333333333;48.76905;-7.50576302080893;-6.75821937947754;18603
-5.9264;48.76865;-7.50576302080893;-6.75821937947754;18612
-5.92876666666667;48.7669833333333;-7.62256704814885;-6.62619644307079;18660
-5.93183333333333;48.7649333333333;-7.62256704814885;-6.62619644307079;18721
-5.93256666666667;48.7644333333333;-7.62256704814885;-6.62619644307079;18732
-5.93305;48.76415;-7.62256704814885;-6.62619644307079;18740
-5.9337;48.7637333333333;-7.62256704814885;-6.62619644307079;18750
-5.93411666666667;48.7634666666667;-7.62256704814885;-6.62619644307079;18760
-5.93518333333333;48.76275;-7.58007707812579;-6.82513205723382;18780
-5.9368;48.7616833333333;-7.58007707812579;-6.82513205723382;18810
-5.93785;48.7609666666667;-7.58007707812579;-6.82513205723382;18830
-5.93823333333333;48.7606666666667;-7.58007707812579;-6.82513205723382;18840
-5.93888333333333;48.7602333333333;-7.58007707812579;-6.82513205723382;18852
-5.93953333333333;48.7597833333333;-7.58007707812579;-6.82513205723382;18861
-5.94038333333333;48.7591833333333;-7.58007707812579;-6.82513205723382;18880
-5.94101666666667;48.75875;-7.58007707812579;-6.82513205723382;18892
-5.94291666666667;48.7574;-7.65439184416079;-6.89204537312278;18933
-5.94353333333333;48.75695;-7.65439184416079;-6.89204537312278;18943
-5.94413333333333;48.7565166666667;-7.65439184416079;-6.89204537312278;18951
-5.9513;48.7513;-7.5329432661721;-7.0245832387246;19092
-5.9538;48.7494666666667;-7.65439184416079;-6.89204537312278;19142
-5.9548;48.7487;-7.65439184416079;-6.89204537312278;19160
-5.9586;48.7460666666667;-7.0245832387246;-7.53294326617211;19232
-5.95961666666667;48.7452666666667;-6.89204537312277;-7.65439184416079;19252
-5.96;48.74495;-6.75740812373555;-7.77350882024398;19264
-5.96058333333333;48.7444666666667;-6.62071250237336;-7.89025791023686;19274
-5.96153333333333;48.7436666666667;-6.48200014784667;-8.00460355123563;19291
-5.96241666666667;48.74285;-6.1986948532532;-8.22594590581475;19310
-5.97448333333333;48.72475;-4.73440846893469;-9.70697587146237;19681
-5.97856666666667;48.7166666666667;-5.93656527390049;-9.14150887067769;19840
-5.97953333333333;48.7151;-6.40685902576568;-8.81828493007144;19874
-5.97996666666667;48.71455;-6.40685902576568;-8.81828493007144;19881
-5.98058333333333;48.7138166666667;-6.40685902576568;-8.81828493007144;19900
-5.981;48.7133166666667;-6.40685902576568;-8.81828493007144;19912
-5.9818;48.7124166666667;-6.40685902576568;-8.81828493007144;19933
-5.98228333333333;48.7118833333333;-6.25198293742435;-8.92875697026831;19941
-5.98333333333333;48.7106;-6.25198293742435;-8.92875697026831;19970
-5.98408333333333;48.7096833333333;-6.25198293742435;-8.92875697026831;19991
-5.98451666666667;48.70915;-6.20704144184045;-9.2023173716137;20001
-5.98521666666667;48.7082666666667;-6.09520243451597;-9.03650922459722;20025
-5.98556666666667;48.7078;-6.09520243451597;-9.03650922459722;20031
-5.98628333333333;48.7068666666667;-6.03928346414165;-8.95360594172082;20054
-5.98776666666667;48.705;-6.19462562199232;-8.84684223456197;20091
-5.9881;48.7046333333333;-6.19462562199232;-8.84684223456197;20099
-5.98851666666667;48.7041166666667;-6.19462562199232;-8.84684223456197;20110
-5.98953333333333;48.7027833333333;-6.19462562199232;-8.84684223456197;20140
-5.99;48.7022333333333;-6.59612901803703;-9.42024850932341;20153
-5.99036666666667;48.7018833333333;-6.65348688047418;-9.50216402623401;20161
-5.99085;48.7013166666667;-6.48663789357583;-9.61683615789122;20170
-5.9911;48.7009166666667;-6.59612901803703;-9.42024850932341;20181
-5.99203333333333;48.6998;-6.09520243451597;-9.03650922459722;20200
-5.99228333333333;48.69945;-6.09520243451597;-9.03650922459722;20211
-5.99271666666667;48.6988833333333;-6.09520243451597;-9.03650922459722;20221
-5.99313333333333;48.6984166666667;-6.09520243451597;-9.03650922459722;20233
-5.99346666666667;48.69805;-6.09520243451597;-9.03650922459722;20240
-5.9942;48.6970833333333;-6.15112193817821;-9.11941329810546;20260
-5.995;48.6961166666667;-6.15112193817821;-9.11941329810546;20282
-5.99546666666667;48.6955333333333;-6.20704144184045;-9.2023173716137;20294
-5.99623333333333;48.6946166666667;-6.36669866229866;-9.09258800408952;20309
-5.997;48.6936333333333;-6.36669866229866;-9.09258800408952;20330
-5.99735;48.6932666666667;-6.42405597773069;-9.17450273979586;20341
-5.99786666666667;48.6926833333333;-6.42405597773069;-9.17450273979586;20353
-5.99818333333333;48.6923;-6.42405597773069;-9.17450273979586;20361
-5.99868333333333;48.6917166666667;-6.42405597773069;-9.17450273979586;20371
-6;48.69025;-6.26296041221478;-9.2852206544901;20402
-6.00031666666667;48.6898666666667;-6.26296041221478;-9.2852206544901;20413
-6.00145;48.6884;-6.09995708828665;-9.39311020102503;20444
-6.00265;48.68685;-6.15442119955146;-9.47697757774701;20471
-6.00293333333333;48.6864666666667;-6.15442119955146;-9.47697757774701;20482
-6.00338333333333;48.6859;-6.15442119955146;-9.47697757774701;20491
-6.00368333333333;48.6855;-6.15442119955146;-9.47697757774701;20504
-6.00408333333333;48.6849666666667;-6.15442119955146;-9.47697757774701;20510
-6.00481666666667;48.684;-6.15442119955146;-9.47697757774701;20531
-6.00511666666667;48.6836166666667;-6.15442119955146;-9.47697757774701;20539
-6.00556666666667;48.68305;-6.15442119955146;-9.47697757774701;20551
-6.00631666666667;48.6820833333333;-6.15442119955146;-9.47697757774701;20571
-6.0071;48.6811333333333;-6.31887991587702;-9.36812472799834;20591
-6.00778333333333;48.6802;-6.31887991587702;-9.36812472799834;20611
-6.00945;48.6781833333333;-6.31887991587702;-9.36812472799834;20649
-6.01106666666667;48.6762833333333;-6.31887991587702;-9.36812472799834;20691
-6.01176666666667;48.6753333333333;-6.15442119955146;-9.47697757774701;20712
-6.01335;48.6733833333333;-6.31887991587702;-9.36812472799834;20751
-6.01411666666667;48.6724166666667;-6.31887991587702;-9.36812472799834;20771
-6.0156;48.6704833333333;-6.58319471356456;-9.06099018269167;20811
-6.01603333333333;48.6700166666667;-6.74032814451583;-8.94471756020205;20822
-6.01651666666667;48.6694333333333;-6.74032814451583;-8.94471756020205;20832
-6.01686666666667;48.6690666666667;-6.74032814451583;-8.94471756020205;20839
-6.01816666666667;48.6675333333333;-6.89540840621926;-8.82572029009417;20872
-6.019;48.6666;-7.19922110588723;-8.57969761682117;20892
-6.01935;48.6662166666667;-7.34786099956035;-8.45274715454562;20899
-6.03196666666667;48.6550666666667;-7.77817459305202;-7.77817459305202;21161
-6.03518333333333;48.6524833333333;-8.32322190360319;-7.49426266359268;21229
-6.0358;48.6520166666667;-8.24890784628633;-7.4273499858364;21244
-6.03643333333333;48.6515666666667;-8.24890784628633;-7.4273499858364;21252
-6.03685;48.6512666666667;-8.37727662837162;-7.28225547206129;21265
-6.07128333333333;48.6361833333333;-9.87929114054513;-2.09990815657139;21823
-6.0803;48.6350333333333;-9.58684391459084;-0.502425199896848;21961
-6.08163333333333;48.6349333333333;-9.60000038146973;-1.76349146084704e-15;21981
-6.08291666666667;48.6349;-9.47685847746833;0.66268650056919;22002
-6.12951666666667;48.6316166666667;-4.35830897068328;-8.55366297210035;22771
-6.12976666666667;48.63125;-4.20836317640046;-8.62842318733472;22785
-6.13455;48.6123833333333;-2.17522247450475;-11.1905495168423;23125
-6.13473333333333;48.61045;-2.01431892717792;-11.423770310616;23150
-6.13483333333333;48.60925;-2.03168364558233;-11.5222505224057;23172
-6.13511666666667;48.6044;-2.28970794451854;-11.779526201372;23251
-6.13878333333333;48.5863166666667;-3.87426091384577;-11.2516706889452;23563
-6.14538333333333;48.5646;-4.00448836192023;-11.629878660215;23932
-6.15071666666667;48.5453666666667;-4.00448836192023;-11.629878660215;24259
-6.15178333333333;48.5419333333333;-3.97193142228011;-11.5353264419683;24322
-6.15325;48.5353;-3.97193142228011;-11.5353264419683;24432
-6.15356666666667;48.53415;-4.17264568333799;-11.4642497943559;24451
-6.15393333333333;48.5330166666667;-4.17264568333799;-11.4642497943559;24472
-6.1561;48.5255;-3.90681785348588;-11.3462229071918;24603
-6.15638333333333;48.5244666666667;-3.93937479312599;-11.4407751254384;24625
-6.15675;48.5233166666667;-3.93937479312599;-11.4407751254384;24644
-6.15928333333333;48.5145333333333;-4.13844386471092;-11.3702810699738;24795
