"x";"y";"vx";"vy";"t"
-5.99878833333333;49.9698433333333;1.44678536285841;-16.5368323683411;0
-5.98502833333333;49.9403066666667;10.6059955598279;-12.6397333114631;407
-5.88516;49.9190416666667;17.3437864097918;-4.00412859569676;1282
-5.88291333333333;49.9187316666667;17.2712631874358;-4.30620955710233;1299
-5.87992333333333;49.918295;17.3437864097918;-4.00412859569676;1321
-5.87829833333333;49.9180733333333;17.3437864097918;-4.00412859569676;1337
-5.87692;49.9178916666667;17.3437864097918;-4.00412859569676;1344
-5.876295;49.91781;17.3437864097918;-4.00412859569676;1352
-5.87541666666667;49.9177;17.3437864097918;-4.00412859569676;1358
-5.87391166666667;49.9175016666667;17.2712631874358;-4.30620955710233;1370
-5.87165166666667;49.9171833333333;17.3682931302019;-4.33040183894817;1388
-5.87014833333333;49.9169583333333;17.441223787963;-4.02662378694316;1398
-5.86939666666667;49.9168516666667;17.441223787963;-4.02662378694316;1403
-5.86789166666667;49.9166416666667;17.441223787963;-4.02662378694316;1419
-5.79993166666667;49.9082433333333;17.7756049567375;-0.931579981195231;1956
-5.79826666666667;49.9081883333333;17.8563961191104;-1.24864085340986;1968
-5.796725;49.908135;17.8563961191104;-1.24864085340986;1981
-5.793635;49.908015;17.9753316255823;-0.942047212372985;2005
-5.792215;49.9079683333333;17.9753316255823;-0.942047212372985;2015
-5.78820666666667;49.9078466666667;17.9753316255823;-0.942047212372985;2045
-5.78742666666667;49.9078216666667;17.9753316255823;-0.942047212372985;2052
-5.782755;49.9076516666667;18.088974350283;-0.631680903628365;2093
-5.78042;49.9075616666667;18.0972436637423;-0.315888563172396;2111
-5.74224166666667;49.9077333333333;18.2972120585387;0.319379024487156;2401
-5.74053833333333;49.9077516666667;18.1972288146696;0.317633810473687;2411
-5.72953166666667;49.9078133333333;18.2972120585387;0.319379024487156;2502
-5.72260833333333;49.9078916666667;18.1972288146696;0.317633810473687;2550
-5.721695;49.9079133333333;18.1972288146696;0.317633810473687;2555
-5.719345;49.90794;18.2000007629395;1.11442863394066e-15;2575
-5.71856166666667;49.90794;18.1972288146696;0.317633810473687;2581
-5.71230166666667;49.9079983333333;18.0972436637423;0.315888563172394;2629
-5.70916833333333;49.9080466666667;18.0972436637423;0.315888563172394;2652
-5.55186166666667;49.9049983333333;17.7566393335439;-1.24166517942546;3879
-5.55109333333333;49.9049616666667;17.7566393335439;-1.24166517942546;3885
-5.47768666666667;49.9011833333333;17.8563961191104;-1.24864085340986;4457
-5.471305;49.9009683333333;17.6892184007127;-0.617721118260466;4508
-5.435115;49.9011016666667;18;1.10218211923262e-15;4787
-5.432775;49.9011166666667;18;1.10218211923262e-15;4805
-5.35555666666667;49.9013033333333;18.2000007629395;1.11442863394066e-15;5399
-5.35399;49.9013016666667;18.2000007629395;1.11442863394066e-15;5417
-5.35084666666667;49.9012883333333;18.2972120585387;-0.319379024487158;5437
-5.34927333333333;49.9012666666667;18.2999992370605;1.12055177450326e-15;5450
-4.92557666666667;49.8968683333333;18.1204622797503;-3.19512640282999;8688
-4.92389333333333;49.8966733333333;18.1204622797503;-3.19512640282999;8702
-4.91999;49.8962733333333;18.1204622797503;-3.19512640282999;8734
-4.91699666666667;49.89596;18.061939800976;-3.51088544214057;8754
-4.91298166666667;49.89549;18.1204622797503;-3.19512640282999;8787
-4.91220333333333;49.8954033333333;18.1204622797503;-3.19512640282999;8794
-4.26889666666667;49.8618616666667;18.4971823603932;-0.322869519089744;13692
-4.20561666666667;49.8618316666667;18.3999996185303;1.12667503185728e-15;14175
-4.20389666666667;49.8618416666667;18.3999996185303;1.12667503185728e-15;14183
-4.200855;49.8618583333333;18.3999996185303;1.12667503185728e-15;14209
-4.198345;49.86187;18.3999996185303;1.12667503185728e-15;14225
-4.197685;49.8618766666667;18.5;1.1327982892113e-15;14232
-4.198345;49.86187;18.3999996185303;1.12667503185728e-15;14237
-4.197685;49.8618766666667;18.5;1.1327982892113e-15;14244
-4.14268666666667;49.8619316666667;18.4971823603932;0.322869519089742;14651
-4.14175333333333;49.8619366666667;18.4971823603932;0.322869519089742;14657
-4.14122;49.8619416666667;18.4971823603932;0.322869519089742;14662
-4.14029;49.861945;18.4971823603932;0.322869519089742;14668
-4.137085;49.861955;18.5;1.1327982892113e-15;14695
