"x";"y";"vx";"vy";"t"
-4.60386666666667;48.33245;-10.065602221774;-5.35197563666997;0
-4.61243333333333;48.3292166666667;-10.3304866680406;-5.49281719505033;126
-4.62258333333333;48.3253666666667;-10.5953711143071;-5.63365875343069;274
-4.63188333333333;48.32175;-10.5828987900276;-5.86619658992087;382
-4.64131666666667;48.3180333333333;-10.6703602602802;-5.91467727453521;518
-4.65156666666667;48.3139166666667;-10.5828987900276;-5.86619658992087;659
-4.66071666666667;48.31035;-10.4954364856728;-5.81771544295604;799
-4.6709;48.3064;-10.5828987900276;-5.86619658992087;928
-4.68123333333333;48.3027833333333;-10.8756934444398;-5.0714191408884;1059
-4.69105;48.2996333333333;-11.1381090779193;-4.72784680377231;1219
-4.70111666666667;48.2966833333333;-11.1381090779193;-4.72784680377231;1365
-4.7104;48.29395;-11.1381090779193;-4.72784680377231;1444
-4.7201;48.2910833333333;-11.0460582414293;-4.68877354187129;1578
-4.73011666666667;48.2882;-11.0460582414293;-4.68877354187129;1719
-4.73993333333333;48.2854;-10.9540074049393;-4.64970027997026;1841
-4.75123333333333;48.2819166666667;-10.7850623200071;-5.02915715349826;1985
-4.76161666666667;48.2785166666667;-10.7850623200071;-5.02915715349826;2151
-4.77115;48.27545;-10.7798365744277;-4.7994924658733;2249
-4.77976666666667;48.2726;-10.7553330666673;-4.34543662652566;2391
-4.78911666666667;48.2694833333333;-10.8619574463112;-4.61062739069948;2530
-4.79436666666667;48.2677333333333;-10.9540074049393;-4.64970027997026;2571
-4.80476666666667;48.2645833333333;-11.109606719184;-4.26457846288255;2721
-4.81376666666667;48.2619666666667;-10.9228908119509;-4.19290494132676;2850
-4.82171666666667;48.2596666666667;-10.4017050195849;-4.41526182645484;2953
-4.83051666666667;48.2563;-9.78608722794539;-5.65000009536744;3098
-4.8394;48.2525333333333;-10.1145743117766;-6.07744938217436;3222
-4.84795;48.2482833333333;-8.90557319057814;-7.74149666722132;3349
-4.85635;48.2429833333333;-8.77624441943004;-8.18398032074999;3480
-4.86323333333333;48.2381333333333;-8.77624441943004;-8.18398032074999;3590
-4.87088333333333;48.2328;-8.99205267176372;-8.09648059219526;3719
-4.87768333333333;48.228;-8.70310877027883;-8.11578022458201;3852
-4.88503333333333;48.2228333333333;-8.76910908237688;-7.89574128266106;3978
-4.89166666666667;48.2181;-6.20005529045442;-9.92216256327785;4094
-4.89205;48.2114166666667;2.15614168414889;-11.0923873601891;4253
-4.88926666666667;48.2036333333333;2.17060222083663;-12.3100969126526;4376
-4.8868;48.19625;1.97107431918192;-12.4448734682719;4514
-4.88451666666667;48.1894;2.66126968212333;-12.5202894759596;4639
-4.88098333333333;48.1826;8.7526957327745;-9.06368175867336;4752
-4.87068333333333;48.1781;10.9327463392424;-6.06012025307921;4899
-4.86061666666667;48.1743166666667;10.8860245554251;-6.54098345312197;5013
-4.85076666666667;48.1705666666667;11.6007398469336;-5.40951383088899;5151
-4.84106666666667;48.1680166666667;12.0784175755488;-3.92451576962152;5283
-4.82953333333333;48.1650666666667;12.0431871456812;-4.62294641242785;5408
-4.82123333333333;48.1628833333333;12.1220344496739;-4.4120597184308;5511
-4.80893333333333;48.1595833333333;12.2917414827911;-4.23238600794303;5639
-4.79913333333333;48.1569;11.8564712384481;-4.55127289087205;5772
-4.78925;48.1542;12.2407010587275;-3.74235787621651;5898
-4.77608333333333;48.1509;12.3638507607358;-3.31288382667808;6094
-4.751;48.1458;12.3246601423796;-2.61968738361578;6341
-4.74008333333333;48.1438;12.3246601423796;-2.61968738361578;6470
-4.73015;48.1419333333333;12.4448734682719;-1.97107431918192;6606
-4.7091;48.13855;12.4085780636282;-2.18796710484484;6840
-4.6974;48.1367166666667;12.3100969126526;-2.17060222083663;6999
-4.68491666666667;48.1348;12.211615761677;-2.15323733682841;7159
-4.66395;48.1317166666667;12.2703397930958;-2.38511244220681;7379
-4.61411666666667;48.1287;12.1981416902022;-0.212919355206076;7976
