"x";"y";"vx";"vy";"t"
-4.779485;48.3603966666667;-1.10321503626177;-0.861926050777408;0
-4.78151166666667;48.3600966666667;-3.70000004768372;-6.79678982286137e-16;136
-4.78457333333333;48.35924;-2.69580914144889;-3.85001445191741;257
-4.78538833333333;48.3587816666667;-1.7201662261707;-4.4811862252529;273
-4.78765166666667;48.3565433333333;-0.894020310172372;-4.20603486972221;410
-4.789245;48.35433;0.366054102916528;-4.18401754197627;527
-4.78962333333333;48.3518016666667;0.235511803093247;-4.49383290639558;677
-4.78953333333333;48.348485;0.369709324148857;-5.28708965664731;826
-4.78924833333333;48.34524;0.0959882354050589;-5.49916232336015;927
-4.78885166666667;48.3421833333333;0.38366060559269;-5.48660227642903;1041
-4.78866666666667;48.339045;-0.0907525101450902;-5.19920782410742;1196
-4.78888666666667;48.33564;0.505503324560059;-5.77792943894118;1348
-4.78915166666667;48.3322683333333;6.85802195843376e-16;-5.59999990463257;1476
-4.78934;48.3291366666667;0.719029137712737;-5.85602238934038;1576
-4.788685;48.3255833333333;2.1502076972718;-5.60148255898321;1696
-4.78684833333333;48.3216616666667;1.35474384897651;-6.96955290886315;1841
-4.78497166666667;48.3171416666667;1.58012883038697;-7.4339216722935;1976
-4.78334833333333;48.312645;1.58012883038697;-7.4339216722935;2111
-4.78179166666667;48.3081766666667;1.20454535097227;-7.60520003419596;2236
-4.78030166666667;48.304045;1.3370909349146;-7.58301951035683;2382
-4.77872166666667;48.2998683333333;1.50739108167167;-7.75485484285181;2481
-4.77697833333333;48.29533;1.35445581892282;-7.68150066133239;2634
-4.775345;48.2911333333333;1.6425023772883;-7.72736613908049;2784
-4.77368166666667;48.286915;1.38918542133544;-7.87846202409766;2873
-4.77150833333333;48.2816133333333;1.79960843475092;-7.79496051828188;2996
-4.7697;48.2769733333333;0.825774869783076;-7.85672306825436;3128
-4.76812166666667;48.2727183333333;0.697245941981269;-7.96955758473396;3256
-4.76650166666667;48.2675966666667;1.56463372569374;-8.04934271704032;3380
-4.764755;48.2631666666667;1.44127990775628;-8.1739045378385;3526
-4.76278166666667;48.257945;1.72566707344341;-8.11862527265744;3696
-4.76102333333333;48.2535083333333;1.01151557350746;-8.23813324793613;3777
-4.759475;48.2495233333333;1.29840608967142;-8.19781341532624;3876
-4.75777;48.2450866666667;1.01151557350746;-8.23813324793613;4006
