"x";"y";"vx";"vy";"t"
-5.623;48.0673333333333;-4.71050681832914;17.579850775404;0
-5.62683333333333;48.077;-4.93390856397699;17.2065839906037;138
-5.631;48.0871666666667;-4.93390856397699;17.2065839906037;250
-5.63516666666667;48.0973333333333;-4.989036245435;17.3988370631758;379
-5.64016666666667;48.1093333333333;-4.68462481508725;17.4832578243036;561
-5.64416666666667;48.1205;-4.04911897818958;17.5386611661342;654
-5.64733333333333;48.1291666666667;-4.09410936068238;17.7335359224766;755
-5.65333333333333;48.1485;-2.51903318046752;17.9238524219797;1000
-5.6565;48.1631666666667;-2.8314638769032;17.8771593415452;1187
-5.65966666666667;48.178;-2.53295054365385;18.0228796066112;1380
-5.663;48.194;-2.84710738308223;17.9759285523779;1541
-5.66516666666667;48.2045;-1.59495002578759;18.2303622150427;1680
-5.66683333333333;48.215;-1.88151233881776;17.9013941166289;1801
-5.67033333333333;48.2355;-1.91287079804917;18.1997499264794;2056
-5.67233333333333;48.247;-1.89196522501897;18.0008466855457;2181
-5.6745;48.26;-1.90241811122018;18.1002992544626;2329
-5.67633333333333;48.2705;-2.19364818129267;17.8658307295438;2510
-5.679;48.2858333333333;-2.18146120046269;17.7665757357534;2701
-5.68116666666667;48.2998333333333;-1.90241811122018;18.1002992544626;2829
-5.683;48.3103333333333;-1.57751897697989;18.0311244154787;2977
-5.68516666666667;48.3233333333333;-2.21802214295263;18.0643407171247;3092
-5.68683333333333;48.3338333333333;-1.90241811122018;18.1002992544626;3233
-5.68916666666667;48.347;-2.54686764138856;18.1219049024562;3384
-5.69116666666667;48.3571666666667;-1.91287079804917;18.1997499264794;3541
-5.69316666666667;48.3693333333333;-2.20583516212265;17.9650857233342;3694
-5.69516666666667;48.3803333333333;-2.23020889133528;18.1635938177836;3777
-5.69683333333333;48.3903333333333;-2.20583516212265;17.9650857233342;3903
-5.69933333333333;48.4043333333333;-1.60366563330964;18.32998206487;4070
-5.701;48.4145;-2.54686764138856;18.1219049024562;4214
-5.70216666666667;48.421;-1.60366563330964;18.32998206487;4261
-5.70383333333333;48.4311666666667;-1.91287079804917;18.1997499264794;4401
-5.70566666666667;48.4416666666667;-2.21802214295263;18.0643407171247;4509
-5.70766666666667;48.4528333333333;-2.21802214295263;18.0643407171247;4673
-5.70933333333333;48.4626666666667;-2.23020889133528;18.1635938177836;4786
-5.71133333333333;48.4736666666667;-2.51903318046752;17.9238524219797;4920
-5.7135;48.4858333333333;-1.90241811122018;18.1002992544626;5041
-5.71533333333333;48.4963333333333;-2.23020889133528;18.1635938177836;5177
-5.71733333333333;48.507;-2.23020889133528;18.1635938177836;5281
-5.71916666666667;48.5176666666667;-1.93377657045159;18.3986550643131;5431
-5.721;48.5281666666667;-1.59495002578759;18.2303622150427;5581
-5.722;48.54;-0.321124271788469;18.397197209466;5731
-5.72283333333333;48.5513333333333;-0.968215190494471;18.4746463929596;5837
-5.723;48.562;1.29049476426632;18.4549349298067;5981
-5.72066666666667;48.5721666666667;3.84636628012855;18.0957306135754;6100
-5.71733333333333;48.5821666666667;5.1544187640725;17.975594447431;6201
-5.711;48.5943333333333;7.5246278969023;16.9005909663881;6319
-5.70366666666667;48.6045;7.93451792410762;16.2681725808776;6469
-5.69683333333333;48.6136666666667;8.4442234683392;16.5727216897957;6603
-5.689;48.623;8.59132924080343;16.1579402756828;6697
-5.68133333333333;48.6325;8.68522391153898;16.3345304678902;6831
-5.67383333333333;48.6415;9.10000038146972;15.7616630096017;6956
-5.66533333333333;48.652;9.01745912152206;16.2679268864337;7112
-5.6575;48.6616666666667;9.16290163771558;16.5303121312936;7220
-5.6495;48.6713333333333;8.73217124690676;16.4228255639938;7333
-5.64133333333333;48.6811666666667;8.68522391153898;16.3345304678902;7506
-5.634;48.6903333333333;9.01745912152206;16.2679268864337;7626
-5.62616666666667;48.6998333333333;8.68522391153898;16.3345304678902;7715
-5.61766666666667;48.7103333333333;8.82606502219637;16.5994140721123;7851
-5.61683333333333;48.7111666666667;8.91995969293193;16.7760042643196;7861
-5.60883333333333;48.7213333333333;8.48962269149679;16.6618226821065;8011
-5.601;48.731;8.4442234683392;16.5727216897957;8161
-5.5935;48.7413333333333;8.67121871820897;17.0182249518898;8274
-5.58433333333333;48.7501666666667;14.4993975657614;11.3281709111359;8401
-5.57116666666667;48.7565;14.9226763059908;10.0654722624734;8551
-5.5575;48.7625;16.4428498269388;9.11442049075075;8643
-5.54366666666667;48.768;16.0214699700121;9.25;8791
-5.52983333333333;48.7738333333333;15.7718780059355;9.47670038187357;8930
-5.5165;48.7793333333333;16.2004616562865;9.73421941932859;9037
-5.50316666666667;48.7848333333333;16.0290291770963;9.63121239376088;9151
-5.48933333333333;48.7905;15.5192795126532;9.69752213117134;9301
-5.47483333333333;48.7965;16.0930022777239;8.92049682759241;9421
-5.46033333333333;48.8025;15.7718780059355;9.47670038187357;9511
-5.447;48.8078333333333;15.8575950629891;9.52820438583601;9691
-5.43233333333333;48.8138333333333;15.7736949120142;9.85649851688577;9811
-5.4185;48.8196666666667;15.6888897788939;9.80350638831429;9901
-5.40433333333333;48.8253333333333;15.9433035607315;9.96248176328794;10073
-5.39033333333333;48.8311666666667;15.4200991657765;10.4009882178711;10142
-5.37416666666667;48.8376666666667;16.0281086938518;10.0154738918594;10321
-5.36;48.8435;16.2861787133401;9.78572342329103;10441
-5.34516666666667;48.8496666666667;16.2861787133401;9.78572342329103;10551
-5.33083333333333;48.8555;15.5992728837123;10.1302862590428;10691
-5.31766666666667;48.8608333333333;15.6040846457736;9.75051425974281;10791
-5.30366666666667;48.8666666666667;16.2004616562865;9.73421941932859;10968
-5.28783333333333;48.8731666666667;16.1977189600924;10.1214581490024;11062
-5.27416666666667;48.8788333333333;16.1977189600924;10.1214581490024;11201
-5.26066666666667;48.8843333333333;16.3718957703937;9.83722742725347;11311
-5.24633333333333;48.8903333333333;16.018608167685;10.4026057765503;11450
-5.24233333333333;48.892;15.9433035607315;9.96248176328794;11481
-5.22866666666667;48.8975;16.543328249584;9.94023445282118;11602
-5.21233333333333;48.9043333333333;16.4576128274473;9.88873143121591;11723
-5.196;48.9106666666667;15.9347407909631;10.3481416652855;11901
-5.18166666666667;48.9165;16.4576128274473;9.88873143121591;12010
-5.1665;48.9226666666667;17.0550842892182;9.45378759480357;12181
-5.14716666666667;48.9305;16.8008925030556;9.69999980926514;12301
-5.13316666666667;48.9361666666667;16.6290453066376;9.99173845678362;12411
-5.11716666666667;48.9426666666667;16.8874953737966;9.75;12597
-5.08583333333333;48.9555;16.6290453066376;9.99173845678362;12861
-5.07066666666667;48.9615;15.8508734142411;10.2936775540207;12971
-5.0465;48.9713333333333;16.45213274193;10.280433523976;13221
-5.031;48.9775;16.45213274193;10.280433523976;13313
-5.01633333333333;48.9835;16.8004794207448;10.0947464647085;13423
-4.98416666666667;48.9963333333333;16.7142896323147;9.64999961853028;13749
