"x";"y";"vx";"vy";"t"
-6.009915;48.277185;7.85001690104751;17.6314266355223;0
-5.99675333333333;48.2937983333333;7.19244687938766;17.8019307150675;222
-5.98899833333333;48.303775;7.50203796509825;17.6736938885763;334
-5.96988833333333;48.3285683333333;7.22990696712495;17.8946476857539;664
-5.96247166666667;48.3386666666667;7.22990696712495;17.8946476857539;770
-5.95439;48.3496983333333;7.22990696712495;17.8946476857539;919
-5.946905;48.35976;7.15498607714499;17.7092119759182;1049
-5.93954;48.3698216666667;7.19244687938766;17.8019307150675;1182
-5.93266166666667;48.379365;6.84482797302176;17.8313865022292;1286
-5.92593833333333;48.388425;7.15498607714499;17.7092119759182;1391
-5.91716666666667;48.4003183333333;6.88066490468281;17.9247449010116;1602
-5.9096;48.4107216666667;7.46296470319722;17.5816430520863;1732
-5.90161333333333;48.4212733333333;7.50203796509825;17.6736938885763;1852
-5.89299833333333;48.4326566666667;7.15498607714499;17.7092119759182;1951
-5.88546333333333;48.4426416666667;7.15498607714499;17.7092119759182;2121
-5.87844666666667;48.452215;7.46296470319722;17.5816430520863;2202
-5.87019666666667;48.46309;7.46296470319722;17.5816430520863;2359
-5.86232166666667;48.4729833333333;7.80934385737079;17.5400734837178;2459
-5.85468333333333;48.4823983333333;8.15653212916335;17.4917395983494;2609
-5.84692166666667;48.4919166666667;8.15653212916335;17.4917395983494;2719
-5.83896666666667;48.5017383333333;8.15653212916335;17.4917395983494;2827
-5.80864333333333;48.5314133333333;12.5986373950602;15.0144713773547;3230
-5.79733;48.5393416666667;12.9243633716463;14.8677793061863;3360
-5.77283166666667;48.556255;12.4605432626534;15.3874894439327;3634
-5.76044;48.5651466666667;12.3976121838152;15.3097760336176;3771
-5.74924;48.5732116666667;12.1285315336279;15.5238124472569;3881
-5.738225;48.582055;9.40530644783875;16.9676219848633;3995
-5.72880166666667;48.5918116666667;9.55000019073486;16.5410855426453;4132
-5.719465;48.6012016666667;9.55000019073486;16.5410855426453;4252
-5.71022833333333;48.610475;9.35682530087392;16.8801596805085;4422
-5.70134166666667;48.6193883333333;9.60000038146972;16.6276884133862;4511
-5.69224333333333;48.6282216666667;9.60000038146972;16.6276884133862;4616
-5.68328166666667;48.6371133333333;9.35682530087392;16.8801596805085;4740
-5.67392333333333;48.646605;9.64999961853027;16.7142896323147;4878
-5.665705;48.6545983333333;9.64999961853027;16.7142896323147;4962
-5.65636333333333;48.663975;9.30834507861006;16.7926990443583;5092
-5.64614666666667;48.674125;9.01385436366748;16.952594456527;5242
-5.63749;48.6830533333333;9.88873143121591;16.4576128274473;5352
-5.62822833333333;48.691865;9.64999961853027;16.7142896323147;5479
-5.61929;48.7007333333333;8.67121871820897;17.0182249518898;5592
-5.61039;48.710275;8.3728890708967;17.1669666271768;5715
-5.60212166666667;48.719395;9.01385436366748;16.952594456527;5844
-5.59292166666667;48.72889;9.10774813895709;17.1291829646454;5983
-5.584625;48.7380466666667;8.41672635280093;17.2568463746694;6091
-5.57586666666667;48.74762;9.88873143121591;16.4576128274473;6226
-5.56601666666667;48.7561366666667;11.8822660040728;15.2086069434052;6323
-5.55445;48.7643516666667;12.5343583888875;14.9378666408201;6452
-5.54259166666667;48.7726866666667;12.2088153463002;15.0766313558076;6589
-5.53116833333333;48.7810066666667;12.9811335081088;14.4170093307742;6735
-5.518485;48.7888733333333;13.8592931809962;13.8592931809962;6835
-5.50557166666667;48.7965366666667;14.4913240968092;13.0480468239977;7002
-5.49183;48.8031433333333;15.7331201572422;11.8557564152438;7095
-5.47683666666667;48.809935;15.3662096953311;12.0053987688503;7232
-5.46173166666667;48.8167866666667;15.5238124472569;12.1285315336279;7353
-5.44732166666667;48.823085;16.1372958974565;11.2994562337197;7471
-5.43250166666667;48.8290883333333;15.7331201572422;11.8557564152438;7593
-5.41869833333333;48.8351083333333;15.7331201572422;11.8557564152438;7724
-5.40485666666667;48.8410683333333;15.6532563015822;11.7955746833544;7838
-5.38983833333333;48.8477666666667;15.2874083193682;11.9438323864616;7978
-5.37493166666667;48.8544066666667;15.2874083193682;11.9438323864616;8101
-5.36;48.8610483333333;14.9212030528892;12.0829519882902;8261
-5.34662166666667;48.867775;14.7846571677507;12.4058003765422;8376
-5.33359166666667;48.874175;14.4904245160749;12.5963338571511;8491
-5.324755;48.8786716666667;14.4149532701538;12.5307277039853;8564
-5.31103833333333;48.8854766666667;14.7846571677507;12.4058003765422;8689
-5.29784666666667;48.8917983333333;14.8612619042854;12.4700793827149;8830
-5.28476333333333;48.8982466666667;14.7168368143441;12.7931510653149;8937
-5.26972333333333;48.9056716666667;14.7080538923299;12.3415225963896;9075
-5.25589833333333;48.9123316666667;15.2874083193682;11.9438323864616;9202
-5.24242;48.9184783333333;15.7758313903115;11.4618124197032;9338
-5.22808;48.9247166666667;15.7331201572422;11.8557564152438;9464
-5.21373166666667;48.9308716666667;15.8096338298141;11.0700247839711;9591
-5.19899;48.9366616666667;15.8915493467247;11.1273826464082;9729
-5.183465;48.9429016666667;16.1662326648233;10.9042616176796;9821
-5.10650833333333;48.9720833333333;17.2153757049661;10.7573606596377;10476
-5.08927833333333;48.9784183333333;17.0781743108866;11.5193740248125;10630
-5.07268666666667;48.9848366666667;17.8090100192849;11.1283045488973;10739
-5.05530166666667;48.9909133333333;17.8938151524053;11.1812966774688;10885
-5.03904833333333;48.997005;17.6959493035759;11.4918838465804;11009
-5.01946333333333;49.0041033333333;17.7798166802979;11.5463479578452;11171
-5.00320333333333;49.010225;18.1482289342428;11.3402720524424;11312
-4.984875;49.0169533333333;18.1482289342428;11.3402720524424;11411
-4.96254833333333;49.0250816666667;18.4026443336038;11.4992484381569;11572
-4.94202833333333;49.0329716666667;18.4026443336038;11.4992484381569;11729
-4.90928333333333;49.0452283333333;18.3668851180774;11.9275946590658;12022
