"x";"y";"vx";"vy";"t"
-6.38001;47.7831466666667;4.42772702481173;12.8590529888374;0
-6.37575833333333;47.7927716666667;4.6856758983265;12.8737887255348;162
-6.37547333333333;47.793385;4.65147407969943;12.7798200011526;168
-6.37575833333333;47.7927716666667;4.6856758983265;12.8737887255348;173
-6.37349;47.7976483333333;4.90964084041735;12.7900516649453;243
-6.282985;47.9339483333333;7.25989381892083;11.6182587555907;2610
-6.120325;48.1345516666667;6.93277766199272;12.5070619789138;6156
-6.01084833333333;48.27902;7.15000009536743;12.3841634392987;8614
-6.00966333333333;48.2804333333333;7.19999980926514;12.4707654841334;8641
-6.0046;48.2867483333333;6.98125834660706;12.5945234491664;8745
-5.97663;48.3223233333333;7.25;12.5573683548744;9346
-5.97614333333333;48.3227083333333;7.19999980926514;12.4707654841334;9355
-5.97513833333333;48.32414;7.19999980926514;12.4707654841334;9378
-5.96452166666667;48.3372183333333;6.98125834660706;12.5945234491664;9599
-5.963415;48.3386283333333;6.98125834660706;12.5945234491664;9626
-5.96318;48.3389233333333;6.98125834660706;12.5945234491664;9631
-5.96257166666667;48.3396916666667;6.98125834660706;12.5945234491664;9643
-5.96233166666667;48.3399833333333;6.98125834660706;12.5945234491664;9649
-5.96149833333333;48.341065;7.02973949357189;12.6819857535212;9664
-5.96066666666667;48.34214;7.02973949357189;12.6819857535212;9685
-5.95046166666667;48.3554816666667;7.02973949357189;12.6819857535212;9905
-5.95014833333333;48.3558983333333;7.02973949357189;12.6819857535212;9911
-5.94891666666667;48.3576016666667;7.02973949357189;12.6819857535212;9941
-5.94854;48.3579083333333;7.02973949357189;12.6819857535212;9949
-5.94688;48.3600733333333;6.85428499576319;12.8910351925581;9981
-5.94489333333333;48.3626533333333;7.02973949357189;12.6819857535212;10024
-5.94377666666667;48.36408;7.02973949357189;12.6819857535212;10049
-5.94241666666667;48.3658266666667;7.02973949357189;12.6819857535212;10079
-5.94377666666667;48.36408;7.02973949357189;12.6819857535212;10093
-5.941295;48.36723;6.80733766039542;12.8027400964544;10102
-5.94097833333333;48.36765;6.85428499576319;12.8910351925581;10109
-5.940325;48.3687116666667;7.02973949357189;12.6819857535212;10127
-5.93783166666667;48.3719916666667;7.02973949357189;12.6819857535212;10180
-5.93687833333333;48.3729966666667;7.02973949357189;12.6819857535212;10199
-5.93627333333333;48.3737683333333;7.07822064053671;12.7694480578761;10209
-5.93501333333333;48.3755366666667;7.02973949357189;12.6819857535212;10241
-5.92869;48.3834616666667;7.07822064053671;12.7694480578761;10372
-5.92041333333333;48.3942216666667;6.85428499576319;12.8910351925581;10552
-5.89537833333333;48.4275866666667;7.07822064053671;12.7694480578761;11104
-5.89508666666667;48.427935;7.02973949357189;12.6819857535212;11112
-5.89537833333333;48.4275866666667;7.07822064053671;12.7694480578761;11123
-5.89142166666667;48.4330516666667;7.02973949357189;12.6819857535212;11197
-5.88795333333333;48.4373833333333;7.02973949357189;12.6819857535212;11270
-5.88632166666667;48.43949;7.02973949357189;12.6819857535212;11302
-5.87215833333333;48.458635;7.07822064053671;12.7694480578761;11619
-5.85543333333333;48.481565;6.98125834660706;12.5945234491664;12001
-5.85449333333333;48.4824583333333;6.98125834660706;12.5945234491664;12017
-5.8517;48.4865083333333;6.76039032502764;12.7144450003508;12085
-5.85140666666667;48.4868633333333;6.80733766039542;12.8027400964544;12091
-5.85080833333333;48.4876466666667;6.80733766039542;12.8027400964544;12106
-5.85031333333333;48.4883033333333;6.76039032502764;12.7144450003508;12115
-5.84973166666667;48.48909;6.76039032502764;12.7144450003508;12129
-5.848465;48.4908333333333;6.98125834660706;12.5945234491664;12156
-5.84813833333333;48.491245;6.76039032502764;12.7144450003508;12161
-5.84766333333333;48.491905;7.02973949357189;12.6819857535212;12173
-5.84739833333333;48.49226;6.98125834660706;12.5945234491664;12180
-5.84683666666667;48.4930433333333;7.02973949357189;12.6819857535212;12193
-5.84522333333333;48.4952166666667;7.02973949357189;12.6819857535212;12229
-5.844745;48.4958766666667;7.02973949357189;12.6819857535212;12240
-5.84392333333333;48.4969566666667;7.02973949357189;12.6819857535212;12257
-5.843655;48.4973166666667;7.02973949357189;12.6819857535212;12262
-5.84162333333333;48.4999316666667;6.98125834660706;12.5945234491664;12308
-5.84134833333333;48.5003033333333;7.02973949357189;12.6819857535212;12313
-5.840245;48.5017066666667;7.02973949357189;12.6819857535212;12333
-5.83996333333333;48.5020833333333;6.98125834660706;12.5945234491664;12341
-5.839505;48.5022783333333;6.80733766039542;12.8027400964544;12347
-5.839005;48.50294;7.02973949357189;12.6819857535212;12361
-5.83869166666667;48.5033566666667;6.80733766039542;12.8027400964544;12367
-5.83845833333333;48.5036516666667;7.02973949357189;12.6819857535212;12373
-5.83791166666667;48.504375;7.02973949357189;12.6819857535212;12382
-5.83764;48.504735;7.07822064053671;12.7694480578761;12392
-5.83704;48.50553;7.07822064053671;12.7694480578761;12404
-5.83676;48.505895;7.07822064053671;12.7694480578761;12410
-5.83625;48.50656;6.80733766039542;12.8027400964544;12419
-5.83593;48.50698;6.80733766039542;12.8027400964544;12428
-5.83514666666667;48.5079866666667;6.80733766039542;12.8027400964544;12442
-5.83456333333333;48.5087583333333;6.80733766039542;12.8027400964544;12455
-5.83402666666667;48.5094716666667;6.80733766039542;12.8027400964544;12469
-5.83294666666667;48.5109133333333;7.02973949357189;12.6819857535212;12489
-5.83272833333333;48.51122;6.80733766039542;12.8027400964544;12499
-5.83219;48.5119366666667;7.02973949357189;12.6819857535212;12508
-5.83111333333333;48.5133883333333;7.02973949357189;12.6819857535212;12535
-5.83051833333333;48.5141816666667;7.02973949357189;12.6819857535212;12544
-5.829485;48.5155683333333;7.02973949357189;12.6819857535212;12569
-5.82861833333333;48.516705;7.02973949357189;12.6819857535212;12589
-5.82783666666667;48.517735;7.02973949357189;12.6819857535212;12605
-5.82751333333333;48.51816;7.02973949357189;12.6819857535212;12611
-5.82701;48.518825;7.07822064053671;12.7694480578761;12621
-5.82673333333333;48.5191866666667;7.07822064053671;12.7694480578761;12631
-5.825925;48.5202583333333;7.07822064053671;12.7694480578761;12645
-5.82537166666667;48.5209566666667;7.07822064053671;12.7694480578761;12659
-5.82509166666667;48.5213116666667;7.02973949357189;12.6819857535212;12664
-5.82476666666667;48.5217266666667;7.07822064053671;12.7694480578761;12670
-5.824535;48.5220216666667;7.02973949357189;12.6819857535212;12679
-5.82369666666667;48.5231033333333;7.07822064053671;12.7694480578761;12697
-5.82314;48.5238266666667;7.02973949357189;12.6819857535212;12705
-5.82286;48.52419;7.07822064053671;12.7694480578761;12716
-5.82258166666667;48.524555;7.07822064053671;12.7694480578761;12723
-5.82174;48.5256216666667;7.07822064053671;12.7694480578761;12736
-5.82118666666667;48.5263466666667;7.02973949357189;12.6819857535212;12749
-5.820905;48.5267066666667;7.07822064053671;12.7694480578761;12754
-5.82063;48.5270633333333;7.02973949357189;12.6819857535212;12760
-5.82035666666667;48.5274233333333;7.07822064053671;12.7694480578761;12769
-5.818975;48.5291966666667;7.07822064053671;12.7694480578761;12799
-5.81838666666667;48.5299733333333;6.80733766039542;12.8027400964544;12808
-5.81815333333333;48.5302716666667;7.02973949357189;12.6819857535212;12814
-5.817875;48.5306316666667;6.80733766039542;12.8027400964544;12826
-5.81726333333333;48.5314133333333;7.07822064053671;12.7694480578761;12835
-5.81704166666667;48.5317166666667;7.02973949357189;12.6819857535212;12841
-5.81644833333333;48.5324933333333;7.02973949357189;12.6819857535212;12852
-5.81621166666667;48.5327833333333;7.02973949357189;12.6819857535212;12859
-5.81538333333333;48.5338466666667;7.02973949357189;12.6819857535212;12877
-5.81510166666667;48.5341966666667;7.02973949357189;12.6819857535212;12883
-5.81449666666667;48.53496;6.80733766039542;12.8027400964544;12892
-5.81398;48.5356133333333;6.80733766039542;12.8027400964544;12904
-5.81366166666667;48.5360366666667;6.80733766039542;12.8027400964544;12913
-5.81342833333333;48.5363383333333;6.80733766039542;12.8027400964544;12919
-5.81260833333333;48.5374183333333;6.80733766039542;12.8027400964544;12937
-5.812065;48.5381383333333;6.80733766039542;12.8027400964544;12946
-5.81174666666667;48.5385616666667;6.80733766039542;12.8027400964544;12952
-5.811515;48.5388633333333;6.80733766039542;12.8027400964544;12961
-5.81124833333333;48.5392233333333;6.80733766039542;12.8027400964544;12968
-5.81092166666667;48.53964;6.80733766039542;12.8027400964544;12974
-5.81037;48.5403566666667;6.98125834660706;12.5945234491664;12982
-5.81009666666667;48.5407166666667;6.98125834660706;12.5945234491664;12992
-5.80958333333333;48.541375;6.98125834660706;12.5945234491664;13003
-5.80847166666667;48.5428133333333;6.98125834660706;12.5945234491664;13024
-5.80813666666667;48.5432333333333;6.98125834660706;12.5945234491664;13031
-5.80763166666667;48.5438983333333;7.02973949357189;12.6819857535212;13041
-5.807325;48.5443066666667;7.02973949357189;12.6819857535212;13049
-5.80709333333333;48.544595;7.02973949357189;12.6819857535212;13055
-5.80682333333333;48.544945;7.02973949357189;12.6819857535212;13060
-5.80592;48.5460833333333;6.98125834660706;12.5945234491664;13079
-5.80564666666667;48.5464266666667;6.98125834660706;12.5945234491664;13085
-5.80513;48.5470883333333;6.98125834660706;12.5945234491664;13099
-5.80454;48.5478466666667;6.80733766039542;12.8027400964544;13110
-5.804305;48.5481483333333;7.02973949357189;12.6819857535212;13117
-5.80368333333333;48.5489283333333;7.02973949357189;12.6819857535212;13131
-5.802555;48.55037;6.80733766039542;12.8027400964544;13153
-5.80171333333333;48.551455;6.80733766039542;12.8027400964544;13171
-5.80115833333333;48.55217;6.80733766039542;12.8027400964544;13183
-5.80087;48.55252;6.80733766039542;12.8027400964544;13189
-5.79975666666667;48.55391;6.80733766039542;12.8027400964544;13210
-5.79949;48.5542716666667;6.80733766039542;12.8027400964544;13216
-5.79919666666667;48.55462;6.80733766039542;12.8027400964544;13222
-5.79893166666667;48.5549766666667;6.80733766039542;12.8027400964544;13228
-5.79869;48.555265;6.76039032502764;12.7144450003508;13236
-5.79786166666667;48.556325;7.02973949357189;12.6819857535212;13252
-5.797535;48.55674;7.02973949357189;12.6819857535212;13262
-5.79786166666667;48.556325;7.02973949357189;12.6819857535212;13269
-5.79669333333333;48.5578066666667;7.02973949357189;12.6819857535212;13278
-5.79612666666667;48.5585216666667;7.02973949357189;12.6819857535212;13291
-5.79505166666667;48.559895;6.98125834660706;12.5945234491664;13313
-5.794725;48.560305;6.98125834660706;12.5945234491664;13322
-5.794155;48.5610033333333;7.02973949357189;12.6819857535212;13331
-5.79363666666667;48.5616533333333;6.98125834660706;12.5945234491664;13342
-5.7933;48.5620583333333;6.98125834660706;12.5945234491664;13350
-5.791585;48.5641633333333;6.98125834660706;12.5945234491664;13385
-5.7913;48.5645233333333;6.98125834660706;12.5945234491664;13391
-5.79101166666667;48.5648666666667;6.98125834660706;12.5945234491664;13402
-5.79048166666667;48.565505;6.98125834660706;12.5945234491664;13410
-5.78989833333333;48.5662066666667;6.98125834660706;12.5945234491664;13423
-5.78897666666667;48.56733;6.76039032502764;12.7144450003508;13440
-5.788405;48.5680433333333;6.80733766039542;12.8027400964544;13450
-5.78812333333333;48.5684033333333;6.76039032502764;12.7144450003508;13455
-5.787885;48.5687033333333;6.76039032502764;12.7144450003508;13461
-5.78584666666667;48.5712883333333;6.98125834660706;12.5945234491664;13504
-5.785275;48.57198;6.76039032502764;12.7144450003508;13521
-5.78474166666667;48.5725866666667;6.76039032502764;12.7144450003508;13527
-5.78445666666667;48.5729233333333;6.76039032502764;12.7144450003508;13535
-5.783285;48.5743933333333;6.76039032502764;12.7144450003508;13561
-5.78273166666667;48.5751233333333;6.76039032502764;12.7144450003508;13571
-5.78244833333333;48.5754733333333;6.80733766039542;12.8027400964544;13582
-5.75789166666667;48.606365;6.80733766039542;12.8027400964544;14097
-5.75648833333333;48.608185;6.80733766039542;12.8027400964544;14129
-5.75506166666667;48.609985;6.85428499576319;12.8910351925581;14157
-5.752495;48.6132733333333;7.07822064053671;12.7694480578761;14218
-5.74654;48.6207933333333;7.07822064053671;12.7694480578761;14339
-5.73206;48.6391233333333;7.07822064053671;12.7694480578761;14646
-5.72352833333333;48.6498983333333;7.07822064053671;12.7694480578761;14823
-5.71717333333333;48.6578233333333;6.85428499576319;12.8910351925581;14956
-5.71664666666667;48.658485;6.85428499576319;12.8910351925581;14969
-5.71495166666667;48.6606366666667;7.02973949357189;12.6819857535212;15003
-5.71434166666667;48.6614116666667;7.07822064053671;12.7694480578761;15016
-5.71406333333333;48.6617683333333;7.02973949357189;12.6819857535212;15022
-5.71268833333333;48.663495;7.02973949357189;12.6819857535212;15053
-5.71122333333333;48.6653366666667;7.02973949357189;12.6819857535212;15083
-5.71069333333333;48.6659883333333;7.07822064053671;12.7694480578761;15094
-5.709825;48.66705;7.07822064053671;12.7694480578761;15112
-5.70953666666667;48.6674083333333;7.07822064053671;12.7694480578761;15121
-5.70782;48.66956;6.80733766039542;12.8027400964544;15154
-5.70607166666667;48.6717683333333;6.80733766039542;12.8027400964544;15191
-5.70499833333333;48.6731366666667;6.80733766039542;12.8027400964544;15214
-5.70467;48.6735566666667;6.80733766039542;12.8027400964544;15222
-5.70387166666667;48.6745683333333;7.02973949357189;12.6819857535212;15241
-5.702695;48.6760683333333;6.98125834660706;12.5945234491664;15262
-5.702415;48.6764366666667;7.02973949357189;12.6819857535212;15269
-5.702175;48.6767433333333;7.02973949357189;12.6819857535212;15274
-5.70184333333333;48.67714;7.02973949357189;12.6819857535212;15282
-5.70156;48.6774933333333;7.02973949357189;12.6819857535212;15289
-5.70104;48.6781383333333;6.80733766039542;12.8027400964544;15297
-5.70076;48.6785083333333;7.02973949357189;12.6819857535212;15303
-5.70014833333333;48.6792466666667;6.98125834660706;12.5945234491664;15318
-5.69958166666667;48.6799616666667;7.02973949357189;12.6819857535212;15328
-5.69934666666667;48.6802833333333;6.98125834660706;12.5945234491664;15335
-5.69901833333333;48.6806866666667;7.02973949357189;12.6819857535212;15342
-5.69840166666667;48.68171;7.02973949357189;12.6819857535212;15361
-5.69795;48.6820533333333;7.02973949357189;12.6819857535212;15369
-5.69712166666667;48.6831133333333;7.02973949357189;12.6819857535212;15383
-5.69676833333333;48.6835416666667;7.02973949357189;12.6819857535212;15388
-5.69623833333333;48.6841966666667;7.02973949357189;12.6819857535212;15399
-5.69560166666667;48.68531;7.02973949357189;12.6819857535212;15417
-5.69510333333333;48.6856283333333;7.02973949357189;12.6819857535212;15429
-5.69369;48.6873916666667;7.02973949357189;12.6819857535212;15459
-5.69307833333333;48.6881566666667;6.80733766039542;12.8027400964544;15466
-5.69276333333333;48.6888733333333;6.80733766039542;12.8027400964544;15479
-5.69112333333333;48.6906283333333;6.98125834660706;12.5945234491664;15509
-5.69061666666667;48.6912733333333;7.02973949357189;12.6819857535212;15519
-5.69028166666667;48.6916933333333;7.02973949357189;12.6819857535212;15529
-5.68976666666667;48.6923433333333;7.02973949357189;12.6819857535212;15539
-5.68948;48.6927;7.02973949357189;12.6819857535212;15544
-5.68890166666667;48.69341;7.02973949357189;12.6819857535212;15556
-5.68829;48.6941833333333;7.02973949357189;12.6819857535212;15568
-5.68788666666667;48.69486;7.02973949357189;12.6819857535212;15579
-5.68721;48.6955633333333;7.02973949357189;12.6819857535212;15592
-5.68663166666667;48.6962883333333;7.02973949357189;12.6819857535212;15604
-5.68601166666667;48.69707;7.02973949357189;12.6819857535212;15616
-5.68544666666667;48.697785;7.02973949357189;12.6819857535212;15629
-5.68521166666667;48.6980816666667;7.02973949357189;12.6819857535212;15634
-5.68511666666667;48.6982;7.02973949357189;12.6819857535212;15641
-5.68312833333333;48.7006116666667;7.02973949357189;12.6819857535212;15676
-5.68289166666667;48.70091;6.80733766039542;12.8027400964544;15682
-5.68063166666667;48.7037833333333;7.02973949357189;12.6819857535212;15730
-5.67973666666667;48.7049216666667;7.02973949357189;12.6819857535212;15747
-5.67949666666667;48.7052166666667;7.02973949357189;12.6819857535212;15754
-5.67888;48.7059883333333;6.80733766039542;12.8027400964544;15769
-5.678515;48.7066733333333;6.80733766039542;12.8027400964544;15779
-5.67779833333333;48.7073366666667;6.80733766039542;12.8027400964544;15791
-5.67752166666667;48.7077083333333;6.76039032502764;12.7144450003508;15797
-5.67719;48.7081416666667;7.02973949357189;12.6819857535212;15802
-5.674445;48.711665;6.98125834660706;12.5945234491664;15862
-5.67412333333333;48.7120783333333;6.98125834660706;12.5945234491664;15869
-5.67388666666667;48.7123683333333;6.98125834660706;12.5945234491664;15875
-5.66592166666667;48.7223333333333;6.98125834660706;12.5945234491664;16043
-5.66259333333333;48.72655;6.98125834660706;12.5945234491664;16114
-5.66064166666667;48.7290433333333;6.98125834660706;12.5945234491664;16155
-5.65590333333333;48.735045;6.98125834660706;12.5945234491664;16261
-5.655345;48.7357483333333;6.93277766199272;12.5070619789138;16269
-5.65473666666667;48.73652;6.98125834660706;12.5945234491664;16282
-5.65445833333333;48.7368766666667;6.93277766199272;12.5070619789138;16288
-5.65107;48.7411133333333;6.93277766199272;12.5070619789138;16361
-5.63354833333333;48.762985;8.05237759666359;11.9381407285399;16735
-5.63231666666667;48.7643933333333;8.7263178357047;11.5802148956857;16759
-5.63182833333333;48.764915;9.06221339105098;11.1909015485227;16767
-5.63102833333333;48.7656466666667;9.44724976719665;10.8678176673091;16781
-5.62758333333333;48.7684933333333;10.5314930243268;9.82077612473825;16841
-5.625155;48.7701733333333;11.0310396886905;9.25614133428215;16871
-5.62385;48.7709966666667;11.3473545513346;8.86552500983326;16889
-5.62334166666667;48.7713183333333;11.3473545513346;8.86552500983326;16894
-5.622525;48.7718216666667;11.6498444103838;8.46410740878933;16909
-5.62071166666667;48.77293;12.0768558584867;7.84280189645309;16933
-5.61869666666667;48.773875;12.2118922611479;7.63083720280999;16954
-5.616835;48.7748533333333;12.343208803127;7.41654808223335;16979
-5.61223166666667;48.77684;12.343208803127;7.41654808223335;17032
-5.61130333333333;48.7772416666667;12.343208803127;7.41654808223335;17044
-5.61020666666667;48.7777066666667;12.343208803127;7.41654808223335;17056
-5.60716333333333;48.7790166666667;12.343208803127;7.41654808223335;17091
-5.60666;48.7792366666667;12.343208803127;7.41654808223335;17098
-5.60513;48.7798866666667;12.4707654841334;7.19999980926514;17122
-5.60411;48.78033;12.343208803127;7.41654808223335;17129
-5.60309166666667;48.780775;12.4289258601806;7.46805208619579;17140
-5.60266666666667;48.7809566666667;12.343208803127;7.41654808223335;17145
-5.60215666666667;48.7811783333333;12.343208803127;7.41654808223335;17151
-5.60004666666667;48.7820966666667;12.343208803127;7.41654808223335;17178
-5.59903333333333;48.7825466666667;12.343208803127;7.41654808223335;17189
-5.59808666666667;48.7830116666667;12.343208803127;7.41654808223335;17202
-5.60004666666667;48.7820966666667;12.343208803127;7.41654808223335;17209
-5.594955;48.784315;12.343208803127;7.41654808223335;17239
-5.591365;48.78582;12.4707654841334;7.19999980926514;17279
-5.590935;48.7859966666667;12.4289258601806;7.46805208619579;17284
-5.59042;48.7862083333333;12.4289258601806;7.46805208619579;17289
-5.58881;48.7868866666667;12.4289258601806;7.46805208619579;17311
-5.58686;48.7877116666667;12.5573683548744;7.25;17333
-5.58268166666667;48.7894833333333;12.5573683548744;7.25;17381
-5.580715;48.79033;12.4289258601806;7.46805208619579;17411
-5.57550666666667;48.7925583333333;12.5573683548744;7.25;17464
-5.574045;48.7931666666667;12.4707654841334;7.19999980926514;17483
-5.57152166666667;48.7943366666667;12.5573683548744;7.25;17514
-5.5699;48.7948916666667;12.5573683548744;7.25;17531
-5.56784333333333;48.7957516666667;12.4289258601806;7.46805208619579;17554
-5.567245;48.7960033333333;12.4289258601806;7.46805208619579;17564
-5.56630333333333;48.7964;12.4289258601806;7.46805208619579;17573
-5.56570333333333;48.79665;12.4289258601806;7.46805208619579;17578
-5.56519166666667;48.79687;12.4289258601806;7.46805208619579;17584
-5.56476333333333;48.7970466666667;12.4289258601806;7.46805208619579;17590
-5.56373666666667;48.7974783333333;12.4289258601806;7.46805208619579;17602
-5.56271166666667;48.7979116666667;12.5573683548744;7.25;17616
-5.56210666666667;48.79816;12.5573683548744;7.25;17623
-5.55962333333333;48.7992183333333;12.5573683548744;7.25;17649
-5.55910666666667;48.7994316666667;12.5573683548744;7.25;17656
-5.55876333333333;48.79958;12.5573683548744;7.25;17662
-5.55798;48.7999216666667;12.5573683548744;7.25;17669
-5.556955;48.80034;12.5573683548744;7.25;17683
-5.555415;48.8009783333333;12.5573683548744;7.25;17698
-5.55498333333333;48.8011533333333;12.5573683548744;7.25;17705
-5.55447;48.8013633333333;12.5573683548744;7.25;17711
-5.55395333333333;48.801575;12.5573683548744;7.25;17721
-5.5524;48.8022166666667;12.5573683548744;7.25;17734
-5.55188166666667;48.80243;12.5573683548744;7.25;17741
-5.55084333333333;48.8028633333333;12.4289258601806;7.46805208619579;17751
-5.54919666666667;48.803555;12.5573683548744;7.25;17770
-5.54763166666667;48.8042233333333;12.5573683548744;7.25;17789
-5.5472;48.8044133333333;12.5573683548744;7.25;17794
-5.54667833333333;48.8046366666667;12.5573683548744;7.25;17801
-5.54556333333333;48.8051033333333;12.5573683548744;7.25;17812
-5.54461666666667;48.8055033333333;12.4289258601806;7.46805208619579;17825
-5.54401166666667;48.8057533333333;12.5573683548744;7.25;17833
-5.54246666666667;48.806415;12.5573683548744;7.25;17849
-5.54203666666667;48.806595;12.6439712256153;7.30000019073487;17854
-5.54159833333333;48.8068733333333;12.5573683548744;7.25;17861
-5.54092;48.8070716666667;12.5146429172342;7.51955609015823;17866
-5.54040166666667;48.8072916666667;12.6439712256153;7.30000019073487;17872
-5.539885;48.8075083333333;12.6439712256153;7.30000019073487;17879
-5.53729333333333;48.808605;12.6439712256153;7.30000019073487;17910
-5.53634166666667;48.8090016666667;12.6439712256153;7.30000019073487;17920
-5.53521333333333;48.80948;12.6439712256153;7.30000019073487;17932
-5.53425833333333;48.8098766666667;12.6439712256153;7.30000019073487;17944
-5.53364833333333;48.81013;12.6439712256153;7.30000019073487;17951
-5.53321333333333;48.8103116666667;12.6439712256153;7.30000019073487;17956
-5.53208166666667;48.8107866666667;12.6439712256153;7.30000019073487;17970
-5.53112833333333;48.811185;12.73057327045;7.34999990463257;17979
-5.53060833333333;48.8114;12.73057327045;7.34999990463257;17986
-5.52951666666667;48.8119066666667;12.73057327045;7.34999990463257;18001
-5.52798833333333;48.8124716666667;12.8569095281286;7.12670132515106;18016
-5.52579666666667;48.8133583333333;12.8569095281286;7.12670132515106;18041
-5.524775;48.81384;12.8569095281286;7.12670132515106;18053
-5.52423833333333;48.814045;12.8569095281286;7.12670132515106;18059
-5.522725;48.8146466666667;12.8569095281286;7.12670132515106;18076
-5.52208;48.8148616666667;12.8569095281286;7.12670132515106;18083
-5.52052166666667;48.81553;12.8569095281286;7.12670132515106;18101
-5.51999666666667;48.81573;12.8569095281286;7.12670132515106;18115
-5.51897833333333;48.81609;12.8569095281286;7.12670132515106;18121
-5.51782833333333;48.8165416666667;12.8569095281286;7.12670132515106;18131
-5.51623666666667;48.81717;12.8569095281286;7.12670132515106;18148
-5.51517333333333;48.8175883333333;12.8569095281286;7.12670132515106;18160
-5.51411;48.8180066666667;12.8569095281286;7.12670132515106;18174
-5.51146;48.8190516666667;12.8569095281286;7.12670132515106;18203
-5.50987833333333;48.8196966666667;12.8569095281286;7.12670132515106;18221
-5.50836666666667;48.8203066666667;12.8569095281286;7.12670132515106;18239
-5.49980666666667;48.8237866666667;12.9443718324835;7.17518247211589;18335
-5.49327833333333;48.8262383333333;12.8171761411909;7.40000009536743;18407
-5.491855;48.8268983333333;12.8171761411909;7.40000009536743;18423
-5.49016166666667;48.8274783333333;12.9443718324835;7.17518247211589;18442
-5.44186166666667;48.84624;12.8569095281286;7.12670132515106;18988
-5.440165;48.8468933333333;12.73057327045;7.34999990463257;19000
-5.44186166666667;48.84624;12.8569095281286;7.12670132515106;19012
-5.43811;48.847685;12.73057327045;7.34999990463257;19024
-5.437035;48.848095;12.73057327045;7.34999990463257;19039
-5.43271166666667;48.84975;12.73057327045;7.34999990463257;19084
-5.43163;48.85016;12.73057327045;7.34999990463257;19095
-5.43054166666667;48.8505516666667;12.73057327045;7.34999990463257;19108
-5.42991333333333;48.8507983333333;12.73057327045;7.34999990463257;19114
-5.42883833333333;48.8512133333333;12.73057327045;7.34999990463257;19126
-5.43054166666667;48.8505516666667;12.73057327045;7.34999990463257;19135
-5.42561833333333;48.8524516666667;12.73057327045;7.34999990463257;19162
-5.42400833333333;48.85306;12.8569095281286;7.12670132515106;19182
-5.42266833333333;48.85358;12.73057327045;7.34999990463257;19197
-5.421985;48.8539266666667;12.8569095281286;7.12670132515106;19204
-5.420875;48.854265;12.8569095281286;7.12670132515106;19219
-5.42025166666667;48.854505;12.73057327045;7.34999990463257;19225
-5.41918333333333;48.85492;12.73057327045;7.34999990463257;19234
-5.417665;48.8554883333333;12.8569095281286;7.12670132515106;19251
-5.41918333333333;48.85492;12.73057327045;7.34999990463257;19258
-5.41597;48.85612;12.8569095281286;7.12670132515106;19274
-5.413835;48.856925;12.73057327045;7.34999990463257;19295
-5.41285166666667;48.857295;12.73057327045;7.34999990463257;19305
-5.412315;48.8575;12.8569095281286;7.12670132515106;19316
-5.41114833333333;48.8579366666667;12.73057327045;7.34999990463257;19324
-5.4107;48.8581066666667;12.73057327045;7.34999990463257;19331
-5.41016166666667;48.8583066666667;12.73057327045;7.34999990463257;19338
-5.40694333333333;48.8595583333333;12.73057327045;7.34999990463257;19372
-5.40605;48.8599083333333;12.8569095281286;7.12670132515106;19384
-5.4022;48.8614783333333;12.7694480578761;7.07822064053672;19424
-5.40166666666667;48.8616783333333;12.7694480578761;7.07822064053672;19432
-5.40043833333333;48.8620633333333;12.7694480578761;7.07822064053672;19444
-5.399455;48.862435;12.7694480578761;7.07822064053672;19461
-5.39776333333333;48.863075;12.7694480578761;7.07822064053672;19475
-5.39723333333333;48.8632783333333;12.7694480578761;7.07822064053672;19485
-5.39630833333333;48.86372;12.7694480578761;7.07822064053672;19492
-5.39094;48.865685;12.7694480578761;7.07822064053672;19552
-5.38988;48.866095;12.7694480578761;7.07822064053672;19564
-5.38616833333333;48.867525;12.7694480578761;7.07822064053672;19604
-5.38988;48.866095;12.7694480578761;7.07822064053672;19612
-5.377655;48.8707733333333;12.6819857535212;7.02973949357189;19700
-5.37343;48.8724083333333;12.6819857535212;7.02973949357189;19749
-5.37236166666667;48.87287;12.6819857535212;7.02973949357189;19763
-5.368645;48.874205;12.5573683548744;7.25;19803
-5.36126833333333;48.87706;12.6819857535212;7.02973949357189;19889
-5.284445;48.9069616666667;12.7694480578761;7.07822064053672;20764
-5.28328833333333;48.907415;12.7694480578761;7.07822064053672;20783
-5.28176166666667;48.9079983333333;12.7694480578761;7.07822064053672;20795
-5.28123333333333;48.90821;12.7694480578761;7.07822064053672;20800
-5.28070333333333;48.90842;12.7694480578761;7.07822064053672;20807
-5.27689833333333;48.909905;12.7694480578761;7.07822064053672;20853
-5.25795;48.9173016666667;12.7694480578761;7.07822064053672;21064
-5.25738;48.91759;12.7694480578761;7.07822064053672;21071
-5.25521333333333;48.91838;12.7694480578761;7.07822064053672;21099
-5.25430333333333;48.9187833333333;12.6819857535212;7.02973949357189;21109
-5.25264833333333;48.91941;12.6819857535212;7.02973949357189;21125
-5.25096166666667;48.920065;12.7694480578761;7.07822064053672;21143
-5.25053333333333;48.92024;12.7694480578761;7.07822064053672;21151
-5.24956333333333;48.920655;12.7694480578761;7.07822064053672;21163
-5.24833166666667;48.9210933333333;12.7694480578761;7.07822064053672;21172
-5.24575833333333;48.9221316666667;12.5573683548744;7.25;21203
-5.24419;48.9227366666667;12.7694480578761;7.07822064053672;21220
-5.24375666666667;48.92295;12.7694480578761;7.07822064053672;21228
-5.24252666666667;48.923395;12.6439712256153;7.30000019073487;21238
-5.24046166666667;48.9242366666667;12.7694480578761;7.07822064053672;21265
-5.23934;48.9246366666667;12.6819857535212;7.02973949357189;21276
-5.23889833333333;48.924815;12.7694480578761;7.07822064053672;21281
-5.23784166666667;48.925265;12.6439712256153;7.30000019073487;21292
-5.23723;48.92547;12.5573683548744;7.25;21299
-5.23679833333333;48.925645;12.6819857535212;7.02973949357189;21306
-5.23626333333333;48.9258466666667;12.5573683548744;7.25;21311
-5.235735;48.92605;12.5573683548744;7.25;21318
-5.23519666666667;48.9262916666667;12.6819857535212;7.02973949357189;21323
-5.23476;48.9264666666667;12.5573683548744;7.25;21329
-5.23363166666667;48.92687;12.5573683548744;7.25;21339
-5.2325;48.92731;12.6819857535212;7.02973949357189;21354
-5.231525;48.9276883333333;12.5573683548744;7.25;21363
-5.22983333333333;48.9283483333333;12.5573683548744;7.25;21385
-5.22832833333333;48.9289416666667;12.6439712256153;7.30000019073487;21399
-5.22675;48.9296283333333;12.6439712256153;7.30000019073487;21418
-5.226305;48.92979;12.5573683548744;7.25;21426
-5.22571;48.9300133333333;12.6439712256153;7.30000019073487;21431
-5.22350833333333;48.9308733333333;12.7694480578761;7.07822064053672;21455
-5.22306;48.9310416666667;12.6439712256153;7.30000019073487;21462
-5.22198833333333;48.9314883333333;12.7694480578761;7.07822064053672;21478
-5.22094166666667;48.9318666666667;12.6439712256153;7.30000019073487;21486
-5.22041;48.9320666666667;12.7694480578761;7.07822064053672;21493
-5.21988166666667;48.9322716666667;12.7694480578761;7.07822064053672;21498
-5.21883166666667;48.932695;12.7694480578761;7.07822064053672;21510
-5.21865666666667;48.9327683333333;12.7694480578761;7.07822064053672;21516
-5.21672833333333;48.9335283333333;12.6439712256153;7.30000019073487;21536
-5.21515166666667;48.9341533333333;12.6439712256153;7.30000019073487;21552
-5.21297;48.9350266666667;12.6439712256153;7.30000019073487;21575
-5.21253166666667;48.9351966666667;12.7694480578761;7.07822064053672;21583
-5.21148333333333;48.9356216666667;12.7694480578761;7.07822064053672;21595
-5.21043333333333;48.93604;12.7694480578761;7.07822064053672;21606
-5.20990833333333;48.93625;12.7694480578761;7.07822064053672;21613
-5.20673333333333;48.9375183333333;12.7694480578761;7.07822064053672;21647
-5.202445;48.93922;12.6819857535212;7.02973949357189;21693
-5.201485;48.9395866666667;12.6819857535212;7.02973949357189;21711
-5.198885;48.9405983333333;12.6819857535212;7.02973949357189;21740
-5.19784166666667;48.9410383333333;12.5945234491664;6.98125834660706;21749
-5.19628166666667;48.9416883333333;12.5945234491664;6.98125834660706;21768
-5.19262666666667;48.9431383333333;12.5945234491664;6.98125834660706;21813
-5.191065;48.9437466666667;12.5945234491664;6.98125834660706;21827
-5.19054166666667;48.94395;12.5945234491664;6.98125834660706;21833
-5.191065;48.9437466666667;12.5945234491664;6.98125834660706;21839
-5.18844;48.9447216666667;12.5945234491664;6.98125834660706;21856
-5.18783333333333;48.9449566666667;12.5070619789138;6.93277766199272;21865
-5.18679166666667;48.94536;12.5070619789138;6.93277766199272;21878
-5.18531666666667;48.9459383333333;12.3841634392987;7.15000009536743;21895
-5.18384166666667;48.9466;12.5070619789138;6.93277766199272;21911
-5.181595;48.9473466666667;12.5070619789138;6.93277766199272;21936
-5.18014166666667;48.947925;12.4195996745589;6.88429651502789;21950
-5.17962666666667;48.9481216666667;12.2975605685578;7.09999990463257;21962
-5.17860666666667;48.9485316666667;12.2975605685578;7.09999990463257;21971
-5.17750333333333;48.9489916666667;12.2975605685578;7.09999990463257;21981
-5.17647666666667;48.949395;12.2975605685578;7.09999990463257;21997
-5.17501666666667;48.9499616666667;12.2975605685578;7.09999990463257;22013
-5.136285;48.964725;12.2109585237231;7.05000019073487;22464
-5.133205;48.9659166666667;12.2109585237231;7.05000019073487;22497
-5.123885;48.9695183333333;12.2975605685578;7.09999990463257;22607
-5.12177166666667;48.9703066666667;12.2574925635319;7.36504456944949;22631
-5.12019666666667;48.9709083333333;12.3841634392987;7.15000009536743;22648
-5.11969;48.9711233333333;12.3841634392987;7.15000009536743;22654
-5.11908666666667;48.971365;12.2574925635319;7.36504456944949;22661
-5.11864833333333;48.9715316666667;12.2574925635319;7.36504456944949;22669
-5.1175;48.971955;12.2574925635319;7.36504456944949;22677
-5.11706166666667;48.9721183333333;12.2574925635319;7.36504456944949;22690
-5.11594333333333;48.972565;12.1717755064783;7.31354056548706;22695
-5.115;48.9729416666667;12.3841634392987;7.15000009536743;22708
-5.11386333333333;48.9733583333333;12.3841634392987;7.15000009536743;22725
-5.11289833333333;48.9737266666667;12.3841634392987;7.15000009536743;22731
-5.11230333333333;48.9739733333333;12.3841634392987;7.15000009536743;22738
-5.11186833333333;48.9741416666667;12.3841634392987;7.15000009536743;22749
-5.11073333333333;48.9745633333333;12.3841634392987;7.15000009536743;22756
-5.10979166666667;48.9749616666667;12.3841634392987;7.15000009536743;22767
-5.10926666666667;48.9751466666667;12.2574925635319;7.36504456944949;22773
-5.10709333333333;48.9759483333333;12.3841634392987;7.15000009536743;22798
-5.10665833333333;48.9761233333333;12.3841634392987;7.15000009536743;22805
-5.10605666666667;48.9763566666667;12.3841634392987;7.15000009536743;22810
-5.10563166666667;48.9765533333333;12.3841634392987;7.15000009536743;22815
-5.10458333333333;48.9769566666667;12.3841634392987;7.15000009536743;22828
-5.104065;48.9771433333333;12.3841634392987;7.15000009536743;22833
-5.10345666666667;48.9773566666667;12.3841634392987;7.15000009536743;22840
-5.09936333333333;48.9788966666667;12.3841634392987;7.15000009536743;22888
-5.085495;48.9842983333333;12.3841634392987;7.15000009536743;23053
-5.08270333333333;48.9853566666667;12.3841634392987;7.15000009536743;23081
-5.082185;48.9855583333333;12.3841634392987;7.15000009536743;23086
-5.08166166666667;48.9857566666667;12.3841634392987;7.15000009536743;23101
-5.07849166666667;48.9869583333333;12.4707654841334;7.19999980926514;23128
-5.077435;48.9873583333333;12.4707654841334;7.19999980926514;23141
-5.07324;48.9889633333333;12.4707654841334;7.19999980926514;23188
-5.06732833333333;48.9911883333333;12.4707654841334;7.19999980926514;23255
-5.064245;48.99238;12.4707654841334;7.19999980926514;23291
-5.06310166666667;48.9928183333333;12.4707654841334;7.19999980926514;23308
-5.06204;48.9932266666667;12.4289258601806;7.46805208619579;23318
-5.060015;48.9939966666667;12.5573683548744;7.25;23339
-5.05948833333333;48.9941916666667;12.5573683548744;7.25;23344
-5.05896333333333;48.994385;12.5573683548744;7.25;23351
-5.05843833333333;48.9945833333333;12.5573683548744;7.25;23359
-5.05738;48.99498;12.4289258601806;7.46805208619579;23367
-5.05463166666667;48.9960466666667;12.5573683548744;7.25;23398
-5.05366166666667;48.9964316666667;12.5573683548744;7.25;23411
-5.05102166666667;48.9974616666667;12.5573683548744;7.25;23440
-5.02013666666667;49.0092216666667;12.6439712256153;7.30000019073487;23789
-5.00095166666667;49.01671;12.5573683548744;7.25;24005
-4.99472666666667;49.019095;12.4707654841334;7.19999980926514;24076
-4.99314;49.0196983333333;12.5573683548744;7.25;24095
-4.99261166666667;49.0199083333333;12.5573683548744;7.25;24100
-4.99199333333333;49.0201433333333;12.5573683548744;7.25;24107
-4.99102333333333;49.0205166666667;12.4707654841334;7.19999980926514;24117
-4.988375;49.0215466666667;12.4707654841334;7.19999980926514;24149
-4.98731833333333;49.0219483333333;12.4707654841334;7.19999980926514;24160
-4.9867;49.022185;12.4707654841334;7.19999980926514;24167
-4.986265;49.0223516666667;12.4707654841334;7.19999980926514;24173
-4.98731833333333;49.0219483333333;12.4707654841334;7.19999980926514;24188
-4.98354166666667;49.02339;12.4707654841334;7.19999980926514;24202
-4.98257666666667;49.0237633333333;12.4707654841334;7.19999980926514;24215
-4.98205;49.0239666666667;12.4707654841334;7.19999980926514;24222
-4.98099666666667;49.02437;12.4707654841334;7.19999980926514;24234
-4.97933;49.0250183333333;12.4707654841334;7.19999980926514;24251
-4.97302833333333;49.02743;12.4707654841334;7.19999980926514;24323
-4.95711166666667;49.0334716666667;12.4707654841334;7.19999980926514;24505
-4.95457666666667;49.0344133333333;12.4289258601806;7.46805208619579;24534
-4.94765333333333;49.0370383333333;12.343208803127;7.41654808223335;24611
-4.94660333333333;49.0374483333333;12.343208803127;7.41654808223335;24623
-4.94562833333333;49.0378283333333;12.343208803127;7.41654808223335;24635
-4.914;49.049865;12.3841634392987;7.15000009536743;24995
-4.89830333333333;49.055775;12.1717755064783;7.31354056548706;25175
-4.88156833333333;49.0620616666667;12.2975605685578;7.09999990463257;25366
-4.83723;49.0785433333333;12.2975605685578;7.09999990463257;25875
-4.83662333333333;49.07877;12.0860592668832;7.2620370527032;25882
-4.83618833333333;49.0789283333333;12.2975605685578;7.09999990463257;25887
-4.834635;49.07964;12.2109585237231;7.05000019073487;25911
-4.83723;49.0785433333333;12.2975605685578;7.09999990463257;25927
