"x";"y";"vx";"vy";"t"
-4.84811666666667;48.0871166666667;-8.62997381860087;8.04758077881834;0
-4.85135;48.0895833333333;-8.84342313969374;7.96265396041734;60
-4.86291666666667;48.0981666666667;-8.76910908237688;7.89574128266106;280
-4.86515;48.0997333333333;-8.69479431634189;7.8288279667721;310
-4.86575;48.10015;-8.69479431634189;7.8288279667721;322
-4.86743333333333;48.1012166666667;-8.83010194465701;7.6758905140556;352
-4.86801666666667;48.1015833333333;-8.62048025902503;7.76191528901582;360
-4.86923333333333;48.1023;-8.88611583240291;7.45633651756787;382
-4.88305;48.1107833333333;-8.63207760406382;8.33590044550796;611
-4.90103333333333;48.1229333333333;-7.97938068265037;8.55683816944965;920
-4.90461666666667;48.12555;-7.57018205685546;8.11802636696209;989
-4.90568333333333;48.12635;-7.84888554091051;7.84888554091051;1009
-4.90771666666667;48.12785;-7.77817459305202;7.77817459305202;1048
-4.90818333333333;48.1281833333333;-7.77817459305202;7.77817459305202;1058
-4.90923333333333;48.1289833333333;-7.50198196068748;8.04489071781088;1080
-4.90966666666667;48.1293333333333;-7.64124207504897;7.91273780372516;1091
-4.91968333333333;48.1369;-7.36558241875584;7.89862011698169;1290
-4.92066666666667;48.13765;-7.63675337168463;7.63675337168463;1310
-4.92165;48.1383833333333;-7.50231053345274;7.76886998086061;1331
-4.92066666666667;48.13765;-7.63675337168463;7.63675337168463;1384
-4.9245;48.1405666666667;-7.43284443141571;7.69693572642039;1391
-4.92695;48.1424166666667;-7.43284443141571;7.69693572642039;1439
-4.92835;48.1435;-7.43284443141571;7.69693572642039;1470
-4.92888333333333;48.1439;-7.69693572642039;7.43284443141569;1482
-4.93278333333333;48.1469;-7.36337899185651;7.62500215799606;1560
-4.93321666666667;48.1472333333333;-7.49533215031724;7.49533215031723;1570
-4.93376666666667;48.1476333333333;-7.49533215031724;7.49533215031723;1583
-4.93278333333333;48.1469;-7.36337899185651;7.62500215799606;1591
-4.93461666666667;48.1483166666667;-7.36337899185651;7.62500215799606;1601
-4.93756666666667;48.1505833333333;-7.56604242382615;7.56604242382614;1662
-4.93855;48.1513166666667;-7.69693572642039;7.43284443141569;1682
-4.93998333333333;48.1524;-7.63675337168463;7.63675337168463;1709
-4.94105;48.1531833333333;-7.63675337168463;7.63675337168463;1728
-4.94158333333333;48.1536;-7.36558241875584;7.89862011698169;1741
-4.94213333333333;48.1540166666667;-7.63675337168463;7.63675337168463;1751
-4.94346666666667;48.15505;-7.84080354928495;7.57177597301192;1781
-4.94506666666667;48.15625;-7.57177597301193;7.84080354928494;1810
-4.94551666666667;48.1566;-7.70746364519354;7.70746364519354;1820
-4.94596666666667;48.15695;-7.84080354928495;7.57177597301192;1830
-4.94653333333333;48.15735;-8.04489071781088;7.50198196068748;1840
-4.947;48.1577;-7.77817459305202;7.77817459305202;1850
-4.94808333333333;48.1585333333333;-7.91273780372517;7.64124207504896;1875
-4.949;48.1592333333333;-7.77817459305202;7.77817459305202;1890
-4.95053333333333;48.1603666666667;-8.04489071781088;7.50198196068748;1924
-4.95166666666667;48.1612;-7.98467205816539;7.710708177086;1945
-4.9527;48.1619666666667;-7.98467205816539;7.710708177086;1962
-4.95323333333333;48.1623333333333;-8.11802636696209;7.57018205685546;1971
-4.95371666666667;48.1626833333333;-7.98467205816539;7.710708177086;1979
-4.9543;48.1631;-7.98467205816539;7.710708177086;1991
-4.95691666666667;48.16495;-7.7801736166452;8.05660562658971;2039
-4.95748333333333;48.1653666666667;-8.05660562658972;7.78017361664519;2051
-4.95796666666667;48.1657;-8.05660562658972;7.78017361664519;2059
-4.95898333333333;48.1664166666667;-8.05660562658972;7.78017361664519;2084
-4.96003333333333;48.1671666666667;-8.05660562658972;7.78017361664519;2099
-4.96073333333333;48.1676666666667;-7.91959581441942;7.91959581441941;2112
-4.9611;48.1679166666667;-7.91959581441942;7.91959581441941;2118
-4.9617;48.16835;-7.91959581441942;7.91959581441941;2130
-4.96228333333333;48.1687666666667;-7.91959581441942;7.91959581441941;2142
-4.9633;48.1694833333333;-8.12853988102994;7.84963971868223;2165
-4.96378333333333;48.1698166666667;-7.9903067622779;7.9903067622779;2171
-4.96598333333333;48.17145;-7.9903067622779;7.9903067622779;2210
-4.96691666666667;48.1721333333333;-7.91959581441942;7.91959581441941;2228
-4.96748333333333;48.17255;-8.05660562658972;7.78017361664519;2238
-4.968;48.1729166666667;-7.98467205816539;7.710708177086;2250
-4.96691666666667;48.1721333333333;-7.91959581441942;7.91959581441941;2263
-4.9696;48.1740833333333;-7.98467205816539;7.710708177086;2279
-4.97006666666667;48.1744333333333;-8.11802636696209;7.57018205685546;2291
-4.97053333333333;48.1747666666667;-7.71070817708601;7.98467205816538;2300
-4.97163333333333;48.1756166666667;-7.84888554091051;7.84888554091051;2326
-4.97208333333333;48.1759666666667;-7.84888554091051;7.84888554091051;2335
-4.97308333333333;48.1766833333333;-8.24890784628633;7.42734998583639;2351
-4.9726;48.17635;-8.11802636696209;7.57018205685546;2365
-4.97418333333333;48.1775166666667;-7.84888554091051;7.84888554091051;2375
-4.97461666666667;48.1778833333333;-8.11802636696209;7.57018205685546;2381
-4.97518333333333;48.1783;-8.24890784628633;7.42734998583639;2389
-4.97565;48.1786333333333;-8.17459308025134;7.36043666994744;2399
-4.97611666666667;48.1789833333333;-7.91273780372517;7.64124207504896;2411
-4.97665;48.1794;-7.77817459305202;7.77817459305202;2419
-4.97766666666667;48.1802;-7.91273780372517;7.64124207504896;2440
-4.97811666666667;48.18055;-8.04489071781088;7.50198196068748;2454
-4.97865;48.1809666666667;-7.84080354928495;7.57177597301192;2459
-4.97953333333333;48.1816666666667;-7.97175506865967;7.4337818645195;2479
-4.98006666666667;48.1820666666667;-8.02596425689949;7.2266106763022;2490
-4.98106666666667;48.1828333333333;-7.97175506865967;7.4337818645195;2509
-4.98215;48.1836333333333;-7.97175506865967;7.4337818645195;2531
-4.9826;48.1839833333333;-8.04489071781088;7.50198196068748;2539
-4.98315;48.1844;-7.91273780372517;7.64124207504896;2550
-4.9836;48.1847333333333;-7.91273780372517;7.64124207504896;2561
-4.98515;48.1859333333333;-8.17459308025134;7.36043666994744;2590
-4.9856;48.1862833333333;-8.04489071781088;7.50198196068748;2599
-4.98611666666667;48.1866666666667;-8.04489071781088;7.50198196068748;2610
-4.98666666666667;48.1870833333333;-8.04489071781088;7.50198196068748;2621
-4.98711666666667;48.1874333333333;-8.11802636696209;7.57018205685546;2635
-4.98766666666667;48.1878666666667;-8.11802636696209;7.57018205685546;2646
-4.99013333333333;48.1897333333333;-8.17459308025134;7.36043666994744;2688
-4.9911;48.19045;-8.11802636696209;7.57018205685546;2714
-4.99166666666667;48.1908833333333;-8.24890784628633;7.42734998583639;2719
-4.99213333333333;48.1912166666667;-8.24890784628633;7.42734998583639;2730
-4.9928;48.1917166666667;-8.11802636696209;7.57018205685546;2741
-4.99315;48.192;-8.11802636696209;7.57018205685546;2748
-4.99371666666667;48.1924333333333;-8.24890784628633;7.42734998583639;2759
-4.99428333333333;48.19285;-8.24890784628633;7.42734998583639;2770
-4.99521666666667;48.1935333333333;-8.11802636696209;7.57018205685546;2790
-4.99581666666667;48.194;-8.19116131864007;7.63838150261911;2801
-4.99675;48.1947;-8.11802636696209;7.57018205685546;2820
-4.9973;48.1951166666667;-8.24890784628633;7.42734998583639;2832
-4.99778333333333;48.1954666666667;-8.11802636696209;7.57018205685546;2840
-4.99835;48.1959;-8.32322190360319;7.49426266359267;2849
-4.99891666666667;48.1963166666667;-8.57969761682117;7.19922110588723;2861
-4.9999;48.1969833333333;-8.45274715454562;7.34786099956035;2878
-5.00043333333333;48.1973666666667;-8.45274715454562;7.34786099956035;2890
-5.00103333333333;48.1977666666667;-8.57969761682117;7.19922110588723;2902
-5.00151666666667;48.1981;-8.45274715454562;7.34786099956035;2909
-4.9999;48.1969833333333;-8.45274715454562;7.34786099956035;2919
-5.00318333333333;48.1992833333333;-8.32322190360319;7.49426266359267;2940
-5.00376666666667;48.1996833333333;-8.57969761682117;7.19922110588723;2951
-5.0048;48.2004;-8.05660562658972;7.78017361664519;2975
-5.00583333333333;48.2011666666667;-8.19116131864007;7.63838150261911;2993
-5.00628333333333;48.2015166666667;-8.19116131864007;7.63838150261911;3000
-5.00798333333333;48.20275;-8.37727662837163;7.28225547206129;3036
-5.00896666666667;48.2034666666667;-8.30180538245049;7.21664931889558;3051
-5.00988333333333;48.20415;-8.17459308025134;7.36043666994744;3072
-5.01103333333333;48.2049666666667;-8.17459308025134;7.36043666994744;3091
-5.0115;48.2053;-8.30180538245049;7.21664931889558;3100
-5.01256666666667;48.20605;-8.24890784628633;7.42734998583639;3119
-5.01363333333333;48.2068166666667;-8.24890784628633;7.42734998583639;3142
-5.01416666666667;48.2072;-8.32322190360319;7.49426266359267;3154
-5.01476666666667;48.2076166666667;-8.45274715454562;7.34786099956035;3160
-5.01363333333333;48.2068166666667;-8.24890784628633;7.42734998583639;3179
-5.01588333333333;48.2083333333333;-8.65630235335584;7.2635001120599;3184
-5.01688333333333;48.209;-8.52821840046676;7.41346715272606;3200
-5.01866666666667;48.2101833333333;-8.39753666963819;7.56117597948163;3230
-5.02028333333333;48.21125;-8.52821840046676;7.41346715272606;3261
-5.0214;48.2119833333333;-8.65630235335584;7.2635001120599;3280
-5.02251666666667;48.2127166666667;-8.39753666963819;7.56117597948163;3304
-5.02361666666667;48.2134666666667;-8.39753666963819;7.56117597948163;3320
-5.02466666666667;48.21415;-8.65630235335584;7.2635001120599;3338
-5.02796666666667;48.2163166666667;-8.37727662837163;7.28225547206129;3398
-5.02861666666667;48.21675;-8.37727662837163;7.28225547206129;3410
-5.0296;48.2174;-8.24890784628633;7.42734998583639;3430
-5.03073333333333;48.2181333333333;-8.24890784628633;7.42734998583639;3449
-5.03135;48.2185333333333;-8.32322190360319;7.49426266359267;3460
-5.03073333333333;48.2181333333333;-8.24890784628633;7.42734998583639;3474
-5.03295;48.2196;-8.39753666963819;7.56117597948163;3490
-5.03408333333333;48.2203166666667;-8.39753666963819;7.56117597948163;3509
-5.03525;48.2211;-8.39753666963819;7.56117597948163;3533
-5.037;48.22225;-8.60368892664075;7.47907268022512;3564
-5.03803333333333;48.2229166666667;-8.60368892664075;7.47907268022512;3581
-5.03865;48.2233166666667;-8.47185072695505;7.62808865723791;3594
-5.03973333333333;48.2240166666667;-8.85946366415181;7.17425221790147;3609
-5.04155;48.2251166666667;-8.47185072695505;7.62808865723791;3639
-5.04206666666667;48.22545;-8.60368892664075;7.47907268022512;3656
-5.0427;48.2258333333333;-8.85946366415181;7.17425221790147;3662
-5.04323333333333;48.2261666666667;-8.60368892664075;7.47907268022512;3670
-5.04385;48.2265666666667;-8.60368892664075;7.47907268022512;3689
-5.04495;48.2272666666667;-8.85946366415181;7.17425221790147;3704
-5.0456;48.22765;-8.73290635933359;7.32777850522253;3717
-5.04611666666667;48.2279833333333;-8.73290635933359;7.32777850522253;3726
-5.04495;48.2272666666667;-8.85946366415181;7.17425221790147;3735
-5.0474;48.2287833333333;-8.67916017256188;7.54467883339083;3744
-5.04791666666667;48.2291166666667;-8.67916017256188;7.54467883339083;3749
-5.04845;48.2294333333333;-8.80951109586825;7.3920575113952;3760
-5.0491;48.2298333333333;-8.67916017256188;7.54467883339083;3777
-5.04966666666667;48.2302;-8.67916017256188;7.54467883339083;3785
-5.05081666666667;48.2309333333333;-8.67916017256188;7.54467883339083;3809
-5.05196666666667;48.2316833333333;-8.67916017256188;7.54467883339083;3824
-5.05313333333333;48.2324166666667;-8.67916017256188;7.54467883339083;3845
-5.05366666666667;48.23275;-8.67916017256188;7.54467883339083;3850
-5.05606666666667;48.23425;-8.75463141848302;7.61028498655654;3893
-5.05723333333333;48.2349833333333;-8.75463141848302;7.61028498655654;3915
-5.05841666666667;48.2357;-8.93717855675516;7.23718449707313;3929
-5.05906666666667;48.2361;-8.75463141848302;7.61028498655654;3941
-5.0596;48.2364333333333;-8.62048025902503;7.76191528901582;3953
-5.06018333333333;48.2368;-8.75463141848302;7.61028498655654;3960
-5.06125;48.23745;-8.75463141848302;7.61028498655654;3979
-5.0619;48.2378666666667;-8.62048025902503;7.76191528901582;3989
-5.06253333333333;48.2382666666667;-8.75463141848302;7.61028498655654;4001
-5.06306666666667;48.2386;-8.88611583240291;7.45633651756787;4013
-5.0637;48.239;-8.75463141848302;7.61028498655654;4025
-5.06541666666667;48.2401333333333;-8.54616549299004;7.69500197312686;4049
-5.06591666666667;48.2404666666667;-8.41056756862047;7.84298114071873;4061
-5.06713333333333;48.2413166666667;-8.2724077038945;7.98857126027846;4083
-5.06815;48.2419833333333;-8.54616549299004;7.69500197312686;4099
-5.06875;48.2424166666667;-8.41056756862047;7.84298114071873;4110
-5.07096666666667;48.2438833333333;-8.67916017256188;7.54467883339083;4148
-5.07211666666667;48.2446333333333;-8.41056756862047;7.84298114071873;4175
-5.07273333333333;48.2450666666667;-8.48370321777168;7.9111812368867;4181
-5.07383333333333;48.24585;-8.20243893150378;8.20243893150378;4205
-5.0749;48.24665;-8.34434195833472;8.0580373623155;4223
-5.07593333333333;48.2473833333333;-8.2724077038945;7.98857126027846;4248
-5.077;48.2481666666667;-8.2724077038945;7.98857126027846;4259
-5.0775;48.2485166666667;-8.1317279836453;8.13172798364529;4268
-5.0781;48.24895;-7.98857126027847;8.27240770389449;4280
-5.0787;48.2494;-8.20243893150378;8.20243893150378;4290
-5.07928333333333;48.24985;-8.34434195833472;8.0580373623155;4301
-5.08028333333333;48.25055;-8.20243893150378;8.20243893150378;4318
-5.08311666666667;48.2526166666667;-8.20243893150378;8.20243893150378;4375
-5.0836;48.25295;-8.34434195833472;8.0580373623155;4380
-5.0841;48.2533166666667;-8.34434195833472;8.0580373623155;4388
-5.0847;48.2537333333333;-8.48370321777168;7.9111812368867;4400
-5.08576666666667;48.2544666666667;-8.54616549299004;7.69500197312686;4421
-5.08641666666667;48.2548833333333;-8.67916017256188;7.54467883339083;4438
-5.08745;48.2555666666667;-8.34434195833472;8.0580373623155;4449
-5.08805;48.256;-8.05803736231551;8.34434195833471;4470
-5.0892;48.2568833333333;-8.34434195833472;8.0580373623155;4485
-5.09085;48.25805;-8.2724077038945;7.98857126027846;4512
-5.09133333333333;48.2584;-8.2724077038945;7.98857126027846;4520
-5.09183333333333;48.2587333333333;-8.41056756862047;7.84298114071873;4529
-5.09306666666667;48.2596;-8.20243893150378;8.20243893150378;4550
-5.09571666666667;48.2615;-8.41627552675905;8.12750280187469;4602
-5.09633333333333;48.2619333333333;-8.41627552675905;8.12750280187469;4620
-5.0974;48.2627;-8.20243893150378;8.20243893150378;4637
-5.09848333333333;48.2634833333333;-8.41056756862047;7.84298114071873;4649
-5.09958333333333;48.2642666666667;-8.1317279836453;8.13172798364529;4673
-5.10006666666667;48.2646166666667;-8.2724077038945;7.98857126027846;4678
-5.10073333333333;48.2651;-8.2724077038945;7.98857126027846;4691
-5.10121666666667;48.26545;-8.20243893150378;8.20243893150378;4700
-5.10171666666667;48.2658166666667;-8.34434195833472;8.0580373623155;4709
-5.10233333333333;48.26625;-8.27314920501269;8.27314920501269;4726
-5.10506666666667;48.2682833333333;-8.48820978119927;8.19696890391173;4769
-5.10618333333333;48.2690666666667;-8.34386015287118;8.34386015287117;4796
-5.10728333333333;48.2698666666667;-8.41627552675905;8.12750280187469;4812
-5.10788333333333;48.2703166666667;-8.27314920501269;8.27314920501269;4820
-5.10836666666667;48.2706833333333;-8.27314920501269;8.27314920501269;4829
-5.11116666666667;48.2726666666667;-8.34386015287118;8.34386015287117;4880
-5.11393333333333;48.27475;-8.48820978119927;8.19696890391173;4931
-5.11443333333333;48.2751;-8.19696890391174;8.48820978119926;4939
-5.11771666666667;48.2774833333333;-8.34386015287118;8.34386015287117;5000
-5.11833333333333;48.2779333333333;-8.34386015287118;8.34386015287117;5010
-5.11893333333333;48.2783833333333;-8.34386015287118;8.34386015287117;5020
-5.11833333333333;48.2779333333333;-8.34386015287118;8.34386015287117;5026
-5.11946666666667;48.2788;-8.48820978119927;8.19696890391173;5031
-5.12058333333333;48.2796;-8.5601433496236;8.26643434347092;5050
-5.12108333333333;48.2799666666667;-8.48820978119927;8.19696890391173;5062
-5.1222;48.28075;-8.62997381860087;8.04758077881834;5080
-5.12393333333333;48.2819833333333;-8.48820978119927;8.19696890391173;5110
-5.12443333333333;48.2823666666667;-8.19696890391174;8.48820978119926;5120
-5.12498333333333;48.2827666666667;-8.48820978119927;8.19696890391173;5130
-5.12606666666667;48.2835666666667;-8.34386015287118;8.34386015287117;5150
-5.12656666666667;48.2839333333333;-8.34386015287118;8.34386015287117;5163
-5.12716666666667;48.2843666666667;-8.48820978119927;8.19696890391173;5177
-5.12826666666667;48.2851666666667;-8.41627552675905;8.12750280187469;5190
-5.12943333333333;48.286;-8.48820978119927;8.19696890391173;5215
-5.13045;48.2867333333333;-8.62997381860087;8.04758077881834;5232
-5.13156666666667;48.2875166666667;-8.48820978119927;8.19696890391173;5250
-5.1328;48.2884166666667;-8.34386015287118;8.34386015287117;5270
-5.13443333333333;48.2895833333333;-8.41457042638009;8.41457042638008;5305
-5.13723333333333;48.2916166666667;-8.41457042638009;8.41457042638008;5350
-5.13773333333333;48.2919666666667;-8.5601433496236;8.26643434347092;5361
-5.13951666666667;48.2932833333333;-8.41457042638009;8.41457042638008;5390
-5.14001666666667;48.29365;-8.5601433496236;8.26643434347092;5403
-5.1416;48.2948333333333;-8.70310877027884;8.115780224582;5429
-5.14221666666667;48.2952666666667;-8.34386015287118;8.34386015287117;5445
-5.14281666666667;48.2957166666667;-8.34386015287118;8.34386015287117;5450
-5.1433;48.2960833333333;-8.34386015287118;8.34386015287117;5462
-5.1439;48.2965333333333;-8.48820978119927;8.19696890391173;5474
-5.14446666666667;48.2969166666667;-8.48820978119927;8.19696890391173;5480
-5.14495;48.2973;-8.48820978119927;8.19696890391173;5490
-5.14545;48.29765;-8.48820978119927;8.19696890391173;5500
-5.14595;48.2980166666667;-8.34386015287118;8.34386015287117;5509
-5.14666666666667;48.2985333333333;-8.34386015287118;8.34386015287117;5529
-5.14821666666667;48.2997166666667;-8.1275028018747;8.41627552675904;5550
-5.14988333333333;48.3009;-8.27314920501269;8.27314920501269;5580
-5.15038333333333;48.3012666666667;-8.34386015287118;8.34386015287117;5598
-5.15148333333333;48.3020666666667;-8.48820978119927;8.19696890391173;5609
-5.1521;48.3025;-8.62997381860087;8.04758077881834;5621
-5.15323333333333;48.3033;-8.48820978119927;8.19696890391173;5651
-5.1544;48.30415;-8.62997381860087;8.04758077881834;5660
-5.15493333333333;48.3045;-8.62997381860087;8.04758077881834;5673
-5.15596666666667;48.3051833333333;-8.62997381860087;8.04758077881834;5688
-5.1566;48.3056;-8.27314920501269;8.27314920501269;5699
-5.15781666666667;48.3064666666667;-8.55683816944965;7.97938068265036;5723
-5.16001666666667;48.3079666666667;-8.55683816944965;7.97938068265036;5759
-5.16343333333333;48.31025;-8.05803736231551;8.34434195833471;5820
-5.16455;48.31105;-8.34434195833472;8.0580373623155;5843
-5.16625;48.3122166666667;-8.41627552675905;8.12750280187469;5869
-5.16673333333333;48.3125666666667;-8.41627552675905;8.12750280187469;5879
-5.16786666666667;48.3133333333333;-8.20243893150378;8.20243893150378;5900
-5.16856666666667;48.31385;-8.20243893150378;8.20243893150378;5915
-5.16905;48.3142;-8.34434195833472;8.0580373623155;5922
-5.16955;48.31455;-8.2724077038945;7.98857126027846;5936
-5.1706;48.3152666666667;-8.54616549299004;7.69500197312686;5954
-5.17123333333333;48.3156833333333;-8.41056756862047;7.84298114071873;5963
-5.17183333333333;48.3161;-8.41056756862047;7.84298114071873;5973
-5.17123333333333;48.3156833333333;-8.41056756862047;7.84298114071873;5979
-5.1735;48.3172333333333;-8.20243893150378;8.20243893150378;5999
-5.17411666666667;48.3176666666667;-8.34434195833472;8.0580373623155;6015
-5.17461666666667;48.3180166666667;-8.41627552675905;8.12750280187469;6023
-5.17518333333333;48.3184;-8.27314920501269;8.27314920501269;6033
-5.1758;48.31885;-8.34386015287118;8.34386015287117;6044
-5.17681666666667;48.31955;-8.48820978119927;8.19696890391173;6068
-5.17796666666667;48.3203166666667;-8.48820978119927;8.19696890391173;6083
-5.17923333333333;48.32115;-8.62997381860087;8.04758077881834;6109
-5.18033333333333;48.3219;-8.34386015287118;8.34386015287117;6120
-5.18146666666667;48.3226833333333;-8.48820978119927;8.19696890391173;6143
-5.18258333333333;48.3234666666667;-8.34386015287118;8.34386015287117;6160
-5.18321666666667;48.3239;-8.48820978119927;8.19696890391173;6177
-5.18486666666667;48.32505;-8.62997381860087;8.04758077881834;6199
-5.1866;48.3262;-8.48820978119927;8.19696890391173;6230
-5.18825;48.3273333333333;-8.48820978119927;8.19696890391173;6258
-5.1895;48.3282166666667;-8.48820978119927;8.19696890391173;6288
-5.19058333333333;48.32895;-8.34386015287118;8.34386015287117;6303
-5.1916;48.3296833333333;-8.5601433496236;8.26643434347092;6318
-5.19223333333333;48.3301166666667;-8.5601433496236;8.26643434347092;6329
-5.19286666666667;48.33055;-8.41457042638009;8.41457042638008;6339
-5.19346666666667;48.331;-8.115780224582;8.70310877027883;6358
-5.19508333333333;48.3321666666667;-8.41457042638009;8.41457042638008;6378
-5.19563333333333;48.3325666666667;-8.26643434347093;8.56014334962359;6389
-5.19613333333333;48.3329333333333;-8.41457042638009;8.41457042638008;6399
-5.19563333333333;48.3325666666667;-8.26643434347093;8.56014334962359;6418
-5.19901666666667;48.3349833333333;-8.41457042638009;8.41457042638008;6452
-5.19961666666667;48.3354333333333;-8.26643434347093;8.56014334962359;6459
-5.20018333333333;48.3358333333333;-8.5601433496236;8.26643434347092;6471
-5.20068333333333;48.3362;-8.5601433496236;8.26643434347092;6479
-5.20183333333333;48.3369833333333;-8.5601433496236;8.26643434347092;6500
-5.20411666666667;48.3385666666667;-8.34386015287118;8.34386015287117;6540
-5.20473333333333;48.339;-8.34386015287118;8.34386015287117;6555
-5.20523333333333;48.33935;-8.48820978119927;8.19696890391173;6560
-5.2063;48.3401;-8.34386015287118;8.34386015287117;6579
-5.2068;48.3404666666667;-8.48820978119927;8.19696890391173;6597
-5.20866666666667;48.3417833333333;-8.48820978119927;8.19696890391173;6627
-5.21086666666667;48.34335;-8.41457042638009;8.41457042638008;6662
-5.212;48.3441333333333;-8.34386015287118;8.34386015287117;6683
-5.2125;48.3444833333333;-8.48820978119927;8.19696890391173;6690
-5.21313333333333;48.3449166666667;-8.48820978119927;8.19696890391173;6709
-5.21428333333333;48.3457;-8.48820978119927;8.19696890391173;6722
-5.21588333333333;48.3468666666667;-8.34386015287118;8.34386015287117;6750
-5.21765;48.34815;-8.34386015287118;8.34386015287117;6786
-5.21813333333333;48.3485166666667;-8.34386015287118;8.34386015287117;6803
-5.22085;48.3505166666667;-8.41627552675905;8.12750280187469;6840
-5.22306666666667;48.3521;-8.48370321777168;7.9111812368867;6880
-5.22356666666667;48.35245;-8.34434195833472;8.0580373623155;6894
-5.22418333333333;48.3528833333333;-8.48370321777168;7.9111812368867;6899
-5.2248;48.3533;-8.41627552675905;8.12750280187469;6910
-5.22531666666667;48.35365;-8.27314920501269;8.27314920501269;6923
-5.22635;48.3544166666667;-8.27314920501269;8.27314920501269;6943
-5.22693333333333;48.3548666666667;-8.27314920501269;8.27314920501269;6949
-5.2274;48.3552166666667;-8.20243893150378;8.20243893150378;6959
-5.22798333333333;48.3556666666667;-8.34434195833472;8.0580373623155;6973
-5.22858333333333;48.3561;-8.34434195833472;8.0580373623155;6980
-5.22906666666667;48.35645;-8.34434195833472;8.0580373623155;6989
-5.23065;48.3576;-8.34434195833472;8.0580373623155;7019
-5.2312;48.358;-8.34434195833472;8.0580373623155;7031
-5.23181666666667;48.3584333333333;-8.34434195833472;8.0580373623155;7043
-5.23293333333333;48.3592333333333;-8.41627552675905;8.12750280187469;7059
-5.23343333333333;48.3595833333333;-8.41627552675905;8.12750280187469;7068
-5.23405;48.3600333333333;-8.48820978119927;8.19696890391173;7079
-5.23516666666667;48.3608166666667;-8.48820978119927;8.19696890391173;7100
-5.23566666666667;48.3611833333333;-8.48820978119927;8.19696890391173;7110
-5.23621666666667;48.3615833333333;-8.48820978119927;8.19696890391173;7125
-5.2379;48.3628;-8.55683816944965;7.97938068265036;7150
-5.23851666666667;48.3632333333333;-8.27314920501269;8.27314920501269;7159
-5.23901666666667;48.3636;-8.27314920501269;8.27314920501269;7169
-5.2396;48.36405;-8.20243893150378;8.20243893150378;7179
-5.2401;48.3644;-8.48370321777168;7.9111812368867;7188
-5.2406;48.36475;-8.34434195833472;8.0580373623155;7200
-5.24115;48.36515;-8.41627552675905;8.12750280187469;7209
-5.24175;48.3655833333333;-8.41627552675905;8.12750280187469;7223
-5.24228333333333;48.3659333333333;-8.27314920501269;8.27314920501269;7229
-5.24288333333333;48.3663666666667;-8.27314920501269;8.27314920501269;7239
-5.24336666666667;48.3667333333333;-8.41627552675905;8.12750280187469;7253
-5.24395;48.3671666666667;-8.1275028018747;8.41627552675904;7259
-5.24503333333333;48.3679666666667;-8.55683816944965;7.97938068265036;7281
-5.24608333333333;48.3687;-8.05803736231551;8.34434195833471;7299
-5.24655;48.3690666666667;-8.34434195833472;8.0580373623155;7308
-5.24715;48.3695;-8.48370321777168;7.9111812368867;7319
-5.24776666666667;48.3699333333333;-8.20243893150378;8.20243893150378;7328
-5.24885;48.3707333333333;-8.48370321777168;7.9111812368867;7349
-5.24946666666667;48.37115;-8.55683816944965;7.97938068265036;7359
-5.24998333333333;48.3715166666667;-8.41627552675905;8.12750280187469;7369
-5.25048333333333;48.3718666666667;-8.41627552675905;8.12750280187469;7379
-5.24885;48.3707333333333;-8.48370321777168;7.9111812368867;7385
-5.25115;48.37235;-8.27314920501269;8.27314920501269;7392
-5.25153333333333;48.3726333333333;-8.1275028018747;8.41627552675904;7399
-5.25211666666667;48.3730666666667;-8.27314920501269;8.27314920501269;7409
-5.25271666666667;48.3735;-8.41627552675905;8.12750280187469;7429
-5.25443333333333;48.3747;-8.20243893150378;8.20243893150378;7451
-5.25495;48.3750666666667;-8.20243893150378;8.20243893150378;7459
-5.2555;48.3754666666667;-8.20243893150378;8.20243893150378;7473
-5.256;48.3758333333333;-8.27314920501269;8.27314920501269;7482
-5.2565;48.3761833333333;-8.41627552675905;8.12750280187469;7489
-5.256;48.3758333333333;-8.27314920501269;8.27314920501269;7498
-5.25781666666667;48.37715;-8.48820978119927;8.19696890391173;7510
-5.2582;48.3774333333333;-8.62997381860087;8.04758077881834;7519
-5.25881666666667;48.3778666666667;-8.62997381860087;8.04758077881834;7533
-5.25943333333333;48.3782833333333;-8.27314920501269;8.27314920501269;7539
-5.26041666666667;48.379;-8.27314920501269;8.27314920501269;7559
-5.26106666666667;48.3794666666667;-8.34434195833472;8.0580373623155;7572
-5.26146666666667;48.3797333333333;-8.34434195833472;8.0580373623155;7580
-5.26206666666667;48.38015;-8.34434195833472;8.0580373623155;7593
-5.26268333333333;48.3805666666667;-8.54616549299004;7.69500197312686;7601
-5.26381666666667;48.3813333333333;-8.2724077038945;7.98857126027846;7619
-5.26488333333333;48.3821333333333;-8.2724077038945;7.98857126027846;7638
-5.26543333333333;48.3825166666667;-8.1317279836453;8.13172798364529;7649
-5.26698333333333;48.3836666666667;-8.2724077038945;7.98857126027846;7680
-5.26771666666667;48.38415;-8.2724077038945;7.98857126027846;7692
-5.2681;48.3844166666667;-8.2724077038945;7.98857126027846;7698
-5.26871666666667;48.38485;-8.1317279836453;8.13172798364529;7709
-5.26931666666667;48.3852833333333;-8.2724077038945;7.98857126027846;7719
-5.27031666666667;48.3859666666667;-8.1317279836453;8.13172798364529;7739
-5.27191666666667;48.3871333333333;-8.2724077038945;7.98857126027846;7769
-5.27251666666667;48.3875666666667;-8.2724077038945;7.98857126027846;7779
-5.27311666666667;48.3879833333333;-8.1317279836453;8.13172798364529;7793
-5.27361666666667;48.3883333333333;-8.20047344945427;7.91910515824142;7800
-5.2742;48.38875;-8.06101703578681;8.06101703578681;7811
-5.27468333333333;48.3891;-8.2724077038945;7.98857126027846;7818
-5.27573333333333;48.3898166666667;-8.06101703578681;8.06101703578681;7839
-5.27791666666667;48.3913833333333;-8.1317279836453;8.13172798364529;7880
-5.27853333333333;48.3918;-8.2724077038945;7.98857126027846;7889
-5.27913333333333;48.3922166666667;-8.1317279836453;8.13172798364529;7901
-5.27966666666667;48.3926;-8.2724077038945;7.98857126027846;7913
-5.28066666666667;48.3932833333333;-8.1317279836453;8.13172798364529;7931
-5.28126666666667;48.3937;-8.20047344945427;7.91910515824142;7940
-5.28238333333333;48.3944333333333;-8.06101703578681;8.06101703578681;7961
-5.28298333333333;48.3948666666667;-7.91910515824143;8.20047344945426;7970
-5.28346666666667;48.3952333333333;-8.06101703578681;8.06101703578681;7980
-5.28456666666667;48.396;-8.2724077038945;7.98857126027846;8005
-5.28621666666667;48.3971833333333;-8.20243893150378;8.20243893150378;8030
-5.28671666666667;48.3975333333333;-8.20243893150378;8.20243893150378;8039
-5.28731666666667;48.3979666666667;-8.34434195833472;8.0580373623155;8048
-5.28905;48.39915;-8.48370321777168;7.9111812368867;8083
-5.29005;48.39985;-8.05803736231551;8.34434195833471;8100
-5.2906;48.4002333333333;-8.48370321777168;7.9111812368867;8109
-5.2911;48.4005833333333;-8.34434195833472;8.0580373623155;8123
-5.29183333333333;48.4011;-8.05803736231551;8.34434195833471;8130
-5.29231666666667;48.40145;-8.20243893150378;8.20243893150378;8140
-5.2934;48.40225;-8.34434195833472;8.0580373623155;8159
-5.2939;48.4025833333333;-8.48370321777168;7.9111812368867;8168
-5.29558333333333;48.4037333333333;-8.41056756862047;7.84298114071873;8199
-5.2968;48.4045833333333;-7.98857126027847;8.27240770389449;8220
-5.29726666666667;48.4049333333333;-8.1317279836453;8.13172798364529;8235
-5.29848333333333;48.4058;-8.34434195833472;8.0580373623155;8250
-5.29898333333333;48.4061666666667;-8.34434195833472;8.0580373623155;8259
-5.30003333333333;48.4069;-8.20243893150378;8.20243893150378;8285
-5.30053333333333;48.4072666666667;-8.41627552675905;8.12750280187469;8290
-5.30103333333333;48.4076;-8.41627552675905;8.12750280187469;8299
-5.30226666666667;48.40845;-8.20243893150378;8.20243893150378;8319
-5.30335;48.4092333333333;-8.34434195833472;8.0580373623155;8340
-5.3056;48.4108;-8.1317279836453;8.13172798364529;8381
-5.3061;48.41115;-8.1317279836453;8.13172798364529;8389
-5.3067;48.4115833333333;-8.2724077038945;7.98857126027846;8399
-5.30718333333333;48.4119166666667;-7.98857126027847;8.27240770389449;8409
-5.30766666666667;48.4122833333333;-8.1317279836453;8.13172798364529;8418
-5.30886666666667;48.4131333333333;-8.1317279836453;8.13172798364529;8443
-5.30936666666667;48.4134833333333;-8.41056756862047;7.84298114071873;8452
-5.30993333333333;48.4138666666667;-8.2724077038945;7.98857126027846;8459
-5.31163333333333;48.4150833333333;-8.20243893150378;8.20243893150378;8490
-5.31213333333333;48.4154166666667;-8.34434195833472;8.0580373623155;8502
-5.31275;48.41585;-8.48370321777168;7.9111812368867;8515
-5.31338333333333;48.4162666666667;-8.20243893150378;8.20243893150378;8521
-5.31495;48.4173166666667;-8.1317279836453;8.13172798364529;8550
-5.31555;48.41775;-7.98857126027847;8.27240770389449;8562
-5.31661666666667;48.4185333333333;-7.98857126027847;8.27240770389449;8586
-5.3177;48.4193166666667;-8.1317279836453;8.13172798364529;8600
-5.3183;48.4197333333333;-8.2724077038945;7.98857126027846;8611
-5.3188;48.4200666666667;-8.2724077038945;7.98857126027846;8623
-5.31986666666667;48.4208;-8.1317279836453;8.13172798364529;8641
-5.32046666666667;48.4212166666667;-8.2724077038945;7.98857126027846;8659
-5.32158333333333;48.4219833333333;-7.98857126027847;8.27240770389449;8675
-5.32208333333333;48.4223333333333;-8.1317279836453;8.13172798364529;8683
-5.32265;48.4227666666667;-8.1317279836453;8.13172798364529;8693
-5.32328333333333;48.4231833333333;-8.2724077038945;7.98857126027846;8703
-5.3243;48.4239333333333;-8.1317279836453;8.13172798364529;8726
-5.3248;48.4242833333333;-8.2724077038945;7.98857126027846;8733
-5.3253;48.4246333333333;-8.1317279836453;8.13172798364529;8740
-5.32591666666667;48.4250666666667;-8.05803736231551;8.34434195833471;8752
-5.32651666666667;48.4255;-8.05803736231551;8.34434195833471;8763
-5.327;48.42585;-8.1317279836453;8.13172798364529;8774
-5.32821666666667;48.4267;-8.34434195833472;8.0580373623155;8799
-5.32928333333333;48.4274333333333;-8.20243893150378;8.20243893150378;8812
-5.32978333333333;48.4278;-8.20243893150378;8.20243893150378;8819
-5.3304;48.4282333333333;-8.41627552675905;8.12750280187469;8832
-5.3309;48.4285833333333;-8.41627552675905;8.12750280187469;8841
-5.33151666666667;48.429;-8.41627552675905;8.12750280187469;8851
-5.33261666666667;48.4297833333333;-8.27314920501269;8.27314920501269;8872
-5.33311666666667;48.43015;-8.1275028018747;8.41627552675904;8879
-5.33371666666667;48.4305833333333;-8.1275028018747;8.41627552675904;8890
-5.33425;48.431;-8.1275028018747;8.41627552675904;8902
-5.33475;48.43135;-8.1275028018747;8.41627552675904;8910
-5.33523333333333;48.4317166666667;-8.27314920501269;8.27314920501269;8922
-5.33631666666667;48.4325166666667;-8.1275028018747;8.41627552675904;8939
-5.33688333333333;48.43295;-8.27314920501269;8.27314920501269;8949
-5.33748333333333;48.4333833333333;-8.48370321777168;7.9111812368867;8960
-5.33916666666667;48.4345166666667;-8.2724077038945;7.98857126027846;8999
-5.34136666666667;48.4361;-8.34434195833472;8.0580373623155;9032
-5.34188333333333;48.43645;-8.20243893150378;8.20243893150378;9042
-5.34236666666667;48.4368;-8.41627552675905;8.12750280187469;9049
-5.343;48.4372333333333;-8.41627552675905;8.12750280187469;9059
-5.34416666666667;48.43805;-8.27314920501269;8.27314920501269;9085
-5.34465;48.4384;-8.27314920501269;8.27314920501269;9091
-5.34515;48.43875;-8.48370321777168;7.9111812368867;9101
-5.34636666666667;48.4396;-8.20243893150378;8.20243893150378;9120
-5.34745;48.4403666666667;-8.41056756862047;7.84298114071873;9140
-5.34856666666667;48.4411166666667;-8.2724077038945;7.98857126027846;9166
-5.3496;48.44185;-8.2724077038945;7.98857126027846;9183
-5.3501;48.4422;-8.2724077038945;7.98857126027846;9188
-5.3512;48.4429833333333;-8.41056756862047;7.84298114071873;9209
-5.35181666666667;48.4434;-8.34434195833472;8.0580373623155;9219
-5.35231666666667;48.44375;-8.48370321777168;7.9111812368867;9233
-5.35305;48.44425;-8.62048025902503;7.76191528901582;9241
-5.35458333333333;48.4453166666667;-8.1317279836453;8.13172798364529;9269
-5.35626666666667;48.4465166666667;-7.84298114071873;8.41056756862046;9300
-5.35733333333333;48.4473;-8.2724077038945;7.98857126027846;9320
-5.35843333333333;48.4480833333333;-7.98857126027847;8.27240770389449;9343
-5.3589;48.4484333333333;-8.1317279836453;8.13172798364529;9349
-5.35946666666667;48.4488166666667;-8.1317279836453;8.13172798364529;9360
-5.35995;48.4491666666667;-8.1317279836453;8.13172798364529;9370
-5.36055;48.4496;-8.41056756862047;7.84298114071873;9383
-5.36105;48.4499333333333;-8.1317279836453;8.13172798364529;9390
-5.36163333333333;48.4503666666667;-7.98857126027847;8.27240770389449;9401
-5.36211666666667;48.4507166666667;-8.2724077038945;7.98857126027846;9412
-5.36283333333333;48.4512166666667;-8.41056756862047;7.84298114071873;9421
-5.36386666666667;48.4519166666667;-8.06101703578681;8.06101703578681;9440
-5.36483333333333;48.4526166666667;-8.06101703578681;8.06101703578681;9463
-5.36533333333333;48.4529833333333;-8.20047344945427;7.91910515824142;9469
-5.36593333333333;48.4534;-8.20047344945427;7.91910515824142;9479
-5.36715;48.4542333333333;-8.20047344945427;7.91910515824142;9500
-5.36765;48.4545666666667;-8.06101703578681;8.06101703578681;9510
-5.37086666666667;48.45685;-8.06101703578681;8.06101703578681;9570
-5.37146666666667;48.4572666666667;-8.1317279836453;8.13172798364529;9579
-5.37306666666667;48.4583666666667;-8.1317279836453;8.13172798364529;9610
-5.37421666666667;48.4591666666667;-8.20047344945427;7.91910515824142;9629
-5.3747;48.4595;-8.06101703578681;8.06101703578681;9639
-5.37531666666667;48.4599333333333;-8.06101703578681;8.06101703578681;9653
-5.37578333333333;48.4602666666667;-8.20047344945427;7.91910515824142;9659
-5.37638333333333;48.4606833333333;-8.20047344945427;7.91910515824142;9670
-5.37746666666667;48.46145;-7.9903067622779;7.9903067622779;9690
-5.37805;48.4618666666667;-7.9903067622779;7.9903067622779;9701
-5.37858333333333;48.46225;-8.12853988102994;7.84963971868223;9714
-5.37901666666667;48.46255;-8.12853988102994;7.84963971868223;9719
-5.38065;48.4636666666667;-8.12853988102994;7.84963971868223;9750
-5.38126666666667;48.4640833333333;-7.9903067622779;7.9903067622779;9761
-5.38185;48.4645;-7.9903067622779;7.9903067622779;9771
-5.38281666666667;48.4651666666667;-8.12853988102994;7.84963971868223;9789
-5.3834;48.4655833333333;-7.84963971868224;8.12853988102993;9799
-5.3845;48.4664;-8.05660562658972;7.78017361664519;9822
-5.38546666666667;48.4670666666667;-7.91959581441942;7.91959581441941;9839
-5.38663333333333;48.4679166666667;-8.05660562658972;7.78017361664519;9859
-5.38711666666667;48.46825;-8.19116131864007;7.63838150261911;9873
-5.38771666666667;48.4686666666667;-7.91959581441942;7.91959581441941;9881
-5.38873333333333;48.4693666666667;-7.91959581441942;7.91959581441941;9900
-5.38978333333333;48.4701333333333;-8.05660562658972;7.78017361664519;9921
-5.39026666666667;48.4704666666667;-7.91959581441942;7.91959581441941;9929
-5.39096666666667;48.47095;-8.05660562658972;7.78017361664519;9942
-5.39205;48.4717;-7.91959581441942;7.91959581441941;9960
-5.39253333333333;48.4720333333333;-7.91959581441942;7.91959581441941;9970
-5.39301666666667;48.4723666666667;-8.05660562658972;7.78017361664519;9980
-5.39356666666667;48.47275;-7.91959581441942;7.91959581441941;9989
-5.39415;48.47315;-7.91959581441942;7.91959581441941;10003
-5.3957;48.4742;-7.84888554091051;7.84888554091051;10030
-5.3963;48.4746333333333;-7.98467205816539;7.710708177086;10041
-5.3968;48.47495;-7.98467205816539;7.710708177086;10049
-5.3974;48.4753666666667;-7.84888554091051;7.84888554091051;10061
-5.39788333333333;48.4757166666667;-7.91959581441942;7.91959581441941;10071
-5.39843333333333;48.4760833333333;-8.05660562658972;7.78017361664519;10081
-5.39893333333333;48.4764166666667;-7.9903067622779;7.9903067622779;10090
-5.39953333333333;48.4768333333333;-8.12853988102994;7.84963971868223;10100
-5.39893333333333;48.4764166666667;-7.9903067622779;7.9903067622779;10105
-5.40076666666667;48.47765;-7.9903067622779;7.9903067622779;10123
-5.40186666666667;48.4783833333333;-7.9903067622779;7.9903067622779;10142
-5.40286666666667;48.47905;-8.26429696779128;7.70658159878709;10159
-5.40405;48.4798166666667;-8.06101703578681;8.06101703578681;10183
-5.40455;48.4801666666667;-8.06101703578681;8.06101703578681;10190
-5.40515;48.4805666666667;-8.12853988102994;7.84963971868223;10202
-5.40565;48.4809;-7.9903067622779;7.9903067622779;10210
-5.40613333333333;48.4812333333333;-7.84963971868224;8.12853988102993;10226
-5.40565;48.4809;-7.9903067622779;7.9903067622779;10235
-5.40733333333333;48.48205;-7.91959581441942;7.91959581441941;10249
-5.40838333333333;48.48275;-8.05660562658972;7.78017361664519;10260
-5.40888333333333;48.4830833333333;-7.91959581441942;7.91959581441941;10270
-5.40936666666667;48.4834166666667;-8.05660562658972;7.78017361664519;10283
-5.40996666666667;48.4838166666667;-8.12853988102994;7.84963971868223;10289
-5.41058333333333;48.4842166666667;-8.19116131864007;7.63838150261911;10299
-5.41108333333333;48.4845333333333;-7.91959581441942;7.91959581441941;10310
-5.41178333333333;48.4850166666667;-7.91959581441942;7.91959581441941;10323
-5.41228333333333;48.48535;-8.05660562658972;7.78017361664519;10334
-5.4128;48.4857;-8.05660562658972;7.78017361664519;10339
-5.4133;48.4860333333333;-8.12853988102994;7.84963971868223;10349
-5.41386666666667;48.4864;-8.12853988102994;7.84963971868223;10359
-5.4145;48.4868;-8.06101703578681;8.06101703578681;10369
-5.4151;48.4872166666667;-8.20047344945427;7.91910515824142;10380
-5.4156;48.48755;-8.20047344945427;7.91910515824142;10390
-5.41608333333333;48.4878666666667;-7.9903067622779;7.9903067622779;10399
-5.41728333333333;48.48865;-8.05660562658972;7.78017361664519;10419
-5.41776666666667;48.4889666666667;-7.98467205816539;7.710708177086;10428
-5.41833333333333;48.4893166666667;-7.84888554091051;7.84888554091051;10440
-5.41891666666667;48.4897333333333;-7.71070817708601;7.98467205816538;10456
-5.41991666666667;48.49035;-7.98467205816539;7.710708177086;10469
-5.42101666666667;48.4910833333333;-7.98467205816539;7.710708177086;10490
-5.42163333333333;48.4914666666667;-7.98467205816539;7.710708177086;10500
-5.42223333333333;48.49185;-7.84888554091051;7.84888554091051;10511
-5.42273333333333;48.4921833333333;-7.71070817708601;7.98467205816538;10520
-5.42321666666667;48.4925166666667;-7.84888554091051;7.84888554091051;10530
-5.42375;48.4928833333333;-7.98467205816539;7.710708177086;10539
-5.42435;48.4932833333333;-7.98467205816539;7.710708177086;10548
-5.42496666666667;48.4936833333333;-7.84888554091051;7.84888554091051;10560
-5.42545;48.494;-7.98467205816539;7.710708177086;10570
-5.42595;48.4943333333333;-7.84888554091051;7.84888554091051;10579
-5.42655;48.4947333333333;-7.84888554091051;7.84888554091051;10590
-5.42715;48.4951333333333;-7.98467205816539;7.710708177086;10599
-5.4277;48.4954833333333;-7.84888554091051;7.84888554091051;10613
-5.4282;48.4958166666667;-7.84888554091051;7.84888554091051;10620
-5.4299;48.4969333333333;-7.84888554091051;7.84888554091051;10650
-5.43038333333333;48.49725;-7.98467205816539;7.710708177086;10668
-5.43148333333333;48.49795;-7.91273780372517;7.64124207504896;10680
-5.43256666666667;48.4986833333333;-8.11802636696209;7.57018205685546;10699
-5.43313333333333;48.4990333333333;-8.11802636696209;7.57018205685546;10711
-5.43363333333333;48.4993666666667;-7.84888554091051;7.84888554091051;10719
-5.43483333333333;48.5001666666667;-8.05660562658972;7.78017361664519;10743
-5.43531666666667;48.5005;-7.91959581441942;7.91959581441941;10752
-5.4359;48.5009166666667;-8.05660562658972;7.78017361664519;10759
-5.4365;48.5013166666667;-8.05660562658972;7.78017361664519;10772
-5.43698333333333;48.50165;-7.84888554091051;7.84888554091051;10782
-5.43751666666667;48.502;-7.98467205816539;7.710708177086;10793
-5.438;48.5023333333333;-7.84888554091051;7.84888554091051;10805
-5.43908333333333;48.5030666666667;-7.71070817708601;7.98467205816538;10819
-5.43966666666667;48.5034666666667;-7.71070817708601;7.98467205816538;10830
-5.44013333333333;48.5038;-7.84888554091051;7.84888554091051;10842
-5.44131666666667;48.5046;-7.98467205816539;7.710708177086;10863
-5.44181666666667;48.5049166666667;-8.24890784628633;7.42734998583639;10869
-5.44231666666667;48.5052333333333;-7.98467205816539;7.710708177086;10879
-5.44331666666667;48.5059333333333;-7.64124207504897;7.91273780372516;10906
-5.4439;48.5063333333333;-7.91273780372517;7.64124207504896;10912
-5.4445;48.5067333333333;-8.04489071781088;7.50198196068748;10920
-5.44546666666667;48.5073666666667;-7.77817459305202;7.77817459305202;10941
-5.44616666666667;48.50785;-7.77817459305202;7.77817459305202;10950
-5.44653333333333;48.5081;-7.77817459305202;7.77817459305202;10965
-5.44716666666667;48.5085333333333;-8.17459308025134;7.36043666994744;10972
-5.44768333333333;48.50885;-7.91273780372517;7.64124207504896;10983
-5.44826666666667;48.5092333333333;-7.77817459305202;7.77817459305202;10993
-5.44875;48.5095666666667;-7.77817459305202;7.77817459305202;10998
-5.44933333333333;48.5099666666667;-7.91273780372517;7.64124207504896;11013
-5.45041666666667;48.5106666666667;-7.84080354928495;7.57177597301192;11030
-5.4515;48.5114;-7.77817459305202;7.77817459305202;11053
-5.45198333333333;48.5117166666667;-7.91273780372517;7.64124207504896;11065
-5.45301666666667;48.5124;-7.77817459305202;7.77817459305202;11078
-5.4536;48.5128;-7.91273780372517;7.64124207504896;11090
-5.4548;48.5135833333333;-7.91273780372517;7.64124207504896;11113
-5.45518333333333;48.5138166666667;-8.04489071781088;7.50198196068748;11121
-5.45628333333333;48.5145333333333;-7.64124207504897;7.91273780372516;11142
-5.45693333333333;48.5149666666667;-7.91273780372517;7.64124207504896;11150
-5.458;48.5156833333333;-7.77817459305202;7.77817459305202;11172
-5.4585;48.516;-7.77817459305202;7.77817459305202;11183
-5.45956666666667;48.5167333333333;-7.77817459305202;7.77817459305202;11204
-5.46116666666667;48.51775;-7.77817459305202;7.77817459305202;11229
-5.46175;48.51815;-7.64124207504897;7.91273780372516;11243
-5.46223333333333;48.5184666666667;-8.04489071781088;7.50198196068748;11253
-5.4628;48.5188166666667;-7.91273780372517;7.64124207504896;11259
-5.46338333333333;48.5192;-7.77817459305202;7.77817459305202;11269
-5.46448333333333;48.5199166666667;-7.91273780372517;7.64124207504896;11289
-5.465;48.5202166666667;-7.91273780372517;7.64124207504896;11303
-5.46561666666667;48.5206;-7.91273780372517;7.64124207504896;11313
-5.46611666666667;48.5209166666667;-7.77817459305202;7.77817459305202;11327
-5.46775;48.522;-7.77817459305202;7.77817459305202;11349
-5.46833333333333;48.5223833333333;-7.77817459305202;7.77817459305202;11359
-5.46941666666667;48.5231;-7.91273780372517;7.64124207504896;11385
-5.471;48.52415;-7.77817459305202;7.77817459305202;11409
-5.47161666666667;48.5245333333333;-8.11802636696209;7.57018205685546;11419
-5.47211666666667;48.5248666666667;-7.84888554091051;7.84888554091051;11428
-5.47266666666667;48.5252166666667;-7.84888554091051;7.84888554091051;11439
-5.47328333333333;48.5256166666667;-7.98467205816539;7.710708177086;11453
-5.47388333333333;48.526;-7.98467205816539;7.710708177086;11462
-5.47485;48.52665;-7.71070817708601;7.98467205816538;11483
-5.4759;48.5273666666667;-8.04489071781088;7.50198196068748;11499
-5.4765;48.52775;-7.97175506865967;7.4337818645195;11509
-5.47706666666667;48.5280833333333;-8.10027831421635;7.29352335405848;11520
-5.47766666666667;48.52845;-7.76886998086062;7.50231053345273;11530
-5.47815;48.5287666666667;-7.63675337168463;7.63675337168463;11540
-5.47925;48.52945;-7.63675337168463;7.63675337168463;11561
-5.47973333333333;48.5297666666667;-7.8986201169817;7.36558241875584;11572
-5.47925;48.52945;-7.63675337168463;7.63675337168463;11580
-5.4825;48.5315;-7.97175506865967;7.4337818645195;11619
-5.48313333333333;48.5318833333333;-8.04489071781088;7.50198196068748;11632
-5.48376666666667;48.53225;-8.04489071781088;7.50198196068748;11640
-5.48488333333333;48.53295;-7.91273780372517;7.64124207504896;11660
-5.48591666666667;48.53355;-7.71070817708601;7.98467205816538;11679
-5.48651666666667;48.5339333333333;-8.04489071781088;7.50198196068748;11693
-5.48708333333333;48.5342666666667;-7.77817459305202;7.77817459305202;11699
-5.48651666666667;48.5339333333333;-8.04489071781088;7.50198196068748;11708
-5.48766666666667;48.53465;-7.57177597301193;7.84080354928494;11713
-5.48816666666667;48.5349666666667;-7.84080354928495;7.57177597301192;11720
-5.48866666666667;48.5352833333333;-7.70746364519354;7.70746364519354;11729
-5.49151666666667;48.5370833333333;-7.97175506865967;7.4337818645195;11780
-5.49201666666667;48.5373833333333;-7.97175506865967;7.4337818645195;11799
-5.49361666666667;48.5383666666667;-7.63675337168463;7.63675337168463;11819
-5.49483333333333;48.5391333333333;-7.70746364519354;7.70746364519354;11840
-5.49531666666667;48.53945;-7.97175506865967;7.4337818645195;11849
-5.49583333333333;48.53975;-8.10027831421635;7.29352335405848;11861
-5.49813333333333;48.5411333333333;-7.97175506865967;7.4337818645195;11900
-5.50038333333333;48.5425166666667;-8.04489071781088;7.50198196068748;11939
-5.50088333333333;48.5428166666667;-7.70746364519354;7.70746364519354;11953
-5.50155;48.5432166666667;-7.70746364519354;7.70746364519354;11962
-5.50198333333333;48.5435;-7.70746364519354;7.70746364519354;11972
-5.50253333333333;48.5438333333333;-7.70746364519354;7.70746364519354;11978
-5.50373333333333;48.5446;-7.50231053345274;7.76886998086061;12000
-5.50421666666667;48.5449166666667;-7.8986201169817;7.36558241875584;12011
-5.50641666666667;48.5462666666667;-7.50231053345274;7.76886998086061;12050
-5.50743333333333;48.5469166666667;-7.8986201169817;7.36558241875584;12073
-5.50805;48.5472833333333;-7.50231053345274;7.76886998086061;12083
-5.50853333333333;48.5475833333333;-7.8986201169817;7.36558241875584;12099
-5.50978333333333;48.5483;-7.76886998086062;7.50231053345273;12109
-5.50916666666667;48.54795;-7.76886998086062;7.50231053345273;12123
-5.51091666666667;48.5489833333333;-7.63675337168463;7.63675337168463;12129
-5.5115;48.5493166666667;-7.84080354928495;7.57177597301192;12145
-5.51195;48.5495833333333;-7.84080354928495;7.57177597301192;12151
-5.51263333333333;48.5499833333333;-7.57177597301193;7.84080354928494;12162
-5.51313333333333;48.5503;-7.77817459305202;7.77817459305202;12170
-5.51375;48.5506666666667;-8.04489071781088;7.50198196068748;12181
-5.51426666666667;48.55095;-7.84080354928495;7.57177597301192;12196
-5.51595;48.5520166666667;-7.76886998086062;7.50231053345273;12219
-5.51701666666667;48.55265;-7.63675337168463;7.63675337168463;12243
-5.51753333333333;48.55295;-7.63675337168463;7.63675337168463;12249
-5.51815;48.5533166666667;-7.63675337168463;7.63675337168463;12262
-5.51865;48.5536166666667;-7.63675337168463;7.63675337168463;12269
-5.51925;48.554;-7.97175506865967;7.4337818645195;12281
-5.5199;48.55435;-7.84080354928495;7.57177597301192;12289
-5.52313333333333;48.5564166666667;-7.64124207504897;7.91273780372516;12349
-5.52425;48.5571;-7.70746364519354;7.70746364519354;12369
-5.52591666666667;48.5581666666667;-7.36558241875584;7.89862011698169;12404
-5.52638333333333;48.5584833333333;-7.36558241875584;7.89862011698169;12410
-5.5269;48.55885;-7.50231053345274;7.76886998086061;12419
-5.52846666666667;48.5598166666667;-7.56604242382615;7.56604242382614;12449
-5.52906666666667;48.5602;-7.56604242382615;7.56604242382614;12460
-5.53015;48.5609;-7.36558241875584;7.89862011698169;12479
-5.53063333333333;48.5612166666667;-7.2266106763022;8.02596425689948;12489
-5.5312;48.5616166666667;-7.50231053345274;7.76886998086061;12499
-5.53223333333333;48.5622833333333;-7.36558241875584;7.89862011698169;12520
-5.53281666666667;48.5626666666667;-7.63675337168463;7.63675337168463;12530
-5.5338;48.5632833333333;-7.4337818645195;7.97175506865966;12549
-5.53451666666667;48.56375;-7.70746364519354;7.70746364519354;12559
-5.53566666666667;48.5644;-7.70746364519354;7.70746364519354;12583
-5.53615;48.5647166666667;-7.29352335405848;8.10027831421634;12590
-5.5367;48.5650666666667;-7.4337818645195;7.97175506865966;12600
-5.53718333333333;48.5654;-7.57177597301193;7.84080354928494;12609
-5.53765;48.5657;-7.4337818645195;7.97175506865966;12619
-5.53823333333333;48.5661;-7.29352335405848;8.10027831421634;12629
-5.5399;48.56715;-7.63675337168463;7.63675337168463;12663
-5.54203333333333;48.5684833333333;-7.63675337168463;7.63675337168463;12701
-5.54265;48.5688666666667;-7.50231053345274;7.76886998086061;12709
-5.54528333333333;48.57055;-7.76886998086062;7.50231053345273;12759
-5.54588333333333;48.5709166666667;-7.76886998086062;7.50231053345273;12770
-5.54645;48.5712333333333;-7.63675337168463;7.63675337168463;12784
-5.54696666666667;48.5715333333333;-7.63675337168463;7.63675337168463;12789
-5.54865;48.5726166666667;-7.50231053345274;7.76886998086061;12821
-5.55411666666667;48.5759666666667;-7.36558241875584;7.89862011698169;12918
-5.55518333333333;48.57665;-7.50231053345274;7.76886998086061;12939
-5.55631666666667;48.5773833333333;-7.50231053345274;7.76886998086061;12959
-5.55678333333333;48.5777;-7.50231053345274;7.76886998086061;12973
-5.55631666666667;48.5773833333333;-7.50231053345274;7.76886998086061;12979
-5.55801666666667;48.57845;-7.63675337168463;7.63675337168463;12990
-5.55955;48.5794833333333;-7.08543763823081;8.15086361035537;13022
-5.5601;48.5798833333333;-7.08543763823081;8.15086361035537;13031
-5.56161666666667;48.5809666666667;-7.29738232258787;7.82548446783048;13061
-5.56251666666667;48.5816166666667;-7.29738232258787;7.82548446783048;13082
-5.56308333333333;48.5820166666667;-7.15969736041325;7.95164949086449;13091
-5.56363333333333;48.5824166666667;-7.15969736041325;7.95164949086449;13099
-5.5641;48.5827166666667;-7.29738232258787;7.82548446783048;13112
-5.56466666666667;48.5831;-7.29738232258787;7.82548446783048;13121
-5.56566666666667;48.5837666666667;-7.09278468265697;7.87733543354763;13139
-5.56673333333333;48.5844666666667;-7.43284443141571;7.69693572642039;13163
-5.56828333333333;48.5854666666667;-7.15969736041325;7.95164949086449;13189
-5.56885;48.58585;-7.0198314850651;8.07539236443423;13201
-5.57041666666667;48.5868833333333;-7.50231053345274;7.76886998086061;13231
-5.57203333333333;48.58795;-7.29352335405848;8.10027831421634;13259
-5.57631666666667;48.5908166666667;-7.08543763823081;8.15086361035537;13339
-5.57903333333333;48.5926166666667;-7.08543763823081;8.15086361035537;13389
-5.58213333333333;48.5947333333333;-7.50231053345274;7.76886998086061;13450
-5.5848;48.5964166666667;-7.2266106763022;8.02596425689948;13499
-5.58591666666667;48.59715;-7.2266106763022;8.02596425689948;13520
-5.5864;48.5974666666667;-7.2266106763022;8.02596425689948;13530
-5.58591666666667;48.59715;-7.2266106763022;8.02596425689948;13540
-5.58756666666667;48.59825;-7.36558241875584;7.89862011698169;13553
-5.58806666666667;48.5985666666667;-7.4337818645195;7.97175506865966;13559
-5.59131666666667;48.6006333333333;-7.70746364519354;7.70746364519354;13618
-5.59193333333333;48.601;-7.4337818645195;7.97175506865966;13629
-5.593;48.6017166666667;-7.29352335405848;8.10027831421634;13649
-5.59456666666667;48.6028;-7.29352335405848;8.10027831421634;13679
-5.59505;48.6031333333333;-7.29352335405848;8.10027831421634;13691
-5.59563333333333;48.6035333333333;-7.29352335405848;8.10027831421634;13702
-5.59783333333333;48.6049833333333;-7.57018205685546;8.11802636696209;13743
-5.59831666666667;48.6053;-7.42734998583639;8.24890784628633;13750
-5.60163333333333;48.6074833333333;-7.50198196068748;8.04489071781088;13813
-5.61035;48.6131666666667;-7.36043666994744;8.17459308025134;13971
-5.61456666666667;48.61605;-7.50198196068748;8.04489071781088;14053
-5.68326666666667;48.6601833333333;-7.42734998583639;8.24890784628633;15290
