"x";"y";"vx";"vy";"t"
-5.89825666666667;48.41499;3.48384139021852;8.62281002431741;0
-5.838455;48.4920033333333;3.80356435566629;8.15677008332985;2023
-5.80823;48.5307266666667;3.6606297876822;8.22190911878341;3060
-5.79864833333333;48.5433266666667;4.17829672970524;7.85823323962667;3400
-5.74275666666667;48.6102716666667;3.76999202961139;7.72962914103556;5280
-5.74243333333333;48.6106583333333;3.63451721218609;7.79424731424417;5290
-5.73017666666667;48.6254616666667;3.67677879653605;7.88487757435436;5710
-5.72466166666667;48.6321466666667;3.90431847094373;7.66265644791198;5904
-5.72288166666667;48.6342166666667;3.72615474770716;7.63974939354292;5959
-5.7223;48.6349083333333;3.72615474770716;7.63974939354292;5979
-5.721965;48.6352716666667;3.5499932374058;7.61298506537888;5990
-5.72112;48.6362483333333;3.5499932374058;7.61298506537888;6019
-5.72086666666667;48.6365483333333;3.50773165305584;7.52235480526869;6030
-5.72006666666667;48.6375783333333;3.50773165305584;7.52235480526869;6059
-5.72112;48.6362483333333;3.5499932374058;7.61298506537888;6075
-5.70608333333333;48.6541166666667;3.59225522479595;7.70361618981152;6540
-5.70347166666667;48.6572016666667;3.59225522479595;7.70361618981152;6635
-5.70142666666667;48.6596466666667;3.72615474770716;7.63974939354292;6705
-5.69999;48.6613383333333;3.59225522479595;7.70361618981152;6756
-5.69964833333333;48.661715;3.72615474770716;7.63974939354292;6761
-5.69853333333333;48.6631083333333;3.72615474770716;7.63974939354292;6806
-5.69828166666667;48.6634216666667;3.81352002462856;7.48445446329027;6813
-5.69795166666667;48.6638066666667;3.90431847094373;7.66265644791198;6821
-5.69733333333333;48.6644866666667;3.76999202961139;7.72962914103556;6840
-5.69675333333333;48.6651733333333;3.5499932374058;7.61298506537888;6860
-5.69649666666667;48.6654866666667;3.59225522479595;7.70361618981152;6869
-5.695565;48.66655;3.85891924778615;7.57355545560113;6900
-5.694975;48.6672333333333;3.59225522479595;7.70361618981152;6920
-5.69183833333333;48.6710083333333;3.72615474770716;7.63974939354292;7033
-5.69156333333333;48.6713566666667;3.72615474770716;7.63974939354292;7040
-5.69098833333333;48.6720533333333;3.72615474770716;7.63974939354292;7060
-5.68924;48.6741383333333;3.90431847094373;7.66265644791198;7121
-5.687515;48.6762133333333;3.72615474770716;7.63974939354292;7180
-5.68665333333333;48.67724;3.81352002462856;7.48445446329027;7213
-5.68636;48.6775833333333;3.85891924778615;7.57355545560113;7221
-5.68522;48.6789083333333;3.68231746580293;7.54986964605028;7262
-5.68376166666667;48.6806183333333;3.72615474770716;7.63974939354292;7310
-5.68110833333333;48.683735;3.68231746580293;7.54986964605028;7401
-5.68053333333333;48.6844166666667;3.5499932374058;7.61298506537888;7420
-5.67587833333333;48.68993;3.72615474770716;7.63974939354292;7586
-5.67476166666667;48.6912583333333;3.5499932374058;7.61298506537888;7629
-5.67390666666667;48.692285;3.68231746580293;7.54986964605028;7650
-5.67304166666667;48.6933033333333;3.68231746580293;7.54986964605028;7682
-5.6727;48.6936666666667;3.81352002462856;7.48445446329027;7694
-5.67211333333333;48.6942916666667;3.5499932374058;7.61298506537888;7712
-5.67180333333333;48.694665;3.5499932374058;7.61298506537888;7729
-5.66892166666667;48.69804;3.50773165305584;7.52235480526869;7826
-5.66866833333333;48.698345;3.638480601962;7.45999075571445;7832
-5.66661;48.7007333333333;3.638480601962;7.45999075571445;7904
-5.66305166666667;48.7047733333333;3.68231746580293;7.54986964605028;8021
-5.66247833333333;48.705455;3.5499932374058;7.61298506537888;8042
-5.66305166666667;48.7047733333333;3.68231746580293;7.54986964605028;8049
-5.65957833333333;48.7088516666667;3.5499932374058;7.61298506537888;8143
-5.65441;48.7149416666667;3.68231746580293;7.54986964605028;8320
-5.65040333333333;48.71972;3.68231746580293;7.54986964605028;8467
-5.64381166666667;48.7274666666667;3.50773165305584;7.52235480526869;8690
-5.64098166666667;48.7308216666667;3.59464332005777;7.37011100822181;8795
-5.63925833333333;48.7328216666667;3.638480601962;7.45999075571445;8850
-5.63901666666667;48.73308;3.59464332005777;7.37011100822181;8859
-5.63790833333333;48.7344416666667;3.55080645621685;7.28023211788597;8909
-5.63681;48.735735;3.59464332005777;7.37011100822181;8940
-5.63280333333333;48.7403783333333;3.42320808131574;7.34109342072585;9089
-5.63112166666667;48.7423716666667;3.59464332005777;7.37011100822181;9142
-5.62078166666667;48.7486083333333;6.83888460905017;5.53801956127191;9381
-5.612595;48.75215;6.66458650902373;5.59225208167089;9541
-5.59208333333333;48.76108;6.74119124555839;5.65653108784355;9943
-5.58698;48.7633366666667;6.64144444990982;5.77331958024979;10049
-5.562605;48.7736383333333;6.94812878508381;5.23579058663571;10516
-5.554515;48.7768233333333;7.0384476967543;5.11373158283338;10669
-5.54227333333333;48.7816333333333;6.94812878508381;5.23579058663571;10893
-5.53909166666667;48.7829183333333;6.85569340607736;5.35625471790512;10953
-5.53217666666667;48.7857516666667;7.28115294937453;5.29006727063226;11080
-5.52374333333333;48.789235;7.01329540649758;5.47938689554214;11240
-5.52164833333333;48.790155;7.10785573476564;5.35615347647902;11283
-5.51949333333333;48.7910333333333;7.01329540649758;5.47938689554214;11330
-5.51629333333333;48.7924133333333;7.0920967824605;5.54095327793092;11383
-5.514775;48.7930733333333;7.18771959042564;5.41633520836844;11416
-5.51002166666667;48.7951316666667;7.10785573476564;5.35615347647902;11508
-5.50897166666667;48.7955683333333;6.93449478204028;5.4178211002939;11523
-5.50645166666667;48.7967116666667;7.01329540649758;5.47938689554214;11570
-5.50588666666667;48.796965;7.02799264074381;5.29597231852513;11582
-5.50494833333333;48.7973733333333;7.10785573476564;5.35615347647902;11600
-5.50334333333333;48.7980833333333;7.02799264074381;5.29597231852513;11630
-5.50117833333333;48.7989633333333;6.83888460905017;5.53801956127191;11671
-5.49966666666667;48.7996483333333;7.02799264074381;5.29597231852513;11712
-5.49767166666667;48.800515;6.85569340607736;5.35625471790512;11740
-5.49569;48.8013966666667;6.94812878508381;5.23579058663571;11780
-5.49507166666667;48.801655;6.94812878508381;5.23579058663571;11792
-5.493105;48.8025383333333;7.0384476967543;5.11373158283338;11830
-5.49202666666667;48.8029983333333;6.78840183540199;5.11542769679241;11858
-5.489505;48.8040466666667;6.85569340607736;5.35625471790512;11900
-5.48894833333333;48.8042933333333;6.85569340607736;5.35625471790512;11913
-5.48749666666667;48.80495;6.86826569106199;5.17560942868183;11940
-5.48647166666667;48.805395;6.94812878508381;5.23579058663571;11968
-5.48341666666667;48.806695;6.86826569106199;5.17560942868183;12025
-5.481865;48.8073816666667;6.86826569106199;5.17560942868183;12052
-5.48095666666667;48.80778;6.86826569106199;5.17560942868183;12069
-5.47939;48.80847;6.77689278162006;5.29468892265688;12100
-5.47797166666667;48.8091433333333;6.87664445218705;4.99617464448602;12130
-5.47542666666667;48.8102633333333;6.78840183540199;5.11542769679241;12181
-5.47449166666667;48.810675;6.70853797974199;5.05524596490299;12208
-5.47251;48.8115483333333;6.79574244413407;4.93739589503449;12241
-5.47200833333333;48.81176;6.87664445218705;4.99617464448602;12250
-5.47048333333333;48.8124366666667;6.61929002969422;5.17155615787931;12281
-5.46954;48.812855;6.78840183540199;5.11542769679241;12300
-5.46748166666667;48.8137766666667;6.87664445218705;4.99617464448602;12340
-5.46659333333333;48.8141616666667;6.70853797974199;5.05524596490299;12364
-5.46560666666667;48.8146016666667;6.78840183540199;5.11542769679241;12381
-5.46408666666667;48.8152966666667;6.86826569106199;5.17560942868183;12410
-5.463645;48.8154933333333;6.78840183540199;5.11542769679241;12420
-5.46155833333333;48.8163883333333;6.61929002969422;5.17155615787931;12460
-5.46112833333333;48.816595;6.61929002969422;5.17155615787931;12470
-5.46070333333333;48.8168083333333;6.62867488572016;4.99506480694911;12483
-5.45919666666667;48.8174966666667;6.70853797974199;5.05524596490299;12510
-5.45825666666667;48.8179016666667;6.61929002969422;5.17155615787931;12530
-5.45771833333333;48.8181416666667;6.62867488572016;4.99506480694911;12540
-5.45716833333333;48.81838;6.61929002969422;5.17155615787931;12560
-5.45570666666667;48.8190566666667;6.79896212383948;4.76068453111471;12582
-5.45473;48.8194366666667;6.61929002969422;5.17155615787931;12600
-5.45089833333333;48.8211166666667;6.37259673571833;5.16042708657533;12680
-5.448955;48.8219933333333;6.71484120761981;4.87861770613867;12724
-5.44709166666667;48.82282;6.461688029274;5.04842398024229;12760
-5.44661333333333;48.8230416666667;6.63393919956682;4.81983895668714;12769
-5.44607666666667;48.8232766666667;6.79896212383948;4.76068453111471;12784
-5.44453166666667;48.8238866666667;6.45031162832169;5.22335936574699;12811
-5.44418166666667;48.8240716666667;6.30408602885378;4.92529180260527;12820
-5.44366;48.8243116666667;6.71484120761981;4.87861770613867;12830
-5.44453166666667;48.8238866666667;6.45031162832169;5.22335936574699;12841
-5.43637166666667;48.8274666666667;6.54048940523692;5.10999036263107;12981
-5.43448666666667;48.828305;6.63393919956682;4.81983895668714;13024
-5.43063666666667;48.82995;6.38908408037834;4.81452018521639;13101
-5.42932333333333;48.8305316666667;6.30408602885378;4.92529180260527;13132
-5.42736833333333;48.8314183333333;6.38908408037834;4.81452018521639;13172
-5.42690166666667;48.8316283333333;6.30922060553743;4.75433874029474;13181
-5.42601166666667;48.8320183333333;6.30408602885378;4.92529180260527;13200
-5.42550833333333;48.8322483333333;6.46894793603834;4.8747019171058;13213
-5.42509;48.83243;6.47213595499958;4.70228201833979;13222
-5.42409666666667;48.8328616666667;6.46894793603834;4.8747019171058;13242
-5.42371166666667;48.833015;6.3828874048167;4.98685818499405;13252
-5.422265;48.833695;6.30408602885378;4.92529180260527;13283
-5.42175666666667;48.833935;6.38908408037834;4.81452018521639;13292
-5.41944833333333;48.8349683333333;6.54881103006017;4.93488307505969;13344
-5.41850833333333;48.8353833333333;6.46894793603834;4.8747019171058;13363
-5.41756;48.83579;6.30408602885378;4.92529180260527;13380
-5.41944833333333;48.8349683333333;6.54881103006017;4.93488307505969;13389
-5.41475666666667;48.83709;6.71484120761981;4.87861770613867;13440
-5.41381166666667;48.8374983333333;6.46894793603834;4.8747019171058;13464
-5.412875;48.83794;6.38908408037834;4.81452018521639;13480
-5.41245;48.83813;6.38908408037834;4.81452018521639;13489
-5.412875;48.83794;6.38908408037834;4.81452018521639;13519
-5.41008666666667;48.8392166666667;6.55303796305257;4.76106076779131;13540
-5.409135;48.8396483333333;6.63393919956682;4.81983895668714;13560
-5.40818666666667;48.84006;6.3828874048167;4.98685818499405;13581
-5.40778166666667;48.8402566666667;6.3828874048167;4.98685818499405;13590
-5.40260333333333;48.8426183333333;6.38908408037834;4.81452018521639;13700
-5.401645;48.8430383333333;6.46894793603834;4.8747019171058;13719
-5.40260333333333;48.8426183333333;6.38908408037834;4.81452018521639;13729
-5.39975333333333;48.8438933333333;6.54881103006017;4.93488307505969;13762
-5.39879333333333;48.8443166666667;6.46894793603834;4.8747019171058;13783
-5.39689833333333;48.8451466666667;6.21716769165577;5.0345631283987;13821
-5.39544666666667;48.8458;6.38908408037834;4.81452018521639;13853
-5.39218333333333;48.8472216666667;6.47213595499958;4.70228201833979;13919
-5.39122333333333;48.8476283333333;6.30922060553743;4.75433874029474;13942
-5.38844;48.8488566666667;6.31033271043234;4.58472507999243;13999
-5.38753166666667;48.8492416666667;6.22528502864367;4.86372571378675;14021
-5.38656166666667;48.8496516666667;6.22528502864367;4.86372571378675;14041
-5.38605166666667;48.8498766666667;6.30408602885378;4.92529180260527;14050
-5.38372333333333;48.8508783333333;6.13945316962448;4.97163114931039;14100
-5.38239666666667;48.8514983333333;6.47213595499958;4.70228201833979;14130
-5.38191833333333;48.8516916666667;6.47213595499958;4.70228201833979;14142
-5.38092333333333;48.85212;6.55303796305257;4.76106076779131;14160
-5.379955;48.8525116666667;6.461688029274;5.04842398024229;14180
-5.37954333333333;48.85271;6.30408602885378;4.92529180260527;14193
-5.37908;48.8529316666667;6.47213595499958;4.70228201833979;14202
-5.37711;48.8537566666667;6.3828874048167;4.98685818499405;14240
-5.37668833333333;48.8539533333333;6.461688029274;5.04842398024229;14252
-5.37424666666667;48.8549866666667;6.37259673571833;5.16042708657533;14302
-5.37337666666667;48.8554016666667;6.30408602885378;4.92529180260527;14320
-5.37144;48.8562416666667;6.47213595499958;4.70228201833979;14362
-5.37052833333333;48.8566166666667;6.30408602885378;4.92529180260527;14379
-5.36818;48.8576533333333;6.38908408037834;4.81452018521639;14432
-5.36770166666667;48.857845;6.3828874048167;4.98685818499405;14440
-5.36818;48.8576533333333;6.38908408037834;4.81452018521639;14459
-5.36579;48.8587;6.38908408037834;4.81452018521639;14480
-5.36489166666667;48.85909;6.38908408037834;4.81452018521639;14500
-5.36437333333333;48.8593033333333;6.38908408037834;4.81452018521639;14512
-5.36390333333333;48.8595066666667;6.30408602885378;4.92529180260527;14524
-5.36343333333333;48.8597183333333;6.30408602885378;4.92529180260527;14530
-5.362495;48.8601516666667;6.47213595499958;4.70228201833979;14552
-5.36206;48.8603266666667;6.55303796305257;4.76106076779131;14560
-5.362495;48.8601516666667;6.47213595499958;4.70228201833979;14574
-5.36105666666667;48.860735;6.30922060553743;4.75433874029474;14579
-5.35730166666667;48.8623683333333;6.30922060553743;4.75433874029474;14660
-5.35544666666667;48.8631866666667;6.30408602885378;4.92529180260527;14710
-5.35452333333333;48.8636083333333;6.47130122800346;4.53125390187378;14722
-5.34373333333333;48.8682133333333;6.30922060553743;4.75433874029474;14950
-5.34278666666667;48.8686183333333;6.38908408037834;4.81452018521639;14970
-5.341735;48.8690633333333;6.38908408037834;4.81452018521639;14992
-5.34040833333333;48.869635;6.38908408037834;4.81452018521639;15021
-5.33699333333333;48.8710316666667;6.461688029274;5.04842398024229;15091
-5.336515;48.87124;6.54881103006017;4.93488307505969;15100
-5.33699333333333;48.8710316666667;6.461688029274;5.04842398024229;15112
-5.33463166666667;48.8720616666667;6.21716769165577;5.0345631283987;15142
-5.33415833333333;48.87226;6.30408602885378;4.92529180260527;15150
-5.33316333333333;48.8726816666667;6.30408602885378;4.92529180260527;15172
-5.33274166666667;48.8728683333333;6.21716769165577;5.0345631283987;15179
-5.33183333333333;48.8733016666667;6.30922060553743;4.75433874029474;15203
-5.329925;48.874095;6.55303796305257;4.76106076779131;15242
-5.32751833333333;48.8751066666667;6.461688029274;5.04842398024229;15295
-5.32711;48.8752866666667;6.14648402843356;4.80215962496824;15301
-5.32612666666667;48.8757083333333;6.30922060553743;4.75433874029474;15322
-5.32523666666667;48.8761183333333;6.38908408037834;4.81452018521639;15341
-5.32471;48.876325;6.30408602885378;4.92529180260527;15354
-5.32428833333333;48.876505;6.22528502864367;4.86372571378675;15364
-5.32377166666667;48.87672;6.13945316962448;4.97163114931039;15370
-5.32331666666667;48.876925;6.0617386475932;4.90869917022207;15382
-5.32243833333333;48.8773166666667;6.30922060553743;4.75433874029474;15402
-5.32196333333333;48.8775166666667;6.47213595499958;4.70228201833979;15410
-5.32002333333333;48.8783283333333;6.22528502864367;4.86372571378675;15454
-5.3196;48.8785133333333;6.30408602885378;4.92529180260527;15461
-5.31862833333333;48.8789533333333;6.39123433271596;4.64350354916611;15481
-5.31719166666667;48.8795433333333;6.46894793603834;4.8747019171058;15512
-5.31630833333333;48.8799316666667;6.38908408037834;4.81452018521639;15532
-5.31719166666667;48.8795433333333;6.46894793603834;4.8747019171058;15563
-5.31387833333333;48.8809583333333;6.3828874048167;4.98685818499405;15581
-5.31293166666667;48.881365;6.47213595499958;4.70228201833979;15601
-5.311965;48.8817566666667;6.38908408037834;4.81452018521639;15619
-5.31101333333333;48.882165;6.30408602885378;4.92529180260527;15642
-5.30911166666667;48.88299;6.46894793603834;4.8747019171058;15679
-5.30863833333333;48.883195;6.46894793603834;4.8747019171058;15690
-5.308165;48.8834033333333;6.38908408037834;4.81452018521639;15705
-5.30624666666667;48.8842166666667;6.55303796305257;4.76106076779131;15741
-5.30580333333333;48.88439;6.461688029274;5.04842398024229;15750
-5.30533333333333;48.884595;6.21716769165577;5.0345631283987;15760
-5.30487333333333;48.8848133333333;6.30408602885378;4.92529180260527;15769
-5.30436166666667;48.8850583333333;6.46894793603834;4.8747019171058;15780
-5.30388166666667;48.88526;6.54881103006017;4.93488307505969;15793
-5.30340666666667;48.8854616666667;6.30408602885378;4.92529180260527;15802
-5.30249666666667;48.8858566666667;6.38908408037834;4.81452018521639;15819
-5.30201;48.886055;6.63393919956682;4.81983895668714;15832
-5.30010333333333;48.88686;6.3828874048167;4.98685818499405;15870
-5.29910666666667;48.8872933333333;6.30408602885378;4.92529180260527;15892
-5.29863;48.8875;6.30408602885378;4.92529180260527;15900
-5.29815833333333;48.887705;6.22528502864367;4.86372571378675;15913
-5.29768166666667;48.887915;6.38908408037834;4.81452018521639;15922
-5.29724666666667;48.888095;6.55303796305257;4.76106076779131;15930
-5.29623;48.888515;6.461688029274;5.04842398024229;15951
-5.29581;48.8887016666667;6.30408602885378;4.92529180260527;15961
-5.29528166666667;48.8889266666667;6.38908408037834;4.81452018521639;15974
-5.29479166666667;48.8891316666667;6.71704660692888;4.70332666867756;15982
-5.29433166666667;48.889295;6.62867488572016;4.99506480694911;15990
-5.291895;48.8903233333333;6.22528502864367;4.86372571378675;16040
-5.28905166666667;48.8915283333333;6.30408602885378;4.92529180260527;16102
-5.28858833333333;48.89174;6.22528502864367;4.86372571378675;16110
-5.28763666666667;48.8921516666667;6.30408602885378;4.92529180260527;16132
-5.28668666666667;48.892575;6.63393919956682;4.81983895668714;16150
-5.28619333333333;48.8927683333333;6.63393919956682;4.81983895668714;16162
-5.28571333333333;48.8929666666667;6.46894793603834;4.8747019171058;16170
-5.28619333333333;48.8927683333333;6.63393919956682;4.81983895668714;16176
-5.284745;48.8933833333333;6.71484120761981;4.87861770613867;16192
-5.28376333333333;48.8937733333333;6.461688029274;5.04842398024229;16213
-5.28233666666667;48.8944033333333;6.54881103006017;4.93488307505969;16240
-5.281855;48.8946083333333;6.3828874048167;4.98685818499405;16250
-5.280955;48.8950083333333;6.38908408037834;4.81452018521639;16270
-5.27994333333333;48.895435;6.3828874048167;4.98685818499405;16290
-5.27947666666667;48.8956466666667;6.38908408037834;4.81452018521639;16302
-5.27806333333333;48.896225;6.38908408037834;4.81452018521639;16332
-5.27614;48.897095;6.30408602885378;4.92529180260527;16373
-5.274715;48.8977183333333;6.63393919956682;4.81983895668714;16402
-5.274235;48.8979233333333;6.3828874048167;4.98685818499405;16410
-5.27376666666667;48.8981283333333;6.22528502864367;4.86372571378675;16423
-5.27328833333333;48.8983383333333;6.38908408037834;4.81452018521639;16433
-5.27239666666667;48.89873;6.38908408037834;4.81452018521639;16450
-5.271395;48.89915;6.38908408037834;4.81452018521639;16473
-5.27090666666667;48.8993483333333;6.46894793603834;4.8747019171058;16480
-5.27042666666667;48.8995483333333;6.46894793603834;4.8747019171058;16490
-5.269515;48.899945;6.461688029274;5.04842398024229;16510
-5.267555;48.900795;6.3828874048167;4.98685818499405;16551
-5.26614333333333;48.9014383333333;6.3828874048167;4.98685818499405;16582
-5.26328833333333;48.90271;6.63393919956682;4.81983895668714;16642
-5.26284833333333;48.9028883333333;6.62867488572016;4.99506480694911;16649
-5.262375;48.9030933333333;6.55303796305257;4.76106076779131;16660
-5.26040833333333;48.903925;6.30408602885378;4.92529180260527;16703
-5.25998166666667;48.9041133333333;6.3828874048167;4.98685818499405;16713
-5.25951166666667;48.9043266666667;6.30408602885378;4.92529180260527;16722
-5.25899666666667;48.9045583333333;6.47213595499958;4.70228201833979;16732
-5.25847666666667;48.9047983333333;6.71704660692888;4.70332666867756;16741
-5.25713166666667;48.90535;6.38908408037834;4.81452018521639;16773
-5.25664833333333;48.905555;6.461688029274;5.04842398024229;16780
-5.25613166666667;48.9057866666667;6.461688029274;5.04842398024229;16792
-5.25525333333333;48.9061833333333;6.47213595499958;4.70228201833979;16809
-5.25429166666667;48.9065816666667;6.30408602885378;4.92529180260527;16830
-5.253815;48.90678;6.13945316962448;4.97163114931039;16840
-5.25283833333333;48.90722;6.30408602885378;4.92529180260527;16863
-5.25101333333333;48.90805;6.46894793603834;4.8747019171058;16901
-5.249515;48.9086833333333;6.63393919956682;4.81983895668714;16932
-5.24902;48.908875;6.461688029274;5.04842398024229;16943
-5.248125;48.909285;6.38908408037834;4.81452018521639;16960
-5.24711333333333;48.9097216666667;6.54881103006017;4.93488307505969;16983
-5.248125;48.909285;6.38908408037834;4.81452018521639;16992
-5.24614333333333;48.910115;6.46894793603834;4.8747019171058;17000
-5.24471833333333;48.9107466666667;6.461688029274;5.04842398024229;17033
-5.24424666666667;48.910965;6.3828874048167;4.98685818499405;17041
-5.24378;48.9111916666667;6.46894793603834;4.8747019171058;17050
-5.24286333333333;48.9116016666667;6.71484120761981;4.87861770613867;17070
-5.24135166666667;48.9122416666667;6.54048940523692;5.10999036263107;17100
-5.24086333333333;48.912445;6.62867488572016;4.99506480694911;17111
-5.24135166666667;48.9122416666667;6.54048940523692;5.10999036263107;17121
-5.23940833333333;48.9130816666667;6.62867488572016;4.99506480694911;17143
-5.23844666666667;48.9135116666667;6.71484120761981;4.87861770613867;17164
-5.23744833333333;48.91393;6.70853797974199;5.05524596490299;17180
-5.23695333333333;48.9141316666667;6.62867488572016;4.99506480694911;17194
-5.23451166666667;48.915155;6.79574244413407;4.93739589503449;17242
-5.23304166666667;48.9157883333333;6.54048940523692;5.10999036263107;17271
-5.23203166666667;48.9162633333333;6.79574244413407;4.93739589503449;17292
-5.23159333333333;48.91646;6.71484120761981;4.87861770613867;17303
-5.23098833333333;48.9166966666667;6.62867488572016;4.99506480694911;17310
-5.23053833333333;48.9168816666667;6.54048940523692;5.10999036263107;17322
-5.23010166666667;48.9170733333333;6.45031162832169;5.22335936574699;17332
-5.229575;48.9173166666667;6.54048940523692;5.10999036263107;17341
-5.22910333333333;48.91755;6.79574244413407;4.93739589503449;17350
-5.227595;48.9181716666667;6.69809140565714;5.2331225402681;17380
-5.22710666666667;48.9183883333333;6.54048940523692;5.10999036263107;17391
-5.226615;48.9186083333333;6.62867488572016;4.99506480694911;17401
-5.22611666666667;48.9188216666667;6.69809140565714;5.2331225402681;17414
-5.22508;48.9192733333333;6.69809140565714;5.2331225402681;17433
-5.22275;48.92034;6.70853797974199;5.05524596490299;17483
-5.22171666666667;48.9207966666667;6.79574244413407;4.93739589503449;17501
-5.22121;48.9210133333333;6.87664445218705;4.99617464448602;17512
-5.220215;48.921435;6.54048940523692;5.10999036263107;17530
-5.21977833333333;48.9216466666667;6.54048940523692;5.10999036263107;17541
-5.21919333333333;48.9219083333333;6.62867488572016;4.99506480694911;17550
-5.21679666666667;48.9229166666667;6.61929002969422;5.17155615787931;17601
-5.21527;48.9235783333333;6.45031162832169;5.22335936574699;17632
-5.21385833333333;48.9242216666667;6.79574244413407;4.93739589503449;17661
-5.21326166666667;48.924475;6.70853797974199;5.05524596490299;17673
-5.210295;48.9257766666667;6.70853797974199;5.05524596490299;17734
-5.209305;48.9262133333333;6.70853797974199;5.05524596490299;17752
-5.210295;48.9257766666667;6.70853797974199;5.05524596490299;17757
-5.20842;48.9266066666667;6.70853797974199;5.05524596490299;17770
-5.20589;48.9277216666667;6.70853797974199;5.05524596490299;17821
-5.205445;48.927915;6.79574244413407;4.93739589503449;17830
-5.204935;48.928125;6.78840183540199;5.11542769679241;17839
-5.204345;48.9283783333333;6.69809140565714;5.2331225402681;17853
-5.20296666666667;48.929035;6.461688029274;5.04842398024229;17884
-5.20105333333333;48.9298583333333;6.61929002969422;5.17155615787931;17920
-5.199605;48.9305333333333;6.79574244413407;4.93739589503449;17950
-5.19851833333333;48.9310016666667;6.70853797974199;5.05524596490299;17970
-5.19752;48.9314133333333;6.70853797974199;5.05524596490299;17992
-5.19707333333333;48.9316;6.61929002969422;5.17155615787931;18003
-5.196535;48.931835;6.45031162832169;5.22335936574699;18013
-5.19707333333333;48.9316;6.61929002969422;5.17155615787931;18052
-5.19358833333333;48.9331533333333;6.61929002969422;5.17155615787931;18072
-5.19314666666667;48.9333516666667;6.61929002969422;5.17155615787931;18081
-5.19120166666667;48.9342483333333;6.87664445218705;4.99617464448602;18120
-5.19066;48.9344766666667;6.62867488572016;4.99506480694911;18131
-5.188795;48.9353316666667;6.461688029274;5.04842398024229;18171
-5.18831;48.935565;6.70853797974199;5.05524596490299;18184
-5.186805;48.936245;6.61929002969422;5.17155615787931;18212
-5.18636833333333;48.936435;6.54881103006017;4.93488307505969;18220
-5.18587333333333;48.936655;6.54048940523692;5.10999036263107;18231
-5.18539333333333;48.9368766666667;6.62867488572016;4.99506480694911;18240
-5.183455;48.9377466666667;6.62867488572016;4.99506480694911;18281
-5.182985;48.93797;6.62867488572016;4.99506480694911;18291
-5.1825;48.9381866666667;6.62867488572016;4.99506480694911;18304
-5.18152666666667;48.9386083333333;6.54048940523692;5.10999036263107;18320
-5.17810833333333;48.9401733333333;6.461688029274;5.04842398024229;18392
-5.177155;48.9406233333333;6.3581690239989;5.33513728300028;18411
-5.175305;48.9415316666667;6.88101201033321;4.64130120546478;18452
-5.17433166666667;48.9419366666667;6.63393919956682;4.81983895668714;18473
-5.172;48.9430266666667;6.63393919956682;4.81983895668714;18522
-5.171455;48.94325;6.54048940523692;5.10999036263107;18531
-5.17051833333333;48.943695;6.37259673571833;5.16042708657533;18551
-5.170105;48.9439116666667;6.62867488572016;4.99506480694911;18561
-5.16917;48.944375;6.62867488572016;4.99506480694911;18579
-5.16822;48.9447966666667;6.3828874048167;4.98685818499405;18601
-5.16445166666667;48.94658;6.71484120761981;4.87861770613867;18683
-5.1635;48.9470133333333;6.54881103006017;4.93488307505969;18700
-5.16445166666667;48.94658;6.71484120761981;4.87861770613867;18712
-5.16254;48.9474633333333;6.79574244413407;4.93739589503449;18720
-5.15775833333333;48.9496566666667;6.61929002969422;5.17155615787931;18821
-5.153955;48.951415;6.30408602885378;4.92529180260527;18899
-5.15112833333333;48.95274;6.54881103006017;4.93488307505969;18961
-5.15020666666667;48.95315;6.70853797974199;5.05524596490299;18981
-5.14874;48.95383;6.79574244413407;4.93739589503449;19014
-5.14826333333333;48.954045;6.71484120761981;4.87861770613867;19020
-5.14736;48.95446;6.54881103006017;4.93488307505969;19042
-5.14677666666667;48.9547133333333;6.54881103006017;4.93488307505969;19053
-5.14634166666667;48.9549083333333;6.62867488572016;4.99506480694911;19060
-5.14447833333333;48.9557683333333;7.1236036842093;4.45132161741076;19101
-5.14340166666667;48.95616;7.11448875931922;4.27481611998917;19123
-5.14187;48.9567266666667;7.04483245081413;4.57496768636292;19153
-5.13983333333333;48.9574783333333;6.79896212383948;4.76068453111471;19190
-5.13883166666667;48.9578766666667;6.79896212383948;4.76068453111471;19212
-5.13839833333333;48.9580683333333;6.79323192028537;4.41157639138502;19220
-5.13580333333333;48.95903;6.79323192028537;4.41157639138502;19273
-5.12774166666667;48.9621;6.87709849718876;4.46603998324157;19432
-5.12571666666667;48.9628916666667;7.20840881732962;4.50431374598224;19472
-5.124685;48.9632716666667;6.96096587391073;4.52050409450638;19491
-5.12313166666667;48.9638583333333;7.04681936671785;4.75313967950135;19520
-5.12103833333333;48.9646983333333;7.04483245081413;4.57496768636292;19564
-5.120575;48.964885;7.20840881732962;4.50431374598224;19571
-5.11954166666667;48.965275;7.04483245081413;4.57496768636292;19592
-5.11593;48.9666416666667;6.88087685954582;4.81804184654674;19661
-5.11341;48.9676883333333;6.96391529320961;4.69722017583911;19713
-5.111865;48.968305;7.1286998275361;4.62943179762773;19740
-5.10772333333333;48.9699333333333;7.1286998275361;4.62943179762773;19822
-5.10721;48.9701416666667;7.1286998275361;4.62943179762773;19830
-5.105705;48.970725;7.21256720425808;4.68389590889254;19859
-5.103155;48.9717333333333;6.96391529320961;4.69722017583911;19914
-5.10053333333333;48.9727783333333;7.1286998275361;4.62943179762773;19960
-5.09843333333333;48.9736366666667;7.1286998275361;4.62943179762773;20001
-5.09745;48.974025;7.21256720425808;4.68389590889254;20020
-5.09534833333333;48.97485;6.88101201033321;4.64130120546478;20061
-5.09040166666667;48.9768416666667;7.04483245081413;4.57496768636292;20162
-5.08985333333333;48.977065;6.96391529320961;4.69722017583911;20172
-5.09040166666667;48.9768416666667;7.04483245081413;4.57496768636292;20202
-5.08738833333333;48.978075;6.96391529320961;4.69722017583911;20223
-5.08222666666667;48.9800333333333;7.11448875931922;4.27481611998917;20321
-5.066025;48.9857966666667;7.20020499891437;4.32631963277302;20631
-5.05980833333333;48.9880116666667;7.36121593216773;4.25;20753
-5.058765;48.988385;7.20020499891437;4.32631963277302;20772
-5.05980833333333;48.9880116666667;7.36121593216773;4.25;20785
-5.05138666666667;48.99104;7.20020499891437;4.32631963277302;20914
-5.04823833333333;48.9921716666667;7.28592205596795;4.37782363673546;20972
-5.04561833333333;48.9930983333333;7.03879935985067;4.39832999420968;21021
-5.04197333333333;48.9944066666667;7.20020499891437;4.32631963277302;21093
-5.04036;48.9950016666667;7.27461306142681;4.19999980926514;21122
-5.03466166666667;48.9970433333333;7.28592205596795;4.37782363673546;21229
-5.03409833333333;48.9972633333333;7.36121593216773;4.25;21243
-5.03466166666667;48.9970433333333;7.28592205596795;4.37782363673546;21253
-5.03305166666667;48.9976466666667;7.36121593216773;4.25;21262
-5.030525;48.99855;7.20020499891437;4.32631963277302;21313
-5.02523833333333;49.000425;7.28592205596795;4.37782363673546;21410
-5.016945;49.0033666666667;7.34680520632998;4.07240062512904;21572
-5.0159;49.00372;7.18801101659208;4.15000009536743;21591
-5.014865;49.0041;7.27461306142681;4.19999980926514;21616
-5.01170833333333;49.00516;7.03879935985067;4.39832999420968;21671
-5.01115333333333;49.0053766666667;7.18801101659208;4.15000009536743;21683
-5.01068333333333;49.0055583333333;7.50505453930088;3.99050828368007;21691
-5.00908166666667;49.00605;7.11448875931922;4.27481611998917;21725
-5.008555;49.0062266666667;7.27461306142681;4.19999980926514;21731
-5.00594166666667;49.0071116666667;7.10140814585116;4.09999990463257;21781
-5.00541333333333;49.0072833333333;7.11448875931922;4.27481611998917;21789
-5.00437166666667;49.007635;7.03879935985067;4.39832999420968;21810
-5.00074;49.00886;7.20020499891437;4.32631963277302;21882
-4.99755;49.0099233333333;7.11448875931922;4.27481611998917;21941
-4.99702833333333;49.01011;7.18801101659208;4.15000009536743;21951
-4.99532166666667;49.01065;7.04483245081413;4.57496768636292;21980
-4.99328;49.0113266666667;7.18801101659208;4.15000009536743;22020
-4.98896666666667;49.0127466666667;7.20020499891437;4.32631963277302;22102
-4.98587166666667;49.013775;7.43426751068486;4.12088177209387;22160
-4.98419;49.0142983333333;7.36121593216773;4.25;22191
-4.98262333333333;49.0148116666667;7.28592205596795;4.37782363673546;22221
-4.97160833333333;49.01843;7.44781880290865;4.30000019073486;22421
-4.95409166666667;49.0242466666667;7.79422863405995;4.5;22740
-4.9524;49.0248433333333;7.60919128529227;4.21784360367304;22770
-4.95409166666667;49.0242466666667;7.79422863405995;4.5;22799
-4.950305;49.0255666666667;7.53442084774338;4.34999990463257;22811
-4.94576166666667;49.0271233333333;7.53442084774338;4.34999990463257;22891
-4.93429166666667;49.031075;7.6210237184843;4.40000009536743;23099
-4.93364333333333;49.03131;7.53442084774338;4.34999990463257;23112
-4.93429166666667;49.031075;7.6210237184843;4.40000009536743;23129
-4.91099833333333;49.0400566666667;7.63243286540783;4.76927337809884;23534
-4.90727166666667;49.0415766666667;7.46416773478684;4.84728720387044;23603
-4.90254666666667;49.0434966666667;7.54762773228752;4.71628124952737;23692
-4.90041;49.04437;7.54762773228752;4.71628124952737;23733
-4.89434666666667;49.046765;7.71576906513418;5.0106790182566;23841
-4.88951;49.04877;7.71723799852815;4.82226550667032;23932
