"x";"y";"vx";"vy";"t"
-4.314;49.4443333333333;-14.5492261228536;-8.39999961853028;0
-5.4965;48.9831666666667;-15.095255464575;-9.43256249905474;11370
-5.5165;48.9751666666667;-14.8408416827375;-9.27358712408109;11565
-5.539;48.966;-14.5016227677796;-9.06161962053596;11771
-5.77633333333333;48.8661666666667;-11.1845041633418;-13.3291730180475;14082
-5.7875;48.8573333333333;-10.7613789270189;-13.2891962373719;14251
-5.83083333333333;48.8108333333333;-8.0749112380957;-15.1866992708091;14945
-5.841;48.7983333333333;-8.33872583811738;-15.0434596300795;15101
-5.848;48.79;-8.33872583811738;-15.0434596300795;15216
-5.8555;48.781;-8.24176354418773;-14.8685350213697;15365
-5.862;48.7721666666667;-6.60335592241663;-15.5565316722015;15486
-5.869;48.7613333333333;-6.33085128582784;-15.6694067884861;15631
-5.87433333333333;48.7525;-6.40577289031317;-15.8548442667846;15752
-5.88116666666667;48.741;-6.19976525372065;-16.1509406661363;15918
-5.90433333333333;48.7015;-5.81434243653637;-15.9747745533604;16453
-5.91066666666667;48.69;-5.43698842782331;-15.790160933882;16590
-5.91583333333333;48.6808333333333;-5.74593814693057;-15.7868353122747;16738
-5.9255;48.6545;5.80556105604691;-15.12400362152;17082
-5.92;48.6458333333333;5.8772342358364;-15.3107186384214;17208
-5.9145;48.636;5.33931760890298;-15.5065042791421;17346
-5.9095;48.6268333333333;5.37187454854309;-15.6010564973887;17479
-5.90383333333333;48.616;5.37187454854309;-15.6010564973887;17621
-5.89916666666667;48.607;5.09878040718663;-15.69243251887;17749
-5.894;48.5963333333333;4.9410816982833;-16.161550010974;17888
-5.87;48.5376666666667;3.77917754135289;-16.3694163450066;18684
-5.756;48.33;5.5407265828165;-15.2230211736603;21608
-5.74716666666667;48.3151666666667;5.60913022007064;-15.4109586224246;21790
-5.742;48.3063333333333;5.24164741095462;-15.2228494278357;21941
-5.67816666666667;48.195;5.03697677255039;-15.5022204900125;23490
-5.66933333333333;48.1788333333333;4.76565856391871;-15.5877667925949;23717
-5.66216666666667;48.1651666666667;5.06787858986851;-15.5973265044412;23910
-5.65283333333333;48.1481666666667;5.4044314881832;-15.6956087156354;24166
-5.62466666666667;48.1;5.33931760890298;-15.5065042791421;24834
-5.61816666666667;48.089;5.27420435059473;-15.3174016460824;24998
