"x";"y";"vx";"vy";"t"
-5.917935;48.36019;5.9910293851653;9.22537624739966;0
-5.91265333333333;48.3670216666667;5.52682948586805;9.97066432774817;156
-5.90258;48.3800933333333;5.55000019073486;9.61288231236974;442
-5.87914;48.4093833333333;6.09407153868186;9.7525531057989;1099
-5.87425166666667;48.415105;6.09407153868186;9.7525531057989;1199
-5.86730666666667;48.423545;6.15442119955146;9.47697757774701;1389
-5.85131666666667;48.443555;5.97444186542806;9.94314101512788;1837
-5.84318666666667;48.4531816666667;6.04107941011038;9.66774797267858;2020
-5.84122333333333;48.455545;5.94999980926514;10.3057019746723;2099
-5.83416833333333;48.4645983333333;6.31781301393762;9.72857890809435;2290
-5.82884166666667;48.4712183333333;5.84999990463257;10.1324970590967;2419
-5.823775;48.477195;6.02594537821192;10.028857254723;2540
-5.81875333333333;48.4832233333333;6.30603904222698;10.0917720207568;2690
-5.81344166666667;48.4894883333333;6.23196090288309;10.3717246654789;2799
-5.808595;48.4953916666667;6.38647193241324;10.6288742017228;2918
-5.80364166666667;48.5010983333333;6.35903117079846;10.1765771538771;3077
-5.798675;48.5068183333333;6.65439533798672;9.86554679715226;3150
-5.79318333333333;48.5128483333333;5.68060608879847;10.6836662104108;3270
-5.78811333333333;48.5193433333333;5.86619658992087;10.5828987900276;3419
-5.78319666666667;48.5253666666667;6.2530474190259;10.0069676963982;3543
-5.777965;48.531595;5.26045376146893;10.78552855559;3669
-5.77331;48.5379416666667;5.2404662843686;11.2382162135255;3779
-5.768705;48.5442;6.15000009536743;10.6521126317298;3906
-5.76377;48.5501566666667;5.04353421898221;11.3279633262783;4029
-5.75926166666667;48.5566683333333;6.01163910611439;10.8452840348876;4160
-5.75425;48.5625883333333;5.58671141806291;10.5070760182035;4286
-5.74964666666667;48.5687766666667;5.58671141806291;10.5070760182035;4416
-5.74446333333333;48.5752733333333;4.9215135363749;11.0539003859654;4562
-5.74022166666667;48.5814016666667;6.25;10.8253175473055;4670
-5.735325;48.5874816666667;4.7994924658733;10.7798365744277;4799
-5.73080833333333;48.59389;5.30429104337316;10.8754083030826;4927
-5.72583666666667;48.6002083333333;5.2404662843686;11.2382162135255;5029
-5.721095;48.6064116666667;5.43580205295924;11.145045831247;5142
-5.71616166666667;48.6128816666667;5.32499025914889;11.4194784623908;5291
-5.711925;48.61875;4.9215135363749;11.0539003859654;5390
-5.70719833333333;48.6249483333333;5.49328522003215;10.7811792825713;5514
-5.70265833333333;48.6308183333333;4.98689556914829;10.694432059897;5644
-5.69758333333333;48.6376316666667;5.91467727453522;10.6703602602802;5780
-5.692305;48.6438316666667;5.1559427126285;11.0569548289826;5911
-5.68786833333333;48.6500266666667;5.43580205295924;11.145045831247;6020
-5.682865;48.6560433333333;5.86619658992087;10.5828987900276;6157
-5.67809666666667;48.6623183333333;4.8450658442149;11.4142598316655;6289
-5.67377666666667;48.6684583333333;5.32499025914889;11.4194784623908;6390
-5.66886;48.6743866666667;4.9621869679459;11.1452544089948;6510
-5.66443666666667;48.68085;4.76691969304309;11.2301590365474;6662
-5.65970666666667;48.687315;5.39196518911831;11.0551669409111;6789
-5.654985;48.6933583333333;5.19820470001864;11.1475859534153;6900
-5.65018666666667;48.6998333333333;5.00135851918875;11.7824622997636;7030
-5.64545333333333;48.7063133333333;5.0842080384475;11.4193182205325;7149
-5.64044;48.7129566666667;5.72028046990192;11.2266825446655;7266
-5.63548833333333;48.718975;5.1559427126285;11.0569548289826;7399
-5.63072333333333;48.72519;5.28272827175874;11.3288473379581;7562
-5.62629166666667;48.7313016666667;4.76691969304309;11.2301590365474;7634
-5.62140166666667;48.7375616666667;5.62948202358675;11.0484805600437;7754
-5.61601;48.7438416666667;6.57099867434358;10.515796068835;7894
-5.6096;48.7504583333333;5.24690254052011;11.7847360550996;8049
-5.604405;48.7564916666667;6.65439533798672;9.86554679715226;8180
-5.59831666666667;48.7621216666667;8.68322963073746;8.99174750423314;8273
-5.59044333333333;48.7667233333333;11.3157826872463;5.76567926010043;8411
-5.58138833333333;48.770595;10.2800655834298;6.9339917897221;8528
-5.57273666666667;48.7749466666667;10.8550157925546;6.7829666832591;8631
-5.56352166666667;48.7790166666667;10.8754083030826;5.30429104337316;8783
-5.55511166666667;48.7824716666667;10.9485498146329;5.82144719945586;8879
-5.545095;48.78669;11.2134342608995;5.96228875783622;9016
-5.53614666666667;48.7904716666667;10.3717246654789;6.23196090288309;9131
-5.52734666666667;48.79438;11.0484805600437;5.62948202358675;9251
-5.51805833333333;48.7981033333333;10.8253175473055;6.25;9377
-5.50829333333333;48.80256;10.8860245554251;6.54098345312197;9522
-5.49933166666667;48.8064633333333;10.9865847600125;7.13477156646016;9619
-5.49059666666667;48.810445;10.6854063350756;6.67698293148654;9760
-5.48146166666667;48.8145516666667;10.7702106594343;6.72997455468762;9893
-5.472425;48.8184083333333;11.1076701138499;6.15708208465839;10012
-5.46265666666667;48.8222266666667;11.4860415024249;6.90151000732329;10110
-5.4538;48.8262283333333;11.0246252500335;6.88895043503166;10260
-5.44439166666667;48.8301283333333;11.3900236110624;6.0561829808488;10354
-5.43457333333333;48.8341866666667;11.0704513369159;7.18923515831671;10479
-5.42565;48.8381616666667;11.457518497167;6.35100621016721;10610
-5.41617166666667;48.84189;11.0851253336221;6.40000009536743;10769
-5.40589333333333;48.845885;10.8452840348876;6.01163910611439;10861
-5.39579166666667;48.85013;10.8860245554251;6.54098345312197;10990
-5.38594166666667;48.85396;10.9985224628811;6.34999990463257;11134
-5.37620166666667;48.8579183333333;10.8550157925546;6.7829666832591;11263
-5.367075;48.861725;11.2266825446654;5.72028046990192;11384
-5.35740333333333;48.865225;11.0574578520739;6.64399096986827;11502
-5.347925;48.8692983333333;11.1094303831539;6.94194256360314;11622
-5.33875166666667;48.8732766666667;10.8860245554251;6.54098345312197;11753
-5.32937833333333;48.8770183333333;11.2266825446654;5.72028046990192;11860
-5.31941666666667;48.8807733333333;10.6006012019553;6.62399080291506;11990
-5.31000833333333;48.8848166666667;10.9717416124787;6.59248745708441;12118
-5.29809833333333;48.8893783333333;10.9985224628811;6.34999990463257;12271
-5.28728666666667;48.8937533333333;10.9593804174629;5.58408323338824;12436
-5.27769833333333;48.8973483333333;11.0704513369159;7.18923515831671;12557
-5.26833666666667;48.9012633333333;11.2134342608995;5.96228875783622;12664
-5.25861666666667;48.9048033333333;11.4315351647734;6.59999990463257;12794
-5.25308333333333;48.90686;11.1942347075125;6.99493418680423;12849
-5.24086666666667;48.9116166666667;10.8860245554251;6.54098345312197;13006
-5.22864666666667;48.9163783333333;10.9119204180464;6.30000019073487;13162
-5.21897166666667;48.9202466666667;11.6933820320703;5.2062291089491;13307
-5.20854333333333;48.92377;11.1094303831539;6.94194256360314;13451
-5.19513;48.928195;11.5983615046455;4.92321236801695;13599
-5.18516;48.931805;11.1076701138499;6.15708208465839;13736
-5.16568833333333;48.938945;11.5666138032697;6.15007765158436;13989
-5.134925;48.9491583333333;11.3900236110624;6.0561829808488;14357
-5.11545833333333;48.9557483333333;11.6007398469336;5.40951383088899;14617
-5.05645333333333;48.9758383333333;11.2583302491977;6.5;15339
