"x";"y";"vx";"vy";"t"
-6.08269166666667;48.21641;8.3878935520612;12.4355635883256;0
-6.08009833333333;48.2196316666667;8.1151214139606;12.4961911424594;50
-6.07725666666667;48.2233266666667;8.16958552522541;12.5800585191814;110
-6.07608;48.224875;8.1151214139606;12.4961911424594;137
-6.071835;48.2303733333333;8.16958552522541;12.5800585191814;227
-6.07121666666667;48.2311683333333;8.16958552522541;12.5800585191814;237
-6.068665;48.2344533333333;8.44381305572344;12.5184676618339;294
-6.06804333333333;48.2352516666667;8.3878935520612;12.4355635883256;307
-6.066885;48.236725;8.3878935520612;12.4355635883256;330
-6.06547166666667;48.2384966666667;8.3878935520612;12.4355635883256;359
-6.06399333333333;48.2403266666667;8.3878935520612;12.4355635883256;388
-6.062485;48.24214;8.33197404839897;12.3526595148174;416
-6.06213333333333;48.2425666666667;8.3878935520612;12.4355635883256;426
-6.06154333333333;48.2433016666667;8.3878935520612;12.4355635883256;441
-6.06065333333333;48.2444033333333;8.3878935520612;12.4355635883256;458
-6.06006166666667;48.2451316666667;8.33197404839897;12.3526595148174;465
-6.058285;48.24733;8.3878935520612;12.4355635883256;503
-6.056855;48.2490933333333;8.1151214139606;12.4961911424594;531
-6.05447666666667;48.2520933333333;8.16958552522541;12.5800585191814;579
-6.04741833333333;48.2613466666667;7.94878896349807;12.7207214423464;730
-6.047185;48.261655;7.94878896349807;12.7207214423464;736
-6.04662166666667;48.2623983333333;7.94878896349807;12.7207214423464;748
-6.04633833333333;48.2627683333333;7.94878896349807;12.7207214423464;753
-6.04600333333333;48.263205;7.94878896349807;12.7207214423464;764
-6.045435;48.2639533333333;7.72557112365081;12.8575095105317;775
-6.04320166666667;48.2669616666667;8.00178109206955;12.8055265754667;822
-6.042925;48.267335;8.00178109206955;12.8055265754667;829
-6.04264666666667;48.2677033333333;7.94878896349807;12.7207214423464;835
-6.04212166666667;48.2683866666667;8.00178109206955;12.8055265754667;844
-6.04121833333333;48.269565;8.00178109206955;12.8055265754667;862
-6.04037;48.270685;7.72557112365081;12.8575095105317;881
-6.04008;48.2710566666667;7.77707512761325;12.9432265675853;887
-6.03929166666667;48.2721133333333;7.72557112365081;12.8575095105317;905
-6.0373;48.2747916666667;7.72557112365081;12.8575095105317;947
-6.03559666666667;48.2770316666667;7.94878896349807;12.7207214423464;982
-6.03473333333333;48.278135;7.94878896349807;12.7207214423464;1002
-6.03420166666667;48.278815;7.94878896349807;12.7207214423464;1012
-6.03386333333333;48.279245;7.94878896349807;12.7207214423464;1018
-6.03362166666667;48.279555;7.94878896349807;12.7207214423464;1026
-6.03333;48.2799233333333;7.77707512761325;12.9432265675853;1031
-6.03271;48.2807283333333;7.72557112365081;12.8575095105317;1043
-6.03242333333333;48.2811016666667;7.77707512761325;12.9432265675853;1048
-6.03213833333333;48.2814766666667;7.77707512761325;12.9432265675853;1057
-6.03185666666667;48.28185;7.72557112365081;12.8575095105317;1063
-6.03133833333333;48.28254;7.77707512761325;12.9432265675853;1073
-6.03078333333333;48.2832883333333;7.72557112365081;12.8575095105317;1083
-6.030455;48.2837283333333;7.77707512761325;12.9432265675853;1090
-6.02995;48.284415;7.72557112365081;12.8575095105317;1102
-6.02963333333333;48.2848533333333;7.72557112365081;12.8575095105317;1109
-6.02907833333333;48.285605;7.77707512761325;12.9432265675853;1121
-6.02879833333333;48.2859783333333;7.72557112365081;12.8575095105317;1126
-6.02856833333333;48.2862916666667;7.72557112365081;12.8575095105317;1131
-6.028235;48.28673;7.77707512761325;12.9432265675853;1138
-6.02879833333333;48.2859783333333;7.72557112365081;12.8575095105317;1152
-6.02683;48.288605;7.94878896349807;12.7207214423464;1172
-6.02514666666667;48.2907816666667;8.00178109206955;12.8055265754667;1207
-6.024535;48.29158;7.94878896349807;12.7207214423464;1217
-6.02315333333333;48.2933766666667;7.94878896349807;12.7207214423464;1247
-6.02287;48.2937466666667;7.94878896349807;12.7207214423464;1253
-6.02254166666667;48.2941783333333;7.94878896349807;12.7207214423464;1258
-6.02197833333333;48.294915;7.72557112365081;12.8575095105317;1270
-6.021465;48.295595;7.94878896349807;12.7207214423464;1284
-6.02118166666667;48.2959666666667;7.94878896349807;12.7207214423464;1291
-6.02085166666667;48.2964;7.94878896349807;12.7207214423464;1299
-6.02;48.2975166666667;7.72557112365081;12.8575095105317;1313
-6.01971833333333;48.2978933333333;7.72557112365081;12.8575095105317;1321
-6.01803666666667;48.3001333333333;7.72557112365081;12.8575095105317;1359
-6.01719333333333;48.301255;7.94878896349807;12.7207214423464;1376
-6.01639166666667;48.30231;7.94878896349807;12.7207214423464;1394
-6.01581166666667;48.30305;8.16958552522541;12.5800585191814;1401
-6.01551666666667;48.3034166666667;7.94878896349807;12.7207214423464;1406
-6.01517333333333;48.3038483333333;7.94878896349807;12.7207214423464;1416
-6.01463833333333;48.3045183333333;7.94878896349807;12.7207214423464;1427
-6.01429666666667;48.3049516666667;7.94878896349807;12.7207214423464;1432
-6.01289833333333;48.30675;7.72557112365081;12.8575095105317;1463
-6.01261666666667;48.30712;7.72557112365081;12.8575095105317;1469
-6.01172166666667;48.308295;7.72557112365081;12.8575095105317;1486
-6.01116333333333;48.309035;7.72557112365081;12.8575095105317;1499
-6.01003833333333;48.3105266666667;7.94878896349807;12.7207214423464;1525
-6.0089;48.31201;7.8957968349266;12.6359163092261;1550
-6.00807666666667;48.3130516666667;8.1151214139606;12.4961911424594;1562
-6.00778666666667;48.3134183333333;8.1151214139606;12.4961911424594;1568
-6.00714333333333;48.31421;8.16958552522541;12.5800585191814;1584
-6.00689666666667;48.3145116666667;8.1151214139606;12.4961911424594;1590
-6.006595;48.3148733333333;7.8957968349266;12.6359163092261;1595
-6.005945;48.3156633333333;7.94878896349807;12.7207214423464;1607
-6.004815;48.3170766666667;7.5;12.9903810567666;1630
-6.00448666666667;48.31751;7.44999980926514;12.9037781860257;1637
-6.00420833333333;48.31788;7.5;12.9903810567666;1642
-6.003975;48.3181916666667;7.5;12.9903810567666;1649
-6.00420833333333;48.31788;7.5;12.9903810567666;1658
-6.00260333333333;48.3200566666667;7.72557112365081;12.8575095105317;1679
-6.00205166666667;48.3208;7.67406711968837;12.7717924534781;1691
-6.00177333333333;48.3211733333333;7.67406711968837;12.7717924534781;1698
-6.00145166666667;48.3216066666667;7.67406711968837;12.7717924534781;1704
-6.00122;48.3219133333333;7.8957968349266;12.6359163092261;1709
-6.00093666666667;48.3222866666667;7.8957968349266;12.6359163092261;1714
-6.00032166666667;48.3230866666667;7.94878896349807;12.7207214423464;1724
-6.00003166666667;48.32345;7.8957968349266;12.6359163092261;1733
-5.99979;48.3237566666667;7.8957968349266;12.6359163092261;1738
-5.99944833333333;48.324185;7.8957968349266;12.6359163092261;1743
-5.99890666666667;48.3248583333333;7.8957968349266;12.6359163092261;1756
-5.998025;48.325955;7.8957968349266;12.6359163092261;1774
-5.99773666666667;48.3263216666667;7.8957968349266;12.6359163092261;1779
-5.997395;48.3267483333333;7.94878896349807;12.7207214423464;1790
-5.99686833333333;48.3274183333333;7.67406711968837;12.7717924534781;1801
-5.99653333333333;48.327845;7.67406711968837;12.7717924534781;1806
-5.99601333333333;48.3285166666667;7.67406711968837;12.7717924534781;1814
-5.99545666666667;48.3292483333333;7.62256360690452;12.686076213883;1827
-5.99518;48.32962;7.67406711968837;12.7717924534781;1838
-5.994305;48.33079;7.67406711968837;12.7717924534781;1855
-5.99407166666667;48.3311016666667;7.72557112365081;12.8575095105317;1860
-5.99351;48.3318466666667;7.8957968349266;12.6359163092261;1871
-5.99231666666667;48.33339;8.1151214139606;12.4961911424594;1893
-5.99117833333333;48.3347866666667;7.8957968349266;12.6359163092261;1920
-5.989385;48.3370566666667;7.67406711968837;12.7717924534781;1952
-5.98887666666667;48.337735;7.40000009536743;12.8171761411909;1967
-5.98855166666667;48.3381716666667;7.5;12.9903810567666;1974
-5.98778;48.3392283333333;7.67406711968837;12.7717924534781;1990
-5.98717833333333;48.3400383333333;7.72557112365081;12.8575095105317;2001
-5.98690666666667;48.3404116666667;7.8957968349266;12.6359163092261;2010
-5.986625;48.3407816666667;7.94878896349807;12.7207214423464;2019
-5.98611166666667;48.341465;7.8957968349266;12.6359163092261;2029
-5.984625;48.3433566666667;8.1151214139606;12.4961911424594;2057
-5.98403166666667;48.3440966666667;7.94878896349807;12.7207214423464;2067
-5.98345166666667;48.344825;7.84280521172551;12.5511119848674;2080
-5.98320833333333;48.3451316666667;7.8957968349266;12.6359163092261;2085
-5.982865;48.34556;7.94878896349807;12.7207214423464;2091
-5.98262833333333;48.3458666666667;7.8957968349266;12.6359163092261;2096
-5.98229;48.3462916666667;7.8957968349266;12.6359163092261;2104
-5.982;48.34666;7.94878896349807;12.7207214423464;2109
-5.981425;48.3473933333333;7.84280521172551;12.5511119848674;2125
-5.98113666666667;48.3477566666667;7.84280521172551;12.5511119848674;2131
-5.98059833333333;48.348435;7.94878896349807;12.7207214423464;2139
-5.98030666666667;48.3487983333333;7.8957968349266;12.6359163092261;2148
-5.97997333333333;48.3492266666667;7.84280521172551;12.5511119848674;2161
-5.979095;48.3503216666667;7.84280521172551;12.5511119848674;2169
-5.97880833333333;48.35069;7.67406711968837;12.7717924534781;2175
-5.97851166666667;48.35106;7.72557112365081;12.8575095105317;2183
-5.97823;48.3514283333333;7.67406711968837;12.7717924534781;2190
-5.97771166666667;48.3521016666667;7.62256360690452;12.686076213883;2200
-5.977425;48.352475;7.72557112365081;12.8575095105317;2207
-5.97709666666667;48.352905;7.67406711968837;12.7717924534781;2212
-5.97686666666667;48.3532133333333;7.62256360690452;12.686076213883;2218
-5.97653166666667;48.3536433333333;7.67406711968837;12.7717924534781;2225
-5.97573166666667;48.3546883333333;7.62256360690452;12.686076213883;2246
-5.97543833333333;48.355055;7.62256360690452;12.686076213883;2251
-5.97510833333333;48.3554883333333;7.67406711968837;12.7717924534781;2257
-5.97487333333333;48.355795;7.67406711968837;12.7717924534781;2263
-5.974545;48.3562233333333;7.67406711968837;12.7717924534781;2268
-5.97402833333333;48.3568966666667;7.84280521172551;12.5511119848674;2279
-5.97369833333333;48.357325;7.84280521172551;12.5511119848674;2284
-5.97341;48.3576866666667;7.84280521172551;12.5511119848674;2290
-5.973165;48.3579933333333;7.84280521172551;12.5511119848674;2298
-5.97257333333333;48.358725;7.84280521172551;12.5511119848674;2312
-5.97198;48.359455;7.84280521172551;12.5511119848674;2323
-5.97133833333333;48.360245;7.84280521172551;12.5511119848674;2332
-5.97075;48.3609783333333;7.8957968349266;12.6359163092261;2342
-5.97046333333333;48.3613466666667;7.8957968349266;12.6359163092261;2353
-5.96993333333333;48.362015;7.84280521172551;12.5511119848674;2365
-5.96906;48.3631033333333;7.84280521172551;12.5511119848674;2383
-5.96843166666667;48.363895;7.8957968349266;12.6359163092261;2393
-5.967855;48.3646216666667;7.84280521172551;12.5511119848674;2407
-5.96755666666667;48.3649866666667;7.8957968349266;12.6359163092261;2413
-5.967025;48.3656566666667;7.84280521172551;12.5511119848674;2420
-5.96673833333333;48.3660233333333;7.84280521172551;12.5511119848674;2428
-5.96644166666667;48.3663866666667;7.8957968349266;12.6359163092261;2434
-5.96615;48.3667533333333;7.8957968349266;12.6359163092261;2439
-5.96552;48.3675416666667;7.62256360690452;12.686076213883;2453
-5.96527666666667;48.3678466666667;7.67406711968837;12.7717924534781;2458
-5.96493666666667;48.368275;7.67406711968837;12.7717924534781;2465
-5.96464833333333;48.3686416666667;7.62256360690452;12.686076213883;2471
-5.964405;48.368945;7.62256360690452;12.686076213883;2478
-5.96411166666667;48.3693133333333;7.62256360690452;12.686076213883;2483
-5.96382333333333;48.36968;7.67406711968837;12.7717924534781;2488
-5.96325;48.3704133333333;7.62256360690452;12.686076213883;2499
-5.962915;48.3708416666667;7.67406711968837;12.7717924534781;2505
-5.96239333333333;48.371515;7.62256360690452;12.686076213883;2517
-5.962065;48.3719383333333;7.62256360690452;12.686076213883;2526
-5.961785;48.37231;7.72557112365081;12.8575095105317;2531
-5.96154833333333;48.3726166666667;7.67406711968837;12.7717924534781;2538
-5.961785;48.37231;7.72557112365081;12.8575095105317;2550
-5.96042333333333;48.3740966666667;7.67406711968837;12.7717924534781;2565
-5.95985666666667;48.3748333333333;7.84280521172551;12.5511119848674;2570
-5.95956833333333;48.3752016666667;7.8957968349266;12.6359163092261;2576
-5.95923;48.37563;7.8957968349266;12.6359163092261;2587
-5.95864333333333;48.3763633333333;7.8957968349266;12.6359163092261;2597
-5.9578;48.3774033333333;7.8957968349266;12.6359163092261;2615
-5.95750166666667;48.37777;7.84280521172551;12.5511119848674;2624
-5.95691166666667;48.3785066666667;7.72557112365081;12.8575095105317;2634
-5.95628666666667;48.3793016666667;7.67406711968837;12.7717924534781;2643
-5.956;48.37967;7.72557112365081;12.8575095105317;2651
-5.95571666666667;48.38004;7.67406711968837;12.7717924534781;2656
-5.95463166666667;48.3814516666667;7.8957968349266;12.6359163092261;2685
-5.95405166666667;48.3821866666667;7.8957968349266;12.6359163092261;2692
-5.95376166666667;48.3825566666667;7.8957968349266;12.6359163092261;2701
-5.95342666666667;48.382985;7.84280521172551;12.5511119848674;2707
-5.95284;48.383715;7.8957968349266;12.6359163092261;2716
-5.95254833333333;48.3840816666667;7.8957968349266;12.6359163092261;2723
-5.95225333333333;48.384445;7.8957968349266;12.6359163092261;2729
-5.951715;48.3851133333333;7.8957968349266;12.6359163092261;2744
-5.95112833333333;48.385845;7.8957968349266;12.6359163092261;2752
-5.95048833333333;48.3866366666667;7.8957968349266;12.6359163092261;2766
-5.95019166666667;48.3870016666667;7.8957968349266;12.6359163092261;2772
-5.94989666666667;48.387365;7.67406711968837;12.7717924534781;2779
-5.94931333333333;48.3880966666667;7.67406711968837;12.7717924534781;2790
-5.94907166666667;48.3884033333333;7.67406711968837;12.7717924534781;2799
-5.94849333333333;48.389135;7.62256360690452;12.686076213883;2806
-5.94820333333333;48.389505;7.67406711968837;12.7717924534781;2812
-5.94791;48.38987;7.67406711968837;12.7717924534781;2818
-5.94727666666667;48.3906633333333;7.67406711968837;12.7717924534781;2830
-5.94698666666667;48.39103;7.67406711968837;12.7717924534781;2840
-5.9464;48.3917666666667;7.72557112365081;12.8575095105317;2847
-5.94615666666667;48.3920733333333;7.72557112365081;12.8575095105317;2854
-5.94581833333333;48.392505;7.67406711968837;12.7717924534781;2860
-5.945575;48.3928133333333;7.72557112365081;12.8575095105317;2867
-5.94435833333333;48.3943433333333;7.94878896349807;12.7207214423464;2891
-5.94406333333333;48.39471;7.94878896349807;12.7207214423464;2899
-5.94347666666667;48.3954383333333;7.67406711968837;12.7717924534781;2907
-5.94322666666667;48.3957433333333;7.72557112365081;12.8575095105317;2913
-5.94289;48.3961733333333;7.8957968349266;12.6359163092261;2921
-5.942645;48.396475;7.84280521172551;12.5511119848674;2928
-5.94205833333333;48.39721;7.8957968349266;12.6359163092261;2938
-5.94146833333333;48.3979433333333;7.67406711968837;12.7717924534781;2952
-5.94088333333333;48.3986766666667;7.67406711968837;12.7717924534781;2966
-5.93996833333333;48.399835;7.72557112365081;12.8575095105317;2984
-5.93944;48.4005083333333;7.67406711968837;12.7717924534781;2992
-5.93925;48.400755;7.67406711968837;12.7717924534781;2998
-5.93857666666667;48.4016166666667;7.72557112365081;12.8575095105317;3008
-5.93828333333333;48.4019833333333;7.67406711968837;12.7717924534781;3016
-5.93799833333333;48.4023516666667;7.67406711968837;12.7717924534781;3021
-5.93765833333333;48.4027816666667;7.67406711968837;12.7717924534781;3030
-5.937415;48.4030866666667;7.8957968349266;12.6359163092261;3036
-5.936775;48.40388;7.8957968349266;12.6359163092261;3047
-5.93563333333333;48.4052783333333;7.8957968349266;12.6359163092261;3068
-5.93533666666667;48.405645;7.67406711968837;12.7717924534781;3077
-5.9347;48.4064333333333;7.62256360690452;12.686076213883;3091
-5.934455;48.4067383333333;7.67406711968837;12.7717924534781;3097
-5.93411833333333;48.407165;7.67406711968837;12.7717924534781;3103
-5.93383;48.40753;7.67406711968837;12.7717924534781;3108
-5.93359333333333;48.407835;7.62256360690452;12.686076213883;3114
-5.93331;48.4082016666667;7.62256360690452;12.686076213883;3119
-5.93274166666667;48.4089383333333;7.67406711968837;12.7717924534781;3131
-5.93245833333333;48.4093066666667;7.44999980926514;12.9037781860257;3136
-5.93217833333333;48.4096783333333;7.44999980926514;12.9037781860257;3143
-5.93185;48.4101066666667;7.40000009536743;12.8171761411909;3151
-5.93129833333333;48.4108533333333;7.67406711968837;12.7717924534781;3164
-5.93185;48.4101066666667;7.40000009536743;12.8171761411909;3170
-5.93069;48.41166;7.94878896349807;12.7207214423464;3178
-5.929345;48.413385;8.16958552522541;12.5800585191814;3203
-5.92899333333333;48.4138066666667;8.1151214139606;12.4961911424594;3208
-5.92874333333333;48.41411;8.16958552522541;12.5800585191814;3214
-5.92839;48.4145316666667;8.16958552522541;12.5800585191814;3223
-5.92808833333333;48.4148966666667;8.16958552522541;12.5800585191814;3230
-5.92753166666667;48.41556;7.94878896349807;12.7207214423464;3238
-5.92722833333333;48.4159233333333;7.94878896349807;12.7207214423464;3246
-5.92662666666667;48.4166516666667;7.8957968349266;12.6359163092261;3258
-5.92632833333333;48.4170183333333;7.94878896349807;12.7207214423464;3264
-5.92598166666667;48.4174466666667;7.94878896349807;12.7207214423464;3269
-5.92573666666667;48.4177533333333;7.94878896349807;12.7207214423464;3274
-5.92539666666667;48.4181783333333;7.8957968349266;12.6359163092261;3281
-5.92485666666667;48.4188533333333;7.94878896349807;12.7207214423464;3293
-5.92456833333333;48.4192166666667;7.8957968349266;12.6359163092261;3298
-5.92427833333333;48.4195783333333;7.84280521172551;12.5511119848674;3303
-5.923695;48.4203133333333;7.94878896349807;12.7207214423464;3315
-5.92340166666667;48.4206783333333;7.84280521172551;12.5511119848674;3325
-5.92281333333333;48.4214116666667;7.94878896349807;12.7207214423464;3334
-5.92251833333333;48.421775;7.8957968349266;12.6359163092261;3339
-5.92217333333333;48.4222016666667;7.84280521172551;12.5511119848674;3346
-5.92192666666667;48.422505;7.84280521172551;12.5511119848674;3353
-5.92133;48.4232383333333;7.8957968349266;12.6359163092261;3363
-5.92073333333333;48.4239666666667;7.84280521172551;12.5511119848674;3381
-5.91980166666667;48.4251166666667;7.84280521172551;12.5511119848674;3394
-5.91950833333333;48.4254833333333;7.84280521172551;12.5511119848674;3400
-5.91896333333333;48.4261516666667;7.84280521172551;12.5511119848674;3410
-5.91950833333333;48.4254833333333;7.84280521172551;12.5511119848674;3418
-5.91837166666667;48.4268816666667;7.84280521172551;12.5511119848674;3424
-5.91807166666667;48.4272483333333;7.8957968349266;12.6359163092261;3430
-5.91743;48.4280366666667;7.84280521172551;12.5511119848674;3445
-5.91683;48.4287666666667;7.8957968349266;12.6359163092261;3456
-5.91623833333333;48.429495;7.84280521172551;12.5511119848674;3466
-5.91598833333333;48.4297966666667;7.62256360690452;12.686076213883;3471
-5.91539666666667;48.430525;7.62256360690452;12.686076213883;3486
-5.915105;48.4308866666667;7.62256360690452;12.686076213883;3494
-5.91446666666667;48.431675;7.62256360690452;12.686076213883;3503
-5.91422833333333;48.43198;7.62256360690452;12.686076213883;3508
-5.91359666666667;48.43277;7.62256360690452;12.686076213883;3522
-5.91335333333333;48.433075;7.62256360690452;12.686076213883;3527
-5.913065;48.4334383333333;7.62256360690452;12.686076213883;3532
-5.91273333333333;48.433865;7.62256360690452;12.686076213883;3538
-5.91249333333333;48.4341683333333;7.62256360690452;12.686076213883;3545
-5.91220666666667;48.434535;7.62256360690452;12.686076213883;3551
-5.91133833333333;48.435625;7.62256360690452;12.686076213883;3571
-5.91100166666667;48.4360516666667;7.62256360690452;12.686076213883;3579
-5.91017833333333;48.437075;7.84280521172551;12.5511119848674;3589
-5.9096;48.4378016666667;7.84280521172551;12.5511119848674;3608
-5.909015;48.4385216666667;7.84280521172551;12.5511119848674;3616
-5.908425;48.43925;7.84280521172551;12.5511119848674;3629
-5.90807833333333;48.439675;7.84280521172551;12.5511119848674;3636
-5.90754;48.440345;7.84280521172551;12.5511119848674;3647
-5.90724666666667;48.4407066666667;7.62256360690452;12.686076213883;3652
-5.90690833333333;48.4411383333333;7.84280521172551;12.5511119848674;3659
-5.906665;48.441445;7.62256360690452;12.686076213883;3664
-5.90632833333333;48.441875;7.84280521172551;12.5511119848674;3671
-5.90550333333333;48.4429033333333;7.84280521172551;12.5511119848674;3688
-5.90486333333333;48.4436866666667;7.78981308315403;12.4663068517471;3700
-5.90461333333333;48.4439883333333;8.06065782210405;12.412324565556;3712
-5.903345;48.4454916666667;8.06065782210405;12.412324565556;3729
-5.90247166666667;48.4465116666667;7.84280521172551;12.5511119848674;3749
-5.90211166666667;48.4469316666667;7.8957968349266;12.6359163092261;3755
-5.901805;48.4472933333333;7.84280521172551;12.5511119848674;3760
-5.90155666666667;48.447595;7.84280521172551;12.5511119848674;3767
-5.90090833333333;48.4483783333333;7.62256360690452;12.686076213883;3778
-5.90031166666667;48.4491033333333;7.84280521172551;12.5511119848674;3793
-5.89946166666667;48.4501266666667;7.8957968349266;12.6359163092261;3810
-5.898555;48.451205;7.84280521172551;12.5511119848674;3829
-5.8979;48.4519883333333;7.62256360690452;12.686076213883;3839
-5.89729666666667;48.4527066666667;7.62256360690452;12.686076213883;3849
-5.89586166666667;48.4545283333333;7.40000009536743;12.8171761411909;3884
-5.89563;48.454835;7.40000009536743;12.8171761411909;3890
-5.89503;48.4556416666667;7.44999980926514;12.9037781860257;3897
-5.89535;48.455205;7.40000009536743;12.8171761411909;3905
-5.89397833333333;48.45706;7.67406711968837;12.7717924534781;3922
-5.89369333333333;48.4574266666667;7.62256360690452;12.686076213883;3927
-5.893365;48.457855;7.62256360690452;12.686076213883;3933
-5.89283833333333;48.4585283333333;7.67406711968837;12.7717924534781;3944
-5.892555;48.4588966666667;7.84280521172551;12.5511119848674;3953
-5.89220833333333;48.4593216666667;7.8957968349266;12.6359163092261;3959
-5.89133166666667;48.4604116666667;7.84280521172551;12.5511119848674;3978
-5.89102833333333;48.460775;7.8957968349266;12.6359163092261;3983
-5.89078;48.46108;7.8957968349266;12.6359163092261;3989
-5.89042666666667;48.4615033333333;7.84280521172551;12.5511119848674;3994
-5.89012333333333;48.461865;7.62256360690452;12.686076213883;4000
-5.889875;48.46217;7.67406711968837;12.7717924534781;4005
-5.88922666666667;48.462955;7.67406711968837;12.7717924534781;4021
-5.88868333333333;48.4636233333333;7.5;12.9903810567666;4031
-5.88834;48.4640483333333;7.44999980926514;12.9037781860257;4036
-5.88805166666667;48.4644116666667;7.44999980926514;12.9037781860257;4044
-5.88780666666667;48.4647166666667;7.44999980926514;12.9037781860257;4049
-5.88747;48.4651466666667;7.44999980926514;12.9037781860257;4056
-5.88717833333333;48.4655133333333;7.22366315673023;13.0318333027361;4066
-5.88666166666667;48.4661916666667;7.22366315673023;13.0318333027361;4074
-5.88634;48.466625;7.22366315673023;13.0318333027361;4080
-5.885525;48.4677416666667;7.04207344178836;13.2442138928839;4098
-5.88503333333333;48.4684283333333;6.99512610642058;13.1559187967802;4106
-5.88472166666667;48.4688666666667;7.22366315673023;13.0318333027361;4115
-5.88423666666667;48.4695516666667;7.22366315673023;13.0318333027361;4125
-5.88397166666667;48.4699266666667;7.17518247211589;12.9443718324835;4131
-5.88338833333333;48.470735;7.22366315673023;13.0318333027361;4144
-5.88315833333333;48.4710466666667;7.22366315673023;13.0318333027361;4150
-5.88338833333333;48.470735;7.22366315673023;13.0318333027361;4157
-5.882335;48.4721666666667;7.44999980926514;12.9037781860257;4167
-5.88201;48.4726016666667;7.44999980926514;12.9037781860257;4174
-5.88149333333333;48.4732866666667;7.5;12.9903810567666;4186
-5.88001833333333;48.4752083333333;7.67406711968837;12.7717924534781;4217
-5.87949333333333;48.4758816666667;7.5;12.9903810567666;4226
-5.87921166666667;48.4762533333333;7.5;12.9903810567666;4236
-5.87901666666667;48.4764966666667;7.44999980926514;12.9037781860257;4242
-5.87806;48.47773;7.5;12.9903810567666;4262
-5.87749333333333;48.47847;7.44999980926514;12.9037781860257;4268
-5.877165;48.4789016666667;7.5;12.9903810567666;4279
-5.87687833333333;48.47927;7.5;12.9903810567666;4284
-5.87664666666667;48.4795783333333;7.5;12.9903810567666;4291
-5.87636333333333;48.4799466666667;7.44999980926514;12.9037781860257;4298
-5.87578833333333;48.480685;7.5;12.9903810567666;4304
-5.87521833333333;48.48142;7.67406711968837;12.7717924534781;4317
-5.87463333333333;48.482155;7.72557112365081;12.8575095105317;4330
-5.873995;48.482945;7.5;12.9903810567666;4341
-5.87374666666667;48.48325;7.5;12.9903810567666;4346
-5.87344833333333;48.48362;7.55000019073486;13.0769839275075;4357
-5.87286166666667;48.48436;7.27214430369506;13.1192956070909;4368
-5.87252333333333;48.4847966666667;7.08902077715614;13.3325089889876;4373
-5.87200833333333;48.485485;7.04207344178836;13.2442138928839;4384
-5.87115833333333;48.4866833333333;6.8098574960932;13.3650978628255;4401
-5.87068;48.48738;7.04207344178836;13.2442138928839;4417
-5.87041333333333;48.48776;7.04207344178836;13.2442138928839;4422
-5.87011333333333;48.488205;7.27214430369506;13.1192956070909;4428
-5.869845;48.4885816666667;7.27214430369506;13.1192956070909;4435
-5.869355;48.4892733333333;7.27214430369506;13.1192956070909;4446
-5.86826;48.4907783333333;7.5;12.9903810567666;4466
-5.86798333333333;48.491155;7.55000019073486;13.0769839275075;4475
-5.86770833333333;48.49153;7.5;12.9903810567666;4481
-5.86723666666667;48.4921566666667;7.55000019073486;13.0769839275075;4493
-5.86658;48.4930333333333;7.55000019073486;13.0769839275075;4506
-5.86573166666667;48.4941616666667;7.32062545065988;13.2067579114458;4525
-5.86545666666667;48.49454;7.32062545065988;13.2067579114458;4533
-5.86491166666667;48.4952983333333;7.32062545065988;13.2067579114458;4540
-5.86459833333333;48.4957383333333;7.32062545065988;13.2067579114458;4546
-5.86433666666667;48.4961133333333;7.32062545065988;13.2067579114458;4552
-5.864115;48.4964316666667;7.32062545065988;13.2067579114458;4560
-5.86385166666667;48.4968116666667;7.32062545065988;13.2067579114458;4566
-5.86306833333333;48.4979533333333;7.32062545065988;13.2067579114458;4585
-5.86254333333333;48.4987116666667;7.32062545065988;13.2067579114458;4597
-5.862275;48.4990916666667;7.55000019073486;13.0769839275075;4603
-5.86146666666667;48.50023;7.55000019073486;13.0769839275075;4621
-5.86119166666667;48.5006083333333;7.55000019073486;13.0769839275075;4629
-5.86036166666667;48.50174;7.77707512761325;12.9432265675853;4644
-5.85980166666667;48.50249;7.77707512761325;12.9432265675853;4655
-5.85952166666667;48.5028683333333;7.77707512761325;12.9432265675853;4660
-5.85919166666667;48.5033033333333;7.77707512761325;12.9432265675853;4665
-5.85890833333333;48.5036766666667;7.77707512761325;12.9432265675853;4670
-5.85862333333333;48.5040466666667;7.77707512761325;12.9432265675853;4678
-5.85838666666667;48.5043566666667;7.55000019073486;13.0769839275075;4686
-5.85753166666667;48.50548;7.55000019073486;13.0769839275075;4704
-5.856965;48.50623;7.55000019073486;13.0769839275075;4714
-5.85668166666667;48.5066066666667;7.55000019073486;13.0769839275075;4719
-5.85635833333333;48.507045;7.55000019073486;13.0769839275075;4725
-5.85608;48.5074183333333;7.5;12.9903810567666;4731
-5.855805;48.5077916666667;7.5;12.9903810567666;4738
-5.85557166666667;48.508105;7.5;12.9903810567666;4746
-5.85443;48.50967;7.5;12.9903810567666;4767
-5.85420333333333;48.5099833333333;7.5;12.9903810567666;4778
-5.853045;48.51155;7.5;12.9903810567666;4801
-5.85280833333333;48.5118583333333;7.5;12.9903810567666;4806
-5.85251666666667;48.5122316666667;7.5;12.9903810567666;4814
-5.85137333333333;48.5137133333333;7.5;12.9903810567666;4837
-5.85048166666667;48.5148866666667;7.27214430369506;13.1192956070909;4855
-5.85020833333333;48.5152616666667;7.27214430369506;13.1192956070909;4862
-5.84970833333333;48.5159516666667;7.27214430369506;13.1192956070909;4871
-5.84916333333333;48.516705;7.27214430369506;13.1192956070909;4882
-5.84884333333333;48.5171433333333;7.27214430369506;13.1192956070909;4888
-5.84861666666667;48.5174516666667;7.27214430369506;13.1192956070909;4895
-5.84834333333333;48.517825;7.27214430369506;13.1192956070909;4900
-5.84807166666667;48.5181983333333;7.27214430369506;13.1192956070909;4906
-5.84775;48.5186383333333;7.27214430369506;13.1192956070909;4913
-5.84748;48.5190116666667;7.27214430369506;13.1192956070909;4925
-5.846975;48.5196983333333;7.5;12.9903810567666;4931
-5.846425;48.520445;7.27214430369506;13.1192956070909;4948
-5.84587166666667;48.5211916666667;7.27214430369506;13.1192956070909;4955
-5.84532333333333;48.5219433333333;7.27214430369506;13.1192956070909;4968
-5.84500666666667;48.5223783333333;7.27214430369506;13.1192956070909;4973
-5.84447333333333;48.52313;7.27214430369506;13.1192956070909;4985
-5.84424666666667;48.5234433333333;7.27214430369506;13.1192956070909;4991
-5.84372;48.5241966666667;7.27214430369506;13.1192956070909;5002
-5.843455;48.524575;7.27214430369506;13.1192956070909;5008
-5.84318833333333;48.524955;7.5;12.9903810567666;5014
-5.84291666666667;48.525335;7.5;12.9903810567666;5021
-5.84264166666667;48.5257133333333;7.5;12.9903810567666;5027
-5.84232;48.5261533333333;7.5;12.9903810567666;5033
-5.84154166666667;48.5272116666667;7.5;12.9903810567666;5050
-5.84117;48.52771;7.5;12.9903810567666;5060
-5.84070833333333;48.5283366666667;7.5;12.9903810567666;5067
-5.84038333333333;48.52877;7.5;12.9903810567666;5076
-5.83987666666667;48.5294533333333;7.5;12.9903810567666;5087
-5.83932;48.5302;7.5;12.9903810567666;5098
-5.839;48.5306383333333;7.5;12.9903810567666;5105
-5.83876833333333;48.53095;7.27214430369506;13.1192956070909;5114
-5.83822;48.5317016666667;7.27214430369506;13.1192956070909;5120
-5.83795;48.5320783333333;7.27214430369506;13.1192956070909;5127
-5.83763666666667;48.5325183333333;7.27214430369506;13.1192956070909;5136
-5.83688;48.533595;7.27214430369506;13.1192956070909;5155
-5.83661666666667;48.5339733333333;7.27214430369506;13.1192956070909;5163
-5.83608;48.5347333333333;7.32062545065988;13.2067579114458;5173
-5.83528;48.535865;7.32062545065988;13.2067579114458;5187
-5.83497166666667;48.5363083333333;7.27214430369506;13.1192956070909;5194
-5.83449166666667;48.53701;7.32062545065988;13.2067579114458;5207
-5.83397166666667;48.5377683333333;7.27214430369506;13.1192956070909;5216
-5.83345166666667;48.5385266666667;7.5;12.9903810567666;5230
-5.83318833333333;48.5389066666667;7.5;12.9903810567666;5237
-5.83287166666667;48.5393516666667;7.55000019073486;13.0769839275075;5247
-5.83246666666667;48.5399233333333;7.77707512761325;12.9432265675853;5258
-5.83182;48.5408016666667;7.77707512761325;12.9432265675853;5268
-5.83154166666667;48.5411766666667;7.55000019073486;13.0769839275075;5273
-5.83126333333333;48.54155;7.5;12.9903810567666;5281
-5.83070666666667;48.542305;7.55000019073486;13.0769839275075;5295
-5.82981833333333;48.5434933333333;7.55000019073486;13.0769839275075;5311
-5.82954166666667;48.5438716666667;7.55000019073486;13.0769839275075;5318
-5.82902666666667;48.5445566666667;7.55000019073486;13.0769839275075;5328
-5.82846166666667;48.545305;7.55000019073486;13.0769839275075;5340
-5.82790166666667;48.546065;7.5;12.9903810567666;5351
-5.82762833333333;48.546445;7.5;12.9903810567666;5357
-5.82730833333333;48.54689;7.55000019073486;13.0769839275075;5362
-5.827035;48.5472666666667;7.55000019073486;13.0769839275075;5367
-5.82652166666667;48.5479533333333;7.55000019073486;13.0769839275075;5380
-5.82624166666667;48.5483283333333;7.55000019073486;13.0769839275075;5388
-5.82596333333333;48.5487016666667;7.55000019073486;13.0769839275075;5396
-5.825125;48.5498283333333;7.55000019073486;13.0769839275075;5410
-5.82484166666667;48.5502066666667;7.55000019073486;13.0769839275075;5417
-5.82452333333333;48.5506466666667;7.55000019073486;13.0769839275075;5422
-5.824245;48.551025;7.55000019073486;13.0769839275075;5428
-5.823965;48.5514;7.55000019073486;13.0769839275075;5438
-5.82355;48.5519666666667;7.55000019073486;13.0769839275075;5448
-5.823175;48.552465;7.55000019073486;13.0769839275075;5456
-5.822605;48.55321;7.55000019073486;13.0769839275075;5464
-5.82231833333333;48.55358;7.55000019073486;13.0769839275075;5470
-5.82203166666667;48.5539533333333;7.55000019073486;13.0769839275075;5477
-5.82140666666667;48.55476;7.55000019073486;13.0769839275075;5489
-5.82112166666667;48.5551333333333;7.55000019073486;13.0769839275075;5500
-5.8206;48.55582;7.32062545065988;13.2067579114458;5512
-5.819995;48.5566333333333;7.04207344178836;13.2442138928839;5520
-5.81919;48.5577766666667;7.08902077715614;13.3325089889876;5537
-5.81844666666667;48.558865;7.08902077715614;13.3325089889876;5559
-5.81793666666667;48.5596316666667;7.04207344178836;13.2442138928839;5567
-5.81763666666667;48.5600766666667;7.08902077715614;13.3325089889876;5577
-5.81717333333333;48.56078;7.04207344178836;13.2442138928839;5584
-5.81708833333333;48.5609066666667;7.32062545065988;13.2067579114458;5594
-5.81639666666667;48.561925;7.32062545065988;13.2067579114458;5603
-5.81609;48.5623633333333;7.55000019073486;13.0769839275075;5608
-5.81586666666667;48.5626766666667;7.55000019073486;13.0769839275075;5617
-5.81531833333333;48.5634283333333;7.77707512761325;12.9432265675853;5631
-5.81470166666667;48.564235;7.77707512761325;12.9432265675853;5638
-5.81446166666667;48.564545;7.77707512761325;12.9432265675853;5647
-5.81383666666667;48.5653516666667;7.55000019073486;13.0769839275075;5656
-5.81360166666667;48.565665;7.55000019073486;13.0769839275075;5666
-5.81304333333333;48.5664166666667;7.32062545065988;13.2067579114458;5677
-5.81272166666667;48.56686;7.32062545065988;13.2067579114458;5684
-5.81218166666667;48.5676266666667;7.32062545065988;13.2067579114458;5692
-5.81191166666667;48.5680133333333;7.32062545065988;13.2067579114458;5697
-5.81142666666667;48.5687283333333;7.32062545065988;13.2067579114458;5709
-5.81111833333333;48.5691533333333;7.32062545065988;13.2067579114458;5716
-5.8109;48.5694683333333;7.32062545065988;13.2067579114458;5724
-5.81038166666667;48.57024;7.32062545065988;13.2067579114458;5735
-5.81008;48.5707083333333;7.32062545065988;13.2067579114458;5740
-5.809825;48.5711583333333;7.32062545065988;13.2067579114458;5748
-5.80929666666667;48.5719183333333;7.55000019073486;13.0769839275075;5758
-5.80879833333333;48.5725733333333;7.77707512761325;12.9432265675853;5769
-5.808525;48.5729483333333;7.77707512761325;12.9432265675853;5778
-5.80824166666667;48.5732933333333;7.72557112365081;12.8575095105317;5785
-5.80776833333333;48.5739016666667;7.77707512761325;12.9432265675853;5796
-5.80733833333333;48.57446;7.77707512761325;12.9432265675853;5805
-5.80681166666667;48.5751466666667;7.72557112365081;12.8575095105317;5811
-5.806475;48.5756;7.77707512761325;12.9432265675853;5819
-5.80623833333333;48.5759116666667;7.55000019073486;13.0769839275075;5827
-5.80566666666667;48.57665;7.55000019073486;13.0769839275075;5836
-5.80538166666667;48.5770483333333;7.55000019073486;13.0769839275075;5845
-5.80510666666667;48.577435;7.55000019073486;13.0769839275075;5851
-5.80421333333333;48.578585;7.55000019073486;13.0769839275075;5867
-5.80365166666667;48.57933;7.55000019073486;13.0769839275075;5879
-5.80285166666667;48.5804083333333;7.55000019073486;13.0769839275075;5899
-5.80257333333333;48.5807833333333;7.55000019073486;13.0769839275075;5906
-5.80168833333333;48.5819683333333;7.32062545065988;13.2067579114458;5920
-5.80118666666667;48.582665;7.32062545065988;13.2067579114458;5936
-5.79985333333333;48.5845516666667;7.32062545065988;13.2067579114458;5968
-5.79932166666667;48.5853;7.27214430369506;13.1192956070909;5974
-5.79905166666667;48.585685;7.32062545065988;13.2067579114458;5980
-5.79824166666667;48.5868233333333;7.5;12.9903810567666;6002
-5.79742166666667;48.58797;7.77707512761325;12.9432265675853;6016
-5.79714166666667;48.58835;7.72557112365081;12.8575095105317;6027
-5.79628166666667;48.5894533333333;7.77707512761325;12.9432265675853;6040
-5.79594666666667;48.5898816666667;7.77707512761325;12.9432265675853;6046
-5.79571166666667;48.5902133333333;7.77707512761325;12.9432265675853;6055
-5.79513833333333;48.5909833333333;7.55000019073486;13.0769839275075;6066
-5.79457166666667;48.59173;7.55000019073486;13.0769839275075;6077
-5.79428833333333;48.5921133333333;7.55000019073486;13.0769839275075;6082
-5.79400666666667;48.5924766666667;7.55000019073486;13.0769839275075;6089
-5.79345333333333;48.593205;7.55000019073486;13.0769839275075;6104
-5.79289333333333;48.5939433333333;7.77707512761325;12.9432265675853;6115
-5.79241666666667;48.59457;7.55000019073486;13.0769839275075;6125
-5.791485;48.59589;7.77707512761325;12.9432265675853;6141
-5.79090666666667;48.5966283333333;7.77707512761325;12.9432265675853;6157
-5.79032333333333;48.5973416666667;7.55000019073486;13.0769839275075;6164
-5.790035;48.5977033333333;7.55000019073486;13.0769839275075;6176
-5.78919166666667;48.5987933333333;7.55000019073486;13.0769839275075;6191
-5.78886333333333;48.5992333333333;7.5;12.9903810567666;6196
-5.78835666666667;48.5999233333333;7.5;12.9903810567666;6207
-5.78751833333333;48.60108;7.55000019073486;13.0769839275075;6227
-5.78662333333333;48.6022966666667;7.55000019073486;13.0769839275075;6247
-5.786045;48.6030183333333;7.5;12.9903810567666;6255
-5.78524;48.604095;7.27214430369506;13.1192956070909;6274
-5.78496;48.6044533333333;7.27214430369506;13.1192956070909;6280
-5.78440333333333;48.60516;7.32062545065988;13.2067579114458;6295
-5.78382833333333;48.606025;7.5;12.9903810567666;6304
-5.78360166666667;48.606355;7.5;12.9903810567666;6309
-5.78327666666667;48.6068016666667;7.55000019073486;13.0769839275075;6317
-5.78299166666667;48.60718;7.55000019073486;13.0769839275075;6326
-5.78191833333333;48.6086133333333;7.55000019073486;13.0769839275075;6347
-5.78135833333333;48.6093483333333;7.5;12.9903810567666;6356
-5.78102833333333;48.609775;7.5;12.9903810567666;6368
-5.78047;48.61051;7.5;12.9903810567666;6379
-5.780195;48.6108816666667;7.72557112365081;12.8575095105317;6386
-5.77967;48.6115683333333;7.77707512761325;12.9432265675853;6394
-5.779385;48.6119416666667;7.72557112365081;12.8575095105317;6399
-5.77909333333333;48.6123033333333;7.5;12.9903810567666;6407
-5.778525;48.6130483333333;7.55000019073486;13.0769839275075;6417
-5.77820166666667;48.6135333333333;7.72557112365081;12.8575095105317;6424
-5.77796166666667;48.6138133333333;7.72557112365081;12.8575095105317;6429
-5.77761833333333;48.614255;7.55000019073486;13.0769839275075;6439
-5.777325;48.6145983333333;7.55000019073486;13.0769839275075;6447
-5.77681166666667;48.6152716666667;7.5;12.9903810567666;6455
-5.77625666666667;48.6160616666667;7.55000019073486;13.0769839275075;6465
-5.77597666666667;48.6164283333333;7.5;12.9903810567666;6471
-5.77512166666667;48.6175066666667;7.5;12.9903810567666;6488
-5.77480833333333;48.6179516666667;7.5;12.9903810567666;6499
-5.77452666666667;48.6183433333333;7.5;12.9903810567666;6507
-5.77400833333333;48.6190066666667;7.5;12.9903810567666;6514
-5.77372833333333;48.6193616666667;7.5;12.9903810567666;6519
-5.77344833333333;48.6197283333333;7.5;12.9903810567666;6528
-5.773175;48.6201016666667;7.5;12.9903810567666;6534
-5.772335;48.621225;7.27214430369506;13.1192956070909;6549
-5.77174666666667;48.622065;7.5;12.9903810567666;6566
-5.77063333333333;48.6235266666667;7.44999980926514;12.9037781860257;6587
-5.76958;48.6249733333333;7.72557112365081;12.8575095105317;6615
-5.76894333333333;48.6257683333333;7.67406711968837;12.7717924534781;6622
-5.76864833333333;48.6261333333333;7.67406711968837;12.7717924534781;6629
-5.76840166666667;48.6264366666667;7.67406711968837;12.7717924534781;6634
-5.76810166666667;48.6268016666667;7.5;12.9903810567666;6639
-5.76776666666667;48.6272316666667;7.72557112365081;12.8575095105317;6648
-5.767525;48.6275383333333;7.67406711968837;12.7717924534781;6654
-5.766925;48.6282666666667;7.72557112365081;12.8575095105317;6665
-5.76481;48.63088;7.44999980926514;12.9037781860257;6708
-5.76437333333333;48.6314266666667;7.44999980926514;12.9037781860257;6718
-5.76398833333333;48.63191;7.67406711968837;12.7717924534781;6723
-5.76369166666667;48.632275;7.44999980926514;12.9037781860257;6730
-5.763345;48.6326983333333;7.44999980926514;12.9037781860257;6737
-5.762755;48.63343;7.44999980926514;12.9037781860257;6749
-5.76220833333333;48.6340983333333;7.44999980926514;12.9037781860257;6765
-5.761575;48.6348866666667;7.44999980926514;12.9037781860257;6775
-5.76102666666667;48.6355466666667;7.44999980926514;12.9037781860257;6785
-5.76039666666667;48.6363416666667;7.5;12.9903810567666;6797
-5.76016166666667;48.6366533333333;7.5;12.9903810567666;6803
-5.75987;48.637025;7.5;12.9903810567666;6809
-5.75929;48.6377716666667;7.27214430369506;13.1192956070909;6820
-5.75895666666667;48.6382016666667;7.22366315673023;13.0318333027361;6827
-5.75843666666667;48.6388883333333;7.44999980926514;12.9037781860257;6843
-5.75753333333333;48.6400683333333;7.27214430369506;13.1192956070909;6858
-5.756455;48.6415016666667;7.5;12.9903810567666;6879
-5.75587666666667;48.6422366666667;7.22366315673023;13.0318333027361;6892
-5.755545;48.64267;7.27214430369506;13.1192956070909;6899
-5.755315;48.6429766666667;7.44999980926514;12.9037781860257;6907
-5.75446833333333;48.64409;7.44999980926514;12.9037781860257;6922
-5.75418333333333;48.6444566666667;7.44999980926514;12.9037781860257;6928
-5.75389333333333;48.644825;7.5;12.9903810567666;6933
-5.75360833333333;48.6451916666667;7.44999980926514;12.9037781860257;6946
-5.75299333333333;48.6459966666667;7.44999980926514;12.9037781860257;6956
-5.75245833333333;48.646665;7.44999980926514;12.9037781860257;6963
-5.75216666666667;48.6470283333333;7.5;12.9903810567666;6976
-5.7516;48.6477633333333;7.67406711968837;12.7717924534781;6986
-5.75101;48.64849;7.44999980926514;12.9037781860257;6995
-5.75011166666667;48.6496483333333;7.44999980926514;12.9037781860257;7016
-5.74954166666667;48.6504;7.44999980926514;12.9037781860257;7028
-5.74896333333333;48.6511166666667;7.40000009536743;12.8171761411909;7037
-5.74873166666667;48.6514333333333;7.40000009536743;12.8171761411909;7042
-5.74815166666667;48.6521533333333;7.40000009536743;12.8171761411909;7056
-5.747265;48.6533716666667;7.40000009536743;12.8171761411909;7076
-5.74703166666667;48.653685;7.40000009536743;12.8171761411909;7081
-5.74669833333333;48.654115;7.40000009536743;12.8171761411909;7087
-5.746135;48.6548566666667;7.40000009536743;12.8171761411909;7099
-5.745845;48.6552166666667;7.40000009536743;12.8171761411909;7105
-5.74531166666667;48.65588;7.40000009536743;12.8171761411909;7114
-5.745025;48.656235;7.62256360690452;12.686076213883;7119
-5.74473833333333;48.6566016666667;7.62256360690452;12.686076213883;7124
-5.74440666666667;48.6570416666667;7.62256360690452;12.686076213883;7134
-5.74322;48.6584716666667;7.40000009536743;12.8171761411909;7156
-5.74292333333333;48.65883;7.40000009536743;12.8171761411909;7162
-5.74268666666667;48.6591316666667;7.62256360690452;12.686076213883;7168
-5.74248833333333;48.6593716666667;7.62256360690452;12.686076213883;7174
-5.741805;48.660215;7.40000009536743;12.8171761411909;7186
-5.74146333333333;48.66064;7.40000009536743;12.8171761411909;7195
-5.74031;48.6620933333333;7.40000009536743;12.8171761411909;7219
-5.73949166666667;48.6631266666667;7.40000009536743;12.8171761411909;7236
-5.73891333333333;48.66385;7.40000009536743;12.8171761411909;7247
-5.738585;48.6642783333333;7.62256360690452;12.686076213883;7254
-5.73800166666667;48.6650016666667;7.62256360690452;12.686076213883;7266
-5.73711166666667;48.6660833333333;7.40000009536743;12.8171761411909;7282
-5.73687333333333;48.666385;7.34999990463257;12.73057327045;7288
-5.73677666666667;48.666505;7.34999990463257;12.73057327045;7294
-5.73625333333333;48.6671633333333;7.40000009536743;12.8171761411909;7301
-5.73600833333333;48.6674683333333;7.40000009536743;12.8171761411909;7306
-5.73572;48.6678316666667;7.34999990463257;12.73057327045;7315
-5.73542666666667;48.6681933333333;7.34999990463257;12.73057327045;7320
-5.73485333333333;48.6689216666667;7.34999990463257;12.73057327045;7330
-5.73451666666667;48.6693433333333;7.57105960294208;12.6003591568294;7339
-5.73397666666667;48.6700116666667;7.40000009536743;12.8171761411909;7348
-5.73369666666667;48.6703766666667;7.57105960294208;12.6003591568294;7353
-5.73335333333333;48.670795;7.57105960294208;12.6003591568294;7360
-5.73252333333333;48.6718166666667;7.34999990463257;12.73057327045;7377
-5.73217333333333;48.6722366666667;7.34999990463257;12.73057327045;7387
-5.731595;48.672955;7.34999990463257;12.73057327045;7399
-5.73129833333333;48.6733116666667;7.34999990463257;12.73057327045;7405
-5.730765;48.6739666666667;7.34999990463257;12.73057327045;7414
-5.73042666666667;48.6743916666667;7.57105960294208;12.6003591568294;7429
-5.729885;48.6750516666667;7.34999990463257;12.73057327045;7434
-5.72924333333333;48.67584;7.34999990463257;12.73057327045;7447
-5.72865666666667;48.6765633333333;7.34999990463257;12.73057327045;7460
-5.72783333333333;48.6775916666667;7.57105960294208;12.6003591568294;7479
-5.72734;48.6781933333333;7.34999990463257;12.73057327045;7487
-5.726945;48.6786733333333;7.34999990463257;12.73057327045;7492
-5.72631166666667;48.6794533333333;7.34999990463257;12.73057327045;7506
-5.72606833333333;48.6797533333333;7.57105960294208;12.6003591568294;7511
-5.72572;48.68017;7.34999990463257;12.73057327045;7519
-5.72512833333333;48.680885;7.34999990463257;12.73057327045;7530
-5.72488666666667;48.68118;7.30000019073486;12.6439712256153;7540
-5.72429833333333;48.68189;7.34999990463257;12.73057327045;7547
-5.72400333333333;48.6822466666667;7.34999990463257;12.73057327045;7554
-5.72366833333333;48.6826666666667;7.30000019073486;12.6439712256153;7560
-5.72338333333333;48.68303;7.30000019073486;12.6439712256153;7567
-5.723145;48.68333;7.30000019073486;12.6439712256153;7573
-5.72222333333333;48.6844566666667;7.30000019073486;12.6439712256153;7590
-5.721985;48.6847583333333;7.51955609015822;12.5146429172342;7597
-5.721645;48.6851766666667;7.51955609015822;12.5146429172342;7605
-5.72110166666667;48.6858283333333;7.30000019073486;12.6439712256153;7615
-5.72045833333333;48.6865983333333;7.30000019073486;12.6439712256153;7627
-5.71987333333333;48.6873133333333;7.51955609015822;12.5146429172342;7641
-5.719285;48.688045;7.30000019073486;12.6439712256153;7649
-5.719045;48.688345;7.30000019073486;12.6439712256153;7656
-5.71816666666667;48.6894116666667;7.51955609015822;12.5146429172342;7673
-5.71781833333333;48.6898216666667;7.51955609015822;12.5146429172342;7681
-5.71721666666667;48.6905233333333;7.30000019073486;12.6439712256153;7693
-5.71632333333333;48.69158;7.30000019073486;12.6439712256153;7708
-5.71548833333333;48.6925916666667;7.30000019073486;12.6439712256153;7726
-5.71519833333333;48.6929516666667;7.30000019073486;12.6439712256153;7731
-5.71455666666667;48.69372;7.30000019073486;12.6439712256153;7747
-5.71425833333333;48.694075;7.30000019073486;12.6439712256153;7753
-5.71368166666667;48.6947883333333;7.25;12.5573683548744;7765
-5.71339166666667;48.6951433333333;7.30000019073486;12.6439712256153;7770
-5.71285166666667;48.6957883333333;7.25;12.5573683548744;7780
-5.71236333333333;48.6963816666667;7.25;12.5573683548744;7791
-5.71193166666667;48.6969133333333;7.25;12.5573683548744;7798
-5.71163833333333;48.69727;7.25;12.5573683548744;7807
-5.71108833333333;48.6979166666667;7.25;12.5573683548744;7816
-5.71074166666667;48.6983283333333;7.25;12.5573683548744;7822
-5.71045;48.6986783333333;7.25;12.5573683548744;7827
-5.70961833333333;48.6996783333333;7.25;12.5573683548744;7846
-5.70871;48.7008066666667;7.46805208619578;12.4289258601806;7864
-5.708415;48.7011583333333;7.46805208619578;12.4289258601806;7870
-5.70816666666667;48.7014516666667;7.46805208619578;12.4289258601806;7875
-5.707815;48.7018583333333;7.25;12.5573683548744;7881
-5.70727666666667;48.7025116666667;7.46805208619578;12.4289258601806;7897
-5.70668;48.7032183333333;7.25;12.5573683548744;7907
-5.70604833333333;48.7039883333333;7.25;12.5573683548744;7917
-5.70668;48.7032183333333;7.25;12.5573683548744;7926
-5.704585;48.705765;7.25;12.5573683548744;7948
-5.70406666666667;48.706415;7.19999980926514;12.4707654841334;7959
-5.70318;48.70747;6.98125834660706;12.5945234491664;7977
-5.70284333333333;48.707885;7.02973949357189;12.6819857535212;7987
-5.70198666666667;48.70895;7.19999980926514;12.4707654841334;8002
-5.70175;48.70925;7.25;12.5573683548744;8007
-5.701465;48.7096066666667;7.25;12.5573683548744;8014
-5.70088833333333;48.7103116666667;7.41654808223335;12.343208803127;8026
-5.70054;48.710715;7.19999980926514;12.4707654841334;8031
-5.700295;48.7110083333333;7.19999980926514;12.4707654841334;8037
-5.69941;48.7120516666667;7.19999980926514;12.4707654841334;8060
-5.69882166666667;48.71275;7.19999980926514;12.4707654841334;8067
-5.69853666666667;48.7131;7.19999980926514;12.4707654841334;8074
-5.69825166666667;48.7134533333333;7.19999980926514;12.4707654841334;8080
-5.69761;48.7142066666667;7.19999980926514;12.4707654841334;8097
-5.696475;48.7155433333333;6.98125834660706;12.5945234491664;8117
-5.69590833333333;48.7162483333333;7.19999980926514;12.4707654841334;8127
-5.69561666666667;48.7165983333333;7.19999980926514;12.4707654841334;8133
-5.69531833333333;48.7169466666667;7.19999980926514;12.4707654841334;8139
-5.69502333333333;48.7172933333333;7.19999980926514;12.4707654841334;8150
-5.69442833333333;48.7179883333333;7.19999980926514;12.4707654841334;8156
-5.69348;48.7190883333333;7.19999980926514;12.4707654841334;8181
-5.69293833333333;48.7197316666667;7.41654808223335;12.343208803127;8188
-5.69264;48.7200783333333;7.41654808223335;12.343208803127;8196
-5.692335;48.7204216666667;7.19999980926514;12.4707654841334;8204
-5.690205;48.7229133333333;7.15000009536743;12.3841634392987;8245
-5.68995333333333;48.7232033333333;7.19999980926514;12.4707654841334;8250
-5.68960833333333;48.723615;7.19999980926514;12.4707654841334;8256
-5.68936833333333;48.7239066666667;7.19999980926514;12.4707654841334;8262
-5.68908333333333;48.724255;7.15000009536743;12.3841634392987;8270
-5.688745;48.724665;7.41654808223335;12.343208803127;8275
-5.68788166666667;48.72564;7.15000009536743;12.3841634392987;8290
-5.68752166666667;48.7260383333333;7.19999980926514;12.4707654841334;8297
-5.68697833333333;48.72667;7.15000009536743;12.3841634392987;8308
-5.68663166666667;48.7270733333333;7.15000009536743;12.3841634392987;8316
-5.68610833333333;48.7277283333333;7.36504456944949;12.2574925635319;8325
-5.68578166666667;48.7281333333333;7.99645862628926;11.8552374456635;8335
-5.685205;48.7288366666667;9.06221339105098;11.1909015485227;8346
-5.68477833333333;48.7292833333333;9.56856779855821;10.6269711460704;8353
-5.684375;48.7296583333333;9.68437658280661;10.3852224234976;8359
-5.68388;48.7300733333333;9.86414872802219;10.2146250276057;8367
-5.68375333333333;48.7301783333333;9.794683288463;10.1426914591813;8374
-5.682725;48.7309933333333;10.1426914591813;9.794683288463;8385
-5.68226;48.7313366666667;10.1426914591813;9.794683288463;8399
-5.68145166666667;48.7319066666667;10.3120874718196;9.61617713704296;8408
-5.68063333333333;48.7324733333333;10.5526563800354;9.50165448266925;8416
-5.67986333333333;48.732985;10.5526563800354;9.50165448266925;8428
-5.67856333333333;48.7338066666667;10.2146250276057;9.86414872802219;8445
-5.67805166666667;48.7341183333333;10.0409161579791;10.0409161579791;8456
-5.67726833333333;48.734625;9.68437658280661;10.3852224234976;8466
-5.67638333333333;48.7352433333333;9.25043255903281;10.6414053690399;8476
-5.67521;48.736125;9.25043255903281;10.6414053690399;8494
-5.67449333333333;48.7366716666667;9.06330554178422;10.8012269402004;8505
-5.67368666666667;48.7373216666667;9.43474180491297;10.4783423227185;8518
-5.67255833333333;48.7382316666667;9.72521718642596;10.0707572047411;8540
-5.67183833333333;48.7387783333333;10.0409161579791;10.0409161579791;8550
-5.67065166666667;48.7396583333333;10.7168758952139;9.31603808653187;8566
-5.67017;48.739995;10.9544356827128;9.19186294111952;8572
-5.66975166666667;48.7402783333333;11.0354725044602;8.93634943287435;8579
-5.66896166666667;48.7407816666667;11.3406240903439;8.54577321397198;8594
-5.66843833333333;48.74109;11.5689431738695;8.40532921989351;8600
-5.66798833333333;48.741345;11.6319588726628;8.14478528678383;8607
-5.66707;48.7418483333333;11.7138743895734;8.20214314922098;8615
-5.66699166666667;48.74189;11.8552374456635;7.99645862628926;8620
-5.66621;48.7423083333333;11.8552374456635;7.99645862628926;8629
-5.66566;48.7425966666667;11.9929892815833;7.78833830459654;8637
-5.664775;48.7430366666667;11.9929892815833;7.78833830459654;8645
-5.66323833333333;48.7437866666667;12.2574925635319;7.36504456944949;8669
-5.66183833333333;48.7444316666667;12.343208803127;7.41654808223335;8679
-5.66076;48.7449266666667;12.343208803127;7.41654808223335;8691
-5.66026166666667;48.7451566666667;12.4289258601806;7.46805208619579;8701
-5.65984666666667;48.7453466666667;12.343208803127;7.41654808223335;8707
-5.65875;48.74583;12.4289258601806;7.46805208619579;8715
-5.658245;48.7460566666667;12.4289258601806;7.46805208619579;8723
-5.657245;48.7465116666667;12.343208803127;7.41654808223335;8737
-5.65531166666667;48.7473783333333;12.2966973942682;7.68382933138147;8757
-5.65480833333333;48.7476066666667;12.2966973942682;7.68382933138147;8773
-5.65323333333333;48.7483416666667;12.4289258601806;7.46805208619579;8787
-5.65223666666667;48.748805;12.4289258601806;7.46805208619579;8794
-5.65182166666667;48.7489983333333;12.5573683548744;7.25;8800
-5.65132166666667;48.7492266666667;12.5573683548744;7.25;8809
-5.64980333333333;48.7499;12.5573683548744;7.25;8824
-5.64929333333333;48.7501166666667;12.5573683548744;7.25;8831
-5.64878666666667;48.7503433333333;12.5573683548744;7.25;8837
-5.64625833333333;48.7514666666667;12.5573683548744;7.25;8867
-5.64566833333333;48.7517283333333;12.4289258601806;7.46805208619579;8875
-5.64525;48.7519166666667;12.4289258601806;7.46805208619579;8883
-5.64425333333333;48.7523733333333;12.5573683548744;7.25;8890
-5.64375166666667;48.7526016666667;12.5573683548744;7.25;8904
-5.64224833333333;48.7532783333333;12.4707654841334;7.19999980926514;8914
-5.64174833333333;48.7535083333333;12.5573683548744;7.25;8920
-5.64066666666667;48.7540016666667;12.5945234491664;6.98125834660706;8936
-5.64024666666667;48.7541916666667;12.5945234491664;6.98125834660706;8941
-5.63923;48.7546383333333;12.4707654841334;7.19999980926514;8950
-5.638895;48.7547883333333;12.4707654841334;7.19999980926514;8956
-5.63813666666667;48.7551333333333;12.6819857535212;7.02973949357189;8964
-5.63671166666667;48.7557583333333;12.4707654841334;7.19999980926514;8980
-5.63620333333333;48.75598;12.4707654841334;7.19999980926514;8991
-5.634685;48.7566416666667;12.4707654841334;7.19999980926514;9004
-5.63418;48.756865;12.4707654841334;7.19999980926514;9010
-5.63367;48.7570833333333;12.343208803127;7.41654808223335;9019
-5.63217333333333;48.7577616666667;12.2118922611479;7.63083720280999;9037
-5.63119333333333;48.7582333333333;12.2118922611479;7.63083720280999;9047
-5.63062833333333;48.758505;12.2574925635319;7.36504456944949;9052
-5.629645;48.75898;12.343208803127;7.41654808223335;9064
-5.62923333333333;48.7591766666667;12.343208803127;7.41654808223335;9070
-5.62775833333333;48.75987;12.343208803127;7.41654808223335;9088
-5.62718666666667;48.7601433333333;12.3841634392987;7.15000009536743;9100
-5.62629333333333;48.760565;12.5945234491664;6.98125834660706;9108
-5.625285;48.761015;12.5070619789138;6.93277766199272;9116
-5.6247;48.7612716666667;12.3841634392987;7.15000009536743;9124
-5.62428;48.7614533333333;12.3841634392987;7.15000009536743;9130
-5.62378;48.761675;12.2574925635319;7.36504456944949;9136
-5.62329166666667;48.7619016666667;12.2574925635319;7.36504456944949;9142
-5.62183;48.7626;12.2574925635319;7.36504456944949;9160
-5.62084;48.7630666666667;12.3841634392987;7.15000009536743;9174
-5.61978;48.7635683333333;12.4707654841334;7.19999980926514;9184
-5.619375;48.7637616666667;12.5945234491664;6.98125834660706;9189
-5.61839166666667;48.764205;12.4195996745589;6.88429651502789;9203
-5.61730166666667;48.7646833333333;12.4707654841334;7.19999980926514;9217
-5.61640333333333;48.7650983333333;12.2975605685578;7.09999990463257;9229
-5.61482666666667;48.7658083333333;12.3841634392987;7.15000009536743;9244
-5.61408666666667;48.76615;12.2574925635319;7.36504456944949;9255
-5.61236833333333;48.7669533333333;12.3841634392987;7.15000009536743;9274
-5.611955;48.7671433333333;12.3841634392987;7.15000009536743;9279
-5.61097166666667;48.7675916666667;12.2574925635319;7.36504456944949;9296
-5.60991666666667;48.7681;12.3841634392987;7.15000009536743;9305
-5.60951;48.7682933333333;12.4707654841334;7.19999980926514;9313
-5.60934666666667;48.7683683333333;12.3841634392987;7.15000009536743;9319
-5.60795333333333;48.7690183333333;12.2574925635319;7.36504456944949;9328
-5.60706;48.76945;12.3841634392987;7.15000009536743;9339
-5.60657333333333;48.7696833333333;12.3841634392987;7.15000009536743;9345
-5.606085;48.7699183333333;12.3841634392987;7.15000009536743;9355
-5.60501666666667;48.7704183333333;12.3841634392987;7.15000009536743;9367
-5.60412;48.7708483333333;12.5070619789138;6.93277766199272;9377
-5.60304;48.771345;12.3841634392987;7.15000009536743;9389
-5.60254333333333;48.77157;12.3841634392987;7.15000009536743;9399
-5.600555;48.7724866666667;12.3841634392987;7.15000009536743;9417
-5.600055;48.772715;12.5070619789138;6.93277766199272;9429
-5.59906333333333;48.7731783333333;12.7144450003508;6.76039032502764;9436
-5.59864833333333;48.773365;12.6261507462915;6.71344343738283;9442
-5.59762833333333;48.7738016666667;12.5945234491664;6.98125834660706;9453
-5.59679;48.7741666666667;12.3841634392987;7.15000009536743;9467
-5.59612833333333;48.7744666666667;12.3841634392987;7.15000009536743;9475
-5.59679;48.7741666666667;12.3841634392987;7.15000009536743;9487
-5.594655;48.7751583333333;12.3841634392987;7.15000009536743;9496
-5.59120833333333;48.7767616666667;12.4707654841334;7.19999980926514;9535
-5.59063;48.7770316666667;12.4707654841334;7.19999980926514;9541
-5.58972333333333;48.7774483333333;12.3841634392987;7.15000009536743;9550
-5.58824166666667;48.77814;12.4707654841334;7.19999980926514;9569
-5.58775;48.7783716666667;12.3841634392987;7.15000009536743;9574
-5.587255;48.7785983333333;12.3841634392987;7.15000009536743;9583
-5.58659833333333;48.778905;12.3841634392987;7.15000009536743;9594
-5.58522;48.7795666666667;12.3841634392987;7.15000009536743;9607
-5.58383333333333;48.780215;12.3841634392987;7.15000009536743;9621
-5.582365;48.7809133333333;12.3841634392987;7.15000009536743;9639
-5.58187333333333;48.7811383333333;12.3841634392987;7.15000009536743;9645
-5.58138166666667;48.7813733333333;12.3841634392987;7.15000009536743;9652
-5.58032333333333;48.7818833333333;12.5945234491664;6.98125834660706;9664
-5.579915;48.7820716666667;12.6261507462915;6.71344343738283;9670
-5.57934166666667;48.7823433333333;12.7144450003508;6.76039032502764;9679
-5.57783833333333;48.7830083333333;12.7413934658397;6.49206423286734;9695
-5.57639833333333;48.783625;12.8304936084205;6.53746302306584;9711
-5.57589333333333;48.78384;12.7413934658397;6.49206423286734;9718
-5.573855;48.7847;12.7413934658397;6.49206423286734;9745
-5.57351666666667;48.7848416666667;12.7413934658397;6.49206423286734;9755
-5.57129833333333;48.7857666666667;12.9426339238453;6.31254434653739;9773
-5.57018666666667;48.786225;12.7413934658397;6.49206423286734;9786
-5.56874333333333;48.78684;12.8304936084205;6.53746302306584;9801
-5.56823666666667;48.7870566666667;12.7413934658397;6.49206423286734;9811
-5.56722833333333;48.787485;12.8304936084205;6.53746302306584;9822
-5.56511166666667;48.788385;12.8304936084205;6.53746302306584;9844
-5.56459833333333;48.7885966666667;12.8304936084205;6.53746302306584;9857
-5.56314833333333;48.78921;12.8304936084205;6.53746302306584;9870
-5.56212166666667;48.7896316666667;12.8304936084205;6.53746302306584;9882
-5.56058666666667;48.7902783333333;12.8304936084205;6.53746302306584;9897
-5.55999666666667;48.7905316666667;12.8304936084205;6.53746302306584;9904
-5.55948833333333;48.7907516666667;12.8304936084205;6.53746302306584;9913
-5.55854666666667;48.7911433333333;12.8304936084205;6.53746302306584;9921
-5.557005;48.7917816666667;12.8304936084205;6.53746302306584;9941
-5.55640666666667;48.7920316666667;12.9426339238453;6.31254434653739;9947
-5.55546833333333;48.7924283333333;12.9426339238453;6.31254434653739;9958
-5.554865;48.79267;12.8304936084205;6.53746302306584;9968
-5.55391833333333;48.7930483333333;12.8304936084205;6.53746302306584;9980
-5.55289666666667;48.79348;12.8304936084205;6.53746302306584;9990
-5.55230166666667;48.7937333333333;12.8304936084205;6.53746302306584;9995
-5.55187333333333;48.7939033333333;12.8304936084205;6.53746302306584;10001
-5.55084333333333;48.7943183333333;12.8304936084205;6.53746302306584;10011
-5.55033166666667;48.7945333333333;12.8304936084205;6.53746302306584;10017
-5.54973833333333;48.79478;12.8304936084205;6.53746302306584;10024
-5.54931666666667;48.7949633333333;12.8304936084205;6.53746302306584;10029
-5.54829166666667;48.795385;12.8304936084205;6.53746302306584;10042
-5.54777833333333;48.79559;12.7413934658397;6.49206423286734;10047
-5.547175;48.7958333333333;12.8304936084205;6.53746302306584;10055
-5.54674666666667;48.7960116666667;12.8304936084205;6.53746302306584;10062
-5.54572333333333;48.7964383333333;12.8304936084205;6.53746302306584;10073
-5.54409166666667;48.7971133333333;12.8304936084205;6.53746302306584;10089
-5.54366333333333;48.7972933333333;12.8304936084205;6.53746302306584;10097
-5.54314666666667;48.7975033333333;12.8304936084205;6.53746302306584;10109
-5.54204;48.7979666666667;12.8304936084205;6.53746302306584;10115
-5.54058166666667;48.79855;12.8304936084205;6.53746302306584;10137
-5.53895833333333;48.799215;12.8304936084205;6.53746302306584;10149
-5.53741333333333;48.7998516666667;12.8304936084205;6.53746302306584;10168
-5.53689833333333;48.8000683333333;12.8304936084205;6.53746302306584;10175
-5.53647166666667;48.8002483333333;12.8304936084205;6.53746302306584;10180
-5.53544333333333;48.8006716666667;12.8304936084205;6.53746302306584;10195
-5.53483833333333;48.8009166666667;12.8304936084205;6.53746302306584;10207
-5.533805;48.8013333333333;12.8304936084205;6.53746302306584;10212
-5.53329;48.80155;12.8304936084205;6.53746302306584;10217
-5.532265;48.8019833333333;13.0325136713379;6.35638162844162;10227
-5.53027166666667;48.8027716666667;12.8304936084205;6.53746302306584;10251
-5.52967333333333;48.8030233333333;12.8304936084205;6.53746302306584;10259
-5.52864166666667;48.8034466666667;12.8304936084205;6.53746302306584;10270
-5.52812333333333;48.8036583333333;12.9426339238453;6.31254434653739;10275
-5.527695;48.8038333333333;12.8304936084205;6.53746302306584;10282
-5.52709333333333;48.80408;12.8304936084205;6.53746302306584;10289
-5.526145;48.8044633333333;12.7144450003508;6.76039032502764;10303
-5.525115;48.80489;12.8304936084205;6.53746302306584;10311
-5.52349166666667;48.80557;12.8304936084205;6.53746302306584;10335
-5.52254333333333;48.8059633333333;12.8304936084205;6.53746302306584;10347
-5.52141833333333;48.8064166666667;12.8304936084205;6.53746302306584;10354
-5.52099333333333;48.806595;12.9195946007313;6.58286224622343;10359
-5.52039;48.8068433333333;12.8304936084205;6.53746302306584;10365
-5.51996333333333;48.8070233333333;12.8304936084205;6.53746302306584;10371
-5.51935666666667;48.807265;12.9195946007313;6.58286224622343;10381
-5.51831666666667;48.80768;12.7144450003508;6.76039032502764;10390
-5.51780166666667;48.8078916666667;12.7144450003508;6.76039032502764;10397
-5.51635666666667;48.8084983333333;12.8304936084205;6.53746302306584;10414
-5.51480333333333;48.8091316666667;13.0325136713379;6.35638162844162;10434
-5.5142;48.8093716666667;12.9426339238453;6.31254434653739;10442
-5.51315;48.809775;12.9195946007313;6.58286224622343;10450
-5.51159833333333;48.8104083333333;12.8304936084205;6.53746302306584;10469
-5.51116166666667;48.8105816666667;12.8304936084205;6.53746302306584;10476
-5.51064;48.81079;12.9195946007313;6.58286224622343;10484
-5.50900166666667;48.8114583333333;12.9195946007313;6.58286224622343;10501
-5.50638833333333;48.81249;12.9195946007313;6.58286224622343;10528
-5.50544666666667;48.8128766666667;12.8304936084205;6.53746302306584;10540
-5.50441166666667;48.8133033333333;13.0325136713379;6.35638162844162;10551
-5.50337;48.8137133333333;12.9426339238453;6.31254434653739;10563
-5.50275333333333;48.8139533333333;13.0325136713379;6.35638162844162;10569
-5.50021833333333;48.8149416666667;12.8027400964544;6.80733766039542;10600
-5.49661666666667;48.8164233333333;12.6819857535212;7.02973949357189;10642
-5.49559166666667;48.816855;12.5945234491664;6.98125834660706;10655
-5.49447833333333;48.8173266666667;12.6819857535212;7.02973949357189;10668
-5.493715;48.8176566666667;12.5945234491664;6.98125834660706;10682
-5.491995;48.8183866666667;12.6819857535212;7.02973949357189;10696
-5.49140666666667;48.8186416666667;12.5945234491664;6.98125834660706;10705
-5.49090166666667;48.81886;12.5945234491664;6.98125834660706;10713
-5.489355;48.8195183333333;12.6819857535212;7.02973949357189;10729
-5.48832833333333;48.8199516666667;12.6819857535212;7.02973949357189;10741
-5.489355;48.8195183333333;12.6819857535212;7.02973949357189;10746
-5.48687833333333;48.8205683333333;12.5945234491664;6.98125834660706;10758
-5.48576166666667;48.8210416666667;12.6819857535212;7.02973949357189;10772
-5.48423;48.821695;12.6819857535212;7.02973949357189;10790
-5.482705;48.8223466666667;12.5945234491664;6.98125834660706;10804
-5.48219166666667;48.822565;12.6819857535212;7.02973949357189;10810
-5.481765;48.82275;12.6819857535212;7.02973949357189;10815
-5.480655;48.82322;12.5945234491664;6.98125834660706;10830
-5.48022833333333;48.8234016666667;12.5945234491664;6.98125834660706;10837
-5.47911;48.8238716666667;12.5945234491664;6.98125834660706;10852
-5.47757;48.8245266666667;12.6819857535212;7.02973949357189;10867
-5.476635;48.82493;12.6819857535212;7.02973949357189;10876
-5.47603666666667;48.8251833333333;12.6819857535212;7.02973949357189;10887
-5.47501;48.8256216666667;12.6819857535212;7.02973949357189;10900
-5.47399;48.826055;12.5945234491664;6.98125834660706;10908
-5.47356;48.826235;12.6819857535212;7.02973949357189;10916
-5.471505;48.8270983333333;12.6819857535212;7.02973949357189;10941
-5.47048666666667;48.8275316666667;12.6819857535212;7.02973949357189;10950
-5.46997333333333;48.8277483333333;12.6819857535212;7.02973949357189;10957
-5.46885666666667;48.8282183333333;12.6819857535212;7.02973949357189;10966
-5.46843166666667;48.8283983333333;12.6819857535212;7.02973949357189;10976
-5.46732333333333;48.8288716666667;12.6819857535212;7.02973949357189;10990
-5.46637833333333;48.8292716666667;12.6819857535212;7.02973949357189;10995
-5.46577666666667;48.829525;12.6819857535212;7.02973949357189;11008
-5.46483666666667;48.8299216666667;12.6819857535212;7.02973949357189;11017
-5.46432333333333;48.83014;12.6819857535212;7.02973949357189;11026
-5.46329166666667;48.8305716666667;12.6819857535212;7.02973949357189;11033
-5.46217333333333;48.8310366666667;12.6819857535212;7.02973949357189;11045
-5.461655;48.83125;12.6819857535212;7.02973949357189;11052
-5.46122833333333;48.8314266666667;12.6819857535212;7.02973949357189;11058
-5.46063166666667;48.831675;12.6819857535212;7.02973949357189;11063
-5.4602;48.8318533333333;12.6819857535212;7.02973949357189;11070
-5.459685;48.8320666666667;12.6819857535212;7.02973949357189;11076
-5.45916666666667;48.8322866666667;12.6819857535212;7.02973949357189;11083
-5.458565;48.8325383333333;12.6819857535212;7.02973949357189;11090
-5.45753333333333;48.8329633333333;12.6819857535212;7.02973949357189;11098
-5.45702;48.83318;12.6819857535212;7.02973949357189;11110
-5.45505166666667;48.8340083333333;12.6819857535212;7.02973949357189;11131
-5.45402333333333;48.834435;12.6819857535212;7.02973949357189;11139
-5.45342333333333;48.834685;12.6819857535212;7.02973949357189;11150
-5.45238833333333;48.8351133333333;12.6819857535212;7.02973949357189;11160
-5.45135833333333;48.83554;12.6819857535212;7.02973949357189;11171
-5.45093166666667;48.8357183333333;12.5945234491664;6.98125834660706;11180
-5.44988666666667;48.8361466666667;12.6819857535212;7.02973949357189;11188
-5.44884833333333;48.8365683333333;12.6819857535212;7.02973949357189;11203
-5.44832833333333;48.83678;12.8027400964544;6.80733766039542;11210
-5.44720166666667;48.8372366666667;12.8027400964544;6.80733766039542;11220
-5.44615666666667;48.8376566666667;12.8027400964544;6.80733766039542;11230
-5.44511333333333;48.838075;12.8027400964544;6.80733766039542;11242
-5.444675;48.83825;12.8027400964544;6.80733766039542;11248
-5.44415333333333;48.83846;12.8027400964544;6.80733766039542;11253
-5.44363;48.838665;12.8027400964544;6.80733766039542;11260
-5.44311;48.838875;12.8027400964544;6.80733766039542;11265
-5.44258333333333;48.83908;12.8027400964544;6.80733766039542;11274
-5.44197333333333;48.8393266666667;12.8027400964544;6.80733766039542;11279
-5.44145;48.8395383333333;12.8027400964544;6.80733766039542;11284
-5.44092;48.8397416666667;12.8027400964544;6.80733766039542;11290
-5.44047666666667;48.8399116666667;12.8027400964544;6.80733766039542;11300
-5.43942333333333;48.8403266666667;12.8027400964544;6.80733766039542;11308
-5.438895;48.840535;12.8027400964544;6.80733766039542;11318
-5.43837;48.8407416666667;12.8027400964544;6.80733766039542;11326
-5.43679666666667;48.841355;12.8027400964544;6.80733766039542;11336
-5.43618666666667;48.841595;12.8027400964544;6.80733766039542;11347
-5.434615;48.84221;12.7144450003508;6.76039032502764;11363
-5.41326166666667;48.85069;12.6819857535212;7.02973949357189;11607
-5.411695;48.8513083333333;12.6819857535212;7.02973949357189;11625
-5.41109;48.85155;12.6819857535212;7.02973949357189;11635
-5.40961;48.8521433333333;12.6819857535212;7.02973949357189;11650
-5.40926333333333;48.8522833333333;12.6819857535212;7.02973949357189;11657
-5.40848166666667;48.8526016666667;12.6819857535212;7.02973949357189;11668
-5.40753333333333;48.8529833333333;12.5945234491664;6.98125834660706;11679
-5.40588166666667;48.8536516666667;12.6819857535212;7.02973949357189;11698
-5.40492333333333;48.85404;12.6819857535212;7.02973949357189;11704
-5.404405;48.8542483333333;12.6819857535212;7.02973949357189;11713
-5.40335;48.85468;12.6819857535212;7.02973949357189;11727
-5.401785;48.8553;12.6819857535212;7.02973949357189;11740
-5.40021666666667;48.8559216666667;12.5945234491664;6.98125834660706;11758
-5.39969166666667;48.8561333333333;12.6819857535212;7.02973949357189;11764
-5.39812833333333;48.8567633333333;12.5945234491664;6.98125834660706;11781
-5.397605;48.8569683333333;12.6819857535212;7.02973949357189;11787
-5.39708333333333;48.8571733333333;12.6819857535212;7.02973949357189;11795
-5.395435;48.85783;12.6819857535212;7.02973949357189;11816
-5.39448166666667;48.85821;12.6819857535212;7.02973949357189;11826
-5.39334833333333;48.858655;12.6819857535212;7.02973949357189;11836
-5.39291333333333;48.85883;12.6819857535212;7.02973949357189;11842
-5.39239166666667;48.859035;12.5945234491664;6.98125834660706;11853
-5.39134166666667;48.85945;12.8027400964544;6.80733766039542;11859
-5.39073333333333;48.8596916666667;12.8027400964544;6.80733766039542;11872
-5.38925;48.8602683333333;12.8027400964544;6.80733766039542;11884
-5.38872833333333;48.8604733333333;12.8027400964544;6.80733766039542;11890
-5.38811833333333;48.8607116666667;12.7144450003508;6.76039032502764;11896
-5.38768;48.8608833333333;12.6819857535212;7.02973949357189;11907
-5.38663166666667;48.8612916666667;12.5945234491664;6.98125834660706;11918
-5.38550166666667;48.8617333333333;12.5945234491664;6.98125834660706;11930
-5.38402833333333;48.8623166666667;12.5945234491664;6.98125834660706;11947
-5.38246166666667;48.8629333333333;12.5945234491664;6.98125834660706;11965
-5.38194333333333;48.863135;12.5945234491664;6.98125834660706;11970
-5.38090166666667;48.8635433333333;12.5945234491664;6.98125834660706;11979
-5.38029166666667;48.86378;12.5945234491664;6.98125834660706;11985
-5.37985833333333;48.8639483333333;12.5945234491664;6.98125834660706;11995
-5.37881;48.8643583333333;12.5945234491664;6.98125834660706;12007
-5.37793333333333;48.8647016666667;12.5945234491664;6.98125834660706;12021
-5.37670166666667;48.8651916666667;12.5945234491664;6.98125834660706;12029
-5.37618333333333;48.8653916666667;12.5945234491664;6.98125834660706;12035
-5.375665;48.8655916666667;12.5945234491664;6.98125834660706;12045
-5.37410666666667;48.8662;12.5945234491664;6.98125834660706;12057
-5.37306333333333;48.86661;12.5945234491664;6.98125834660706;12073
-5.37201166666667;48.867025;12.5945234491664;6.98125834660706;12087
-5.370965;48.8674383333333;12.5945234491664;6.98125834660706;12093
-5.37043833333333;48.867645;12.7144450003508;6.76039032502764;12100
-5.36834833333333;48.8684583333333;12.5945234491664;6.98125834660706;12124
-5.36782333333333;48.86866;12.5945234491664;6.98125834660706;12129
-5.36729833333333;48.8688683333333;12.5945234491664;6.98125834660706;12136
-5.36573833333333;48.8694733333333;12.7144450003508;6.76039032502764;12154
-5.36522;48.8696733333333;12.7144450003508;6.76039032502764;12160
-5.36364666666667;48.8702816666667;12.5945234491664;6.98125834660706;12177
-5.36312166666667;48.8704866666667;12.5945234491664;6.98125834660706;12184
-5.36251666666667;48.87072;12.5945234491664;6.98125834660706;12190
-5.360955;48.87133;12.5945234491664;6.98125834660706;12210
-5.36000333333333;48.87171;12.5945234491664;6.98125834660706;12218
-5.35939833333333;48.8719533333333;12.5945234491664;6.98125834660706;12228
-5.35792666666667;48.8725383333333;12.5945234491664;6.98125834660706;12247
-5.35705833333333;48.8728833333333;12.5945234491664;6.98125834660706;12257
-5.35532666666667;48.8735683333333;12.6261507462915;6.71344343738283;12274
-5.35479666666667;48.873775;12.7144450003508;6.76039032502764;12280
-5.35375666666667;48.8741716666667;12.6261507462915;6.71344343738283;12295
-5.35270833333333;48.87457;12.6261507462915;6.71344343738283;12304
-5.35165166666667;48.8749616666667;12.6261507462915;6.71344343738283;12315
-5.35129833333333;48.8750933333333;12.6261507462915;6.71344343738283;12323
-5.34954333333333;48.8757433333333;12.6261507462915;6.71344343738283;12340
-5.34850166666667;48.87614;12.6261507462915;6.71344343738283;12356
-5.34640333333333;48.8769366666667;12.5070619789138;6.93277766199272;12375
-5.345875;48.877135;12.5070619789138;6.93277766199272;12382
-5.34526666666667;48.8773633333333;12.5070619789138;6.93277766199272;12390
-5.34431166666667;48.87773;12.5070619789138;6.93277766199272;12400
-5.34327166666667;48.8781216666667;12.5070619789138;6.93277766199272;12416
-5.342235;48.87852;12.5070619789138;6.93277766199272;12424
-5.33701166666667;48.8805483333333;12.5070619789138;6.93277766199272;12484
-5.32708833333333;48.8843533333333;12.4195996745589;6.88429651502789;12599
-5.32293666666667;48.8859966666667;12.3321382043064;6.83581583041355;12646
-5.32243166666667;48.8861933333333;12.4195996745589;6.88429651502789;12652
-5.32192333333333;48.8863933333333;12.4195996745589;6.88429651502789;12660
-5.31997333333333;48.887175;12.3321382043064;6.83581583041355;12682
-5.31736333333333;48.8882366666667;12.3321382043064;6.83581583041355;12718
-5.31583666666667;48.8888466666667;12.3321382043064;6.83581583041355;12730
-5.31533;48.8890533333333;12.4495613961286;6.61954921437025;12736
-5.31490166666667;48.8892233333333;12.4495613961286;6.61954921437025;12742
-5.31473166666667;48.8892916666667;12.361266300025;6.57260187900247;12748
-5.31378666666667;48.88967;12.4495613961286;6.61954921437025;12756
-5.31226166666667;48.8902666666667;12.4495613961286;6.61954921437025;12776
-5.31131166666667;48.8906316666667;12.4495613961286;6.61954921437025;12784
-5.3107;48.8908633333333;12.4495613961286;6.61954921437025;12790
-5.309755;48.8912183333333;12.4495613961286;6.61954921437025;12803
-5.30820166666667;48.8918133333333;12.361266300025;6.57260187900247;12820
-5.30760166666667;48.8920433333333;12.4495613961286;6.61954921437025;12826
-5.30708666666667;48.89224;12.4495613961286;6.61954921437025;12832
-5.306155;48.8925966666667;12.4495613961286;6.61954921437025;12847
-5.30462;48.8931866666667;12.4495613961286;6.61954921437025;12864
-5.30307333333333;48.8937816666667;12.4495613961286;6.61954921437025;12880
-5.30247;48.8940166666667;12.4495613961286;6.61954921437025;12887
-5.30143666666667;48.894415;12.4495613961286;6.61954921437025;12899
-5.29991333333333;48.895;12.4495613961286;6.61954921437025;12917
-5.29683666666667;48.8962083333333;12.4495613961286;6.61954921437025;12952
-5.29632833333333;48.8964033333333;12.4495613961286;6.61954921437025;12960
-5.29531;48.8968;12.4495613961286;6.61954921437025;12970
-5.2948;48.8970016666667;12.4495613961286;6.61954921437025;12979
-5.29325666666667;48.8975983333333;12.4495613961286;6.61954921437025;12994
-5.29180166666667;48.8981666666667;12.4495613961286;6.61954921437025;13012
-5.29119833333333;48.8983983333333;12.4495613961286;6.61954921437025;13019
-5.29077333333333;48.8985583333333;12.4495613961286;6.61954921437025;13028
-5.28813333333333;48.89958;12.3321382043064;6.83581583041355;13055
-5.28711333333333;48.8999883333333;12.3321382043064;6.83581583041355;13071
-5.28566833333333;48.9005633333333;12.3321382043064;6.83581583041355;13088
-5.284815;48.9009;12.3321382043064;6.83581583041355;13098
-5.284135;48.9011716666667;12.3321382043064;6.83581583041355;13105
-5.28362666666667;48.901375;12.3321382043064;6.83581583041355;13112
-5.28260666666667;48.9017733333333;12.3321382043064;6.83581583041355;13119
-5.282015;48.9020083333333;12.3321382043064;6.83581583041355;13131
-5.280995;48.9024166666667;12.2109585237231;7.05000019073487;13142
-5.279985;48.9028266666667;12.2109585237231;7.05000019073487;13152
-5.279475;48.903035;12.2109585237231;7.05000019073487;13160
-5.27803833333333;48.9036216666667;12.3321382043064;6.83581583041355;13175
-5.277525;48.9038316666667;12.3321382043064;6.83581583041355;13180
-5.27692666666667;48.9040783333333;12.3321382043064;6.83581583041355;13188
-5.27650333333333;48.9042466666667;12.3321382043064;6.83581583041355;13194
-5.27547666666667;48.9046516666667;12.3321382043064;6.83581583041355;13205
-5.274355;48.90509;12.3321382043064;6.83581583041355;13217
-5.27242;48.90585;12.3321382043064;6.83581583041355;13239
-5.271815;48.906085;12.4195996745589;6.88429651502789;13247
-5.27078;48.9064933333333;12.3321382043064;6.83581583041355;13258
-5.26974166666667;48.9068983333333;12.3321382043064;6.83581583041355;13270
-5.26870833333333;48.9073066666667;12.3321382043064;6.83581583041355;13285
-5.267795;48.9076616666667;12.3321382043064;6.83581583041355;13294
-5.26668;48.908095;12.3321382043064;6.83581583041355;13306
-5.265725;48.9084666666667;12.3321382043064;6.83581583041355;13318
-5.26520833333333;48.9086683333333;12.3321382043064;6.83581583041355;13328
-5.264095;48.9091016666667;12.2109585237231;7.05000019073487;13337
-5.26230166666667;48.90981;12.2109585237231;7.05000019073487;13362
-5.26154166666667;48.9101183333333;12.2975605685578;7.09999990463257;13370
-5.26061833333333;48.91049;12.2109585237231;7.05000019073487;13378
-5.26010333333333;48.910695;12.2109585237231;7.05000019073487;13385
-5.259505;48.9109366666667;12.2975605685578;7.09999990463257;13392
-5.25849;48.91135;12.2109585237231;7.05000019073487;13403
-5.25806666666667;48.911525;12.2109585237231;7.05000019073487;13409
-5.25646;48.9121783333333;12.2109585237231;7.05000019073487;13426
-5.25603666666667;48.9123516666667;12.2975605685578;7.09999990463257;13431
-5.25553;48.91256;12.2975605685578;7.09999990463257;13438
-5.25503166666667;48.912765;12.2975605685578;7.09999990463257;13444
-5.25444;48.9130033333333;12.2109585237231;7.05000019073487;13451
-5.25342;48.9134166666667;12.2975605685578;7.09999990463257;13463
-5.25240666666667;48.9138333333333;12.2109585237231;7.05000019073487;13475
-5.25138333333333;48.914255;12.2975605685578;7.09999990463257;13491
-5.25045166666667;48.91464;12.2975605685578;7.09999990463257;13497
-5.25011333333333;48.9147783333333;12.2975605685578;7.09999990463257;13505
-5.24884166666667;48.9153066666667;12.2975605685578;7.09999990463257;13517
-5.24782333333333;48.9157183333333;12.3841634392987;7.15000009536743;13526
-5.24730666666667;48.9159283333333;12.5070619789138;6.93277766199272;13534
-5.24687666666667;48.9161016666667;12.5070619789138;6.93277766199272;13541
-5.24627666666667;48.916345;12.4195996745589;6.88429651502789;13546
-5.24730666666667;48.9159283333333;12.5070619789138;6.93277766199272;13555
-5.24432166666667;48.91715;12.4195996745589;6.88429651502789;13570
-5.24373;48.91739;12.5070619789138;6.93277766199272;13576
-5.24271333333333;48.9178016666667;12.5070619789138;6.93277766199272;13588
-5.24220333333333;48.9180116666667;12.4195996745589;6.88429651502789;13595
-5.24177666666667;48.9181866666667;12.5070619789138;6.93277766199272;13601
-5.24075;48.9186116666667;12.5070619789138;6.93277766199272;13611
-5.23921166666667;48.9192383333333;12.5070619789138;6.93277766199272;13630
-5.23861;48.9194766666667;12.5070619789138;6.93277766199272;13636
-5.23818166666667;48.91965;12.5070619789138;6.93277766199272;13645
-5.23706333333333;48.9200966666667;12.5070619789138;6.93277766199272;13654
-5.236635;48.92027;12.5070619789138;6.93277766199272;13662
-5.23561333333333;48.920685;12.5070619789138;6.93277766199272;13671
-5.235015;48.9209266666667;12.5070619789138;6.93277766199272;13679
-5.23458666666667;48.9211016666667;12.5070619789138;6.93277766199272;13685
-5.23407666666667;48.9213116666667;12.5070619789138;6.93277766199272;13690
-5.23347833333333;48.9215533333333;12.5070619789138;6.93277766199272;13701
-5.23051;48.922785;12.3841634392987;7.15000009536743;13734
-5.22949166666667;48.9232033333333;12.3841634392987;7.15000009536743;13744
-5.22898;48.9234116666667;12.3841634392987;7.15000009536743;13749
-5.228385;48.9236583333333;12.5070619789138;6.93277766199272;13758
-5.22795666666667;48.9238316666667;12.3841634392987;7.15000009536743;13763
-5.22685;48.9242916666667;12.5070619789138;6.93277766199272;13774
-5.226425;48.9244666666667;12.5070619789138;6.93277766199272;13783
-5.22540166666667;48.9248916666667;12.5070619789138;6.93277766199272;13791
-5.22480666666667;48.9251383333333;12.4195996745589;6.88429651502789;13798
-5.22437833333333;48.9253133333333;12.4195996745589;6.88429651502789;13804
-5.223865;48.9255216666667;12.5070619789138;6.93277766199272;13810
-5.222845;48.9259416666667;12.4195996745589;6.88429651502789;13822
-5.22233833333333;48.9261533333333;12.4195996745589;6.88429651502789;13830
-5.220315;48.927;12.4195996745589;6.88429651502789;13852
-5.21879666666667;48.927635;12.3321382043064;6.83581583041355;13869
-5.21776;48.928065;12.5070619789138;6.93277766199272;13882
-5.21619666666667;48.9287033333333;12.5378556501879;6.66649610201506;13900
-5.21559333333333;48.9289466666667;12.5378556501879;6.66649610201506;13911
-5.21453666666667;48.92938;12.4495613961286;6.61954921437025;13925
-5.21362666666667;48.929745;12.5378556501879;6.66649610201506;13930
-5.21263833333333;48.9301316666667;12.3321382043064;6.83581583041355;13946
-5.20952166666667;48.9313616666667;12.3321382043064;6.83581583041355;13978
-5.209095;48.9315233333333;12.3321382043064;6.83581583041355;13984
-5.20807166666667;48.931915;12.3321382043064;6.83581583041355;13995
-5.20500833333333;48.933125;12.1243556529821;7;14032
-5.20450333333333;48.9333333333333;12.1243556529821;7;14044
-5.203325;48.9338116666667;12.1243556529821;7;14055
-5.20500833333333;48.933125;12.1243556529821;7;14060
-5.20197833333333;48.9343583333333;12.1243556529821;7;14066
-5.201395;48.9345933333333;12.0377527822412;6.94999980926514;14074
-5.200975;48.9347633333333;12.1243556529821;7;14080
-5.20039166666667;48.9350033333333;12.1243556529821;7;14086
-5.199975;48.9351733333333;12.0377527822412;6.94999980926514;14093
-5.19947333333333;48.9353783333333;12.0377527822412;6.94999980926514;14098
-5.19896833333333;48.9355866666667;12.2446758999515;6.78733468344872;14104
-5.19795833333333;48.93599;12.1572135955967;6.73885353648389;14120
-5.19644166666667;48.9365933333333;12.1572135955967;6.73885353648389;14135
-5.19593833333333;48.9367966666667;12.1572135955967;6.73885353648389;14140
-5.194425;48.9374;12.1572135955967;6.73885353648389;14157
-5.19232833333333;48.9382383333333;12.0377527822412;6.94999980926514;14184
-5.19190833333333;48.9384033333333;12.0377527822412;6.94999980926514;14195
-5.19032833333333;48.9390333333333;12.0377527822412;6.94999980926514;14211
-5.189415;48.9393983333333;11.9511507374065;6.90000009536743;14216
-5.18883666666667;48.9396283333333;11.9511507374065;6.90000009536743;14231
-5.187925;48.939995;11.9511507374065;6.90000009536743;14236
-5.18734833333333;48.94023;11.9511507374065;6.90000009536743;14246
-5.186435;48.9405916666667;11.9511507374065;6.90000009536743;14252
-5.18594166666667;48.9407916666667;11.9511507374065;6.90000009536743;14263
-5.18495333333333;48.9411916666667;11.9511507374065;6.90000009536743;14272
-5.184455;48.9413916666667;11.9511507374065;6.90000009536743;14280
-5.182965;48.942;11.9511507374065;6.90000009536743;14296
-5.18238666666667;48.94223;11.9511507374065;6.90000009536743;14304
-5.182965;48.942;11.9511507374065;6.90000009536743;14313
-5.18041;48.9430333333333;11.9511507374065;6.90000009536743;14329
-5.17949833333333;48.9434016666667;11.8645478666656;6.84999990463257;14337
-5.17933333333333;48.943465;11.8645478666656;6.84999990463257;14346
-5.17867166666667;48.943735;11.8645478666656;6.84999990463257;14353
-5.17758833333333;48.9441733333333;11.8645478666656;6.84999990463257;14361
-5.17594;48.9448466666667;12.0697521253441;6.69037285186955;14379
-5.17436166666667;48.94548;12.0697521253441;6.69037285186955;14403
-5.17262166666667;48.9461733333333;11.9822898209893;6.64189170490472;14422
-5.17095166666667;48.9468233333333;11.9822898209893;6.64189170490472;14441
-5.170195;48.9471183333333;11.9822898209893;6.64189170490472;14451
-5.17262166666667;48.9461733333333;11.9822898209893;6.64189170490472;14457
-5.16857166666667;48.9477633333333;11.8645478666656;6.84999990463257;14471
-5.16766333333333;48.94813;11.8645478666656;6.84999990463257;14482
-5.16684666666667;48.9484566666667;11.7779458218308;6.80000019073487;14492
-5.16601333333333;48.9487933333333;11.8645478666656;6.84999990463257;14501
-5.16543333333333;48.949025;11.8645478666656;6.84999990463257;14510
-5.16444666666667;48.949425;11.8645478666656;6.84999990463257;14520
-5.16276166666667;48.9501;11.7779458218308;6.80000019073487;14542
-5.16113833333333;48.950755;11.7779458218308;6.80000019073487;14561
-5.16040333333333;48.95105;11.7779458218308;6.80000019073487;14570
-5.15959;48.9513816666667;11.7779458218308;6.80000019073487;14580
-5.15706333333333;48.952405;11.7779458218308;6.80000019073487;14610
-5.15625333333333;48.9527366666667;11.7779458218308;6.80000019073487;14622
-5.15298166666667;48.954035;11.7779458218308;6.80000019073487;14660
-5.15216333333333;48.95436;11.7779458218308;6.80000019073487;14672
-5.149695;48.95533;11.8948283507367;6.59341102029038;14703
-5.148045;48.9559733333333;11.8948283507367;6.59341102029038;14720
-5.147225;48.956295;11.6913429510899;6.75;14730
-5.14478833333333;48.9572716666667;11.7779458218308;6.80000019073487;14762
-5.14355;48.9577683333333;11.7779458218308;6.80000019073487;14782
-5.14233666666667;48.9582516666667;11.719903742027;6.49644872636072;14792
-5.14153333333333;48.9585716666667;11.8948283507367;6.59341102029038;14803
-5.13989166666667;48.95921;11.719903742027;6.49644872636072;14821
-5.13827;48.959845;11.719903742027;6.49644872636072;14841
-5.13753666666667;48.9601366666667;11.8073660463818;6.54492987332555;14849
-5.13583;48.9608083333333;11.8073660463818;6.54492987332555;14878
-5.13444666666667;48.9613416666667;11.719903742027;6.49644872636072;14891
-5.13173833333333;48.9623866666667;11.8073660463818;6.54492987332555;14922
-5.13092666666667;48.962695;11.719903742027;6.49644872636072;14930
-5.13173833333333;48.9623866666667;11.8073660463818;6.54492987332555;14944
-5.12850333333333;48.96364;11.604740080349;6.69999980926514;14961
-5.12777666666667;48.96393;11.6913429510899;6.75;14971
-5.12607;48.964615;11.6913429510899;6.75;14991
-5.11965333333333;48.9671516666667;11.604740080349;6.69999980926514;15068
-5.11875166666667;48.9675066666667;11.604740080349;6.69999980926514;15081
-5.118015;48.9678016666667;11.604740080349;6.69999980926514;15089
-5.11711666666667;48.9681633333333;11.719903742027;6.49644872636072;15100
-5.11473833333333;48.96909;11.719903742027;6.49644872636072;15128
-5.112205;48.970065;11.719903742027;6.49644872636072;15168
-5.10893;48.971355;11.604740080349;6.69999980926514;15199
-5.10731;48.9719983333333;11.604740080349;6.69999980926514;15224
-5.10568333333333;48.9726483333333;11.604740080349;6.69999980926514;15242
-5.10333333333333;48.9735766666667;11.604740080349;6.69999980926514;15272
-5.10243666666667;48.97393;11.604740080349;6.69999980926514;15284
-5.10080166666667;48.9745733333333;11.604740080349;6.69999980926514;15301
-5.09934166666667;48.9751483333333;11.604740080349;6.69999980926514;15319
-5.09553666666667;48.9766683333333;11.719903742027;6.49644872636072;15370
-5.094465;48.97708;11.719903742027;6.49644872636072;15380
-5.093565;48.9774233333333;11.719903742027;6.49644872636072;15393
-5.09102;48.9783983333333;11.719903742027;6.49644872636072;15420
-5.090305;48.9786583333333;11.604740080349;6.69999980926514;15430
-5.08956333333333;48.9789466666667;11.604740080349;6.69999980926514;15438
-5.08867166666667;48.97929;11.604740080349;6.69999980926514;15450
-5.090305;48.9786583333333;11.604740080349;6.69999980926514;15459
-5.08656333333333;48.980115;11.604740080349;6.69999980926514;15480
-5.08382833333333;48.9811966666667;11.604740080349;6.69999980926514;15511
-5.08135333333333;48.9821866666667;11.604740080349;6.69999980926514;15542
-5.08061833333333;48.9824816666667;11.719903742027;6.49644872636072;15550
-5.07574166666667;48.9844316666667;11.604740080349;6.69999980926514;15610
-5.06998166666667;48.986695;11.6324422717744;6.44796804174638;15680
-5.06925333333333;48.986985;11.719903742027;6.49644872636072;15691
-5.06845333333333;48.9872966666667;11.6324422717744;6.44796804174638;15698
-5.06998166666667;48.986695;11.6324422717744;6.44796804174638;15703
-5.067565;48.9876416666667;11.5181380355143;6.65000009536743;15710
-5.06684;48.987935;11.6324422717744;6.44796804174638;15725
-5.06440166666667;48.9888883333333;11.5181380355143;6.65000009536743;15752
-5.06269166666667;48.9895683333333;11.6324422717744;6.44796804174638;15770
-5.06196666666667;48.9898516666667;11.5181380355143;6.65000009536743;15781
-5.05956;48.9908033333333;11.5181380355143;6.65000009536743;15809
-5.05789166666667;48.99146;11.5181380355143;6.65000009536743;15830
-5.05718;48.9917466666667;11.5181380355143;6.65000009536743;15841
-5.056385;48.9920733333333;11.5181380355143;6.65000009536743;15853
-5.05550833333333;48.9924216666667;11.5181380355143;6.65000009536743;15860
-5.05399833333333;48.9930116666667;11.5181380355143;6.65000009536743;15881
-5.05240833333333;48.993645;11.5181380355143;6.65000009536743;15902
-5.05160666666667;48.9939733333333;11.4315351647734;6.59999990463257;15913
-5.04757666666667;48.99559;11.4315351647734;6.59999990463257;15961
-5.045905;48.9962583333333;11.4315351647734;6.59999990463257;15980
-5.04269166666667;48.9975316666667;11.4315351647734;6.59999990463257;16021
-5.04111;48.998155;11.5449799674196;6.39948689478155;16040
-5.04031333333333;48.9984683333333;11.5449799674196;6.39948689478155;16054
-5.03959666666667;48.99875;11.5449799674196;6.39948689478155;16059
-5.038725;48.9990933333333;11.5449799674196;6.39948689478155;16069
-5.03793333333333;48.9994016666667;11.5449799674196;6.39948689478155;16081
-5.03555666666667;49.000335;11.5449799674196;6.39948689478155;16114
-5.03484333333333;49.000615;11.4315351647734;6.59999990463257;16122
-5.033185;49.0012733333333;11.4315351647734;6.59999990463257;16140
-5.03247666666667;49.0015633333333;11.3449331199386;6.55000019073487;16149
-5.03080666666667;49.0022366666667;11.457518497167;6.35100621016721;16171
-5.03008666666667;49.0025233333333;11.5449799674196;6.39948689478155;16181
-5.03080666666667;49.0022366666667;11.457518497167;6.35100621016721;16186
-5.02937;49.0028033333333;11.5449799674196;6.39948689478155;16194
-5.02841666666667;49.0031766666667;11.5449799674196;6.39948689478155;16200
-5.02441833333333;49.0047633333333;11.4315351647734;6.59999990463257;16253
-5.02361833333333;49.005085;11.4315351647734;6.59999990463257;16259
-5.02282666666667;49.0054016666667;11.3449331199386;6.55000019073487;16272
-5.01808333333333;49.0072833333333;11.4315351647734;6.59999990463257;16331
-5.01578333333333;49.00821;11.4315351647734;6.59999990463257;16360
-5.01332;49.0092033333333;11.4315351647734;6.59999990463257;16390
-5.01260333333333;49.0094933333333;11.4315351647734;6.59999990463257;16400
-5.01181;49.0098233333333;11.4315351647734;6.59999990463257;16409
-5.01094166666667;49.010185;11.4315351647734;6.59999990463257;16420
-5.01023166666667;49.01048;11.4315351647734;6.59999990463257;16430
-5.008575;49.0111416666667;11.5449799674196;6.39948689478155;16452
-5.00620166666667;49.012075;11.5449799674196;6.39948689478155;16480
-5.00469166666667;49.01266;11.5449799674196;6.39948689478155;16500
-5.00380833333333;49.0130033333333;11.5449799674196;6.39948689478155;16511
-5.00309666666667;49.0132733333333;11.5449799674196;6.39948689478155;16520
-5.00070833333333;49.0142116666667;11.457518497167;6.35100621016721;16550
-4.99903666666667;49.01488;11.3449331199386;6.55000019073487;16571
-4.997535;49.0154783333333;11.5449799674196;6.39948689478155;16588
-4.99595666666667;49.0161016666667;11.5449799674196;6.39948689478155;16609
-4.99428166666667;49.016765;11.5449799674196;6.39948689478155;16635
-4.992755;49.0173666666667;11.5449799674196;6.39948689478155;16649
-4.98636833333333;49.0199033333333;11.5449799674196;6.39948689478155;16730
-4.9847;49.0205683333333;11.5449799674196;6.39948689478155;16749
-4.98318833333333;49.0211733333333;11.5449799674196;6.39948689478155;16769
-4.97839166666667;49.023065;11.5449799674196;6.39948689478155;16835
-4.97271833333333;49.0252733333333;11.4315351647734;6.59999990463257;16900
-4.97199833333333;49.0255516666667;11.4315351647734;6.59999990463257;16910
-4.96881333333333;49.026815;11.4315351647734;6.59999990463257;16955
-4.96721333333333;49.0274466666667;11.4315351647734;6.59999990463257;16970
-4.96881333333333;49.026815;11.4315351647734;6.59999990463257;17000
-4.95913833333333;49.0306133333333;11.5449799674196;6.39948689478155;17070
-4.95760833333333;49.031205;11.4315351647734;6.59999990463257;17090
-4.956005;49.0318416666667;11.4315351647734;6.59999990463257;17108
-4.95512333333333;49.0321916666667;11.4315351647734;6.59999990463257;17120
-4.95432666666667;49.0325116666667;11.4315351647734;6.59999990463257;17130
-4.95282166666667;49.0331133333333;11.4315351647734;6.59999990463257;17150
-4.95122833333333;49.033745;11.4315351647734;6.59999990463257;17170
-4.946325;49.0356483333333;11.3449331199386;6.55000019073487;17230
-4.94553;49.03596;11.4315351647734;6.59999990463257;17239
-4.94473666666667;49.0362683333333;11.4315351647734;6.59999990463257;17253
-4.940795;49.03785;11.3449331199386;6.55000019073487;17300
-4.93139;49.0416433333333;11.3700561928121;6.30252506320238;17420
-4.91815666666667;49.0469683333333;11.1717273784568;6.44999980926514;17594
-4.916615;49.047605;11.1717273784568;6.44999980926514;17613
-4.91124333333333;49.0498166666667;11.0574578520739;6.64399096986827;17682
-4.909735;49.0504616666667;10.8550157925546;6.7829666832591;17702
-4.90898833333333;49.05079;10.7702106594343;6.72997455468762;17713
-4.90604666666667;49.0521583333333;10.6511160529432;6.91691564080919;17751
-4.90386666666667;49.0531933333333;10.7702106594343;6.72997455468762;17779
-4.89947166666667;49.05521;10.7702106594343;6.72997455468762;17847
-4.89873833333333;49.0555483333333;10.7702106594343;6.72997455468762;17854
-4.89800333333333;49.05589;10.7702106594343;6.72997455468762;17860
-4.89516666666667;49.0572233333333;10.5672494760398;6.86245204895265;17900
-4.892275;49.05859;10.5672494760398;6.86245204895265;17943
-4.87083333333333;49.069025;10.4833820993178;6.80798793768784;18241
-4.86811833333333;49.070325;10.5672494760398;6.86245204895265;18280
-4.74829166666667;49.1312883333333;9.82321692590934;7.4023248995573;20004
-4.70403833333333;49.158355;9.74335307024934;7.34214316766788;20703
-4.7034;49.1587366666667;9.74335307024934;7.34214316766788;20716
-4.70403833333333;49.158355;9.74335307024934;7.34214316766788;20734
-4.696175;49.162775;10.1142582270451;6.82215331568553;20825
-4.69557166666667;49.1630983333333;10.1142582270451;6.82215331568553;20857
-4.69076333333333;49.1656133333333;10.3461866113561;6.46501492257102;20900
-4.69008166666667;49.1659566666667;10.3461866113561;6.46501492257102;20911
-4.62843166666667;49.191155;10.871190597457;4.84016589744431;21764
-4.60007666666667;49.2016533333333;10.7798365744277;4.7994924658733;22150
-4.28291666666667;49.3196383333333;10.0600167818358;4.69106286653784;26611
-4.23189;49.3396383333333;10.1403549283228;4.5147768932991;27358
-4.229805;49.3404766666667;10.1403549283228;4.5147768932991;27394
-4.22906833333333;49.3407766666667;10.2317089513522;4.5554503248701;27400
