"x";"y";"vx";"vy";"t"
-5.21295833333333;49.0791366666667;-15.1799375997396;-9.85796674153529;0
-5.22621166666667;49.07417;-14.8397722324825;-10.0095527588112;125
-5.240695;49.0687366666667;-14.4989918088786;-10.1523033610176;289
-5.33158333333333;49.0364183333333;-15.0861448193405;-9.06467031488839;1137
-5.33884333333333;49.03395;-14.8408416827375;-9.27358712408109;1208
-5.372985;49.0220966666667;-14.509000185601;-9.42225489023336;1512
-5.38577166666667;49.0176116666667;-14.5016227677796;-9.06161962053596;1607
-5.40052166666667;49.0125166666667;-14.6712314164968;-9.16760286693813;1761
-5.4147;49.0076433333333;-14.2573996550722;-9.25886359525546;1890
-5.42805666666667;49.003015;-14.7224318643355;-8.50000000000001;2059
-5.443465;48.997745;-14.1624038528217;-8.84965211699084;2158
-5.46041833333333;48.9919833333333;-13.6535746716231;-8.53170035630276;2340
-5.75193333333333;48.8861233333333;-8.94779262587836;-12.77877220339;5160
-5.77564166666667;48.8595466666667;-7.55849233994203;-14.2154565818465;5587
-5.78265833333333;48.851255;-7.35464644214791;-14.4343063716356;5693
-5.7914;48.841055;-7.35464644214791;-14.4343063716356;5860
-5.798435;48.8328616666667;-7.21844877267515;-14.167003394703;5983
-5.80503;48.8251283333333;-7.21844877267515;-14.167003394703;6132
-5.813125;48.8158133333333;-7.35464644214791;-14.4343063716356;6245
-5.81989166666667;48.8080033333333;-7.65238611523164;-14.392045089965;6381
-5.828285;48.7982633333333;-7.21844877267515;-14.167003394703;6544
-5.83861166666667;48.7862133333333;-7.30924721899033;-14.3452053793247;6743
-5.911395;48.6434033333333;5.67753450967643;-15.5988978635104;8808
-5.88989833333333;48.6071316666667;4.88260769193162;-15.9702901541853;9354
-5.87755;48.5856016666667;3.43054289849303;-16.1394354121078;9612
-5.87314833333333;48.5740566666667;2.84783004749613;-16.1508467737259;9767
-5.86304166666667;48.5401166666667;2.29635616584108;-16.3394231342359;10222
-5.85966666666667;48.5286016666667;1.98647020452497;-16.1785015145009;10410
-5.85485666666667;48.5125783333333;1.96209647531234;-15.9799934200516;10636
-5.851165;48.50345;4.82413312792516;-15.7790284733901;10731
-5.84345333333333;48.49199;5.67753450967643;-15.5988978635104;10910
-5.834855;48.4794716666667;5.03697677255039;-15.5022204900125;11067
-5.82742833333333;48.4684916666667;5.71173665447933;-15.6928674840532;11229
-5.8218;48.4599766666667;5.78014029173347;-15.8808049328176;11350
-5.811895;48.445055;5.37187454854309;-15.6010564973887;11561
-5.79926;48.4258766666667;5.67753450967643;-15.5988978635104;11818
-5.79369166666667;48.4173666666667;5.81434243653637;-15.9747745533604;11945
-5.786925;48.4071533333333;5.25328890437411;-16.1679607770176;12093
-5.78123166666667;48.3987083333333;5.67753450967643;-15.5988978635104;12230
-5.77487166666667;48.3892616666667;5.84854458133927;-16.0687441739033;12373
-5.76835333333333;48.3798833333333;5.50210168613156;-15.9792635669417;12491
-5.762365;48.3712333333333;6.16392900559221;-16.0575840480172;12650
-5.75592;48.3621683333333;5.50210168613156;-15.9792635669417;12732
-5.74852833333333;48.351895;5.78014029173347;-15.8808049328176;12890
-5.74130833333333;48.3416116666667;5.12968222450476;-15.7875385332988;13010
-5.72619666666667;48.3187083333333;4.68583504888899;-16.3414488309514;13350
-5.72062166666667;48.3094916666667;5.25328890437411;-16.1679607770176;13463
-5.71427333333333;48.2987783333333;4.713398889618;-16.4375753672375;13620
-5.70864666666667;48.2894133333333;5.02879354429299;-16.4484425321668;13725
-5.70226166666667;48.27879;5.02879354429299;-16.4484425321668;13885
-5.69563833333333;48.2675666666667;5.22238708705598;-16.0728547625888;14030
-5.68980666666667;48.2580516666667;5.53465862577167;-16.0738157851884;14160
-5.68287166666667;48.2464116666667;5.50050226411281;-16.9288052644552;14336
-5.67708333333333;48.2366566666667;5.86022678022883;-17.0193343607877;14446
-5.67127;48.2269283333333;5.56230589874906;-17.1190172933128;14549
-5.66573166666667;48.217585;5.6241095333853;-17.3092293221703;14700
-5.65956333333333;48.2071566666667;5.23345340300604;-17.117854766937;14805
-5.65307166666667;48.19601;5.17497939665435;-16.9265949101484;14971
-5.646695;48.1843566666667;4.33040183894817;-17.3682931302019;15110
-5.64237166666667;48.1749833333333;3.98163383351044;-17.246350890084;15217
-5.637585;48.1645216666667;4.33040183894817;-17.3682931302019;15360
-5.63328333333333;48.15515;3.93664345101763;-17.0514761337416;15476
-5.630975;48.1499866666667;4.25782545484003;-17.077205152596;15537
-5.62651833333333;48.1401516666667;4.25782545484003;-17.077205152596;15680
-5.62168166666667;48.1303816666667;5.23345340300604;-17.117854766937;15795
-5.60832166666667;48.1060266666667;5.26269068500927;-17.2134856073346;16097
-5.60298166666667;48.0959816666667;5.37963925536741;-17.5960071449185;16240
-5.59760833333333;48.0858066666667;5.68591257861841;-17.4994395370316;16380
-5.59217166666667;48.0756283333333;5.40887653737064;-17.6916379853162;16481
-5.585795;48.0639516666667;5.35040197336418;-17.5003763045209;16632
-5.57776166666667;48.0494783333333;5.74771621325465;-17.6896515658891;16805
-5.57250166666667;48.0398483333333;6.0230108574574;-17.4920936485874;16942
-5.56569333333333;48.027735;5.52582510772878;-18.0741595229001;17085
-5.410285;47.7144016666667;6.36157479632777;-17.4782831050822;20856
-5.36315333333333;47.6185866666667;6.89276117595171;-17.0601825703363;22000
