"x";"y";"vx";"vy";"t"
-5.9323;48.3990333333333;7.15000009536743;12.3841634392987;0
-5.92205;48.4117166666667;7.19999980926514;12.4707654841334;232
-5.91615;48.4192333333333;7.19999980926514;12.4707654841334;374
-5.91005;48.4264833333333;6.78733468344872;12.2446758999515;496
-5.90345;48.43475;7.09999990463257;12.2975605685578;603
-5.90116666666667;48.4376166666667;7.36504456944949;12.2574925635319;655
-5.89368333333333;48.4470333333333;7.2620370527032;12.0860592668832;820
-5.88818333333333;48.4536666666667;7.36504456944949;12.2574925635319;932
-5.88075;48.4627166666667;6.93277766199272;12.5070619789138;1122
-5.87321666666667;48.47245;6.93277766199272;12.5070619789138;1263
-5.86686666666667;48.4805666666667;6.93277766199272;12.5070619789138;1388
-5.8608;48.4883166666667;7.19999980926514;12.4707654841334;1538
-5.85483333333333;48.49595;6.61954921437025;12.4495613961286;1646
-5.84925;48.50325;7.19999980926514;12.4707654841334;1786
-5.84345;48.5104666666667;6.66649610201506;12.5378556501879;1929
-5.83795;48.5176333333333;6.66649610201506;12.5378556501879;2036
-5.83233333333333;48.5249166666667;6.98125834660706;12.5945234491664;2164
-5.82658333333333;48.53225;6.93277766199272;12.5070619789138;2278
-5.82045;48.5404;6.80733766039542;12.8027400964544;2408
-5.81461666666667;48.5480833333333;7.07822064053671;12.7694480578761;2556
-5.80855;48.55595;7.02973949357189;12.6819857535212;2684
-5.80206666666667;48.5642833333333;7.25;12.5573683548744;2816
-5.79626666666667;48.5716833333333;7.02973949357189;12.6819857535212;2936
-5.79073333333333;48.57885;6.80733766039542;12.8027400964544;3108
-5.7853;48.58605;6.98125834660706;12.5945234491664;3182
-5.77976666666667;48.5932333333333;6.98125834660706;12.5945234491664;3306
-5.77415;48.6003;6.98125834660706;12.5945234491664;3432
-5.76863333333333;48.6074333333333;6.93277766199272;12.5070619789138;3537
-5.7623;48.6154333333333;7.02973949357189;12.6819857535212;3678
-5.75643333333333;48.6228;6.98125834660706;12.5945234491664;3802
-5.75045;48.6302333333333;7.07822064053671;12.7694480578761;3952
-5.74406666666667;48.6381333333333;7.02973949357189;12.6819857535212;4066
-5.73765;48.6460166666667;7.12670132515106;12.8569095281286;4177
-5.73356666666667;48.6510333333333;6.85428499576319;12.8910351925581;4271
-5.72738333333333;48.6586333333333;7.30000019073486;12.6439712256153;4387
-5.7213;48.6659666666667;7.02973949357189;12.6819857535212;4537
-5.71515;48.6734333333333;6.88429651502789;12.4195996745589;4648
-5.70888333333333;48.6814333333333;6.31254434653739;12.9426339238453;4786
-5.70283333333333;48.6895166666667;6.49206423286733;12.7413934658397;4916
-5.69761666666667;48.6964666666667;6.35638162844162;13.0325136713379;5044
-5.69166666666667;48.70435;6.44666500970975;12.6522924735288;5176
-5.6862;48.7114666666667;6.49206423286733;12.7413934658397;5286
-5.68051666666667;48.7190833333333;6.53746302306584;12.8304936084205;5436
-5.674;48.7277166666667;6.53746302306584;12.8304936084205;5564
-5.66833333333333;48.7351166666667;6.53746302306584;12.8304936084205;5686
-5.66115;48.7445;6.58286224622343;12.9195946007313;5842
-5.65533333333333;48.7521166666667;6.80733766039542;12.8027400964544;5984
-5.6492;48.76025;6.58286224622343;12.9195946007313;6098
-5.64341666666667;48.7676666666667;7.68382933138147;12.2966973942682;6226
-5.63605;48.7747333333333;10.5314930243268;9.82077612473825;6376
-5.62665;48.7804666666667;11.7138743895734;8.20214314922098;6476
-5.61678333333333;48.7854666666667;11.8552374456635;7.99645862628926;6613
-5.607;48.7904833333333;11.7138743895734;8.20214314922098;6736
-5.59486666666667;48.7966833333333;11.9381407285399;8.05237759666359;6938
-5.58421666666667;48.8021;12.1607232352086;7.89726600771789;7030
-5.57371666666667;48.8072;12.3841634392987;7.15000009536743;7166
-5.56368333333333;48.8117;12.5945234491664;6.98125834660706;7266
-5.55363333333333;48.8160333333333;12.9602015274886;6.04344122350004;7377
-5.54291666666667;48.8201666666667;12.8809913012506;5.7349868225265;7502
-5.53205;48.8241833333333;13.2552695385704;5.62652810119345;7653
-5.52075;48.8283666666667;13.2464091358177;5.8976813245991;7773
-5.51118333333333;48.8318833333333;13.3473203750604;5.66560136309447;7884
-5.50055;48.8357333333333;13.1550542415635;5.85700750513381;7982
-5.48916666666667;48.8398333333333;13.3473203750604;5.66560136309447;8110
-5.47836666666667;48.84355;13.1414629120314;6.12796479524014;8242
-5.46728333333333;48.8474333333333;13.1550542415635;5.85700750513381;8356
-5.45583333333333;48.8514;13.2552695385704;5.62652810119345;8496
-5.445;48.8551166666667;13.1550542415635;5.85700750513381;8628
-5.43381666666667;48.8590166666667;13.2464091358177;5.8976813245991;8739
-5.42266666666667;48.8628833333333;13.2464091358177;5.8976813245991;8855
-5.41111666666667;48.8668166666667;13.1550542415635;5.85700750513381;8996
-5.39953333333333;48.8707;13.0508317875988;6.08570280785;9116
-5.38861666666667;48.8743;13.2464091358177;5.8976813245991;9236
-5.37745;48.8781666666667;12.8027400964544;6.80733766039542;9367
-5.36661666666667;48.8823;12.5070619789138;6.93277766199272;9506
-5.35546666666667;48.8866666666667;12.8304936084205;6.53746302306584;9608
-5.345;48.8906666666667;12.6261507462915;6.71344343738283;9754
-5.33395;48.8949666666667;12.5378556501879;6.66649610201506;9866
-5.32248333333333;48.8993333333333;12.5378556501879;6.66649610201506;10006
-5.3121;48.9032333333333;12.5378556501879;6.66649610201506;10122
-5.30035;48.90775;12.5378556501879;6.66649610201506;10246
-5.28991666666667;48.9119166666667;12.6522924735288;6.44666500970975;10396
-5.26918333333333;48.9198333333333;12.4495613961286;6.61954921437025;10639
-5.25673333333333;48.92465;12.361266300025;6.57260187900247;10766
-5.24335;48.9297833333333;12.3321382043064;6.83581583041355;10900
-5.22536666666667;48.93655;12.2446758999515;6.78733468344872;11153
-5.20021666666667;48.9461666666667;12.361266300025;6.57260187900247;11417
-5.1652;48.9591833333333;12.3321382043064;6.83581583041355;11815
-5.15396666666667;48.9633333333333;12.4195996745589;6.88429651502789;11923
-5.14316666666667;48.9673833333333;12.5378556501879;6.66649610201506;12049
-5.13225;48.9714666666667;12.5378556501879;6.66649610201506;12206
-5.12138333333333;48.9754333333333;12.6261507462915;6.71344343738283;12331
-5.11053333333333;48.9794;12.5378556501879;6.66649610201506;12448
-5.10006666666667;48.9833166666667;12.6522924735288;6.44666500970975;12580
-5.08746666666667;48.9881833333333;12.2109585237231;7.05000019073487;12694
-5.07715;48.9921166666667;12.3841634392987;7.15000009536743;12817
-5.0661;48.99635;12.1717755064783;7.31354056548706;12933
-5.05546666666667;49.0005833333333;12.2975605685578;7.09999990463257;13083
-5.04518333333333;49.0046;12.2109585237231;7.05000019073487;13188
-5.03296666666667;49.0095666666667;12.1243556529821;7;13366
-5.0227;49.01365;12.4195996745589;6.88429651502789;13450
-5.01201666666667;49.0178166666667;12.4195996745589;6.88429651502789;13571
-4.99885;49.02295;12.5070619789138;6.93277766199272;13738
-4.98845;49.0269333333333;12.4195996745589;6.88429651502789;13855
-4.97428333333333;49.03245;12.5378556501879;6.66649610201506;14006
-4.96246666666667;49.0369;12.5378556501879;6.66649610201506;14165
-4.95201666666667;49.0408;12.4495613961286;6.61954921437025;14257
-4.936;49.0467666666667;12.4495613961286;6.61954921437025;14447
-4.90888333333333;49.0568666666667;12.4495613961286;6.61954921437025;14766
-4.89716666666667;49.0612166666667;12.2729712039213;6.52565454363469;14903
