"x";"y";"vx";"vy";"t"
-5.90038;48.4622716666667;8.21575234875309;15.4515828750312;0
-5.88824833333333;48.477975;7.89943452228448;15.5035131809856;221
-5.886735;48.4799166666667;7.89943452228448;15.5035131809856;244
-5.88633;48.4804166666667;8.16880501338531;15.3632877789276;251
-5.886;48.48085;8.16880501338531;15.3632877789276;256
-5.885305;48.4816983333333;8.12185767801753;15.2749926828239;273
-5.88394;48.4834116666667;7.89943452228448;15.5035131809856;293
-5.88292;48.4846916666667;8.16880501338531;15.3632877789276;311
-5.862885;48.510515;6.75964822476024;15.9247332624377;671
-5.86229;48.5113983333333;7.07721743436121;15.8956906144913;682
-5.86199166666667;48.5118383333333;7.07721743436121;15.8956906144913;691
-5.85865333333333;48.5166516666667;7.31129560568195;15.6791240242761;755
-5.8562;48.5201383333333;7.31129560568195;15.6791240242761;803
-5.85558833333333;48.52102;7.3535575930721;15.7697551487087;815
-5.85498;48.5218966666667;7.03654361489591;15.8043357202371;827
-5.85404333333333;48.5232033333333;7.03654361489591;15.8043357202371;849
-5.85342833333333;48.524075;7.3535575930721;15.7697551487087;859
-5.85099833333333;48.5276766666667;7.1178912538265;15.9870455087455;911
-5.85047;48.52849;7.1178912538265;15.9870455087455;918
-5.85099833333333;48.5276766666667;7.1178912538265;15.9870455087455;941
-5.84895833333333;48.5306983333333;7.31129560568195;15.6791240242761;946
-5.84865166666667;48.5311383333333;7.3535575930721;15.7697551487087;953
-5.84678166666667;48.5337766666667;7.3535575930721;15.7697551487087;993
-5.84497833333333;48.5363233333333;7.03654361489591;15.8043357202371;1025
-5.84226666666667;48.5402816666667;7.07721743436121;15.8956906144913;1082
-5.84045333333333;48.5429166666667;7.31129560568195;15.6791240242761;1119
-5.83990666666667;48.5437266666667;7.07721743436121;15.8956906144913;1127
-5.839245;48.54468;7.31129560568195;15.6791240242761;1138
-5.83893666666667;48.54512;7.39581958046224;15.8603862731414;1145
-5.83797666666667;48.5465166666667;7.39581958046224;15.8603862731414;1162
-5.83740833333333;48.5473233333333;7.39581958046224;15.8603862731414;1174
-5.83647833333333;48.5486483333333;7.39581958046224;15.8603862731414;1193
-5.83587333333333;48.5495383333333;7.39581958046224;15.8603862731414;1205
-5.83488666666667;48.5509366666667;7.39581958046224;15.8603862731414;1227
-5.83432166666667;48.5517533333333;7.43808156785238;15.951017397574;1233
-5.83365166666667;48.5527183333333;7.1992388927571;16.1697552972539;1246
-5.83338333333333;48.5530866666667;7.48034355524253;16.0416485220067;1251
-5.83302833333333;48.5536066666667;7.48034355524253;16.0416485220067;1259
-5.832745;48.5539716666667;7.48034355524253;16.0416485220067;1265
-5.83211666666667;48.55486;7.48034355524253;16.0416485220067;1281
-5.83176;48.5553783333333;7.43808156785238;15.951017397574;1287
-5.830815;48.55671;7.48034355524253;16.0416485220067;1302
-5.82988166666667;48.5580416666667;7.48034355524253;16.0416485220067;1321
-5.82861833333333;48.5598266666667;7.5226047365523;16.1322779177944;1342
-5.82832;48.560275;7.48034355524253;16.0416485220067;1350
-5.82803833333333;48.5606366666667;7.48034355524253;16.0416485220067;1355
-5.82768;48.56116;7.48034355524253;16.0416485220067;1363
-5.82705666666667;48.562055;7.48034355524253;16.0416485220067;1373
-5.82674;48.5624966666667;7.48034355524253;16.0416485220067;1380
-5.82617333333333;48.56332;7.48034355524253;16.0416485220067;1391
-5.82549;48.564285;7.48034355524253;16.0416485220067;1402
-5.82487;48.5651833333333;7.5226047365523;16.1322779177944;1420
-5.82435166666667;48.5659283333333;7.5226047365523;16.1322779177944;1426
-5.82393333333333;48.5665316666667;7.48034355524253;16.0416485220067;1435
-5.82269833333333;48.5682383333333;7.56486672394245;16.2229090422271;1457
-5.82233833333333;48.5687566666667;7.48034355524253;16.0416485220067;1462
-5.82144;48.5700166666667;7.1992388927571;16.1697552972539;1481
-5.820765;48.5709866666667;7.1992388927571;16.1697552972539;1493
-5.81891166666667;48.5736783333333;7.1992388927571;16.1697552972539;1529
-5.81859666666667;48.5741233333333;7.1992388927571;16.1697552972539;1537
-5.817985;48.5750266666667;7.1992388927571;16.1697552972539;1547
-5.81766666666667;48.5754766666667;7.5226047365523;16.1322779177944;1553
-5.81740166666667;48.5758516666667;7.1992388927571;16.1697552972539;1559
-5.81704833333333;48.576375;7.5226047365523;16.1322779177944;1565
-5.81642166666667;48.5772666666667;7.23991193643381;16.2611084490584;1577
-5.81579833333333;48.57817;7.48034355524253;16.0416485220067;1590
-5.815225;48.5789933333333;7.5226047365523;16.1322779177944;1601
-5.814875;48.5795183333333;7.5226047365523;16.1322779177944;1606
-5.81455333333333;48.5799683333333;7.56486672394245;16.2229090422271;1613
-5.81428333333333;48.580335;7.5226047365523;16.1322779177944;1620
-5.81392;48.5808616666667;7.56486672394245;16.2229090422271;1625
-5.81296166666667;48.582205;7.56486672394245;16.2229090422271;1642
-5.81203333333333;48.5834683333333;7.5226047365523;16.1322779177944;1665
-5.811345;48.5844533333333;7.23991193643381;16.2611084490584;1673
-5.81069666666667;48.5853483333333;7.56486672394245;16.2229090422271;1691
-5.81006833333333;48.58625;7.23991193643381;16.2611084490584;1697
-5.80974833333333;48.5866966666667;7.23991193643381;16.2611084490584;1702
-5.80944166666667;48.5871533333333;7.28058575589911;16.3524633433126;1714
-5.80885333333333;48.5879666666667;7.23991193643381;16.2611084490584;1719
-5.80847666666667;48.5884883333333;7.23991193643381;16.2611084490584;1733
-5.80791333333333;48.5892983333333;7.23991193643381;16.2611084490584;1743
-5.806925;48.59073;7.23991193643381;16.2611084490584;1759
-5.80597333333333;48.5920733333333;7.28058575589911;16.3524633433126;1774
-5.80538166666667;48.5929816666667;7.23991193643381;16.2611084490584;1793
-5.80478166666667;48.593795;7.23991193643381;16.2611084490584;1801
-5.80215666666667;48.5974683333333;7.56486672394245;16.2229090422271;1846
-5.801175;48.5988116666667;7.56486672394245;16.2229090422271;1864
-5.80088333333333;48.5992666666667;7.23991193643381;16.2611084490584;1871
-5.80055;48.5997133333333;7.28058575589911;16.3524633433126;1877
-5.79900333333333;48.6019716666667;7.28058575589911;16.3524633433126;1906
-5.794555;48.608295;7.56486672394245;16.2229090422271;1991
-5.79423833333333;48.608745;7.56486672394245;16.2229090422271;1997
-5.794555;48.608295;7.56486672394245;16.2229090422271;2005
-5.79359333333333;48.60965;7.56486672394245;16.2229090422271;2015
-5.79078;48.6137166666667;7.56486672394245;16.2229090422271;2064
-5.78946666666667;48.615505;8.12642977215426;15.9490164430798;2092
-5.78876833333333;48.6163866666667;8.40354079477826;15.804761575357;2099
-5.78843333333333;48.6168266666667;8.40354079477826;15.804761575357;2104
-5.78738833333333;48.6181516666667;8.12642977215426;15.9490164430798;2125
-5.78670166666667;48.619035;8.12642977215426;15.9490164430798;2135
-5.78637333333333;48.61948;7.84684336029916;16.0884130858924;2141
-5.78602833333333;48.6199216666667;7.84684336029916;16.0884130858924;2147
-5.785025;48.6212583333333;7.84684336029916;16.0884130858924;2165
-5.78446333333333;48.6220033333333;8.17182899531184;16.0381174353906;2177
-5.78397833333333;48.6225916666667;8.12642977215426;15.9490164430798;2184
-5.78363833333333;48.6230333333333;8.40354079477826;15.804761575357;2193
-5.782935;48.6239066666667;8.45048813014603;15.8930566714607;2201
-5.78257166666667;48.62434;8.35659345941048;15.7164664792533;2207
-5.78185666666667;48.6252183333333;8.67809201746924;15.6556924241542;2223
-5.78043166666667;48.6269816666667;8.67809201746924;15.6556924241542;2244
-5.78006166666667;48.6274083333333;8.67809201746924;15.6556924241542;2249
-5.77933666666667;48.6282833333333;8.72657316443407;15.7431547285091;2269
-5.77825166666667;48.629585;8.67809201746924;15.6556924241542;2281
-5.77718833333333;48.630885;8.35659345941048;15.7164664792533;2297
-5.77575333333333;48.63262;8.35659345941048;15.7164664792533;2321
-5.77397166666667;48.6348;8.40354079477826;15.804761575357;2350
-5.77252833333333;48.63654;8.40354079477826;15.804761575357;2374
-5.77039166666667;48.6391466666667;8.62961087050441;15.5682301197994;2410
-5.76973666666667;48.6399533333333;8.35659345941048;15.7164664792533;2424
-5.769315;48.6404533333333;8.62961087050441;15.5682301197994;2431
-5.76751666666667;48.642615;8.62961087050441;15.5682301197994;2461
-5.76645833333333;48.64392;8.62961087050441;15.5682301197994;2477
-5.76497666666667;48.6456416666667;8.62961087050441;15.5682301197994;2503
-5.76281666666667;48.648225;8.30964701948865;15.6281730672386;2536
-5.76252833333333;48.6485883333333;8.30964701948865;15.6281730672386;2542
-5.75719833333333;48.6550883333333;8.58113064824055;15.4807694836492;2631
-5.75436333333333;48.658485;8.62961087050441;15.5682301197994;2679
-5.75316666666667;48.659935;8.62961087050441;15.5682301197994;2697
-5.75286166666667;48.6602933333333;8.35659345941048;15.7164664792533;2715
-5.75208666666667;48.6612316666667;8.35659345941048;15.7164664792533;2720
-5.75137;48.6621;8.35659345941048;15.7164664792533;2728
-5.75101;48.6625383333333;8.62961087050441;15.5682301197994;2734
-5.750285;48.6634;8.62961087050441;15.5682301197994;2747
-5.74964166666667;48.6642016666667;8.35659345941048;15.7164664792533;2758
-5.749265;48.6646333333333;8.67809201746924;15.6556924241542;2765
-5.74964166666667;48.6642016666667;8.35659345941048;15.7164664792533;2771
-5.74819666666667;48.6659416666667;8.67809201746924;15.6556924241542;2785
-5.747035;48.6673083333333;8.67809201746924;15.6556924241542;2800
-5.74668666666667;48.6677466666667;8.40354079477826;15.804761575357;2806
-5.74638166666667;48.6681033333333;8.62961087050441;15.5682301197994;2811
-5.74597666666667;48.66862;8.35659345941048;15.7164664792533;2819
-5.74526166666667;48.6694933333333;8.35659345941048;15.7164664792533;2833
-5.74461;48.670295;8.40354079477826;15.804761575357;2844
-5.74384666666667;48.6712433333333;8.40354079477826;15.804761575357;2855
-5.74312666666667;48.6721133333333;8.35659345941048;15.7164664792533;2869
-5.741035;48.6746583333333;8.62961087050441;15.5682301197994;2904
-5.74026166666667;48.675605;8.67809201746924;15.6556924241542;2915
-5.73997166666667;48.6759716666667;8.40354079477826;15.804761575357;2921
-5.73952333333333;48.6764716666667;8.67809201746924;15.6556924241542;2927
-5.73880333333333;48.677345;8.67809201746924;15.6556924241542;2938
-5.73850833333333;48.6777066666667;8.35659345941048;15.7164664792533;2952
-5.73773;48.67865;8.35659345941048;15.7164664792533;2957
-5.73666666666667;48.6799566666667;8.35659345941048;15.7164664792533;2974
-5.73636166666667;48.68032;8.67809201746924;15.6556924241542;2981
-5.73592666666667;48.6808166666667;8.58113064824055;15.4807694836492;2986
-5.735205;48.6816833333333;8.35659345941048;15.7164664792533;2998
-5.73494;48.6820533333333;8.35659345941048;15.7164664792533;3004
-5.73447;48.6825483333333;8.35659345941048;15.7164664792533;3010
-5.73383666666667;48.6833516666667;8.35659345941048;15.7164664792533;3023
-5.73343;48.683855;8.62961087050441;15.5682301197994;3028
-5.733065;48.6842866666667;8.35659345941048;15.7164664792533;3037
-5.731655;48.686015;8.30964701948865;15.6281730672386;3059
-5.731335;48.686365;8.30964701948865;15.6281730672386;3067
-5.72983833333333;48.68816;8.58113064824055;15.4807694836492;3091
-5.72911;48.6890266666667;8.62961087050441;15.5682301197994;3100
-5.72876666666667;48.6894583333333;8.53264950127573;15.3933071792943;3107
-5.72851;48.6897433333333;8.62961087050441;15.5682301197994;3113
-5.72801833333333;48.6903183333333;8.62961087050441;15.5682301197994;3121
-5.72700666666667;48.69154;8.58113064824055;15.4807694836492;3137
-5.72664833333333;48.691975;8.35659345941048;15.7164664792533;3142
-5.72622;48.692475;8.35659345941048;15.7164664792533;3149
-5.725935;48.6928383333333;8.30964701948865;15.6281730672386;3154
-5.725515;48.6933433333333;8.67809201746924;15.6556924241542;3160
-5.724795;48.69421;8.62961087050441;15.5682301197994;3173
-5.72444;48.694645;8.35659345941048;15.7164664792533;3179
-5.72371833333333;48.6955116666667;8.35659345941048;15.7164664792533;3192
-5.72263;48.6968116666667;8.62961087050441;15.5682301197994;3209
-5.72191166666667;48.6976783333333;8.62961087050441;15.5682301197994;3221
-5.72178666666667;48.6978233333333;8.62961087050441;15.5682301197994;3231
-5.72083166666667;48.6989966666667;8.62961087050441;15.5682301197994;3241
-5.72012666666667;48.699865;8.40354079477826;15.804761575357;3251
-5.71973;48.700285;8.67809201746924;15.6556924241542;3257
-5.71945833333333;48.7006583333333;8.40354079477826;15.804761575357;3263
-5.71901833333333;48.70116;8.35659345941048;15.7164664792533;3269
-5.71873833333333;48.7015266666667;8.35659345941048;15.7164664792533;3275
-5.718305;48.7020266666667;8.62961087050441;15.5682301197994;3281
-5.71794;48.7024483333333;8.62961087050441;15.5682301197994;3286
-5.71757833333333;48.7028816666667;8.62961087050441;15.5682301197994;3297
-5.71692333333333;48.7036866666667;8.62961087050441;15.5682301197994;3303
-5.71611333333333;48.704625;8.62961087050441;15.5682301197994;3316
-5.71576666666667;48.705065;8.67809201746924;15.6556924241542;3324
-5.71504333333333;48.7059383333333;8.67809201746924;15.6556924241542;3334
-5.71465833333333;48.706355;8.67809201746924;15.6556924241542;3341
-5.71433;48.7068;8.67809201746924;15.6556924241542;3347
-5.71394333333333;48.7072333333333;8.67809201746924;15.6556924241542;3354
-5.71359166666667;48.707665;8.67809201746924;15.6556924241542;3359
-5.71326666666667;48.7080166666667;8.67809201746924;15.6556924241542;3368
-5.71248833333333;48.7089716666667;8.67809201746924;15.6556924241542;3376
-5.71213333333333;48.7094116666667;8.67809201746924;15.6556924241542;3381
-5.71175166666667;48.7098366666667;8.67809201746924;15.6556924241542;3391
-5.71141333333333;48.710275;8.40354079477826;15.804761575357;3397
-5.71033166666667;48.7115733333333;8.35659345941048;15.7164664792533;3413
-5.70999;48.7120133333333;8.35659345941048;15.7164664792533;3421
-5.70951;48.7125916666667;8.30964701948865;15.6281730672386;3430
-5.70860166666667;48.7136716666667;8.62961087050441;15.5682301197994;3441
-5.708175;48.71417;8.62961087050441;15.5682301197994;3450
-5.70672333333333;48.7158933333333;8.58113064824055;15.4807694836492;3473
-5.70606;48.7166883333333;8.62961087050441;15.5682301197994;3484
-5.70566;48.7172;8.62961087050441;15.5682301197994;3490
-5.70526833333333;48.7176216666667;8.67809201746924;15.6556924241542;3497
-5.704525;48.7184883333333;8.67809201746924;15.6556924241542;3515
-5.70377666666667;48.719355;8.62961087050441;15.5682301197994;3521
-5.70310666666667;48.7201483333333;8.35659345941048;15.7164664792533;3534
-5.70234666666667;48.7210816666667;8.30964701948865;15.6281730672386;3544
-5.70205166666667;48.72145;8.35659345941048;15.7164664792533;3550
-5.701635;48.7219616666667;8.35659345941048;15.7164664792533;3557
-5.70093;48.72283;8.30964701948865;15.6281730672386;3571
-5.70023;48.7237033333333;8.35659345941048;15.7164664792533;3581
-5.69985833333333;48.72413;8.30964701948865;15.6281730672386;3587
-5.699165;48.724995;8.35659345941048;15.7164664792533;3599
-5.69882333333333;48.725435;8.35659345941048;15.7164664792533;3605
-5.698525;48.7257983333333;8.35659345941048;15.7164664792533;3610
-5.69812;48.726315;8.35659345941048;15.7164664792533;3617
-5.69776333333333;48.7267466666667;8.35659345941048;15.7164664792533;3629
-5.69669333333333;48.728065;8.62961087050441;15.5682301197994;3641
-5.69634333333333;48.7285083333333;8.67809201746924;15.6556924241542;3649
-5.69561333333333;48.72938;8.67809201746924;15.6556924241542;3659
-5.69523833333333;48.7298083333333;8.67809201746924;15.6556924241542;3665
-5.69494333333333;48.730175;8.67809201746924;15.6556924241542;3671
-5.69450833333333;48.7306816666667;8.94999980926513;15.501854397379;3677
-5.69414166666667;48.731115;8.94999980926513;15.501854397379;3687
-5.69339666666667;48.731985;8.94999980926513;15.501854397379;3697
-5.692665;48.73286;9;15.5884572681199;3708
-5.69235;48.73322;9;15.5884572681199;3715
-5.69154333333333;48.7341616666667;9;15.5884572681199;3724
-5.69123666666667;48.7345283333333;8.72657316443407;15.7431547285091;3729
-5.69043666666667;48.735465;8.67809201746924;15.6556924241542;3744
-5.69006666666667;48.7359016666667;8.72657316443407;15.7431547285091;3749
-5.68969;48.736335;8.72657316443407;15.7431547285091;3755
-5.68932833333333;48.7367716666667;8.67809201746924;15.6556924241542;3761
-5.68896666666667;48.7372083333333;8.67809201746924;15.6556924241542;3770
-5.68824166666667;48.738085;8.40354079477826;15.804761575357;3781
-5.68716833333333;48.7394;8.45048813014603;15.8930566714607;3795
-5.686815;48.7398383333333;8.40354079477826;15.804761575357;3802
-5.68646666666667;48.7402766666667;8.35659345941048;15.7164664792533;3808
-5.68612833333333;48.7407183333333;8.35659345941048;15.7164664792533;3817
-5.68510833333333;48.7419533333333;8.35659345941048;15.7164664792533;3831
-5.68470833333333;48.742465;8.35659345941048;15.7164664792533;3840
-5.68433666666667;48.7428983333333;8.67809201746924;15.6556924241542;3845
-5.68400333333333;48.7433433333333;8.40354079477826;15.804761575357;3853
-5.68327;48.7442083333333;8.67809201746924;15.6556924241542;3861
-5.68290166666667;48.7446416666667;8.67809201746924;15.6556924241542;3869
-5.68253666666667;48.7450716666667;8.62961087050441;15.5682301197994;3875
-5.68183;48.745945;8.67809201746924;15.6556924241542;3887
-5.68110333333333;48.7468066666667;8.62961087050441;15.5682301197994;3899
-5.680395;48.747685;8.67809201746924;15.6556924241542;3910
-5.68002333333333;48.7481166666667;8.67809201746924;15.6556924241542;3918
-5.67931;48.7489883333333;8.67809201746924;15.6556924241542;3931
-5.67826166666667;48.7503016666667;8.67809201746924;15.6556924241542;3951
-5.677925;48.7506516666667;8.62961087050441;15.5682301197994;3956
-5.67713666666667;48.7515933333333;8.67809201746924;15.6556924241542;3964
-5.67642166666667;48.7524583333333;8.62961087050441;15.5682301197994;3979
-5.67569666666667;48.75332;8.58113064824055;15.4807694836492;3988
-5.67535;48.7537583333333;8.35659345941048;15.7164664792533;4001
-5.674635;48.7546216666667;8.35659345941048;15.7164664792533;4007
-5.67427666666667;48.755055;8.35659345941048;15.7164664792533;4012
-5.67391333333333;48.7554866666667;8.62961087050441;15.5682301197994;4021
-5.67286666666667;48.7567883333333;8.30964701948865;15.6281730672386;4037
-5.67251;48.7572166666667;8.35659345941048;15.7164664792533;4043
-5.67215333333333;48.75765;8.58113064824055;15.4807694836492;4049
-5.67179833333333;48.75809;8.35659345941048;15.7164664792533;4055
-5.67145166666667;48.75853;8.35659345941048;15.7164664792533;4061
-5.67109333333333;48.7589633333333;8.30964701948865;15.6281730672386;4067
-5.67075833333333;48.7594066666667;8.35659345941048;15.7164664792533;4074
-5.670055;48.7602816666667;8.35659345941048;15.7164664792533;4084
-5.66970333333333;48.7607083333333;8.30964701948865;15.6281730672386;4091
-5.66936333333333;48.7611483333333;8.35659345941048;15.7164664792533;4097
-5.66899166666667;48.761585;8.67809201746924;15.6556924241542;4105
-5.66828;48.7624516666667;8.67809201746924;15.6556924241542;4115
-5.66792833333333;48.7628866666667;8.62961087050441;15.5682301197994;4121
-5.66756666666667;48.7633166666667;8.62961087050441;15.5682301197994;4127
-5.666855;48.76419;8.62961087050441;15.5682301197994;4141
-5.66613;48.7650616666667;8.62961087050441;15.5682301197994;4151
-5.66576333333333;48.7654933333333;8.62961087050441;15.5682301197994;4157
-5.665425;48.7659283333333;8.62961087050441;15.5682301197994;4163
-5.66503833333333;48.76636;8.67809201746924;15.6556924241542;4168
-5.66576333333333;48.7654933333333;8.62961087050441;15.5682301197994;4173
-5.66433333333333;48.767235;8.40354079477826;15.804761575357;4181
-5.663985;48.76767;8.62961087050441;15.5682301197994;4187
-5.66362166666667;48.7681033333333;8.40354079477826;15.804761575357;4193
-5.66285833333333;48.76906;8.35659345941048;15.7164664792533;4205
-5.662215;48.7698616666667;8.40354079477826;15.804761575357;4216
-5.66185166666667;48.7703;8.67809201746924;15.6556924241542;4225
-5.66149;48.7707333333333;8.40354079477826;15.804761575357;4231
-5.66120666666667;48.7710983333333;8.35659345941048;15.7164664792533;4237
-5.66078666666667;48.7716066666667;8.40354079477826;15.804761575357;4243
-5.66006;48.7724866666667;8.40354079477826;15.804761575357;4257
-5.65935666666667;48.77336;8.40354079477826;15.804761575357;4264
-5.65899833333333;48.7737983333333;8.40354079477826;15.804761575357;4271
-5.65828666666667;48.7746716666667;8.35659345941048;15.7164664792533;4283
-5.65793833333333;48.7751166666667;8.40354079477826;15.804761575357;4288
-5.65688666666667;48.7764216666667;8.35659345941048;15.7164664792533;4309
-5.65606666666667;48.777445;8.67809201746924;15.6556924241542;4324
-5.65546666666667;48.7781883333333;8.67809201746924;15.6556924241542;4329
-5.65401833333333;48.77985;9.80350263027049;15.0960702230176;4355
-5.65355166666667;48.7803483333333;10.1213917661357;15.005580379499;4361
-5.65312;48.7807583333333;10.5801345412645;14.5623058987491;4367
-5.65130833333333;48.7823666666667;12.1112642303484;13.4509216246281;4391
-5.650805;48.782745;12.573316770299;13.0200506605359;4397
-5.6493;48.7837666666667;13.8654047126763;11.6344559805304;4414
-5.64885333333333;48.7840533333333;13.9886273062255;11.3277670388971;4419
-5.64846333333333;48.78427;14.3754391808513;10.8326704167369;4424
-5.64787833333333;48.7845883333333;14.8266523141125;10.381733716756;4429
-5.647495;48.7847866666667;14.6628212802912;10.2670179918817;4435
-5.64647833333333;48.7852733333333;15.1800605976953;9.48555462762621;4445
-5.645035;48.7859133333333;15.4152515266381;8.89999961853028;4459
-5.64375333333333;48.7864283333333;15.9490164430798;8.12642977215426;4468
-5.64321666666667;48.7866483333333;16.0884130858924;7.84684336029917;4476
-5.63980833333333;48.787815;16.0416485220067;7.48034355524253;4504
-5.63913166666667;48.788045;16.1322779177944;7.5226047365523;4511
-5.63713666666667;48.7887166666667;16.1322779177944;7.5226047365523;4528
-5.63580166666667;48.7891533333333;15.9985333383997;7.80300607839494;4541
-5.635125;48.78938;16.1322779177944;7.5226047365523;4549
-5.63391333333333;48.7898016666667;15.9985333383997;7.80300607839494;4557
-5.632485;48.79029;15.9086553052207;7.75916963261731;4571
-5.63181666666667;48.79052;16.0884130858924;7.84684336029917;4576
-5.629375;48.7913566666667;16.2229090422271;7.56486672394245;4600
-5.62848333333333;48.791675;16.0884130858924;7.84684336029917;4607
-5.627235;48.79208;16.2229090422271;7.56486672394245;4620
-5.62522833333333;48.792775;16.2229090422271;7.56486672394245;4639
-5.62176833333333;48.7939616666667;16.0884130858924;7.84684336029917;4665
-5.62054333333333;48.7943883333333;16.0884130858924;7.84684336029917;4681
-5.61908666666667;48.794885;16.178292833385;7.89068064220339;4690
-5.61775166666667;48.7953316666667;16.3135401666597;7.60712871133259;4703
-5.61574333333333;48.79603;15.9985333383997;7.80300607839494;4721
-5.61440666666667;48.7964966666667;16.0884130858924;7.84684336029917;4733
-5.61375333333333;48.7967316666667;15.9985333383997;7.80300607839494;4741
-5.6131;48.7969683333333;15.9490164430798;8.12642977215426;4747
-5.61243166666667;48.7971966666667;16.0884130858924;7.84684336029917;4753
-5.610445;48.797905;16.0884130858924;7.84684336029917;4769
-5.60909666666667;48.7983533333333;16.178292833385;7.89068064220339;4782
-5.60574666666667;48.7995016666667;16.0884130858924;7.84684336029917;4811
-5.60238333333333;48.8006166666667;16.1322779177944;7.5226047365523;4841
-5.60102;48.8010366666667;16.384985689164;6.95501378900488;4855
-5.59766166666667;48.8021283333333;16.1322779177944;7.5226047365523;4882
-5.59698666666667;48.80235;16.1322779177944;7.5226047365523;4889
-5.596315;48.802565;16.1322779177944;7.5226047365523;4895
-5.59508666666667;48.8029783333333;16.2229090422271;7.56486672394245;4905
-5.59039666666667;48.8045433333333;16.2229090422271;7.56486672394245;4952
-5.58837;48.805205;16.4438182375668;7.3212595753644;4967
-5.58769166666667;48.80542;16.3524633433126;7.28058575589911;4975
-5.58701666666667;48.8056366666667;16.2611084490584;7.23991193643381;4980
-5.58623666666667;48.8059033333333;16.0416485220067;7.48034355524253;4985
-5.58489;48.8063416666667;16.1322779177944;7.5226047365523;4997
-5.58422166666667;48.8065666666667;16.2229090422271;7.56486672394245;5002
-5.58286333333333;48.8070233333333;16.4438182375668;7.3212595753644;5015
-5.582185;48.8072466666667;16.3524633433126;7.28058575589911;5027
-5.580925;48.8076483333333;16.6611381986339;7.07223357470795;5033
-5.57865333333333;48.808365;16.6611381986339;7.07223357470795;5051
-5.57808833333333;48.8085233333333;16.5038719039037;6.66799707700108;5057
-5.57682333333333;48.808925;16.5690873621439;7.03316031280693;5071
-5.57533333333333;48.80936;16.4770365256539;6.99408705090591;5082
-5.57474333333333;48.8095166666667;16.7820281213514;6.78037948372908;5087
-5.57405;48.8097133333333;16.8044476769496;6.45062309181541;5092
-5.572545;48.810135;16.897806075732;6.48646002347646;5103
-5.57186833333333;48.810335;16.5038719039037;6.66799707700108;5113
-5.57049;48.8107366666667;16.4770365256539;6.99408705090591;5122
-5.56992;48.8109116666667;16.4770365256539;6.99408705090591;5127
-5.56913666666667;48.81116;16.384985689164;6.95501378900488;5134
-5.56845;48.811375;16.4770365256539;6.99408705090591;5141
-5.56787666666667;48.811545;16.4770365256539;6.99408705090591;5153
-5.56572;48.8122183333333;16.4770365256539;6.99408705090591;5164
-5.565025;48.812405;16.5965906430529;6.70545787924375;5173
-5.56229833333333;48.8132233333333;16.2929366083977;6.91594127236434;5194
-5.561845;48.8133633333333;16.384985689164;6.95501378900488;5200
-5.56036333333333;48.8138033333333;16.2008857719077;6.87686801046332;5213
-5.559685;48.8140116666667;16.384985689164;6.95501378900488;5218
-5.55887833333333;48.8142366666667;16.5965906430529;6.70545787924375;5227
-5.55753;48.81465;16.384985689164;6.95501378900488;5236
-5.55683833333333;48.8148483333333;16.384985689164;6.95501378900488;5245
-5.555485;48.8152616666667;16.2929366083977;6.91594127236434;5257
-5.55341666666667;48.8158666666667;16.5038719039037;6.66799707700108;5273
-5.55284666666667;48.8160316666667;16.5038719039037;6.66799707700108;5278
-5.55134666666667;48.8164533333333;16.6177308793849;6.3789492284933;5290
-5.550655;48.8166583333333;16.5038719039037;6.66799707700108;5299
-5.55007;48.816815;16.8044476769496;6.45062309181541;5305
-5.549385;48.8170133333333;16.7110892781672;6.41478616015435;5310
-5.54579666666667;48.8180366666667;16.6893093822022;6.74291868148642;5339
-5.54439833333333;48.818425;16.7820281213514;6.78037948372908;5350
-5.543715;48.8186383333333;16.6893093822022;6.74291868148642;5357
-5.54314333333333;48.8188066666667;16.4770365256539;6.99408705090591;5364
-5.54163166666667;48.8192583333333;16.5690873621439;7.03316031280693;5374
-5.54025333333333;48.81966;16.5690873621439;7.03316031280693;5386
-5.53944333333333;48.8199033333333;16.5690873621439;7.03316031280693;5392
-5.53818666666667;48.8202766666667;16.3524633433126;7.28058575589911;5404
-5.537495;48.82048;16.5690873621439;7.03316031280693;5410
-5.53681666666667;48.820695;16.4770365256539;6.99408705090591;5422
-5.53589333333333;48.8209716666667;16.5690873621439;7.03316031280693;5429
-5.534745;48.8213366666667;16.4438182375668;7.3212595753644;5434
-5.53404666666667;48.8215416666667;16.5690873621439;7.03316031280693;5443
-5.53267833333333;48.8219716666667;16.3524633433126;7.28058575589911;5452
-5.53130333333333;48.8223833333333;16.6893093822022;6.74291868148642;5464
-5.52933833333333;48.8229766666667;16.5965906430529;6.70545787924375;5485
-5.52781666666667;48.8234133333333;16.897806075732;6.48646002347646;5494
-5.52712666666667;48.8236166666667;16.6893093822022;6.74291868148642;5500
-5.52642;48.82381;16.897806075732;6.48646002347646;5506
-5.52501666666667;48.824205;16.897806075732;6.48646002347646;5518
-5.524325;48.82441;16.6893093822022;6.74291868148642;5524
-5.520815;48.8253683333333;16.8044476769496;6.45062309181541;5561
-5.51872666666667;48.8259416666667;16.4770365256539;6.99408705090591;5572
-5.51733833333333;48.8263516666667;16.6893093822022;6.74291868148642;5591
-5.51581666666667;48.82678;16.7820281213514;6.78037948372908;5596
-5.514575;48.82717;16.4770365256539;6.99408705090591;5608
-5.51386666666667;48.8273616666667;16.6611381986339;7.07223357470795;5614
-5.51316;48.82755;16.897806075732;6.48646002347646;5621
-5.51248333333333;48.8277716666667;16.4770365256539;6.99408705090591;5626
-5.51177333333333;48.8279766666667;16.7820281213514;6.78037948372908;5632
-5.51095166666667;48.828195;16.897806075732;6.48646002347646;5640
-5.51038666666667;48.8283633333333;16.4770365256539;6.99408705090591;5645
-5.50912;48.82873;16.4770365256539;6.99408705090591;5659
-5.50695833333333;48.8293866666667;16.1322779177944;7.5226047365523;5681
-5.50570666666667;48.82977;16.1322779177944;7.5226047365523;5687
-5.50424333333333;48.8302516666667;16.3135401666597;7.60712871133259;5701
-5.50233;48.83088;16.3135401666597;7.60712871133259;5715
-5.50086333333333;48.831355;16.3135401666597;7.60712871133259;5731
-5.500175;48.8315666666667;16.4438182375668;7.3212595753644;5741
-5.49812333333333;48.832205;16.5690873621439;7.03316031280693;5752
-5.49743833333333;48.832415;16.4438182375668;7.3212595753644;5759
-5.49676166666667;48.8326383333333;16.3524633433126;7.28058575589911;5764
-5.49619333333333;48.8328133333333;16.3524633433126;7.28058575589911;5772
-5.49550166666667;48.8330266666667;16.4438182375668;7.3212595753644;5782
-5.49402166666667;48.8334933333333;16.4438182375668;7.3212595753644;5791
-5.49333333333333;48.83371;16.3135401666597;7.60712871133259;5796
-5.490585;48.83455;16.4438182375668;7.3212595753644;5818
-5.48866;48.8351583333333;16.1322779177944;7.5226047365523;5835
-5.48786166666667;48.8354133333333;16.178292833385;7.89068064220339;5842
-5.487195;48.83564;15.9985333383997;7.80300607839494;5852
-5.48607833333333;48.83602;16.0381174353906;8.17182899531184;5860
-5.48519833333333;48.8363333333333;15.7164664792533;8.35659345941048;5866
-5.483225;48.83705;15.5682301197994;8.62961087050441;5884
-5.48199666666667;48.8374666666667;15.8599154507689;8.08103054899667;5902
-5.48055333333333;48.8379583333333;16.0884130858924;7.84684336029917;5911
-5.47855833333333;48.8386333333333;16.1322779177944;7.5226047365523;5926
-5.473875;48.8402066666667;16.0884130858924;7.84684336029917;5971
-5.47322333333333;48.840445;15.8599154507689;8.08103054899667;5982
-5.47122666666667;48.8411516666667;15.7164664792533;8.35659345941048;5995
-5.47054833333333;48.8413866666667;16.0381174353906;8.17182899531184;6001
-5.46519666666667;48.8432416666667;16.178292833385;7.89068064220339;6047
-5.46316;48.84392;16.2681725808776;7.93451792410762;6063
-5.45788333333333;48.84574;16.2681725808776;7.93451792410762;6112
-5.45711166666667;48.8460233333333;16.0381174353906;8.17182899531184;6121
-5.45520666666667;48.8466916666667;16.0381174353906;8.17182899531184;6135
-5.45376333333333;48.8472033333333;15.9490164430798;8.12642977215426;6148
-5.453095;48.847445;16.0381174353906;8.17182899531184;6158
-5.45176333333333;48.8479166666667;15.9490164430798;8.12642977215426;6167
-5.44975833333333;48.8486366666667;16.0381174353906;8.17182899531184;6183
-5.44853333333333;48.849085;16.2163194200123;8.26262744162702;6196
-5.44709;48.8495933333333;15.9490164430798;8.12642977215426;6211
-5.4464;48.8498283333333;16.2163194200123;8.26262744162702;6221
-5.44383166666667;48.8507316666667;16.2681725808776;7.93451792410762;6241
-5.44036166666667;48.851935;16.0884130858924;7.84684336029917;6274
-5.43845166666667;48.8525983333333;16.0884130858924;7.84684336029917;6285
-5.43775833333333;48.852815;16.2681725808776;7.93451792410762;6292
-5.437085;48.85305;16.2681725808776;7.93451792410762;6302
-5.43090166666667;48.8552083333333;16.4041712910923;7.64939069872273;6352
-5.43034833333333;48.8554033333333;15.9490164430798;8.12642977215426;6361
-5.42822333333333;48.8561483333333;15.9490164430798;8.12642977215426;6376
-5.42765166666667;48.8563416666667;16.1272184277015;8.21722821846943;6381
-5.42688333333333;48.856615;15.9490164430798;8.12642977215426;6394
-5.42498666666667;48.85728;15.9490164430798;8.12642977215426;6411
-5.42365166666667;48.85775;16.0381174353906;8.17182899531184;6423
-5.42141333333333;48.85854;16.178292833385;7.89068064220339;6441
-5.41995333333333;48.8590466666667;16.0381174353906;8.17182899531184;6460
-5.41827333333333;48.8596466666667;16.2681725808776;7.93451792410762;6471
-5.41693333333333;48.8601183333333;16.178292833385;7.89068064220339;6482
-5.41546333333333;48.8606183333333;16.1272184277015;8.21722821846943;6493
-5.41479;48.86085;16.2681725808776;7.93451792410762;6501
-5.41343333333333;48.8613083333333;16.2681725808776;7.93451792410762;6511
-5.41221;48.8617316666667;16.0884130858924;7.84684336029917;6519
-5.41185666666667;48.8618333333333;16.535173131821;7.3619333948297;6529
-5.41016666666667;48.8623883333333;16.178292833385;7.89068064220339;6540
-5.408715;48.8628616666667;15.8599154507689;8.08103054899667;6553
-5.40739166666667;48.8633283333333;15.8599154507689;8.08103054899667;6564
-5.40606166666667;48.86379;15.8599154507689;8.08103054899667;6574
-5.40550833333333;48.863985;15.804761575357;8.40354079477826;6580
-5.40485166666667;48.8642316666667;15.804761575357;8.40354079477826;6592
-5.40352166666667;48.864695;15.9490164430798;8.12642977215426;6602
-5.40208166666667;48.8652183333333;15.9490164430798;8.12642977215426;6611
-5.40131166666667;48.865495;15.9490164430798;8.12642977215426;6622
-5.40018166666667;48.8658816666667;16.2681725808776;7.93451792410762;6631
-5.398845;48.8663483333333;16.1272184277015;8.21722821846943;6642
-5.3974;48.866855;15.8599154507689;8.08103054899667;6652
-5.39672666666667;48.8670916666667;16.0381174353906;8.17182899531184;6662
-5.39404666666667;48.8680433333333;16.1272184277015;8.21722821846943;6682
-5.39349166666667;48.8682416666667;16.178292833385;7.89068064220339;6691
-5.39271833333333;48.8685216666667;16.0381174353906;8.17182899531184;6700
-5.39068;48.86921;16.0884130858924;7.84684336029917;6714
-5.39404666666667;48.8680433333333;16.1272184277015;8.21722821846943;6722
-5.38863333333333;48.8698616666667;16.178292833385;7.89068064220339;6732
-5.38806166666667;48.8700333333333;16.2229090422271;7.56486672394245;6737
-5.38728666666667;48.8702833333333;15.7708161579181;8.03563219175724;6742
-5.38671166666667;48.8704633333333;16.0884130858924;7.84684336029917;6748
-5.38595;48.87074;15.8599154507689;8.08103054899667;6754
-5.385395;48.870925;15.6281730672386;8.30964701948865;6760
-5.38060333333333;48.8725583333333;16.178292833385;7.89068064220339;6802
-5.37927166666667;48.8730083333333;15.9985333383997;7.80300607839494;6817
-5.37792166666667;48.8734316666667;15.9086553052207;7.75916963261731;6828
-5.37727333333333;48.8736733333333;15.9086553052207;7.75916963261731;6833
-5.37659666666667;48.8738933333333;15.8599154507689;8.08103054899667;6840
-5.37526333333333;48.8743383333333;15.7708161579181;8.03563219175724;6851
-5.37325;48.87501;15.8599154507689;8.08103054899667;6868
-5.37257;48.8752316666667;16.0884130858924;7.84684336029917;6878
-5.37124333333333;48.8757;15.9490164430798;8.12642977215426;6889
-5.37055833333333;48.8759116666667;16.0884130858924;7.84684336029917;6894
-5.36988666666667;48.8761383333333;15.9490164430798;8.12642977215426;6899
-5.36931666666667;48.87632;16.3135401666597;7.60712871133259;6907
-5.36796333333333;48.87676;16.178292833385;7.89068064220339;6916
-5.36719166666667;48.8770316666667;15.9985333383997;7.80300607839494;6923
-5.36583333333333;48.87746;16.0884130858924;7.84684336029917;6934
-5.365275;48.8776433333333;15.9985333383997;7.80300607839494;6942
-5.36313166666667;48.87832;15.8599154507689;8.08103054899667;6959
-5.36257166666667;48.8785133333333;16.0884130858924;7.84684336029917;6964
-5.3618;48.878785;15.7164664792533;8.35659345941048;6972
-5.36046333333333;48.8792416666667;15.7164664792533;8.35659345941048;6983
-5.35858;48.87988;15.6281730672386;8.30964701948865;7000
-5.35713666666667;48.8803733333333;15.6281730672386;8.30964701948865;7014
-5.35514;48.8810633333333;15.8599154507689;8.08103054899667;7031
-5.35447333333333;48.8812933333333;15.9490164430798;8.12642977215426;7038
-5.35313333333333;48.8817533333333;16.0884130858924;7.84684336029917;7048
-5.35244333333333;48.8819683333333;16.178292833385;7.89068064220339;7054
-5.35188;48.8821533333333;16.2229090422271;7.56486672394245;7060
-5.351095;48.88242;16.178292833385;7.89068064220339;7067
-5.34971166666667;48.88284;16.3135401666597;7.60712871133259;7079
-5.34833333333333;48.88328;16.535173131821;7.3619333948297;7091
-5.34765333333333;48.8834816666667;16.2229090422271;7.56486672394245;7103
-5.34628166666667;48.883915;16.2681725808776;7.93451792410762;7115
-5.34424333333333;48.8845616666667;16.2681725808776;7.93451792410762;7127
-5.34358;48.88478;15.8599154507689;8.08103054899667;7132
-5.34291833333333;48.8850083333333;15.6281730672386;8.30964701948865;7143
-5.34156833333333;48.8854566666667;15.8599154507689;8.08103054899667;7153
-5.34089333333333;48.8856733333333;15.7164664792533;8.35659345941048;7164
-5.33955666666667;48.8861366666667;15.8599154507689;8.08103054899667;7171
-5.33829666666667;48.8865266666667;16.178292833385;7.89068064220339;7180
-5.33752333333333;48.8868033333333;15.9490164430798;8.12642977215426;7186
-5.33615666666667;48.8872383333333;16.178292833385;7.89068064220339;7201
-5.334805;48.8876866666667;16.178292833385;7.89068064220339;7216
-5.33412666666667;48.8879116666667;16.178292833385;7.89068064220339;7222
-5.332755;48.888345;16.178292833385;7.89068064220339;7231
-5.33026;48.8891583333333;16.178292833385;7.89068064220339;7254
-5.32934833333333;48.8894483333333;16.0381174353906;8.17182899531184;7264
-5.32730166666667;48.89011;15.9490164430798;8.12642977215426;7283
-5.325945;48.89056;15.9490164430798;8.12642977215426;7292
-5.32412666666667;48.89115;16.0381174353906;8.17182899531184;7312
-5.32278833333333;48.8916133333333;16.0381174353906;8.17182899531184;7317
-5.32187333333333;48.891905;16.1272184277015;8.21722821846943;7328
-5.32053;48.8923716666667;15.8930566714607;8.45048813014604;7339
-5.31984833333333;48.8925966666667;16.0381174353906;8.17182899531184;7344
-5.31917;48.892825;15.8930566714607;8.45048813014604;7349
-5.31849;48.8930533333333;15.8930566714607;8.45048813014604;7354
-5.31770666666667;48.893325;15.8930566714607;8.45048813014604;7362
-5.31670333333333;48.8936783333333;15.830617032864;8.7750543113989;7371
-5.31514;48.8942166666667;15.501854397379;8.94999980926514;7387
-5.31445833333333;48.8944516666667;15.830617032864;8.7750543113989;7396
-5.31312666666667;48.8949333333333;15.5884572681199;9;7404
-5.31179333333333;48.8954083333333;15.6556924241542;8.67809201746924;7416
-5.30921333333333;48.896305;15.9813517675644;8.49743546551381;7445
-5.30775833333333;48.8968033333333;15.8930566714607;8.45048813014604;7454
-5.305745;48.8975083333333;15.8930566714607;8.45048813014604;7474
-5.30383333333333;48.89817;15.830617032864;8.7750543113989;7485
-5.30316;48.8984066666667;15.830617032864;8.7750543113989;7491
-5.30249;48.8986416666667;15.830617032864;8.7750543113989;7498
-5.30170333333333;48.8989166666667;15.830617032864;8.7750543113989;7505
-5.301025;48.899155;15.9180793372189;8.82353545836372;7514
-5.29969666666667;48.8996366666667;15.5884572681199;9;7525
-5.29835833333333;48.9001266666667;15.830617032864;8.7750543113989;7534
-5.29791833333333;48.9002916666667;15.6750601388608;9.05000019073487;7545
-5.29647;48.9008266666667;15.830617032864;8.7750543113989;7551
-5.29590666666667;48.90103;15.9180793372189;8.82353545836372;7560
-5.29434666666667;48.9016016666667;15.830617032864;8.7750543113989;7571
-5.293;48.9020833333333;15.5884572681199;9;7585
-5.29164;48.902545;15.830617032864;8.7750543113989;7594
-5.29109333333333;48.9027533333333;15.5884572681199;9;7602
-5.28973666666667;48.9032166666667;15.830617032864;8.7750543113989;7612
-5.28907333333333;48.90346;15.5884572681199;9;7620
-5.28761666666667;48.9039766666667;15.7431547285091;8.72657316443407;7631
-5.286955;48.9042283333333;15.6750601388608;9.05000019073487;7638
-5.28360333333333;48.9054283333333;15.5884572681199;9;7666
-5.28315;48.905585;15.6750601388608;9.05000019073487;7672
-5.28248;48.905825;15.5884572681199;9;7677
-5.28159;48.9061483333333;15.6750601388608;9.05000019073487;7684
-5.28360333333333;48.9054283333333;15.5884572681199;9;7701
-5.27889;48.9071066666667;16.0055399733691;8.87201568062758;7708
-5.278245;48.907365;15.5884572681199;9;7714
-5.27622;48.9080833333333;15.5884572681199;9;7732
-5.27565666666667;48.908285;15.6750601388608;9.05000019073487;7739
-5.274865;48.9085566666667;15.6750601388608;9.05000019073487;7744
-5.273525;48.909045;15.6750601388608;9.05000019073487;7761
-5.27149833333333;48.909775;15.8482642285303;9.14999961853028;7777
-5.27017666666667;48.9102816666667;15.6750601388608;9.05000019073487;7791
-5.26813166666667;48.91099;15.830617032864;8.7750543113989;7806
-5.26676833333333;48.9114533333333;15.830617032864;8.7750543113989;7816
-5.26608166666667;48.9116833333333;15.9180793372189;8.82353545836372;7822
-5.26472166666667;48.9121466666667;15.830617032864;8.7750543113989;7835
-5.26404166666667;48.9123766666667;15.830617032864;8.7750543113989;7842
-5.26201166666667;48.9130816666667;15.6750601388608;9.05000019073487;7858
-5.26133166666667;48.9133133333333;15.830617032864;8.7750543113989;7864
-5.26065166666667;48.9135416666667;15.6750601388608;9.05000019073487;7872
-5.25931833333333;48.91403;15.5884572681199;9;7882
-5.25910333333333;48.914115;15.429011412638;9.27068534838098;7887
-5.257955;48.9145066666667;15.8482642285303;9.14999961853028;7902
-5.25261666666667;48.9164716666667;15.6750601388608;9.05000019073487;7943
-5.25127333333333;48.9169633333333;15.7616630096017;9.10000038146973;7956
-5.24993166666667;48.91745;15.6750601388608;9.05000019073487;7965
-5.24858666666667;48.917935;15.6750601388608;9.05000019073487;7978
-5.24790333333333;48.9181733333333;16.0055399733691;8.87201568062758;7984
-5.24454833333333;48.919385;15.7616630096017;9.10000038146973;8014
-5.24409166666667;48.9195416666667;16.0055399733691;8.87201568062758;8019
-5.24321833333333;48.919865;15.501854397379;8.94999980926514;8025
-5.24253333333333;48.9201016666667;15.7616630096017;9.10000038146973;8032
-5.24186;48.920335;15.830617032864;8.7750543113989;8042
-5.23985166666667;48.92106;16.0055399733691;8.87201568062758;8066
-5.23729;48.92199;15.7431547285091;8.72657316443407;8080
-5.23517;48.9227516666667;15.5884572681199;9;8098
-5.23381833333333;48.92323;15.6750601388608;9.05000019073487;8113
-5.23315166666667;48.92348;15.6750601388608;9.05000019073487;8119
-5.23181833333333;48.9239666666667;15.429011412638;9.27068534838098;8131
-5.23048666666667;48.9244616666667;15.5147284696916;9.32218935234342;8140
-5.229285;48.924935;15.5147284696916;9.32218935234342;8155
-5.2285;48.92522;15.6004455267452;9.37369335630586;8160
-5.22381333333333;48.9269533333333;16.2462353717865;8.6382765761712;8201
-5.22258666666667;48.9274033333333;16.069646863668;8.54438280088159;8212
-5.22381333333333;48.9269533333333;16.2462353717865;8.6382765761712;8225
-5.21752833333333;48.9291633333333;15.5884572681199;9;8262
-5.215975;48.929735;15.5884572681199;9;8274
-5.214435;48.9303166666667;15.6750601388608;9.05000019073487;8286
-5.213125;48.93082;15.429011412638;9.27068534838098;8295
-5.21244833333333;48.931055;15.6750601388608;9.05000019073487;8303
-5.211135;48.9315666666667;15.6750601388608;9.05000019073487;8316
-5.20958166666667;48.932135;15.830617032864;8.7750543113989;8332
-5.207135;48.933035;15.7431547285091;8.72657316443407;8350
-5.20579833333333;48.9335166666667;15.7431547285091;8.72657316443407;8365
-5.20958166666667;48.932135;15.830617032864;8.7750543113989;8373
-5.20380833333333;48.93424;15.8930566714607;8.45048813014604;8382
-5.20270666666667;48.93465;15.7431547285091;8.72657316443407;8395
-5.20049833333333;48.9354533333333;15.7431547285091;8.72657316443407;8412
-5.19921166666667;48.9359566666667;15.4152515266381;8.89999961853028;8426
-5.19788666666667;48.93645;15.5884572681199;9;8435
-5.196585;48.936965;15.6750601388608;9.05000019073487;8451
-5.19528833333333;48.9374666666667;15.3432943555844;9.21918134441854;8457
-5.19398333333333;48.9379833333333;15.501854397379;8.94999980926514;8474
-5.19266166666667;48.9384783333333;15.5884572681199;9;8482
-5.19136833333333;48.938995;15.5884572681199;9;8501
-5.19007;48.9394966666667;15.4152515266381;8.89999961853028;8508
-5.18875;48.939995;15.7431547285091;8.72657316443407;8517
-5.18811666666667;48.9402583333333;15.4152515266381;8.89999961853028;8524
-5.18745;48.9405016666667;15.6556924241542;8.67809201746924;8532
-5.18615;48.941005;15.4152515266381;8.89999961853028;8541
-5.185495;48.941255;15.6556924241542;8.67809201746924;8548
-5.18483333333333;48.941495;15.6556924241542;8.67809201746924;8557
-5.18417833333333;48.9417466666667;15.6556924241542;8.67809201746924;8565
-5.18218166666667;48.942465;16.0381174353906;8.17182899531184;8577
-5.18018333333333;48.9431733333333;15.9490164430798;8.12642977215426;8595
-5.175555;48.9448483333333;15.804761575357;8.40354079477826;8637
-5.17420333333333;48.9453183333333;16.1272184277015;8.21722821846943;8652
-5.168765;48.9471133333333;16.6265280260752;7.402607214295;8697
-5.16738666666667;48.9475133333333;16.384985689164;6.95501378900488;8710
-5.16668666666667;48.9477216666667;16.5690873621439;7.03316031280693;8716
-5.165965;48.9479;16.8747468605007;6.81784028597175;8723
-5.168765;48.9471133333333;16.6265280260752;7.402607214295;8734
-5.15977833333333;48.9497133333333;16.2229090422271;7.56486672394245;8779
-5.15501333333333;48.95119;16.2229090422271;7.56486672394245;8821
-5.15364;48.9515966666667;16.1322779177944;7.5226047365523;8833
-5.15227;48.9520116666667;16.2611084490584;7.23991193643381;8848
-5.149085;48.9529783333333;16.1322779177944;7.5226047365523;8876
-5.1461;48.953875;16.5690873621439;7.03316031280693;8896
-5.14267833333333;48.9549133333333;16.2229090422271;7.56486672394245;8925
-5.14063;48.9555516666667;16.0884130858924;7.84684336029917;8948
-5.13588;48.9570833333333;16.3135401666597;7.60712871133259;8986
-5.135415;48.95722;16.535173131821;7.3619333948297;8995
-5.13381666666667;48.95772;16.4438182375668;7.3212595753644;9007
-5.12759333333333;48.95955;16.0416485220067;7.48034355524253;9058
-5.126895;48.9597566666667;16.2229090422271;7.56486672394245;9064
-5.12555;48.9601783333333;15.8603862731414;7.39581958046224;9076
-5.12485666666667;48.96039;16.0884130858924;7.84684336029917;9082
-5.12351166666667;48.9608116666667;15.7288958102354;7.67149506880886;9096
-5.12282166666667;48.9610216666667;15.9985333383997;7.80300607839494;9101
-5.12170333333333;48.9613816666667;15.9086553052207;7.75916963261731;9112
-5.12080833333333;48.9616766666667;15.9985333383997;7.80300607839494;9118
-5.12014;48.961895;15.9086553052207;7.75916963261731;9133
-5.11811166666667;48.962555;16.1322779177944;7.5226047365523;9142
-5.11673666666667;48.962995;16.3135401666597;7.60712871133259;9154
-5.116055;48.9632016666667;16.3524633433126;7.28058575589911;9162
-5.11401333333333;48.9638283333333;16.4770365256539;6.99408705090591;9184
-5.113335;48.9640416666667;16.2611084490584;7.23991193643381;9193
-5.10921;48.9652833333333;16.1322779177944;7.5226047365523;9224
-5.10850833333333;48.9654783333333;16.5690873621439;7.03316031280693;9230
-5.10805166666667;48.9656133333333;16.2611084490584;7.23991193643381;9236
-5.10714333333333;48.9658983333333;16.2229090422271;7.56486672394245;9242
-5.10579166666667;48.96633;16.0416485220067;7.48034355524253;9250
-5.10376;48.9669866666667;15.9985333383997;7.80300607839494;9268
-5.10308166666667;48.9672066666667;16.2229090422271;7.56486672394245;9282
-5.10037166666667;48.9680883333333;16.3524633433126;7.28058575589911;9302
-5.09922;48.9684383333333;16.3135401666597;7.60712871133259;9311
-5.09832;48.96874;16.3524633433126;7.28058575589911;9322
-5.096935;48.9691566666667;16.4041712910923;7.64939069872273;9327
-5.09647833333333;48.969305;16.535173131821;7.3619333948297;9335
-5.09558166666667;48.969615;16.1322779177944;7.5226047365523;9341
-5.09351833333333;48.9702516666667;16.3524633433126;7.28058575589911;9363
-5.09236;48.9706016666667;16.4438182375668;7.3212595753644;9372
-5.09143666666667;48.9708716666667;16.4438182375668;7.3212595753644;9377
-5.09074166666667;48.97108;16.4438182375668;7.3212595753644;9382
-5.08937166666667;48.97151;16.2229090422271;7.56486672394245;9394
-5.08546833333333;48.972695;16.2611084490584;7.23991193643381;9430
-5.08454333333333;48.972965;16.2229090422271;7.56486672394245;9437
-5.08386833333333;48.9731883333333;16.2229090422271;7.56486672394245;9444
-5.08318666666667;48.9734;16.1322779177944;7.5226047365523;9452
-5.08170333333333;48.973875;16.2229090422271;7.56486672394245;9461
-5.08113666666667;48.9740516666667;16.2229090422271;7.56486672394245;9469
-5.07850666666667;48.9748766666667;16.3524633433126;7.28058575589911;9489
-5.077705;48.97513;16.4438182375668;7.3212595753644;9498
-5.07631333333333;48.97555;16.5690873621439;7.03316031280693;9511
-5.07562333333333;48.9757666666667;16.4438182375668;7.3212595753644;9518
-5.07423833333333;48.9761866666667;16.6611381986339;7.07223357470795;9531
-5.07283333333333;48.9765966666667;16.7531890351239;7.11130683660898;9542
-5.07074166666667;48.9772183333333;16.7531890351239;7.11130683660898;9557
-5.069345;48.9776216666667;16.5690873621439;7.03316031280693;9572
-5.06864166666667;48.9778266666667;16.6611381986339;7.07223357470795;9582
-5.06654666666667;48.9784533333333;16.535173131821;7.3619333948297;9592
-5.06514;48.9788683333333;16.7178811778797;7.44328025797171;9610
-5.063765;48.9793083333333;16.4041712910923;7.64939069872273;9616
-5.06025166666667;48.9803616666667;16.7178811778797;7.44328025797171;9647
-5.05886166666667;48.980795;16.494802415525;7.69165268611288;9661
-5.05747;48.9812333333333;16.494802415525;7.69165268611288;9672
-5.05537;48.9818716666667;16.494802415525;7.69165268611288;9690
-5.053265;48.9824983333333;16.4041712910923;7.64939069872273;9708
-5.05186833333333;48.9829116666667;16.4438182375668;7.3212595753644;9718
-5.05115666666667;48.98312;16.6265280260752;7.402607214295;9727
-5.048375;48.9839666666667;16.535173131821;7.3619333948297;9748
-5.04767;48.9841716666667;16.494802415525;7.69165268611288;9754
-5.04709333333333;48.9843533333333;16.6265280260752;7.402607214295;9761
-5.04488;48.985035;16.7178811778797;7.44328025797171;9780
-5.042095;48.9859116666667;16.494802415525;7.69165268611288;9803
-5.040685;48.9863416666667;16.5854318113127;7.73391386742265;9814
-5.03928833333333;48.9867716666667;16.7178811778797;7.44328025797171;9830
-5.03043666666667;48.98979;15.5147284696916;9.32218935234342;9906
-5.02913833333333;48.99032;15.349670863936;9.59153888476917;9916
-5.03043666666667;48.98979;15.5147284696916;9.32218935234342;9933
-4.962055;49.0222933333333;13.4338299521676;11.6778502154977;10573
-4.96101666666667;49.02289;12.9449610766379;12.0713714934297;10586
-4.96044;49.0232083333333;13.0180953308426;12.139570288789;10593
-4.95933333333333;49.0238716666667;12.5157905664816;12.5157905664816;10603
-4.95717833333333;49.0252383333333;12.2954536871065;12.7323150148068;10627
-4.95656333333333;49.0256466666667;12.2954536871065;12.7323150148068;10635
-4.955595;49.0262916666667;12.5157905664816;12.5157905664816;10643
-4.953505;49.0276033333333;12.5865001656409;12.5865001656409;10667
-4.95284333333333;49.02799;13.0912309799939;12.207770384957;10675
-4.94734333333333;49.031395;12.8761821516555;12.4343845662249;10733
-4.944625;49.0331116666667;12.5865001656409;12.5865001656409;10766
-4.94190833333333;49.03484;12.5865001656409;12.5865001656409;10796
-4.93984666666667;49.0361816666667;12.6572111134994;12.6572111134994;10815
-4.93527;49.0390566666667;13.0912309799939;12.207770384957;10864
-4.93389166666667;49.0399116666667;12.8761821516555;12.4343845662249;10883
-4.93262;49.0407233333333;12.8761821516555;12.4343845662249;10895
-4.93152833333333;49.0414116666667;12.8761821516555;12.4343845662249;10908
-4.931;49.0417716666667;12.6572111134994;12.6572111134994;10915
-4.92981833333333;49.0425233333333;12.8761821516555;12.4343845662249;10924
-4.92936;49.0428133333333;12.8761821516555;12.4343845662249;10932
-4.92773166666667;49.0438616666667;12.7279220613579;12.7279220613579;10953
-4.92667;49.044565;12.5865001656409;12.5865001656409;10959
-4.926125;49.044915;12.6572111134994;12.6572111134994;10969
-4.92557333333333;49.0452583333333;12.9481164060957;12.503850668262;10976
-4.91037166666667;49.05507;12.9481164060957;12.503850668262;11141
-4.90536;49.0581566666667;12.9481164060957;12.503850668262;11195
-4.90426;49.058855;12.9481164060957;12.503850668262;11207
-4.90315333333333;49.0595466666667;12.7986330092163;12.7986330092163;11220
-4.88887666666667;49.068595;12.503850668262;12.9481164060957;11374
-4.88779333333333;49.0692983333333;12.4343845662249;12.8761821516555;11387
-4.88887666666667;49.068595;12.503850668262;12.9481164060957;11403
-4.88014333333333;49.0741833333333;12.6572111134994;12.6572111134994;11469
-4.87796;49.075585;13.0200506605359;12.573316770299;11498
-4.87241166666667;49.0790316666667;12.8761821516555;12.4343845662249;11554
-4.86636833333333;49.082855;12.503850668262;12.9481164060957;11621
-4.86591833333333;49.0831483333333;12.6572111134994;12.6572111134994;11629
-4.859335;49.08746;12.8761821516555;12.4343845662249;11704
-4.85714;49.0888516666667;12.9481164060957;12.503850668262;11721
-4.85115166666667;49.0927233333333;12.7279220613579;12.7279220613579;11788
-4.84960166666667;49.0937233333333;13.0200506605359;12.573316770299;11815
-4.83136166666667;49.10533;12.9481164060957;12.503850668262;12004
-4.83023833333333;49.1060183333333;13.0919849149762;12.642782872336;12017
-4.82967666666667;49.1063616666667;13.3106379274475;12.4123706734609;12024
-4.828565;49.1070566666667;13.0200506605359;12.573316770299;12036
-4.82809166666667;49.1073416666667;13.0200506605359;12.573316770299;12051
-4.826425;49.108385;13.0200506605359;12.573316770299;12058
-4.82577333333333;49.1087933333333;13.0200506605359;12.573316770299;12064
-4.82466666666667;49.1094916666667;13.0200506605359;12.573316770299;12081
-4.81301333333333;49.11685;12.7279220613579;12.7279220613579;12203
-4.803695;49.1228283333333;12.7986330092163;12.7986330092163;12302
-4.788285;49.1326316666667;13.2375022782963;12.3441705772929;12471
-4.77404166666667;49.140225;13.9886273062255;11.3277670388971;12619
-4.76010333333333;49.14742;14.643207906802;10.638913290716;12755
-4.75581166666667;49.14943;14.8050103798306;10.7564696685077;12796
-4.75078;49.151905;14.5351668921713;10.9530338805157;12846
-4.72709666666667;49.1631933333333;15.1799375997396;9.8579667415353;13070
-4.72201666666667;49.165475;15.1799375997396;9.8579667415353;13121
-4.69302833333333;49.17593;15.804761575357;8.40354079477826;13379
-4.69167666666667;49.1764066666667;15.8930566714607;8.45048813014604;13391
-4.686375;49.178255;16.1272184277015;8.21722821846943;13437
-4.68369;49.1792266666667;15.7431547285091;8.72657316443407;13460
-4.63327166666667;49.1971066666667;16.1272184277015;8.21722821846943;13914
-4.61436833333333;49.20379;15.7431547285091;8.72657316443407;14083
-4.59983833333333;49.2101433333333;15.0960702230176;9.80350263027049;14220
-4.59353666666667;49.21294;14.6628212802912;10.2670179918817;14279
-4.58979;49.2146583333333;14.7447367972019;10.3243758543188;14319
-4.58788333333333;49.2155016666667;15.005580379499;10.1213917661357;14333
-4.58727;49.2158;14.9226763059908;10.0654722624734;14339
-4.58472166666667;49.2169266666667;15.005580379499;10.1213917661357;14362
-4.58281166666667;49.2177633333333;14.9226763059908;10.0654722624734;14383
-4.581515;49.2182983333333;15.1799375997396;9.8579667415353;14396
-4.56536;49.2256116666667;14.9226763059908;10.0654722624734;14550
-4.56399166666667;49.22622;14.6628212802912;10.2670179918817;14562
-4.52307333333333;49.2447866666667;14.6628212802912;10.2670179918817;14954
-4.51355666666667;49.2490183333333;14.9226763059908;10.0654722624734;15045
-4.51291833333333;49.2492916666667;14.9226763059908;10.0654722624734;15051
-4.511015;49.250135;14.9226763059908;10.0654722624734;15064
-4.50910166666667;49.2509816666667;14.7447367972019;10.3243758543188;15082
-4.50792333333333;49.25149;15.005580379499;10.1213917661357;15093
-4.50654166666667;49.25211;15.0884844530072;10.1773112697979;15111
-4.46879166666667;49.2688433333333;15.1713869452518;10.2332297068843;15460
-4.44235833333333;49.28076;14.1053921889581;11.0203401734731;15713
-4.44174166666667;49.28106;14.184193564921;11.0819065558618;15718
-4.43807166666667;49.28286;14.3754391808513;10.8326704167369;15755
-4.43736;49.2832133333333;14.3754391808513;10.8326704167369;15764
-4.43613;49.2838183333333;14.4553030365113;10.8928521486263;15778
-4.43490666666667;49.2844266666667;14.2629949408839;11.1434729382506;15786
-4.43245166666667;49.285635;14.184193564921;11.0819065558618;15809
-4.43185;49.2859483333333;13.9886273062255;11.3277670388971;15815
-4.43122666666667;49.2862483333333;14.2629949408839;11.1434729382506;15820
-4.43063333333333;49.2865566666667;14.1053921889581;11.0203401734731;15826
-4.42821833333333;49.28779;13.9886273062255;11.3277670388971;15849
-4.42641833333333;49.2887133333333;13.9886273062255;11.3277670388971;15868
-4.42582166666667;49.28903;13.9886273062255;11.3277670388971;15878
-4.42401;49.28996;14.2629949408839;11.1434729382506;15895
-4.42219666666667;49.2908866666667;14.2629949408839;11.1434729382506;15909
-4.42159666666667;49.2911983333333;14.3754391808513;10.8326704167369;15918
-4.41977333333333;49.29212;14.184193564921;11.0819065558618;15934
-4.41796333333333;49.2930483333333;14.184193564921;11.0819065558618;15952
-4.41736666666667;49.2933616666667;13.9886273062255;11.3277670388971;15960
-4.41616833333333;49.2939816666667;14.1053921889581;11.0203401734731;15971
-4.40840333333333;49.29801;13.9109124136221;11.2648347597254;16050
-4.40720666666667;49.298625;14.1053921889581;11.0203401734731;16060
-4.4042;49.3001666666667;14.2629949408839;11.1434729382506;16096
-4.40300666666667;49.3007866666667;14.184193564921;11.0819065558618;16102
-4.399995;49.3023216666667;14.1053921889581;11.0203401734731;16132
-4.39937666666667;49.3026316666667;14.2629949408839;11.1434729382506;16142
-4.39096166666667;49.3069616666667;13.9886273062255;11.3277670388971;16225
-4.38490166666667;49.3100516666667;14.184193564921;11.0819065558618;16282
-4.38318666666667;49.3109233333333;14.184193564921;11.0819065558618;16300
-4.3826;49.3112383333333;13.9886273062255;11.3277670388971;16306
-4.38188166666667;49.3115933333333;14.2629949408839;11.1434729382506;16314
-4.38128333333333;49.311905;14.184193564921;11.0819065558618;16319
-4.38068166666667;49.312215;13.9886273062255;11.3277670388971;16324
-4.38017333333333;49.3124733333333;14.0663421988288;11.3906993180687;16330
-4.37887166666667;49.3131483333333;14.2629949408839;11.1434729382506;16344
-4.37766;49.3137733333333;14.2629949408839;11.1434729382506;16356
-4.37685666666667;49.3141933333333;14.3417963168468;11.2050393206394;16369
-4.37533166666667;49.3149633333333;14.0663421988288;11.3906993180687;16377
-4.37411333333333;49.3155783333333;14.2629949408839;11.1434729382506;16388
-4.37339833333333;49.315935;14.0663421988288;11.3906993180687;16399
-4.37157833333333;49.3168683333333;14.3417963168468;11.2050393206394;16416
-4.36857;49.31844;14.0663421988288;11.3906993180687;16444
-4.36737;49.3190716666667;14.0663421988288;11.3906993180687;16460
-4.36372666666667;49.3209566666667;14.3417963168468;11.2050393206394;16496
-4.36198333333333;49.3218416666667;14.4205961897985;11.2666045287471;16511
-4.35831;49.3237133333333;14.4205961897985;11.2666045287471;16548
-4.35708;49.3243283333333;14.4205961897985;11.2666045287471;16559
-4.35331333333333;49.326265;14.2217705017473;11.5165626760787;16596
-4.35209666666667;49.3268866666667;14.0663421988288;11.3906993180687;16608
-4.35148333333333;49.3272;14.2217705017473;11.5165626760787;16615
-4.35027166666667;49.3278083333333;13.7887999761416;11.5701769743577;16624
-4.34907333333333;49.328435;13.7887999761416;11.5701769743577;16638
-4.348485;49.328755;13.7887999761416;11.5701769743577;16644
-4.34797833333333;49.3290133333333;14.0663421988288;11.3906993180687;16649
-4.34728;49.3293783333333;13.7887999761416;11.5701769743577;16654
-4.34619;49.329965;14.0663421988288;11.3906993180687;16665
-4.34569666666667;49.33023;13.7887999761416;11.5701769743577;16675
-4.34488833333333;49.330655;14.0663421988288;11.3906993180687;16681
-4.34428666666667;49.33097;14.0663421988288;11.3906993180687;16688
-4.34126833333333;49.332515;13.9886273062255;11.3277670388971;16714
-4.33699;49.3346483333333;14.2629949408839;11.1434729382506;16757
-4.33638166666667;49.3349566666667;14.2629949408839;11.1434729382506;16763
-4.33587166666667;49.3352083333333;14.184193564921;11.0819065558618;16771
-4.33456666666667;49.3358833333333;14.0663421988288;11.3906993180687;16779
-4.33336333333333;49.3365083333333;13.9886273062255;11.3277670388971;16792
-4.330325;49.33806;14.2629949408839;11.1434729382506;16825
-4.32912;49.3386866666667;14.0663421988288;11.3906993180687;16835
-4.32852166666667;49.3390016666667;14.2629949408839;11.1434729382506;16840
-4.32802333333333;49.3392666666667;14.0663421988288;11.3906993180687;16845
-4.32741;49.339575;14.2629949408839;11.1434729382506;16851
-4.32671166666667;49.339945;14.0663421988288;11.3906993180687;16862
-4.325515;49.340585;14.0663421988288;11.3906993180687;16871
-4.30668166666667;49.3502233333333;14.3417963168468;11.2050393206394;17057
-4.306075;49.3505366666667;14.3417963168468;11.2050393206394;17063
-4.30567666666667;49.3507466666667;14.2629949408839;11.1434729382506;17072
-4.30424166666667;49.3514583333333;14.2629949408839;11.1434729382506;17082
-4.30374166666667;49.351725;14.2629949408839;11.1434729382506;17087
-4.301905;49.35264;14.3417963168468;11.2050393206394;17104
-4.30160333333333;49.352795;14.2629949408839;11.1434729382506;17110
-4.30060833333333;49.3533216666667;14.2629949408839;11.1434729382506;17115
-4.29998333333333;49.3536166666667;14.2629949408839;11.1434729382506;17120
-4.29816666666667;49.3545483333333;14.0663421988288;11.3906993180687;17143
-4.29525833333333;49.35606;14.0663421988288;11.3906993180687;17173
-4.29394166666667;49.3567316666667;14.2629949408839;11.1434729382506;17181
-4.292115;49.35766;14.184193564921;11.0819065558618;17199
-4.29149166666667;49.3579633333333;14.5351668921713;10.9530338805157;17210
-4.29025833333333;49.358565;14.4553030365113;10.8928521486263;17218
-4.28850666666667;49.3594266666667;14.4553030365113;10.8928521486263;17234
-4.28532333333333;49.3609983333333;14.3417963168468;11.2050393206394;17268
-4.28410666666667;49.3616183333333;14.2629949408839;11.1434729382506;17279
-4.28237333333333;49.3624916666667;14.3417963168468;11.2050393206394;17299
-4.276705;49.365285;14.3417963168468;11.2050393206394;17353
-4.27494166666667;49.36614;14.6150292245549;11.0132144645341;17369
-4.26995833333333;49.3685366666667;14.724109914855;10.6976920401676;17415
-4.26183666666667;49.37239;14.3754391808513;10.8326704167369;17497
-4.261325;49.3726416666667;14.3754391808513;10.8326704167369;17502
-4.25987;49.3733233333333;14.4553030365113;10.8928521486263;17515
-4.24572333333333;49.3800883333333;14.4814038906961;10.521355791813;17652
-4.24511;49.3803833333333;14.4814038906961;10.521355791813;17657
-4.23233166666667;49.3864683333333;13.9761214258276;10.5317629051608;17781
-4.21726333333333;49.3935533333333;13.736531382124;10.3512188573637;17934
-4.21527833333333;49.3944816666667;13.9959933854556;10.1686844162152;17962
-4.213695;49.3952216666667;13.656667526464;10.2910371254742;17969
-4.21192333333333;49.3960533333333;13.656667526464;10.2910371254742;17986
-4.20724833333333;49.398335;13.656667526464;10.2910371254742;18036
-4.20664833333333;49.3986116666667;13.9150929204801;10.1099067878751;18041
-4.20557166666667;49.3991283333333;13.9150929204801;10.1099067878751;18051
-4.203675;49.4000066666667;13.9959933854556;10.1686844162152;18073
-4.20307833333333;49.40028;13.9150929204801;10.1099067878751;18079
-4.203675;49.4000066666667;13.9959933854556;10.1686844162152;18085
-4.20136333333333;49.4010566666667;14.1713297412361;9.92287191126901;18098
-4.19954833333333;49.4018766666667;13.9959933854556;10.1686844162152;18114
-4.19895;49.40215;13.9150929204801;10.1099067878751;18119
-4.19764666666667;49.4027483333333;13.9959933854556;10.1686844162152;18131
-4.197055;49.4030316666667;13.8163937145076;10.411399441382;18137
-4.19644333333333;49.4033033333333;13.9959933854556;10.1686844162152;18142
-4.194665;49.4041633333333;13.8163937145076;10.411399441382;18161
-4.192975;49.4049583333333;13.8163937145076;10.411399441382;18178
-4.12571;49.4378466666667;13.6723868963211;9.93357053952052;18867
-4.125135;49.4381283333333;13.417075959484;10.110491929806;18879
-4.12455166666667;49.438405;13.6723868963211;9.93357053952052;18885
-4.12010666666667;49.4405433333333;13.417075959484;10.110491929806;18927
-4.08063333333333;49.4592916666667;14.1713297412361;9.92287191126901;19333
-3.96082833333333;49.5161616666667;13.8341909124271;10.0511280384236;20551
-3.959615;49.51671;13.9959933854556;10.1686844162152;20562
-3.937855;49.527035;14.1713297412361;9.92287191126901;20780
-3.92184;49.534655;14.0894157867341;9.86551514284209;20944
-3.92144333333333;49.534845;13.9150929204801;10.1099067878751;20949
-3.92024333333333;49.5354083333333;13.9150929204801;10.1099067878751;20963
-3.88725333333333;49.5513883333333;13.736531382124;10.3512188573637;21301
-3.83440666666667;49.5773433333333;13.736531382124;10.3512188573637;21840
-3.81671666666667;49.58593;13.8163937145076;10.411399441382;22018
-3.76288666666667;49.6126416666667;13.736531382124;10.3512188573637;22572
-3.69918;49.6417183333333;15.3058448749394;8.4841683543109;23202
-3.69535166666667;49.643205;15.0688416954868;8.69999980926514;23238
-3.69407166666667;49.6436983333333;14.9147107052334;8.96166230696351;23247
-3.69153;49.644705;15.0688416954868;8.69999980926514;23275
-3.68895333333333;49.645685;15.3632877789276;8.16880501338531;23295
-3.68831166666667;49.6459266666667;15.3632877789276;8.16880501338531;23303
