"x";"y";"vx";"vy";"t"
-5.82908333333333;48.516915;2.65697174825311;6.25943317904896;0
-5.81014;48.53998;2.58478553029506;6.39756868493398;855
-5.80450166666667;48.5466716666667;2.73511789942492;6.44353397416708;1077
-5.80074666666667;48.5515766666667;2.57882541076618;6.07533194499992;1290
-5.79713833333333;48.55616;2.58478553029506;6.39756868493398;1416
-5.78926333333333;48.5658466666667;2.32939167204445;6.06827277223181;1788
-5.78663333333333;48.57015;2.01736479046962;6.59850290734527;1905
-5.78441166666667;48.57448;2.62224615391138;6.49028698196751;2046
-5.780705;48.5809383333333;2.01736479046962;6.59850290734527;2289
-5.77874166666667;48.5847316666667;2.16311896062463;6.65739561406607;2424
-5.77614666666667;48.5897783333333;2.22492230055931;6.84760673592547;2559
-5.774275;48.593605;2.31153386559721;6.71318179658347;2675
-5.77358833333333;48.5948633333333;2.10507621823823;6.8853940605332;2721
-5.77171;48.598635;2.39414100327968;6.57784834550136;2831
-5.76973333333333;48.6023066666667;2.3599390215647;6.48387917303884;2957
-5.76730833333333;48.6070483333333;2.19402063059197;6.75250117499577;3126
-5.764935;48.6117466666667;1.98812764788009;6.5028725229493;3297
-5.76294666666667;48.61568;1.95889036587686;6.40724168255168;3403
-5.759865;48.6215533333333;1.95889036587686;6.40724168255168;3588
-5.75703666666667;48.626965;1.98812764788009;6.5028725229493;3776
-5.75489166666667;48.6309033333333;2.18130657276575;6.33497427617207;3914
-5.75264166666667;48.634695;2.39414100327968;6.57784834550136;4044
-5.75035;48.6384816666667;2.5085756468171;6.53506298548041;4175
-5.74793;48.642595;2.62224615391138;6.49028698196751;4331
-5.74571833333333;48.6465083333333;2.4727388860392;6.44170503186386;4473
-5.74360666666667;48.6501366666667;2.21386351240586;6.42952649441871;4592
-5.731525;48.671885;2.32573703984971;6.38991000057632;5281
-5.72804833333333;48.6779716666667;2.13221729065729;6.56229005313638;5498
-5.72542333333333;48.6828033333333;2.18130657276575;6.33497427617207;5653
-5.72245333333333;48.6878866666667;2.18892894990186;6.01403286264589;5843
-5.71909;48.6936566666667;2.18892894990186;6.01403286264589;6063
-5.71665333333333;48.6980566666667;2.25733291333183;6.20197120757092;6205
-5.713995;48.702785;2.4404198584548;5.48127274585561;6412
-5.71046;48.708815;2.11619300397152;6.14587074139556;6613
-5.70837666666667;48.7126516666667;2.29153489504682;6.29594038003344;6718
-5.706035;48.7168716666667;2.47240348081975;6.11941335171765;6865
-5.70359166666667;48.7210916666667;2.22313093161685;6.10800203510841;7033
-5.69913833333333;48.729745;2.36522843282235;6.16163072584836;7299
-5.69621833333333;48.735585;2.32939167204445;6.06827277223181;7508
-5.69401;48.7399416666667;2.29355491126655;5.97491481861526;7645
-5.689835;48.74792;2.95093824830705;5.79154240722439;7947
-5.68110666666667;48.752115;5.87069397561797;3.81247324510519;8184
-5.6745;48.7543083333333;5.93633667309498;3.70943484963243;8312
-5.66625333333333;48.75707;6.32198561280764;3.65000009536743;8503
-5.660705;48.758815;6.55964780354547;3.63607215184753;8606
-5.653755;48.76108;6.36036072117319;3.97439448174904;8747
-5.64112833333333;48.7652483333333;6.90949576981146;3.82999604618111;9001
-5.63168;48.7683183333333;6.45776321321605;4.19372046573406;9215
-5.62216666666667;48.7713516666667;6.08588775323915;3.65677028274353;9404
-5.61639;48.7731233333333;6.19075126369425;3.86841072997647;9534
-5.60828166666667;48.7760016666667;6.22555545847591;4.35918086156744;9696
-5.60285833333333;48.7779983333333;6.10594613057393;3.815418601405;9829
-5.59718666666667;48.779985;6.206162282778;4.03032891105203;10001
-5.59125833333333;48.7822316666667;6.14364033216744;4.30182327263285;10075
-5.58269833333333;48.78549;6.12229530596531;3.97586505949135;10260
-5.57685;48.7876616666667;6.27555599243372;3.92140260586276;10395
-5.56960166666667;48.790425;5.85153194435551;3.65644297374615;10569
-5.56335333333333;48.7925266666667;5.59044857033105;4.21270516206434;10698
-5.55111333333333;48.7970416666667;6.14648402843356;4.80215962496824;10971
-5.54584666666667;48.799105;6.06762745781211;4.40838939219355;11106
-5.537635;48.802385;6.44516544991267;4.02738635763532;11259
-5.531965;48.80448;6.19075126369425;3.86841072997647;11389
-5.52204166666667;48.8082733333333;6.12229530596531;3.97586505949135;11629
-5.516005;48.8106266666667;6.40858807059546;3.70000004768372;11736
-5.51026;48.8128166666667;5.98672583552848;4.34961092301987;11892
-5.503675;48.8154283333333;6.36036072117319;3.97439448174904;12015
-5.49522;48.8187183333333;6.42875475526584;3.86278556182541;12200
-5.48955333333333;48.821005;6.60018805191458;3.9657930785717;12329
-5.483035;48.823525;6.05197443777817;4.08210830199403;12480
-5.47780833333333;48.8255416666667;6.19075126369425;3.86841072997647;12620
-5.471615;48.8279583333333;6.34303810694147;3.81128180345226;12729
-5.46631;48.8299716666667;5.87069397561797;3.81247324510519;12849
-5.46089166666667;48.8320833333333;6.03842792924334;3.92140094822654;12972
-5.4554;48.834155;5.74402058290825;4.17327523522099;13099
-5.44951833333333;48.8365416666667;6.02114140183446;3.76242672551872;13258
-5.44366;48.838795;6.12229530596531;3.97586505949135;13363
-5.43708833333333;48.8413533333333;5.85153194435551;3.65644297374615;13551
-5.43157833333333;48.8435083333333;6.05197443777817;4.08210830199403;13683
-5.42618166666667;48.8456433333333;5.96907036426993;4.02618879833179;13803
-5.42042166666667;48.847905;5.88616668607761;3.97026956131351;13902
-5.41443666666667;48.8502816666667;6.29002925959068;4.0847927626127;14040
-5.40873833333333;48.8525733333333;6.45776321321605;4.19372046573406;14170
-5.402645;48.8550116666667;6.44516544991267;4.02738635763532;14323
-5.39663333333333;48.8573383333333;5.89789456263989;4.12975023232651;14463
-5.39104666666667;48.859615;6.36036072117319;3.97439448174904;14564
-5.38423333333333;48.8623733333333;6.21778179416281;4.1939467760306;14719
-5.37643333333333;48.8655266666667;6.30068547235513;4.24986601304888;14894
-5.36982333333333;48.8681716666667;5.96907036426993;4.02618879833179;15038
-5.36322666666667;48.8707866666667;6.38358915054745;4.30578525006717;15177
-5.35657333333333;48.8734616666667;6.36036072117319;3.97439448174904;15324
-5.350965;48.8756466666667;5.90582421324486;4.29083245384619;15453
-5.34544;48.8778883333333;6.29002925959068;4.0847927626127;15593
-5.339205;48.8803566666667;5.89789456263989;4.12975023232651;15740
-5.33373;48.8825766666667;6.27555599243372;3.92140260586276;15821
-5.328345;48.88477;6.44516544991267;4.02738635763532;15969
-5.32183;48.8873083333333;5.96907036426993;4.02618879833179;16093
-5.313555;48.8907816666667;6.12229530596531;3.97586505949135;16328
-5.30256333333333;48.895415;6.44516544991267;4.02738635763532;16530
-5.29433;48.89892;6.61477531177246;4.13337036209308;16721
-5.287115;48.90084;7.64260517832502;0.938393920974903;16871
-5.28039833333333;48.90233;6.73457157815288;3.7330339834267;16981
-5.26241833333333;48.9096916666667;6.69958004051193;4.18636223797936;17404
