"x";"y";"vx";"vy";"t"
-5.245;47.9095;-7.23312392201977;14.8301017639363;0
-5.24766666666667;47.9131666666667;-7.01546330611169;15.0447096105374;54
-5.25516666666667;47.923;-7.01546330611169;15.0447096105374;199
-5.25533333333333;47.9233333333333;-7.01546330611169;15.0447096105374;210
-5.25516666666667;47.923;-7.01546330611169;15.0447096105374;218
-5.25733333333333;47.926;-7.05772529350184;15.13534073497;241
-5.25783333333333;47.9266666666667;-7.05772529350184;15.13534073497;258
-5.26133333333333;47.9313333333333;-7.05772529350184;15.13534073497;324
-5.26183333333333;47.9321666666667;-7.09998647481161;15.2259701307577;332
-5.26316666666667;47.9336666666667;-7.05772529350184;15.13534073497;356
-5.26633333333333;47.9378333333333;-7.05772529350184;15.13534073497;414
-5.26666666666667;47.9383333333333;-7.05772529350184;15.13534073497;423
-5.2675;47.9396666666667;-7.05772529350184;15.13534073497;438
-5.27;47.9428333333333;-7.01546330611169;15.0447096105374;486
-5.27583333333333;47.9508333333333;-7.05772529350184;15.13534073497;601
-5.27783333333333;47.9536666666667;-7.01546330611169;15.0447096105374;642
-5.27916666666667;47.9553333333333;-7.276961203924;14.9199815114289;666
-5.2795;47.9556666666667;-7.01546330611169;15.0447096105374;672
-5.27983333333333;47.9561666666667;-7.01546330611169;15.0447096105374;678
-5.27783333333333;47.9536666666667;-7.01546330611169;15.0447096105374;684
-5.28033333333333;47.957;-7.276961203924;14.9199815114289;693
-5.2815;47.9585;-7.01546330611169;15.0447096105374;716
-5.2825;47.9598333333333;-7.276961203924;14.9199815114289;732
-5.28283333333333;47.9601666666667;-7.276961203924;14.9199815114289;738
-5.284;47.9618333333333;-7.276961203924;14.9199815114289;762
-5.28533333333333;47.9635;-7.32079848582823;15.0098612589215;786
-5.28666666666667;47.9651666666667;-7.32079848582823;15.0098612589215;823
-5.28783333333333;47.9668333333333;-7.32079848582823;15.0098612589215;837
-5.28883333333333;47.9681666666667;-7.32079848582823;15.0098612589215;858
-5.28933333333333;47.9688333333333;-7.276961203924;14.9199815114289;863
-5.29;47.9696666666667;-7.276961203924;14.9199815114289;876
-5.291;47.971;-7.276961203924;14.9199815114289;897
-5.29166666666667;47.9718333333333;-7.276961203924;14.9199815114289;906
-5.29183333333333;47.9721666666667;-7.276961203924;14.9199815114289;912
-5.29216666666667;47.9725;-7.276961203924;14.9199815114289;918
-5.2925;47.973;-7.276961203924;14.9199815114289;924
-5.29283333333333;47.9735;-7.276961203924;14.9199815114289;931
-5.29466666666667;47.9758333333333;-7.276961203924;14.9199815114289;966
-5.29533333333333;47.9766666666667;-7.23312392201977;14.8301017639363;978
-5.29566666666667;47.977;-7.23312392201977;14.8301017639363;984
-5.29633333333333;47.9778333333333;-7.23312392201977;14.8301017639363;998
-5.29733333333333;47.9791666666667;-6.93093933133141;14.8634473616721;1014
-5.29883333333333;47.9811666666667;-7.23312392201977;14.8301017639363;1044
-5.30166666666667;47.9846666666667;-6.97320131872155;14.9540784861047;1097
-5.30216666666667;47.9855;-7.18928664011554;14.7402220164436;1117
-5.30283333333333;47.9865;-7.18928664011554;14.7402220164436;1124
-5.30433333333333;47.9883333333333;-6.93093933133141;14.8634473616721;1152
-5.30533333333333;47.9896666666667;-6.93093933133141;14.8634473616721;1169
-5.30566666666667;47.99;-6.93093933133141;14.8634473616721;1177
-5.306;47.9905;-6.93093933133141;14.8634473616721;1183
-5.30616666666667;47.9908333333333;-6.93093933133141;14.8634473616721;1189
-5.308;47.9933333333333;-7.18928664011554;14.7402220164436;1233
-5.30933333333333;47.9948333333333;-7.23312392201977;14.8301017639363;1247
-5.30966666666667;47.9953333333333;-7.23312392201977;14.8301017639363;1255
-5.31;47.9958333333333;-7.23312392201977;14.8301017639363;1262
-5.31066666666667;47.9965;-6.97320131872155;14.9540784861047;1279
-5.31116666666667;47.9973333333333;-6.93093933133141;14.8634473616721;1289
-5.31183333333333;47.9981666666667;-6.97320131872155;14.9540784861047;1296
-5.31233333333333;47.999;-6.97320131872155;14.9540784861047;1308
-5.313;47.9998333333333;-6.97320131872155;14.9540784861047;1321
-5.31366666666667;48.0006666666667;-6.97320131872155;14.9540784861047;1332
-5.31383333333333;48.001;-6.97320131872155;14.9540784861047;1339
-5.31416666666667;48.0015;-7.01546330611169;15.0447096105374;1345
-5.31483333333333;48.0023333333333;-6.97320131872155;14.9540784861047;1358
-5.31516666666667;48.0026666666667;-6.97320131872155;14.9540784861047;1363
-5.31733333333333;48.0056666666667;-7.32079848582823;15.0098612589215;1405
-5.3185;48.0071666666667;-7.32079848582823;15.0098612589215;1436
-5.31916666666667;48.008;-7.36463493160585;15.0997392921006;1453
-5.3205;48.0098333333333;-7.32079848582823;15.0098612589215;1465
-5.3185;48.0071666666667;-7.32079848582823;15.0098612589215;1478
-5.32133333333333;48.011;-7.32079848582823;15.0098612589215;1484
-5.32216666666667;48.0118333333333;-7.32079848582823;15.0098612589215;1494
-5.32233333333333;48.0121666666667;-7.32079848582823;15.0098612589215;1504
-5.32333333333333;48.0133333333333;-7.36463493160585;15.0997392921006;1518
-5.32366666666667;48.0138333333333;-7.36463493160585;15.0997392921006;1526
-5.32433333333333;48.0146666666667;-7.09998647481161;15.2259701307577;1538
-5.32466666666667;48.015;-7.36463493160585;15.0997392921006;1543
-5.32483333333333;48.0155;-7.36463493160585;15.0997392921006;1550
-5.3255;48.0163333333333;-7.05772529350184;15.13534073497;1560
-5.32583333333333;48.0168333333333;-7.09998647481161;15.2259701307577;1570
-5.3265;48.0176666666667;-7.05772529350184;15.13534073497;1581
-5.32766666666667;48.0191666666667;-7.32079848582823;15.0098612589215;1603
-5.32866666666667;48.0205;-7.32079848582823;15.0098612589215;1621
-5.32933333333333;48.0213333333333;-7.09998647481161;15.2259701307577;1632
-5.32966666666667;48.0218333333333;-7.09998647481161;15.2259701307577;1643
-5.33066666666667;48.023;-7.36463493160585;15.0997392921006;1656
-5.33083333333333;48.0233333333333;-7.09998647481161;15.2259701307577;1662
-5.33116666666667;48.0238333333333;-7.05772529350184;15.13534073497;1668
-5.3315;48.0241666666667;-7.05772529350184;15.13534073497;1681
-5.3325;48.0255;-7.32079848582823;15.0098612589215;1695
-5.333;48.0263333333333;-7.32079848582823;15.0098612589215;1706
-5.33366666666667;48.0271666666667;-7.36463493160585;15.0997392921006;1722
-5.335;48.0286666666667;-7.36463493160585;15.0997392921006;1741
-5.33533333333333;48.0291666666667;-7.14224846220176;15.3166012551904;1752
-5.336;48.03;-7.14224846220176;15.3166012551904;1760
-5.33616666666667;48.0303333333333;-7.14224846220176;15.3166012551904;1769
-5.33683333333333;48.0313333333333;-7.14224846220176;15.3166012551904;1776
-5.33716666666667;48.0316666666667;-7.14224846220176;15.3166012551904;1783
-5.3375;48.0321666666667;-7.40847221351008;15.1896190395932;1788
-5.33783333333333;48.0325;-7.36463493160585;15.0997392921006;1793
-5.33816666666667;48.033;-7.40847221351008;15.1896190395932;1801
-5.3375;48.0321666666667;-7.40847221351008;15.1896190395932;1813
-5.339;48.0343333333333;-7.40847221351008;15.1896190395932;1824
-5.34;48.0355;-7.40847221351008;15.1896190395932;1838
-5.34066666666667;48.0363333333333;-7.45230949541431;15.2794987870858;1849
-5.341;48.0366666666667;-7.45230949541431;15.2794987870858;1856
-5.34133333333333;48.0371666666667;-7.45230949541431;15.2794987870858;1861
-5.34233333333333;48.0385;-7.1845104495919;15.407232379623;1880
-5.3425;48.0388333333333;-7.1845104495919;15.407232379623;1889
-5.3435;48.0401666666667;-7.49614677731854;15.3693785345785;1902
-5.34383333333333;48.0405;-7.49614677731854;15.3693785345785;1908
-5.34416666666667;48.041;-7.49614677731854;15.3693785345785;1918
-5.34466666666667;48.0418333333333;-7.49614677731854;15.3693785345785;1928
-5.34516666666667;48.0423333333333;-7.49614677731854;15.3693785345785;1933
-5.3455;48.0426666666667;-7.53998405922277;15.4592582820711;1938
-5.34566666666667;48.043;-7.53998405922277;15.4592582820711;1947
-5.3465;48.044;-7.49614677731854;15.3693785345785;1956
-5.34683333333333;48.0443333333333;-7.53998405922277;15.4592582820711;1962
-5.347;48.0446666666667;-7.53998405922277;15.4592582820711;1968
-5.34733333333333;48.0451666666667;-7.49614677731854;15.3693785345785;1975
-5.348;48.046;-7.49614677731854;15.3693785345785;1988
-5.34866666666667;48.047;-7.49614677731854;15.3693785345785;1998
-5.349;48.0473333333333;-7.49614677731854;15.3693785345785;2008
-5.34966666666667;48.0481666666667;-7.53998405922277;15.4592582820711;2016
-5.351;48.0498333333333;-7.26903442437219;15.5884946284883;2041
-5.35133333333333;48.0501666666667;-7.31129560568196;15.6791240242761;2049
-5.352;48.0511666666667;-7.31129560568196;15.6791240242761;2062
-5.35233333333333;48.0516666666667;-7.31129560568196;15.6791240242761;2067
-5.353;48.0525;-7.31129560568196;15.6791240242761;2076
-5.35333333333333;48.0528333333333;-7.31129560568196;15.6791240242761;2082
-5.3535;48.0533333333333;-7.58382050500039;15.5491363152502;2090
-5.35416666666667;48.0541666666667;-7.58382050500039;15.5491363152502;2101
-5.35483333333333;48.055;-7.58382050500039;15.5491363152502;2113
-5.35516666666667;48.0555;-7.58382050500039;15.5491363152502;2127
-5.35783333333333;48.0588333333333;-7.35355759307211;15.7697551487087;2168
-5.3585;48.0596666666667;-7.31129560568196;15.6791240242761;2184
-5.35883333333333;48.0601666666667;-7.35355759307211;15.7697551487087;2193
-5.35983333333333;48.0613333333333;-7.35355759307211;15.7697551487087;2203
-5.36033333333333;48.0621666666667;-7.62765778690462;15.6390160627428;2216
-5.36066666666667;48.0626666666667;-7.62765778690462;15.6390160627428;2223
-5.3615;48.0635;-7.67149506880885;15.7288958102354;2233
-5.36183333333333;48.064;-7.39581958046225;15.8603862731414;2244
-5.36216666666667;48.0645;-7.67149506880885;15.7288958102354;2256
-5.3635;48.0661666666667;-7.67149506880885;15.7288958102354;2268
-5.36216666666667;48.0645;-7.67149506880885;15.7288958102354;2286
-5.36483333333333;48.0678333333333;-7.39581958046225;15.8603862731414;2293
-5.36516666666667;48.0683333333333;-7.39581958046225;15.8603862731414;2300
-5.3655;48.0686666666667;-7.39581958046225;15.8603862731414;2306
-5.36616666666667;48.0695;-7.39581958046225;15.8603862731414;2316
-5.3665;48.07;-7.39581958046225;15.8603862731414;2329
-5.36783333333333;48.0716666666667;-7.35355759307211;15.7697551487087;2346
-5.3685;48.0725;-7.35355759307211;15.7697551487087;2357
-5.369;48.0733333333333;-7.35355759307211;15.7697551487087;2370
-5.36933333333333;48.0738333333333;-7.35355759307211;15.7697551487087;2376
-5.36966666666667;48.0741666666667;-7.62765778690462;15.6390160627428;2384
-5.37083333333333;48.0755;-7.31129560568196;15.6791240242761;2401
-5.3715;48.0763333333333;-7.03654361489591;15.8043357202371;2412
-5.37183333333333;48.0768333333333;-6.99587057121919;15.7129825684326;2418
-5.37266666666667;48.078;-6.99587057121919;15.7129825684326;2435
-5.37333333333333;48.0788333333333;-6.99587057121919;15.7129825684326;2449
-5.37366666666667;48.0793333333333;-6.99587057121919;15.7129825684326;2455
-5.37466666666667;48.0806666666667;-6.99587057121919;15.7129825684326;2472
-5.37533333333333;48.0815;-6.99587057121919;15.7129825684326;2485
-5.37716666666667;48.084;-7.26903442437219;15.5884946284883;2522
-5.3775;48.0845;-6.99587057121919;15.7129825684326;2527
-5.37816666666667;48.0853333333333;-6.99587057121919;15.7129825684326;2539
-5.3785;48.0858333333333;-7.26903442437219;15.5884946284883;2545
-5.37916666666667;48.0866666666667;-6.99587057121919;15.7129825684326;2558
-5.37983333333333;48.0875;-6.99587057121919;15.7129825684326;2567
-5.38016666666667;48.0878333333333;-6.99587057121919;15.7129825684326;2575
-5.3805;48.0883333333333;-6.99587057121919;15.7129825684326;2580
-5.38083333333333;48.0886666666667;-6.99587057121919;15.7129825684326;2586
-5.38133333333333;48.0895;-6.9551967517539;15.6216276741784;2598
-5.38183333333333;48.09;-6.99587057121919;15.7129825684326;2605
-5.38216666666667;48.0905;-6.99587057121919;15.7129825684326;2616
-5.38266666666667;48.0913333333333;-6.99587057121919;15.7129825684326;2624
-5.383;48.0916666666667;-7.31129560568196;15.6791240242761;2630
-5.38333333333333;48.0921666666667;-7.31129560568196;15.6791240242761;2635
-5.38433333333333;48.0933333333333;-7.03654361489591;15.8043357202371;2653
-5.38533333333333;48.0948333333333;-7.03654361489591;15.8043357202371;2671
-5.3855;48.0951666666667;-7.07721743436121;15.8956906144913;2676
-5.38583333333333;48.0955;-7.07721743436121;15.8956906144913;2682
-5.38616666666667;48.096;-7.07721743436121;15.8956906144913;2689
-5.3865;48.0965;-7.1178912538265;15.9870455087455;2696
-5.38683333333333;48.0968333333333;-7.1178912538265;15.9870455087455;2702
-5.38716666666667;48.0973333333333;-7.35355759307211;15.7697551487087;2708
-5.38816666666667;48.0986666666667;-7.39581958046225;15.8603862731414;2725
-5.38883333333333;48.0995;-7.43808156785239;15.951017397574;2736
-5.38983333333333;48.1008333333333;-7.1992388927571;16.1697552972539;2754
-5.3905;48.1016666666667;-7.23991193643381;16.2611084490584;2774
-5.3915;48.103;-6.91594127236436;16.2929366083977;2784
-5.39183333333333;48.1035;-7.1992388927571;16.1697552972539;2793
-5.3905;48.1016666666667;-7.23991193643381;16.2611084490584;2798
-5.3925;48.1043333333333;-7.1992388927571;16.1697552972539;2803
-5.39283333333333;48.1048333333333;-7.23991193643381;16.2611084490584;2812
-5.39333333333333;48.1056666666667;-7.23991193643381;16.2611084490584;2823
-5.394;48.1065;-7.23991193643381;16.2611084490584;2832
-5.39433333333333;48.107;-7.23991193643381;16.2611084490584;2839
-5.39466666666667;48.1075;-7.23991193643381;16.2611084490584;2845
-5.395;48.1078333333333;-7.52260473655231;16.1322779177944;2851
-5.39533333333333;48.1083333333333;-7.52260473655231;16.1322779177944;2856
-5.396;48.1093333333333;-7.52260473655231;16.1322779177944;2869
-5.39633333333333;48.1096666666667;-7.52260473655231;16.1322779177944;2875
-5.39766666666667;48.1115;-7.56486672394246;16.222909042227;2902
-5.398;48.112;-7.6071287113326;16.3135401666597;2913
-5.399;48.1131666666667;-7.3212595753644;16.4438182375668;2925
-5.39966666666667;48.114;-7.3212595753644;16.4438182375668;2935
-5.40033333333333;48.115;-7.3212595753644;16.4438182375668;2947
-5.401;48.116;-7.56486672394246;16.222909042227;2958
-5.40133333333333;48.1163333333333;-7.56486672394246;16.222909042227;2969
-5.402;48.1171666666667;-7.56486672394246;16.222909042227;2977
-5.403;48.1185;-7.52260473655231;16.1322779177944;2994
-5.40333333333333;48.119;-7.52260473655231;16.1322779177944;3000
-5.40366666666667;48.1193333333333;-7.52260473655231;16.1322779177944;3007
-5.404;48.12;-7.52260473655231;16.1322779177944;3012
-5.40433333333333;48.1203333333333;-7.52260473655231;16.1322779177944;3019
-5.405;48.1211666666667;-7.48034355524254;16.0416485220067;3034
-5.40633333333333;48.123;-7.48034355524254;16.0416485220067;3055
-5.407;48.1238333333333;-7.48034355524254;16.0416485220067;3066
-5.40766666666667;48.1248333333333;-7.48034355524254;16.0416485220067;3079
-5.408;48.1251666666667;-7.48034355524254;16.0416485220067;3089
-5.40866666666667;48.1261666666667;-7.52260473655231;16.1322779177944;3096
-5.409;48.1265;-7.52260473655231;16.1322779177944;3102
-5.40916666666667;48.1268333333333;-7.52260473655231;16.1322779177944;3109
-5.41066666666667;48.1286666666667;-7.56486672394246;16.222909042227;3132
-5.41083333333333;48.1291666666667;-7.56486672394246;16.222909042227;3139
-5.41133333333333;48.1296666666667;-7.52260473655231;16.1322779177944;3148
-5.41233333333333;48.131;-7.48034355524254;16.0416485220067;3162
-5.4125;48.1313333333333;-7.48034355524254;16.0416485220067;3168
-5.41233333333333;48.131;-7.48034355524254;16.0416485220067;3173
-5.41316666666667;48.1321666666667;-7.52260473655231;16.1322779177944;3180
-5.4135;48.1326666666667;-7.52260473655231;16.1322779177944;3186
-5.414;48.1331666666667;-7.52260473655231;16.1322779177944;3192
-5.41416666666667;48.1335;-7.52260473655231;16.1322779177944;3198
-5.41466666666667;48.134;-7.80300607839493;15.9985333383997;3205
-5.41566666666667;48.1353333333333;-7.52260473655231;16.1322779177944;3228
-5.41616666666667;48.1361666666667;-7.52260473655231;16.1322779177944;3235
-5.41666666666667;48.1366666666667;-7.52260473655231;16.1322779177944;3243
-5.41733333333333;48.1375;-7.56486672394246;16.222909042227;3252
-5.418;48.1385;-7.56486672394246;16.222909042227;3265
-5.41833333333333;48.1388333333333;-7.89068064220339;16.178292833385;3270
-5.41883333333333;48.1396666666667;-7.6071287113326;16.3135401666597;3284
-5.4195;48.1406666666667;-7.89068064220339;16.178292833385;3295
-5.42016666666667;48.1415;-7.89068064220339;16.178292833385;3307
-5.41883333333333;48.1396666666667;-7.6071287113326;16.3135401666597;3318
-5.42133333333333;48.1428333333333;-7.89068064220339;16.178292833385;3325
-5.42166666666667;48.1433333333333;-7.93451792410762;16.2681725808776;3332
-5.42266666666667;48.1446666666667;-7.93451792410762;16.2681725808776;3350
-5.42333333333333;48.1456666666667;-7.93451792410762;16.2681725808776;3362
-5.42366666666667;48.146;-7.93451792410762;16.2681725808776;3367
-5.425;48.1478333333333;-7.97835520601184;16.3580523283703;3392
-5.42566666666667;48.1486666666667;-8.02219165178947;16.4479303615493;3402
-5.426;48.1491666666667;-8.02219165178947;16.4479303615493;3408
-5.42683333333333;48.1501666666667;-7.97835520601184;16.3580523283703;3421
-5.427;48.1505;-8.02219165178947;16.4479303615493;3428
-5.42766666666667;48.1513333333333;-7.97835520601184;16.3580523283703;3438
-5.42883333333333;48.1526666666667;-8.02219165178947;16.4479303615493;3455
-5.42916666666667;48.1531666666667;-8.02219165178947;16.4479303615493;3462
-5.4295;48.1536666666667;-8.02219165178947;16.4479303615493;3470
-5.42983333333333;48.1541666666667;-8.0660289336937;16.537810109042;3476
-5.4305;48.155;-8.02219165178947;16.4479303615493;3487
-5.431;48.1555;-8.02219165178947;16.4479303615493;3493
-5.43166666666667;48.1563333333333;-8.02219165178947;16.4479303615493;3506
-5.432;48.1568333333333;-8.02219165178947;16.4479303615493;3512
-5.43266666666667;48.1576666666667;-8.02219165178947;16.4479303615493;3523
-5.43433333333333;48.16;-8.02219165178947;16.4479303615493;3553
-5.43466666666667;48.1603333333333;-8.02219165178947;16.4479303615493;3558
-5.4365;48.1628333333333;-8.0660289336937;16.537810109042;3590
-5.43716666666667;48.1636666666667;-8.02219165178947;16.4479303615493;3600
-5.43783333333333;48.1645;-8.02219165178947;16.4479303615493;3614
-5.4385;48.1653333333333;-8.0660289336937;16.537810109042;3624
-5.43916666666667;48.1663333333333;-8.02219165178947;16.4479303615493;3637
-5.4405;48.1681666666667;-8.02219165178947;16.4479303615493;3660
-5.44083333333333;48.1685;-8.35342502202403;16.394519705174;3666
-5.44133333333333;48.1691666666667;-8.0660289336937;16.537810109042;3673
-5.44166666666667;48.1695;-8.02219165178947;16.4479303615493;3681
-5.44233333333333;48.1705;-8.02219165178947;16.4479303615493;3692
-5.44266666666667;48.1708333333333;-8.02219165178947;16.4479303615493;3697
-5.443;48.1713333333333;-8.02219165178947;16.4479303615493;3705
-5.44416666666667;48.1726666666667;-8.0660289336937;16.537810109042;3720
-5.4445;48.173;-8.0660289336937;16.537810109042;3726
-5.44483333333333;48.1736666666667;-8.0660289336937;16.537810109042;3732
-5.44516666666667;48.174;-8.0660289336937;16.537810109042;3741
-5.4465;48.1758333333333;-8.10986621559793;16.6276898565346;3764
-5.44733333333333;48.1768333333333;-8.0660289336937;16.537810109042;3778
-5.448;48.1776666666667;-8.02219165178947;16.4479303615493;3789
-5.449;48.179;-8.02219165178947;16.4479303615493;3804
-5.44966666666667;48.1798333333333;-8.02219165178947;16.4479303615493;3819
-5.45;48.1803333333333;-8.02219165178947;16.4479303615493;3828
-5.45083333333333;48.1813333333333;-8.02219165178947;16.4479303615493;3838
-5.4525;48.1835;-8.10986621559793;16.6276898565346;3866
-5.45283333333333;48.184;-8.0660289336937;16.537810109042;3877
-5.4535;48.1848333333333;-8.0660289336937;16.537810109042;3883
-5.45383333333333;48.1855;-8.10986621559793;16.6276898565346;3888
-5.45433333333333;48.1858333333333;-8.10986621559793;16.6276898565346;3895
-5.45566666666667;48.1876666666667;-8.10986621559793;16.6276898565346;3918
-5.456;48.188;-8.10986621559793;16.6276898565346;3924
-5.45666666666667;48.189;-8.15370349750215;16.7175696040272;3937
-5.457;48.1895;-8.15370349750215;16.7175696040272;3943
-5.45783333333333;48.1903333333333;-8.15370349750215;16.7175696040272;3957
-5.45916666666667;48.1921666666667;-8.10986621559793;16.6276898565346;3977
-5.4595;48.1926666666667;-8.10986621559793;16.6276898565346;3986
-5.4605;48.194;-8.10986621559793;16.6276898565346;4004
-5.461;48.1945;-8.10986621559793;16.6276898565346;4009
-5.46166666666667;48.1953333333333;-8.15370349750215;16.7175696040272;4020
-5.462;48.1958333333333;-8.10986621559793;16.6276898565346;4032
-5.46233333333333;48.1963333333333;-8.10986621559793;16.6276898565346;4038
-5.46316666666667;48.1973333333333;-8.15370349750215;16.7175696040272;4048
-5.46483333333333;48.1995;-7.81843784220295;16.766694060178;4074
-5.46516666666667;48.2;-7.81843784220295;16.766694060178;4081
-5.46566666666667;48.2003333333333;-8.10986621559793;16.6276898565346;4092
-5.46666666666667;48.2018333333333;-7.81843784220295;16.766694060178;4105
-5.46733333333333;48.2026666666667;-7.81843784220295;16.766694060178;4117
-5.46766666666667;48.2031666666667;-7.81843784220295;16.766694060178;4122
-5.468;48.2036666666667;-7.77617585481281;16.6760629357454;4127
-5.4685;48.204;-7.77617585481281;16.6760629357454;4134
-5.46883333333333;48.2045;-7.77617585481281;16.6760629357454;4142
-5.46916666666667;48.205;-7.77617585481281;16.6760629357454;4147
-5.46983333333333;48.2058333333333;-7.77617585481281;16.6760629357454;4158
-5.47016666666667;48.2063333333333;-7.77617585481281;16.6760629357454;4170
-5.47083333333333;48.2071666666667;-7.77617585481281;16.6760629357454;4175
-5.47066666666667;48.2068333333333;-7.77617585481281;16.6760629357454;4181
-5.472;48.2085;-7.77617585481281;16.6760629357454;4194
-5.473;48.21;-7.77617585481281;16.6760629357454;4222
-5.474;48.2113333333333;-7.77617585481281;16.6760629357454;4230
-5.47433333333333;48.2118333333333;-7.77617585481281;16.6760629357454;4235
-5.47466666666667;48.2121666666667;-7.77617585481281;16.6760629357454;4247
-5.47533333333333;48.2131666666667;-7.81843784220295;16.766694060178;4253
-5.47566666666667;48.2136666666667;-7.81843784220295;16.766694060178;4263
-5.4765;48.2145;-7.77617585481281;16.6760629357454;4272
-5.47683333333333;48.215;-7.81843784220295;16.766694060178;4279
-5.47716666666667;48.2155;-7.81843784220295;16.766694060178;4285
-5.47783333333333;48.2163333333333;-7.77617585481281;16.6760629357454;4296
-5.47816666666667;48.2168333333333;-7.81843784220295;16.766694060178;4308
-5.47883333333333;48.2176666666667;-7.48395407743701;16.8092360721339;4319
-5.4795;48.2186666666667;-7.77617585481281;16.6760629357454;4326
-5.48016666666667;48.2195;-7.77617585481281;16.6760629357454;4338
-5.4805;48.22;-7.48395407743701;16.8092360721339;4348
-5.48216666666667;48.2223333333333;-7.73391386742266;16.5854318113127;4374
-5.48266666666667;48.2228333333333;-7.73391386742266;16.5854318113127;4385
-5.483;48.2231666666667;-7.69165268611289;16.494802415525;4390
-5.484;48.2245;-7.73391386742266;16.5854318113127;4408
-5.48433333333333;48.225;-7.69165268611289;16.494802415525;4414
-5.485;48.2258333333333;-7.73391386742266;16.5854318113127;4423
-5.48533333333333;48.2263333333333;-7.69165268611289;16.494802415525;4428
-5.48566666666667;48.2268333333333;-7.73391386742266;16.5854318113127;4434
-5.48633333333333;48.2276666666667;-7.69165268611289;16.494802415525;4448
-5.48666666666667;48.2281666666667;-7.69165268611289;16.494802415525;4455
-5.48766666666667;48.2296666666667;-7.69165268611289;16.494802415525;4474
-5.48833333333333;48.2305;-7.73391386742266;16.5854318113127;4481
-5.48866666666667;48.231;-7.73391386742266;16.5854318113127;4488
-5.489;48.2313333333333;-7.69165268611289;16.494802415525;4495
-5.48966666666667;48.2321666666667;-7.73391386742266;16.5854318113127;4509
-5.49;48.2326666666667;-7.44328025797171;16.7178811778797;4515
-5.49083333333333;48.2336666666667;-7.73391386742266;16.5854318113127;4527
-5.49216666666667;48.2355;-7.73391386742266;16.5854318113127;4548
-5.49233333333333;48.2358333333333;-7.73391386742266;16.5854318113127;4554
-5.493;48.2368333333333;-7.73391386742266;16.5854318113127;4570
-5.4945;48.2386666666667;-7.73391386742266;16.5854318113127;4592
-5.49216666666667;48.2355;-7.73391386742266;16.5854318113127;4612
-5.49616666666667;48.241;-7.73391386742266;16.5854318113127;4621
-5.49683333333333;48.2418333333333;-7.73391386742266;16.5854318113127;4632
-5.49716666666667;48.2421666666667;-7.77617585481281;16.6760629357454;4639
-5.498;48.2431666666667;-7.73391386742266;16.5854318113127;4652
-5.4985;48.244;-7.73391386742266;16.5854318113127;4661
-5.499;48.2445;-7.73391386742266;16.5854318113127;4669
-5.4995;48.2455;-7.73391386742266;16.5854318113127;4681
-5.50033333333333;48.2465;-7.77617585481281;16.6760629357454;4695
-5.501;48.2473333333333;-7.73391386742266;16.5854318113127;4705
-5.50133333333333;48.2478333333333;-7.77617585481281;16.6760629357454;4714
-5.502;48.2486666666667;-7.77617585481281;16.6760629357454;4726
-5.50333333333333;48.2505;-7.73391386742266;16.5854318113127;4746
-5.504;48.2513333333333;-7.73391386742266;16.5854318113127;4757
-5.5045;48.2518333333333;-7.73391386742266;16.5854318113127;4769
-5.50516666666667;48.2526666666667;-7.73391386742266;16.5854318113127;4776
-5.5055;48.2531666666667;-7.73391386742266;16.5854318113127;4782
-5.50616666666667;48.254;-7.44328025797171;16.7178811778797;4793
-5.5065;48.2545;-7.73391386742266;16.5854318113127;4801
-5.50616666666667;48.254;-7.44328025797171;16.7178811778797;4810
-5.50766666666667;48.256;-7.44328025797171;16.7178811778797;4819
-5.508;48.2563333333333;-7.44328025797171;16.7178811778797;4827
-5.50833333333333;48.2568333333333;-7.73391386742266;16.5854318113127;4833
-5.50933333333333;48.2581666666667;-7.69165268611289;16.494802415525;4849
-5.51;48.259;-7.73391386742266;16.5854318113127;4860
-5.51033333333333;48.2595;-7.69165268611289;16.494802415525;4867
-5.51066666666667;48.26;-7.69165268611289;16.494802415525;4872
-5.511;48.2605;-7.69165268611289;16.494802415525;4879
-5.512;48.2616666666667;-7.64939069872274;16.4041712910923;4896
-5.51233333333333;48.2621666666667;-7.64939069872274;16.4041712910923;4902
-5.51266666666667;48.2626666666667;-7.69165268611289;16.494802415525;4909
-5.51366666666667;48.264;-7.64939069872274;16.4041712910923;4930
-5.51433333333333;48.2648333333333;-7.69165268611289;16.494802415525;4940
-5.515;48.2658333333333;-7.69165268611289;16.494802415525;4951
-5.51566666666667;48.2666666666667;-7.69165268611289;16.494802415525;4962
-5.516;48.2671666666667;-7.69165268611289;16.494802415525;4969
-5.51633333333333;48.2676666666667;-7.69165268611289;16.494802415525;4974
-5.517;48.2685;-7.69165268611289;16.494802415525;4986
-5.51733333333333;48.2688333333333;-7.69165268611289;16.494802415525;4993
-5.51766666666667;48.2693333333333;-7.69165268611289;16.494802415525;4998
-5.51833333333333;48.2703333333333;-7.69165268611289;16.494802415525;5017
-5.52;48.2725;-7.69165268611289;16.494802415525;5040
-5.5205;48.273;-7.64939069872274;16.4041712910923;5046
-5.52066666666667;48.2733333333333;-7.64939069872274;16.4041712910923;5053
-5.52183333333333;48.2748333333333;-7.69165268611289;16.494802415525;5073
-5.5225;48.2756666666667;-7.69165268611289;16.494802415525;5082
-5.52283333333333;48.2761666666667;-7.73391386742266;16.5854318113127;5095
-5.52383333333333;48.2775;-7.73391386742266;16.5854318113127;5110
-5.5245;48.2783333333333;-7.97835520601184;16.3580523283703;5119
-5.52483333333333;48.2788333333333;-8.02219165178947;16.4479303615493;5130
-5.5255;48.2796666666667;-8.02219165178947;16.4479303615493;5143
-5.52616666666667;48.2806666666667;-7.73391386742266;16.5854318113127;5151
-5.5265;48.2811666666667;-7.73391386742266;16.5854318113127;5158
-5.52716666666667;48.282;-7.73391386742266;16.5854318113127;5167
-5.5275;48.2825;-7.97835520601184;16.3580523283703;5173
-5.52816666666667;48.2833333333333;-7.97835520601184;16.3580523283703;5186
-5.52866666666667;48.2838333333333;-7.97835520601184;16.3580523283703;5191
-5.52916666666667;48.2846666666667;-7.97835520601184;16.3580523283703;5203
-5.531;48.287;-7.69165268611289;16.494802415525;5234
-5.53166666666667;48.2878333333333;-7.93451792410762;16.2681725808776;5244
-5.532;48.2883333333333;-7.93451792410762;16.2681725808776;5253
-5.53266666666667;48.2891666666667;-7.93451792410762;16.2681725808776;5263
-5.5335;48.2901666666667;-7.97835520601184;16.3580523283703;5275
-5.53383333333333;48.2906666666667;-7.69165268611289;16.494802415525;5281
-5.53416666666667;48.291;-7.64939069872274;16.4041712910923;5289
-5.53433333333333;48.2915;-7.64939069872274;16.4041712910923;5294
-5.535;48.2923333333333;-7.93451792410762;16.2681725808776;5304
-5.53583333333333;48.2933333333333;-7.93451792410762;16.2681725808776;5323
-5.5365;48.2941666666667;-7.93451792410762;16.2681725808776;5328
-5.53683333333333;48.2946666666667;-7.89068064220339;16.178292833385;5334
-5.53716666666667;48.295;-7.89068064220339;16.178292833385;5340
-5.53783333333333;48.2958333333333;-7.6071287113326;16.3135401666597;5353
-5.53816666666667;48.2963333333333;-7.6071287113326;16.3135401666597;5361
-5.53883333333333;48.2971666666667;-7.89068064220339;16.178292833385;5373
-5.5395;48.2981666666667;-7.93451792410762;16.2681725808776;5384
-5.53983333333333;48.2985;-7.64939069872274;16.4041712910923;5389
-5.54066666666667;48.2995;-7.93451792410762;16.2681725808776;5400
-5.541;48.3;-7.64939069872274;16.4041712910923;5408
-5.54116666666667;48.3003333333333;-7.64939069872274;16.4041712910923;5414
-5.54183333333333;48.3011666666667;-7.89068064220339;16.178292833385;5425
-5.54216666666667;48.3016666666667;-7.89068064220339;16.178292833385;5433
-5.543;48.3025;-7.89068064220339;16.178292833385;5443
-5.54366666666667;48.3033333333333;-7.89068064220339;16.178292833385;5455
-5.544;48.304;-7.89068064220339;16.178292833385;5467
-5.546;48.3066666666667;-7.89068064220339;16.178292833385;5497
-5.54666666666667;48.3075;-7.93451792410762;16.2681725808776;5507
-5.547;48.3078333333333;-7.6071287113326;16.3135401666597;5515
-5.548;48.3091666666667;-7.64939069872274;16.4041712910923;5533
-5.54866666666667;48.3101666666667;-7.89068064220339;16.178292833385;5548
-5.54916666666667;48.3105;-7.89068064220339;16.178292833385;5553
-5.54983333333333;48.3115;-7.93451792410762;16.2681725808776;5562
-5.55016666666667;48.3118333333333;-7.93451792410762;16.2681725808776;5569
-5.5505;48.3123333333333;-7.93451792410762;16.2681725808776;5575
-5.55083333333333;48.3128333333333;-7.64939069872274;16.4041712910923;5581
-5.55183333333333;48.3141666666667;-7.64939069872274;16.4041712910923;5597
-5.553;48.3155;-7.69165268611289;16.494802415525;5620
-5.5535;48.3163333333333;-7.93451792410762;16.2681725808776;5628
-5.554;48.3168333333333;-7.93451792410762;16.2681725808776;5635
-5.55433333333333;48.3171666666667;-7.93451792410762;16.2681725808776;5641
-5.555;48.3181666666667;-7.64939069872274;16.4041712910923;5653
-5.556;48.3195;-7.69165268611289;16.494802415525;5671
-5.55633333333333;48.32;-7.64939069872274;16.4041712910923;5677
-5.55733333333333;48.3213333333333;-7.69165268611289;16.494802415525;5698
-5.5585;48.3226666666667;-7.97835520601184;16.3580523283703;5713
-5.5595;48.324;-7.64939069872274;16.4041712910923;5731
-5.56016666666667;48.325;-7.69165268611289;16.494802415525;5743
-5.56083333333333;48.3256666666667;-7.93451792410762;16.2681725808776;5755
-5.5615;48.3266666666667;-7.69165268611289;16.494802415525;5767
-5.56216666666667;48.3276666666667;-7.64939069872274;16.4041712910923;5781
-5.56283333333333;48.3283333333333;-7.64939069872274;16.4041712910923;5794
-5.56366666666667;48.3293333333333;-7.64939069872274;16.4041712910923;5803
-5.565;48.331;-7.93451792410762;16.2681725808776;5829
-5.56633333333333;48.3328333333333;-7.93451792410762;16.2681725808776;5851
-5.56666666666667;48.3333333333333;-7.64939069872274;16.4041712910923;5857
-5.56733333333333;48.3341666666667;-7.6071287113326;16.3135401666597;5869
-5.56833333333333;48.3355;-7.64939069872274;16.4041712910923;5889
-5.57016666666667;48.3378333333333;-7.6071287113326;16.3135401666597;5917
-5.5705;48.3383333333333;-7.64939069872274;16.4041712910923;5925
-5.57116666666667;48.3391666666667;-7.6071287113326;16.3135401666597;5939
-5.57183333333333;48.34;-7.64939069872274;16.4041712910923;5949
-5.5725;48.341;-7.64939069872274;16.4041712910923;5961
-5.57333333333333;48.3418333333333;-7.64939069872274;16.4041712910923;5971
-5.5735;48.3421666666667;-7.64939069872274;16.4041712910923;5979
-5.57433333333333;48.3431666666667;-7.64939069872274;16.4041712910923;5989
-5.57466666666667;48.3435;-7.69165268611289;16.494802415525;5995
-5.575;48.344;-7.69165268611289;16.494802415525;6001
-5.57533333333333;48.3445;-7.3619333948297;16.535173131821;6013
-5.577;48.3466666666667;-7.3619333948297;16.535173131821;6038
-5.57733333333333;48.3471666666667;-7.64939069872274;16.4041712910923;6043
-5.57866666666667;48.3488333333333;-7.3619333948297;16.535173131821;6072
-5.58016666666667;48.3508333333333;-7.3619333948297;16.535173131821;6091
-5.58066666666667;48.3515;-7.3212595753644;16.4438182375668;6103
-5.5825;48.3538333333333;-7.3212595753644;16.4438182375668;6133
-5.58583333333333;48.3583333333333;-7.6071287113326;16.3135401666597;6193
-5.58616666666667;48.3586666666667;-7.6071287113326;16.3135401666597;6199
-5.58683333333333;48.3596666666667;-7.3619333948297;16.535173131821;6211
-5.5875;48.3605;-7.3619333948297;16.535173131821;6223
-5.58783333333333;48.361;-7.3619333948297;16.535173131821;6229
-5.58816666666667;48.3613333333333;-7.3619333948297;16.535173131821;6235
-5.5885;48.3618333333333;-7.3619333948297;16.535173131821;6241
-5.58883333333333;48.3623333333333;-7.3212595753644;16.4438182375668;6247
-5.58933333333333;48.3628333333333;-7.3212595753644;16.4438182375668;6254
-5.5905;48.3645;-7.3212595753644;16.4438182375668;6278
-5.591;48.365;-7.3212595753644;16.4438182375668;6283
-5.59166666666667;48.3658333333333;-7.3212595753644;16.4438182375668;6297
-5.59266666666667;48.3671666666667;-7.3212595753644;16.4438182375668;6313
-5.59433333333333;48.3693333333333;-7.3212595753644;16.4438182375668;6344
-5.59633333333333;48.372;-7.03316031280695;16.5690873621439;6377
-5.59666666666667;48.3723333333333;-7.03316031280695;16.5690873621439;6387
-5.59733333333333;48.3733333333333;-6.99408705090592;16.4770365256539;6397
-5.59766666666667;48.3736666666667;-6.99408705090592;16.4770365256539;6405
-5.59833333333333;48.3746666666667;-7.3212595753644;16.4438182375668;6414
-5.59866666666667;48.3751666666667;-7.3212595753644;16.4438182375668;6421
-5.59883333333333;48.3756666666667;-7.3212595753644;16.4438182375668;6427
-5.59933333333333;48.3761666666667;-7.3619333948297;16.535173131821;6433
-5.60033333333333;48.3775;-7.3619333948297;16.535173131821;6451
-5.60083333333333;48.3783333333333;-7.3619333948297;16.535173131821;6462
-5.60116666666667;48.3788333333333;-7.3619333948297;16.535173131821;6469
-5.60183333333333;48.3796666666667;-7.3212595753644;16.4438182375668;6481
-5.60233333333333;48.3801666666667;-7.3212595753644;16.4438182375668;6487
-5.603;48.381;-7.3212595753644;16.4438182375668;6498
-5.605;48.3838333333333;-7.6071287113326;16.3135401666597;6537
-5.60633333333333;48.3855;-7.3212595753644;16.4438182375668;6558
-5.60683333333333;48.386;-7.3619333948297;16.535173131821;6566
-5.60716666666667;48.3865;-7.3212595753644;16.4438182375668;6571
-5.60733333333333;48.3868333333333;-7.3212595753644;16.4438182375668;6579
-5.60866666666667;48.3886666666667;-7.3212595753644;16.4438182375668;6603
-5.609;48.3891666666667;-7.3212595753644;16.4438182375668;6609
-5.6095;48.3896666666667;-7.3212595753644;16.4438182375668;6615
-5.61016666666667;48.3905;-7.28058575589911;16.3524633433126;6626
-5.61066666666667;48.3913333333333;-7.3212595753644;16.4438182375668;6637
-5.61216666666667;48.3931666666667;-7.3212595753644;16.4438182375668;6661
-5.6135;48.395;-7.3212595753644;16.4438182375668;6688
-5.61416666666667;48.3958333333333;-7.6071287113326;16.3135401666597;6699
-5.61516666666667;48.3971666666667;-7.28058575589911;16.3524633433126;6715
-5.6155;48.3976666666667;-7.3212595753644;16.4438182375668;6721
-5.61583333333333;48.398;-7.3212595753644;16.4438182375668;6729
-5.61733333333333;48.3998333333333;-7.3212595753644;16.4438182375668;6752
-5.6175;48.4003333333333;-7.3212595753644;16.4438182375668;6757
-5.61583333333333;48.398;-7.3212595753644;16.4438182375668;6763
-5.6185;48.4016666666667;-7.3212595753644;16.4438182375668;6776
-5.61966666666667;48.403;-7.3212595753644;16.4438182375668;6791
-5.62033333333333;48.4038333333333;-7.3212595753644;16.4438182375668;6806
-5.621;48.4046666666667;-7.3212595753644;16.4438182375668;6819
-5.62166666666667;48.4056666666667;-7.3212595753644;16.4438182375668;6830
-5.622;48.406;-7.3212595753644;16.4438182375668;6837
-5.62266666666667;48.407;-7.3212595753644;16.4438182375668;6849
-5.625;48.4101666666667;-7.3212595753644;16.4438182375668;6889
-5.62533333333333;48.4105;-7.3212595753644;16.4438182375668;6894
-5.626;48.4115;-7.3212595753644;16.4438182375668;6907
-5.627;48.4128333333333;-7.3619333948297;16.535173131821;6925
-5.62733333333333;48.4133333333333;-7.6071287113326;16.3135401666597;6935
-5.62766666666667;48.4136666666667;-7.6071287113326;16.3135401666597;6942
-5.629;48.4155;-7.6071287113326;16.3135401666597;6963
-5.63016666666667;48.4168333333333;-7.3212595753644;16.4438182375668;6979
-5.6305;48.4173333333333;-7.3212595753644;16.4438182375668;6987
-5.6325;48.4198333333333;-7.6071287113326;16.3135401666597;7025
-5.634;48.4218333333333;-7.56486672394246;16.222909042227;7045
-5.63433333333333;48.4221666666667;-7.56486672394246;16.222909042227;7051
-5.6345;48.4225;-7.6071287113326;16.3135401666597;7059
-5.63533333333333;48.4235;-7.3212595753644;16.4438182375668;7069
-5.636;48.4243333333333;-7.3212595753644;16.4438182375668;7081
-5.63733333333333;48.4261666666667;-7.6071287113326;16.3135401666597;7105
-5.63766666666667;48.4266666666667;-7.6071287113326;16.3135401666597;7116
-5.63833333333333;48.4275;-7.6071287113326;16.3135401666597;7123
-5.639;48.4283333333333;-7.3619333948297;16.535173131821;7134
-5.64033333333333;48.4301666666667;-7.3212595753644;16.4438182375668;7158
-5.64183333333333;48.432;-7.3212595753644;16.4438182375668;7183
-5.64216666666667;48.4325;-7.3212595753644;16.4438182375668;7190
-5.64316666666667;48.4338333333333;-7.56486672394246;16.222909042227;7209
-5.6445;48.4355;-7.28058575589911;16.3524633433126;7230
-5.64483333333333;48.436;-7.23991193643381;16.2611084490584;7238
-5.64516666666667;48.4365;-7.23991193643381;16.2611084490584;7244
-5.64583333333333;48.4371666666667;-7.28058575589911;16.3524633433126;7254
-5.64616666666667;48.4376666666667;-7.28058575589911;16.3524633433126;7263
-5.64716666666667;48.439;-7.28058575589911;16.3524633433126;7277
-5.64766666666667;48.4395;-7.28058575589911;16.3524633433126;7285
-5.648;48.44;-7.23991193643381;16.2611084490584;7291
-5.64816666666667;48.4403333333333;-7.56486672394246;16.222909042227;7296
-5.649;48.4413333333333;-7.28058575589911;16.3524633433126;7310
-5.64966666666667;48.4421666666667;-7.28058575589911;16.3524633433126;7323
-5.65;48.4426666666667;-7.28058575589911;16.3524633433126;7330
-5.65066666666667;48.4435;-7.23991193643381;16.2611084490584;7337
-5.65233333333333;48.4456666666667;-7.28058575589911;16.3524633433126;7369
-5.65266666666667;48.4461666666667;-7.28058575589911;16.3524633433126;7375
-5.65333333333333;48.447;-7.28058575589911;16.3524633433126;7387
-5.65366666666667;48.4475;-7.28058575589911;16.3524633433126;7395
-5.65466666666667;48.4488333333333;-7.28058575589911;16.3524633433126;7411
-5.655;48.4491666666667;-7.28058575589911;16.3524633433126;7418
-5.65733333333333;48.4523333333333;-7.6071287113326;16.3135401666597;7457
-5.65866666666667;48.4541666666667;-7.64939069872274;16.4041712910923;7483
-5.6595;48.4551666666667;-7.3619333948297;16.535173131821;7497
-5.6605;48.4563333333333;-7.3212595753644;16.4438182375668;7520
-5.6595;48.4551666666667;-7.3619333948297;16.535173131821;7528
-5.66216666666667;48.4586666666667;-7.3212595753644;16.4438182375668;7543
-5.66283333333333;48.4595;-7.6071287113326;16.3135401666597;7555
-5.66383333333333;48.4608333333333;-7.3212595753644;16.4438182375668;7573
-5.66433333333333;48.4613333333333;-7.3212595753644;16.4438182375668;7582
-5.667;48.4648333333333;-7.28058575589911;16.3524633433126;7626
-5.66766666666667;48.4656666666667;-7.23991193643381;16.2611084490584;7640
-5.66883333333333;48.467;-7.28058575589911;16.3524633433126;7663
-5.67083333333333;48.4696666666667;-7.28058575589911;16.3524633433126;7693
-5.67116666666667;48.4701666666667;-7.28058575589911;16.3524633433126;7700
-5.67233333333333;48.4718333333333;-7.28058575589911;16.3524633433126;7722
-5.67416666666667;48.4741666666667;-7.3212595753644;16.4438182375668;7754
-5.67583333333333;48.4763333333333;-7.3212595753644;16.4438182375668;7783
-5.6765;48.4771666666667;-7.3212595753644;16.4438182375668;7795
-5.67683333333333;48.4776666666667;-7.3212595753644;16.4438182375668;7801
-5.6775;48.4786666666667;-7.28058575589911;16.3524633433126;7813
-5.67783333333333;48.4791666666667;-7.28058575589911;16.3524633433126;7824
-5.68666666666667;48.4906666666667;-7.3212595753644;16.4438182375668;7975
-5.68733333333333;48.4915;-7.3212595753644;16.4438182375668;7990
-5.69583333333333;48.5026666666667;-7.3619333948297;16.535173131821;8137
-5.699;48.5066666666667;-7.3212595753644;16.4438182375668;8190
-5.69933333333333;48.5071666666667;-7.56486672394246;16.222909042227;8197
-5.7035;48.5123333333333;-7.28058575589911;16.3524633433126;8267
-5.70383333333333;48.5128333333333;-7.28058575589911;16.3524633433126;8275
-5.7035;48.5123333333333;-7.28058575589911;16.3524633433126;8284
-5.71;48.5208333333333;-6.99408705090592;16.4770365256539;8383
-5.71066666666667;48.5218333333333;-7.3212595753644;16.4438182375668;8396
-5.71133333333333;48.5226666666667;-6.99408705090592;16.4770365256539;8409
-5.712;48.5235;-7.03316031280695;16.5690873621439;8417
-5.717;48.5301666666667;-7.3619333948297;16.535173131821;8510
-5.7175;48.5306666666667;-7.3619333948297;16.535173131821;8515
-5.71833333333333;48.532;-7.3212595753644;16.4438182375668;8540
-5.72;48.5341666666667;-7.3212595753644;16.4438182375668;8563
-5.72416666666667;48.5396666666667;-7.3619333948297;16.535173131821;8638
-5.72683333333333;48.5431666666667;-7.07223357470797;16.6611381986339;8683
-5.731;48.5485;-7.3212595753644;16.4438182375668;8755
-5.73333333333333;48.5516666666667;-7.3619333948297;16.535173131821;8803
-5.73433333333333;48.553;-7.3619333948297;16.535173131821;8813
-5.736;48.5551666666667;-7.07223357470797;16.6611381986339;8845
-5.73666666666667;48.5561666666667;-7.3619333948297;16.535173131821;8863
-5.73883333333333;48.5588333333333;-7.3212595753644;16.4438182375668;8891
-5.7405;48.561;-7.3212595753644;16.4438182375668;8923
-5.74083333333333;48.5615;-7.3619333948297;16.535173131821;8930
-5.74183333333333;48.5628333333333;-7.3619333948297;16.535173131821;8947
-5.74316666666667;48.5645;-7.3212595753644;16.4438182375668;8970
-5.7435;48.565;-7.3212595753644;16.4438182375668;8976
-5.74466666666667;48.5663333333333;-7.28058575589911;16.3524633433126;8993
-5.74533333333333;48.5671666666667;-7.3212595753644;16.4438182375668;9007
-5.74566666666667;48.5676666666667;-7.3212595753644;16.4438182375668;9012
-5.746;48.5681666666667;-7.3212595753644;16.4438182375668;9018
-5.748;48.5708333333333;-7.3619333948297;16.535173131821;9054
-5.75016666666667;48.5736666666667;-6.52229695513752;16.9911644745144;9093
-5.75233333333333;48.5771666666667;-4.07161416943598;17.6360985443054;9138
-5.75316666666667;48.5791666666667;-3.10830231399655;17.6280584032442;9161
-5.75416666666667;48.582;-1.56008776193581;17.8318847158241;9203
-5.75433333333333;48.5831666666667;-0.931579981195244;17.7756049567375;9214
-5.75466666666667;48.587;0.931579981195234;17.7756049567375;9258
-5.75466666666667;48.588;1.5426567131281;17.6326469162601;9270
-5.75416666666667;48.5913333333333;3.0562079931795;17.3326168286892;9313
-5.754;48.5918333333333;3.35823839141504;17.2766388031399;9319
-5.754;48.5923333333333;3.68003708609837;17.3132132792558;9324
-5.75383333333333;48.593;3.95913864226404;17.1489135119128;9331
-5.75283333333333;48.5956666666667;5.17497939665435;16.9265949101484;9371
-5.7525;48.5966666666667;5.4386992188797;16.738595049594;9378
-5.7515;48.5985;6.59307618702113;16.318436194068;9401
-5.751;48.5995;6.91594127236434;16.2929366083977;9415
-5.75066666666667;48.6;7.1585650732918;16.0784004029997;9420
-5.75016666666667;48.6008333333333;7.48034355524253;16.0416485220067;9431
-5.74983333333333;48.6013333333333;7.75916963261731;15.9086553052207;9439
-5.7495;48.6016666666667;8.03563219175724;15.7708161579181;9445
-5.74916666666667;48.6021666666667;8.03563219175724;15.7708161579181;9451
-5.74883333333333;48.6025;8.03563219175724;15.7708161579181;9458
-5.74816666666667;48.6035;8.03563219175724;15.7708161579181;9469
-5.74766666666667;48.604;7.99023296859965;15.6817151656073;9475
-5.747;48.6046666666667;7.99023296859965;15.6817151656073;9489
-5.746;48.606;7.99023296859965;15.6817151656073;9505
-5.74533333333333;48.6068333333333;8.03563219175724;15.7708161579181;9517
-5.74466666666667;48.6076666666667;7.99023296859965;15.6817151656073;9529
-5.74433333333333;48.6083333333333;7.99023296859965;15.6817151656073;9535
-5.744;48.6086666666667;7.99023296859965;15.6817151656073;9541
-5.74333333333333;48.6095;8.03563219175724;15.7708161579181;9553
-5.74266666666667;48.6103333333333;8.03563219175724;15.7708161579181;9565
-5.74183333333333;48.6111666666667;7.99023296859965;15.6817151656073;9576
-5.7415;48.6116666666667;7.99023296859965;15.6817151656073;9581
-5.74116666666667;48.6121666666667;7.99023296859965;15.6817151656073;9589
-5.74083333333333;48.6125;7.99023296859965;15.6817151656073;9595
-5.73983333333333;48.6138333333333;7.99023296859965;15.6817151656073;9613
-5.7395;48.6141666666667;7.99023296859965;15.6817151656073;9619
-5.73883333333333;48.6151666666667;7.99023296859965;15.6817151656073;9634
-5.73816666666667;48.616;7.99023296859965;15.6817151656073;9645
-5.73733333333333;48.6168333333333;7.99023296859965;15.6817151656073;9655
-5.73716666666667;48.6173333333333;7.99023296859965;15.6817151656073;9661
-5.73683333333333;48.6176666666667;7.99023296859965;15.6817151656073;9666
-5.73633333333333;48.6181666666667;7.94483374544207;15.5926141732964;9672
-5.73566666666667;48.619;7.71533235071308;15.8187755577281;9687
-5.73433333333333;48.6206666666667;7.99023296859965;15.6817151656073;9709
-5.734;48.6211666666667;7.94483374544207;15.5926141732964;9715
-5.73366666666667;48.6215;7.62765778690463;15.6390160627428;9721
-5.73333333333333;48.622;7.94483374544207;15.5926141732964;9726
-5.732;48.6238333333333;7.94483374544207;15.5926141732964;9751
-5.73166666666667;48.6241666666667;7.71533235071308;15.8187755577281;9756
-5.73133333333333;48.6246666666667;7.99023296859965;15.6817151656073;9769
-5.73;48.6263333333333;8.03563219175724;15.7708161579181;9788
-5.729;48.6276666666667;7.99023296859965;15.6817151656073;9807
-5.728;48.629;7.99023296859965;15.6817151656073;9822
-5.72666666666667;48.6306666666667;7.71533235071308;15.8187755577281;9847
-5.72466666666667;48.6333333333333;7.71533235071308;15.8187755577281;9883
-5.724;48.6343333333333;7.71533235071308;15.8187755577281;9895
-5.72366666666667;48.6346666666667;7.71533235071308;15.8187755577281;9908
-5.72;48.6395;7.71533235071308;15.8187755577281;9968
-5.71833333333333;48.6416666666667;7.99023296859965;15.6817151656073;9996
-5.718;48.642;7.71533235071308;15.8187755577281;10002
-5.71733333333333;48.643;7.99023296859965;15.6817151656073;10015
-5.71666666666667;48.6438333333333;7.71533235071308;15.8187755577281;10028
-5.71833333333333;48.6416666666667;7.99023296859965;15.6817151656073;10042
-5.71516666666667;48.646;7.71533235071308;15.8187755577281;10056
-5.71333333333333;48.6481666666667;7.71533235071308;15.8187755577281;10088
-5.71216666666667;48.6498333333333;7.67149506880885;15.7288958102354;10111
-5.71183333333333;48.6503333333333;7.94483374544207;15.5926141732964;10116
-5.71116666666667;48.6511666666667;7.71533235071308;15.8187755577281;10128
-5.71083333333333;48.6516666666667;7.94483374544207;15.5926141732964;10135
-5.71183333333333;48.6503333333333;7.94483374544207;15.5926141732964;10159
-5.70916666666667;48.6538333333333;7.8540352991269;15.4144121886747;10165
-5.70883333333333;48.6541666666667;7.67149506880885;15.7288958102354;10170
-5.7085;48.6546666666667;7.67149506880885;15.7288958102354;10176
-5.70816666666667;48.655;7.89943452228448;15.5035131809856;10183
-5.70783333333333;48.6555;7.89943452228448;15.5035131809856;10190
-5.70716666666667;48.6565;7.67149506880885;15.7288958102354;10204
-5.70616666666667;48.6576666666667;7.67149506880885;15.7288958102354;10218
-5.705;48.6593333333333;7.67149506880885;15.7288958102354;10243
-5.70416666666667;48.6603333333333;7.94483374544207;15.5926141732964;10255
-5.70383333333333;48.6608333333333;7.67149506880885;15.7288958102354;10261
-5.7035;48.6611666666667;7.67149506880885;15.7288958102354;10269
-5.70233333333333;48.6628333333333;7.67149506880885;15.7288958102354;10290
-5.702;48.6633333333333;7.99023296859965;15.6817151656073;10295
-5.70133333333333;48.6641666666667;7.94483374544207;15.5926141732964;10310
-5.70033333333333;48.6655;7.99023296859965;15.6817151656073;10327
-5.69966666666667;48.6663333333333;7.67149506880885;15.7288958102354;10340
-5.69866666666667;48.6676666666667;7.67149506880885;15.7288958102354;10358
-5.698;48.6685;7.67149506880885;15.7288958102354;10370
-5.69766666666667;48.669;7.67149506880885;15.7288958102354;10375
-5.697;48.6698333333333;7.89943452228448;15.5035131809856;10387
-5.69633333333333;48.6706666666667;7.89943452228448;15.5035131809856;10398
-5.69616666666667;48.6711666666667;7.89943452228448;15.5035131809856;10404
-5.69583333333333;48.6715;7.89943452228448;15.5035131809856;10412
-5.69533333333333;48.672;7.94483374544207;15.5926141732964;10418
-5.69483333333333;48.6728333333333;7.89943452228448;15.5035131809856;10430
-5.69433333333333;48.6733333333333;7.89943452228448;15.5035131809856;10435
-5.69366666666667;48.6741666666667;7.89943452228448;15.5035131809856;10448
-5.6925;48.6758333333333;7.62765778690463;15.6390160627428;10470
-5.692;48.6763333333333;7.89943452228448;15.5035131809856;10478
-5.69083333333333;48.678;7.67149506880885;15.7288958102354;10501
-5.69033333333333;48.6785;7.62765778690463;15.6390160627428;10509
-5.6895;48.6798333333333;7.89943452228448;15.5035131809856;10525
-5.68916666666667;48.6801666666667;7.62765778690463;15.6390160627428;10533
-5.68883333333333;48.6806666666667;7.62765778690463;15.6390160627428;10539
-5.68783333333333;48.682;7.67149506880885;15.7288958102354;10555
-5.6875;48.6823333333333;7.62765778690463;15.6390160627428;10560
-5.68716666666667;48.6828333333333;7.62765778690463;15.6390160627428;10569
-5.6865;48.6836666666667;7.67149506880885;15.7288958102354;10579
-5.6855;48.685;7.62765778690463;15.6390160627428;10598
-5.68483333333333;48.6858333333333;7.8540352991269;15.4144121886747;10614
-5.684;48.6871666666667;7.8540352991269;15.4144121886747;10627
-5.68266666666667;48.6888333333333;7.5838205050004;15.5491363152502;10650
-5.68233333333333;48.6891666666667;7.8540352991269;15.4144121886747;10659
-5.68133333333333;48.6905;7.5838205050004;15.5491363152502;10674
-5.681;48.691;7.8540352991269;15.4144121886747;10682
-5.68;48.6921666666667;7.5838205050004;15.5491363152502;10698
-5.67933333333333;48.6931666666667;7.53998405922277;15.4592582820711;10709
-5.679;48.6935;7.53998405922277;15.4592582820711;10718
-5.67833333333333;48.6945;7.80863694188747;15.325312895824;10733
-5.67716666666667;48.6961666666667;7.80863694188747;15.325312895824;10753
-5.67683333333333;48.6965;7.80863694188747;15.325312895824;10758
-5.6765;48.697;7.5838205050004;15.5491363152502;10765
-5.67583333333333;48.6978333333333;7.5838205050004;15.5491363152502;10779
-5.67483333333333;48.6991666666667;7.5838205050004;15.5491363152502;10793
-5.67416666666667;48.7;7.62765778690463;15.6390160627428;10805
-5.67383333333333;48.7005;7.62765778690463;15.6390160627428;10815
-5.67333333333333;48.7013333333333;7.8540352991269;15.4144121886747;10825
-5.67266666666667;48.7021666666667;7.8540352991269;15.4144121886747;10838
-5.671;48.7043333333333;7.5838205050004;15.5491363152502;10865
-5.67066666666667;48.7048333333333;7.5838205050004;15.5491363152502;10873
-5.67033333333333;48.7051666666667;7.5838205050004;15.5491363152502;10879
-5.66966666666667;48.706;7.8540352991269;15.4144121886747;10891
-5.66933333333333;48.7065;7.8540352991269;15.4144121886747;10899
-5.66866666666667;48.7073333333333;7.80863694188747;15.325312895824;10910
-5.66833333333333;48.7076666666667;7.80863694188747;15.325312895824;10915
-5.66783333333333;48.7085;7.80863694188747;15.325312895824;10925
-5.66733333333333;48.709;7.8540352991269;15.4144121886747;10933
-5.66716666666667;48.7093333333333;7.80863694188747;15.325312895824;10941
-5.66616666666667;48.7106666666667;7.8540352991269;15.4144121886747;10958
-5.66516666666667;48.712;7.5838205050004;15.5491363152502;10974
-5.6645;48.7128333333333;7.80863694188747;15.325312895824;10988
-5.66416666666667;48.7133333333333;7.80863694188747;15.325312895824;10993
-5.66383333333333;48.7136666666667;7.80863694188747;15.325312895824;10999
-5.66316666666667;48.7146666666667;7.80863694188747;15.325312895824;11011
-5.6625;48.7153333333333;7.8540352991269;15.4144121886747;11023
-5.66216666666667;48.7158333333333;7.8540352991269;15.4144121886747;11028
-5.66183333333333;48.7161666666667;7.5838205050004;15.5491363152502;11035
-5.6615;48.7166666666667;7.53998405922277;15.4592582820711;11042
-5.66083333333333;48.7176666666667;7.89943452228448;15.5035131809856;11052
-5.65933333333333;48.7196666666667;7.8540352991269;15.4144121886747;11089
-5.6575;48.7218333333333;7.5838205050004;15.5491363152502;11113
-5.65666666666667;48.7231666666667;7.5838205050004;15.5491363152502;11133
-5.656;48.724;7.8540352991269;15.4144121886747;11143
-5.65566666666667;48.7245;7.62765778690463;15.6390160627428;11149
-5.65533333333333;48.7248333333333;7.89943452228448;15.5035131809856;11154
-5.65666666666667;48.7231666666667;7.5838205050004;15.5491363152502;11173
-5.654;48.7265;7.62765778690463;15.6390160627428;11179
-5.65333333333333;48.7275;7.62765778690463;15.6390160627428;11193
-5.653;48.728;7.62765778690463;15.6390160627428;11199
-5.652;48.7291666666667;7.89943452228448;15.5035131809856;11216
-5.65166666666667;48.7296666666667;7.89943452228448;15.5035131809856;11222
-5.65116666666667;48.7305;7.89943452228448;15.5035131809856;11233
-5.65083333333333;48.7308333333333;7.8540352991269;15.4144121886747;11238
-5.64916666666667;48.7331666666667;7.89943452228448;15.5035131809856;11270
-5.64883333333333;48.7335;7.8540352991269;15.4144121886747;11275
-5.6485;48.734;7.8540352991269;15.4144121886747;11282
-5.64816666666667;48.7343333333333;7.89943452228448;15.5035131809856;11288
-5.6475;48.7351666666667;7.8540352991269;15.4144121886747;11298
-5.64716666666667;48.7356666666667;7.8540352991269;15.4144121886747;11303
-5.64683333333333;48.736;7.89943452228448;15.5035131809856;11311
-5.64616666666667;48.7368333333333;7.5838205050004;15.5491363152502;11323
-5.6445;48.739;7.89943452228448;15.5035131809856;11353
-5.64383333333333;48.7398333333333;7.94483374544207;15.5926141732964;11363
-5.6425;48.7416666666667;7.62765778690463;15.6390160627428;11392
-5.6415;48.743;7.67149506880885;15.7288958102354;11407
-5.64083333333333;48.7438333333333;7.62765778690463;15.6390160627428;11424
-5.64016666666667;48.7446666666667;7.94483374544207;15.5926141732964;11433
-5.63883333333333;48.7465;7.67149506880885;15.7288958102354;11455
-5.6385;48.7468333333333;7.67149506880885;15.7288958102354;11461
-5.6375;48.7481666666667;7.67149506880885;15.7288958102354;11477
-5.63666666666667;48.7495;7.67149506880885;15.7288958102354;11499
-5.63533333333333;48.7511666666667;7.67149506880885;15.7288958102354;11521
-5.63466666666667;48.752;7.99023296859965;15.6817151656073;11533
-5.63433333333333;48.7525;7.99023296859965;15.6817151656073;11538
-5.63333333333333;48.7538333333333;7.99023296859965;15.6817151656073;11557
-5.633;48.7543333333333;7.99023296859965;15.6817151656073;11562
-5.63133333333333;48.7565;7.99023296859965;15.6817151656073;11593
-5.631;48.757;7.99023296859965;15.6817151656073;11600
-5.62833333333333;48.7603333333333;7.71533235071308;15.8187755577281;11647
-5.62733333333333;48.7616666666667;7.71533235071308;15.8187755577281;11668
-5.62633333333333;48.763;7.71533235071308;15.8187755577281;11685
-5.62533333333333;48.7643333333333;7.71533235071308;15.8187755577281;11701
-5.62433333333333;48.7656666666667;7.75916963261731;15.9086553052207;11719
-5.62033333333333;48.7708333333333;7.71783849557229;15.1471109112023;11793
-5.61966666666667;48.7716666666667;7.71783849557229;15.1471109112023;11805
-5.61933333333333;48.7721666666667;7.93406923199237;14.9218139824981;11815
-5.61766666666667;48.7741666666667;8.84965211699084;14.1624038528217;11839
-5.61733333333333;48.7745;8.79665998841936;14.0775987197013;11845
-5.617;48.775;9.04100818901275;13.9219317478215;11853
-5.61616666666667;48.7756666666667;9.52136906222941;13.597924247679;11863
-5.61566666666667;48.776;9.75723541227733;13.4296824152396;11874
-5.61533333333333;48.7765;9.81601416172886;13.5105844232926;11879
-5.61416666666667;48.7775;10.5096510106656;12.9783381492467;11891
-5.61183333333333;48.7791666666667;11.1744816366991;12.410519152447;11923
-5.61033333333333;48.7803333333333;11.8793933844543;11.8793933844543;11941
-5.60983333333333;48.7806666666667;12.0849080968766;11.6702600937289;11948
-5.60866666666667;48.7813333333333;12.2867416292235;11.4575719287265;11959
-5.60816666666667;48.7815;12.5591472670807;11.3083069922116;11967
-5.60666666666667;48.7825;12.8695460599533;10.7988313523258;11981
-5.606;48.7828333333333;13.2385800593884;10.3431123157586;11990
-5.60483333333333;48.7833333333333;13.496939815144;10.1706736616954;12003
-5.60383333333333;48.7838333333333;13.6723868963211;9.93357053952052;12012
-5.60316666666667;48.7841666666667;13.8436692360023;9.69344155553063;12019
-5.602;48.7846666666667;14.2573996550722;9.25886359525546;12033
-5.5995;48.7856666666667;14.5718441119359;8.75564727347092;12058
-5.59883333333333;48.7858333333333;14.4168176346592;9.00862749196448;12063
-5.59783333333333;48.7863333333333;14.5718441119359;8.75564727347092;12073
-5.59716666666667;48.7865;14.5718441119359;8.75564727347092;12079
-5.59583333333333;48.787;14.5718441119359;8.75564727347092;12092
-5.59383333333333;48.7876666666667;14.5718441119359;8.75564727347092;12112
-5.59266666666667;48.7881666666667;14.4168176346592;9.00862749196448;12121
-5.5915;48.7885;14.5718441119359;8.75564727347092;12134
-5.5895;48.7891666666667;14.4168176346592;9.00862749196448;12154
-5.58883333333333;48.7895;14.5718441119359;8.75564727347092;12160
-5.58766666666667;48.7898333333333;14.4861270548823;8.70414326950849;12169
-5.58633333333333;48.7903333333333;14.5718441119359;8.75564727347092;12181
-5.58583333333333;48.7905;14.5718441119359;8.75564727347092;12188
-5.5845;48.791;14.5718441119359;8.75564727347092;12198
-5.58266666666667;48.7916666666667;14.4861270548823;8.70414326950849;12219
-5.5815;48.7921666666667;14.5718441119359;8.75564727347092;12229
-5.58016666666667;48.7926666666667;14.5718441119359;8.75564727347092;12240
-5.5795;48.7928333333333;14.4168176346592;9.00862749196448;12248
-5.579;48.793;14.4168176346592;9.00862749196448;12253
-5.57833333333333;48.7933333333333;14.5718441119359;8.75564727347092;12258
-5.57766666666667;48.7935;14.4861270548823;8.70414326950849;12267
-5.57566666666667;48.7941666666667;14.4861270548823;8.70414326950849;12285
-5.5745;48.7946666666667;14.5718441119359;8.75564727347092;12297
-5.57333333333333;48.7951666666667;14.5718441119359;8.75564727347092;12308
-5.57266666666667;48.7953333333333;14.3320125015389;8.95563536339301;12313
-5.57083333333333;48.796;14.5718441119359;8.75564727347092;12331
-5.57016666666667;48.7963333333333;14.5718441119359;8.75564727347092;12339
-5.56833333333333;48.797;14.5718441119359;8.75564727347092;12355
-5.56766666666667;48.7971666666667;14.4168176346592;9.00862749196448;12361
-5.5665;48.7976666666667;14.4168176346592;9.00862749196448;12373
-5.56583333333333;48.7978333333333;14.4168176346592;9.00862749196448;12378
-5.5645;48.7983333333333;14.5718441119359;8.75564727347092;12393
-5.56316666666667;48.7988333333333;14.4168176346592;9.00862749196448;12402
-5.562;48.7991666666667;14.4168176346592;9.00862749196448;12415
-5.56066666666667;48.7996666666667;14.4861270548823;8.70414326950849;12431
-5.55883333333333;48.8003333333333;14.3320125015389;8.95563536339301;12446
-5.55833333333333;48.8006666666667;14.4861270548823;8.70414326950849;12454
-5.5565;48.8011666666667;14.3320125015389;8.95563536339301;12471
-5.55516666666667;48.8016666666667;14.3320125015389;8.95563536339301;12481
-5.55333333333333;48.8023333333333;14.3320125015389;8.95563536339301;12498
-5.55266666666667;48.8026666666667;14.3320125015389;8.95563536339301;12503
-5.552;48.8028333333333;14.3320125015389;8.95563536339301;12511
-5.55016666666667;48.8035;14.3320125015389;8.95563536339301;12531
-5.54883333333333;48.804;14.3320125015389;8.95563536339301;12542
-5.54583333333333;48.8051666666667;14.4168176346592;9.00862749196448;12571
-5.5445;48.8056666666667;14.3320125015389;8.95563536339301;12585
-5.54583333333333;48.8051666666667;14.4168176346592;9.00862749196448;12602
-5.54216666666667;48.8065;14.4861270548823;8.70414326950849;12612
-5.541;48.807;14.4168176346592;9.00862749196448;12619
-5.53966666666667;48.8075;14.4861270548823;8.70414326950849;12631
-5.5385;48.8078333333333;14.4168176346592;9.00862749196448;12643
-5.53783333333333;48.8081666666667;14.3320125015389;8.95563536339301;12655
-5.536;48.8088333333333;14.4168176346592;9.00862749196448;12667
-5.53483333333333;48.8093333333333;14.5718441119359;8.75564727347092;12678
-5.5335;48.8098333333333;14.4168176346592;9.00862749196448;12691
-5.53283333333333;48.81;14.5718441119359;8.75564727347092;12697
-5.531;48.8106666666667;14.5016227677796;9.06161962053596;12719
-5.5075;48.8195;14.4861270548823;8.70414326950849;12942
-5.50683333333333;48.8198333333333;14.4861270548823;8.70414326950849;12948
-5.5075;48.8195;14.4861270548823;8.70414326950849;12953
-5.50566666666667;48.8203333333333;14.4861270548823;8.70414326950849;12961
-5.50266666666667;48.8213333333333;14.4861270548823;8.70414326950849;12991
-5.502;48.8216666666667;14.4004099978287;8.65263926554605;12996
-5.50133333333333;48.8218333333333;14.4004099978287;8.65263926554605;13005
-5.4995;48.8225;14.4004099978287;8.65263926554605;13021
-5.49883333333333;48.8228333333333;14.4861270548823;8.70414326950849;13029
-5.497;48.8235;14.4004099978287;8.65263926554605;13049
-5.4965;48.8236666666667;14.4861270548823;8.70414326950849;13055
-5.49583333333333;48.824;14.4861270548823;8.70414326950849;13060
-5.4945;48.8245;14.4861270548823;8.70414326950849;13069
-5.49333333333333;48.8248333333333;14.4861270548823;8.70414326950849;13083
-5.492;48.8253333333333;14.4861270548823;8.70414326950849;13092
-5.4915;48.8255;14.4861270548823;8.70414326950849;13098
-5.49083333333333;48.8258333333333;14.4861270548823;8.70414326950849;13105
-5.48966666666667;48.8261666666667;14.6358289935945;8.44999980926514;13116
-5.48883333333333;48.8265;14.4861270548823;8.70414326950849;13124
-5.48833333333333;48.8266666666667;14.6358289935945;8.44999980926514;13129
-5.48766666666667;48.827;14.4861270548823;8.70414326950849;13135
-5.48583333333333;48.8276666666667;14.6358289935945;8.44999980926514;13153
-5.48533333333333;48.8278333333333;14.6358289935945;8.44999980926514;13158
-5.48466666666667;48.828;14.6358289935945;8.44999980926514;13165
-5.4835;48.8285;14.4861270548823;8.70414326950849;13178
-5.48216666666667;48.829;14.6358289935945;8.44999980926514;13189
-5.481;48.8295;14.6358289935945;8.44999980926514;13202
-5.48016666666667;48.8296666666667;14.4861270548823;8.70414326950849;13208
-5.47966666666667;48.83;14.4861270548823;8.70414326950849;13218
-5.48016666666667;48.8296666666667;14.4861270548823;8.70414326950849;13228
-5.47583333333333;48.8313333333333;14.6358289935945;8.44999980926514;13252
-5.47483333333333;48.8316666666667;14.4861270548823;8.70414326950849;13267
-5.47166666666667;48.8328333333333;14.6358289935945;8.44999980926514;13292
-5.47033333333333;48.8333333333333;14.4861270548823;8.70414326950849;13305
-5.468;48.8341666666667;14.4861270548823;8.70414326950849;13329
-5.46716666666667;48.8345;14.6358289935945;8.44999980926514;13339
-5.46416666666667;48.8356666666667;14.4004099978287;8.65263926554605;13365
-5.4635;48.8358333333333;14.4004099978287;8.65263926554605;13372
-5.46183333333333;48.8365;14.5492261228536;8.39999961853028;13388
-5.45983333333333;48.8371666666667;14.314694575692;8.60113624394078;13405
-5.45933333333333;48.8373333333333;14.314694575692;8.60113624394078;13411
-5.458;48.8378333333333;14.314694575692;8.60113624394078;13425
-5.45733333333333;48.8381666666667;14.4626249039251;8.35000038146973;13431
-5.45616666666667;48.8386666666667;14.2289775186384;8.54963223997834;13443
-5.45383333333333;48.8395;14.2289775186384;8.54963223997834;13464
-5.452;48.8401666666667;14.2289775186384;8.54963223997834;13483
-5.45133333333333;48.8403333333333;14.2289775186384;8.54963223997834;13493
-5.45016666666667;48.8408333333333;14.1432604615849;8.4981282360159;13502
-5.449;48.8413333333333;14.1432604615849;8.4981282360159;13514
-5.44833333333333;48.8415;14.1432604615849;8.4981282360159;13519
-5.44783333333333;48.8416666666667;14.2289775186384;8.54963223997834;13525
-5.44716666666667;48.842;14.1432604615849;8.4981282360159;13532
-5.4465;48.8421666666667;14.2894191624432;8.25;13537
-5.44533333333333;48.8426666666667;14.2894191624432;8.25;13551
-5.44216666666667;48.8438333333333;14.2894191624432;8.25;13581
-5.44116666666667;48.8441666666667;14.1432604615849;8.4981282360159;13589
-5.44166666666667;48.844;14.1432604615849;8.4981282360159;13603
-5.43866666666667;48.8451666666667;14.0575434045313;8.44662423205346;13614
-5.43816666666667;48.8453333333333;14.2894191624432;8.25;13619
-5.4375;48.8455;14.2894191624432;8.25;13625
-5.43616666666667;48.846;14.2894191624432;8.25;13639
-5.435;48.8465;14.1432604615849;8.4981282360159;13653
-5.4345;48.8466666666667;14.2894191624432;8.25;13659
-5.43316666666667;48.8471666666667;14.2894191624432;8.25;13671
-5.432;48.8475;14.1432604615849;8.4981282360159;13682
-5.43016666666667;48.8483333333333;14.1432604615849;8.4981282360159;13705
-5.429;48.8486666666667;14.1432604615849;8.4981282360159;13713
-5.4295;48.8485;14.1432604615849;8.4981282360159;13726
-5.42666666666667;48.8495;14.0575434045313;8.44662423205346;13735
-5.42533333333333;48.85;14.0575434045313;8.44662423205346;13749
-5.4235;48.8506666666667;14.0575434045313;8.44662423205346;13765
-5.423;48.8508333333333;14.0575434045313;8.44662423205346;13770
-5.42183333333333;48.8513333333333;14.2894191624432;8.25;13782
-5.42116666666667;48.8515;14.2028162917023;8.19999980926514;13791
-5.42;48.852;14.2028162917023;8.19999980926514;13801
-5.41933333333333;48.8523333333333;14.0575434045313;8.44662423205346;13809
-5.418;48.8526666666667;14.0575434045313;8.44662423205346;13822
-5.4175;48.853;14.2028162917023;8.19999980926514;13827
-5.417;48.8531666666667;14.2028162917023;8.19999980926514;13858
-5.41316666666667;48.8545;14.0575434045313;8.44662423205346;13866
-5.4115;48.8551666666667;14.2028162917023;8.19999980926514;13885
-5.411;48.8553333333333;14.0575434045313;8.44662423205346;13890
-5.41033333333333;48.8556666666667;14.1432604615849;8.4981282360159;13895
-5.40916666666667;48.856;14.0575434045313;8.44662423205346;13910
-5.408;48.8565;14.0575434045313;8.44662423205346;13921
-5.40716666666667;48.8568333333333;14.0575434045313;8.44662423205346;13927
-5.40433333333333;48.8578333333333;14.0575434045313;8.44662423205346;13955
-5.40316666666667;48.8583333333333;14.0575434045313;8.44662423205346;13978
-5.4;48.8595;14.0575434045313;8.44662423205346;14001
-5.39833333333333;48.86;13.9718263474777;8.39512022809102;14015
-5.397;48.8605;14.0575434045313;8.44662423205346;14029
-5.3965;48.8608333333333;13.9718263474777;8.39512022809102;14036
-5.396;48.861;14.0575434045313;8.44662423205346;14042
-5.39533333333333;48.8611666666667;13.9718263474777;8.39512022809102;14047
-5.39466666666667;48.8615;13.9718263474777;8.39512022809102;14055
-5.393;48.8621666666667;14.0575434045313;8.44662423205346;14073
-5.39166666666667;48.8626666666667;14.1162134209614;8.14999961853028;14084
-5.3905;48.863;14.1162134209614;8.14999961853028;14096
-5.38933333333333;48.8635;13.9718263474777;8.39512022809102;14107
-5.38866666666667;48.8636666666667;14.1162134209614;8.14999961853028;14115
-5.3875;48.8641666666667;14.1162134209614;8.14999961853028;14124
-5.387;48.8643333333333;14.1162134209614;8.14999961853028;14131
-5.3865;48.8645;14.0296122020329;8.10000038146973;14136
-5.3845;48.8653333333333;14.1162134209614;8.14999961853028;14155
-5.384;48.8655;14.1162134209614;8.14999961853028;14162
-5.38333333333333;48.8656666666667;14.1162134209614;8.14999961853028;14168
-5.38166666666667;48.8663333333333;14.1162134209614;8.14999961853028;14187
-5.3805;48.8668333333333;14.0575434045313;8.44662423205346;14196
-5.378;48.8676666666667;13.9718263474777;8.39512022809102;14219
-5.37733333333333;48.868;13.9718263474777;8.39512022809102;14229
-5.37633333333333;48.8683333333333;13.9718263474777;8.39512022809102;14238
-5.3755;48.8686666666667;13.9718263474777;8.39512022809102;14247
-5.37383333333333;48.8691666666667;13.9718263474777;8.39512022809102;14263
-5.37316666666667;48.8695;14.0575434045313;8.44662423205346;14270
-5.3725;48.8696666666667;14.1162134209614;8.14999961853028;14277
-5.37083333333333;48.8703333333333;13.9718263474777;8.39512022809102;14295
-5.36966666666667;48.8708333333333;13.9718263474777;8.39512022809102;14308
-5.36783333333333;48.8715;13.9718263474777;8.39512022809102;14322
-5.36716666666667;48.8716666666667;13.9718263474777;8.39512022809102;14330
-5.36783333333333;48.8715;13.9718263474777;8.39512022809102;14350
-5.36433333333333;48.8728333333333;13.9718263474777;8.39512022809102;14359
-5.36366666666667;48.873;13.9718263474777;8.39512022809102;14366
-5.36316666666667;48.8733333333333;13.9718263474777;8.39512022809102;14372
-5.3625;48.8735;13.9718263474777;8.39512022809102;14377
-5.362;48.8736666666667;14.2028162917023;8.19999980926514;14382
-5.36133333333333;48.874;14.0575434045313;8.44662423205346;14390
-5.3595;48.8746666666667;14.0575434045313;8.44662423205346;14411
-5.35833333333333;48.875;14.0575434045313;8.44662423205346;14421
-5.35716666666667;48.8755;14.2028162917023;8.19999980926514;14431
-5.3565;48.8758333333333;13.9718263474777;8.39512022809102;14440
-5.35533333333333;48.8761666666667;14.2028162917023;8.19999980926514;14453
-5.3535;48.8768333333333;14.1432604615849;8.4981282360159;14467
-5.35233333333333;48.8773333333333;14.2028162917023;8.19999980926514;14477
-5.35166666666667;48.8775;14.0575434045313;8.44662423205346;14486
-5.35116666666667;48.8776666666667;14.1432604615849;8.4981282360159;14492
-5.34983333333333;48.8781666666667;14.2894191624432;8.25;14502
-5.34866666666667;48.8786666666667;14.1432604615849;8.4981282360159;14513
-5.34816666666667;48.8788333333333;14.1432604615849;8.4981282360159;14520
-5.34733333333333;48.8791666666667;14.2028162917023;8.19999980926514;14531
-5.34566666666667;48.8798333333333;14.0575434045313;8.44662423205346;14545
-5.34516666666667;48.88;14.1432604615849;8.4981282360159;14550
-5.34383333333333;48.8805;14.2894191624432;8.25;14562
-5.34333333333333;48.8806666666667;14.2028162917023;8.19999980926514;14570
-5.342;48.8811666666667;14.1432604615849;8.4981282360159;14583
-5.34133333333333;48.8813333333333;14.2894191624432;8.25;14590
-5.34033333333333;48.8818333333333;14.1432604615849;8.4981282360159;14599
-5.339;48.8821666666667;14.1432604615849;8.4981282360159;14611
-5.3385;48.8825;14.1432604615849;8.4981282360159;14617
-5.33716666666667;48.883;14.2894191624432;8.25;14629
-5.33366666666667;48.8843333333333;14.1432604615849;8.4981282360159;14669
-5.33233333333333;48.8846666666667;14.1432604615849;8.4981282360159;14676
-5.33183333333333;48.885;14.1432604615849;8.4981282360159;14683
-5.33116666666667;48.8851666666667;14.1432604615849;8.4981282360159;14690
-5.33;48.8856666666667;14.1432604615849;8.4981282360159;14701
-5.327;48.8866666666667;14.1432604615849;8.4981282360159;14731
-5.32583333333333;48.8871666666667;14.2894191624432;8.25;14741
-5.325;48.8875;14.1432604615849;8.4981282360159;14754
-5.32216666666667;48.8885;14.2894191624432;8.25;14779
-5.321;48.889;14.1432604615849;8.4981282360159;14797
-5.319;48.8896666666667;14.3760220331842;8.30000019073487;14808
-5.31733333333333;48.8903333333333;14.2289775186384;8.54963223997834;14827
-5.31666666666667;48.8906666666667;14.3760220331842;8.30000019073487;14835
-5.3155;48.891;14.3760220331842;8.30000019073487;14845
-5.3125;48.8921666666667;14.2894191624432;8.25;14878
-5.31;48.8931666666667;14.3760220331842;8.30000019073487;14898
-5.3095;48.8933333333333;14.2894191624432;8.25;14911
-5.30816666666667;48.8938333333333;14.3760220331842;8.30000019073487;14920
-5.30633333333333;48.8945;14.3760220331842;8.30000019073487;14933
-5.3045;48.8951666666667;14.2894191624432;8.25;14953
-5.30333333333333;48.8956666666667;14.2894191624432;8.25;14964
-5.30283333333333;48.8958333333333;14.2894191624432;8.25;14974
-5.3015;48.8963333333333;14.2894191624432;8.25;14985
-5.30033333333333;48.8966666666667;14.2894191624432;8.25;15002
-5.29916666666667;48.8971666666667;14.2028162917023;8.19999980926514;15007
-5.29616666666667;48.8983333333333;14.0575434045313;8.44662423205346;15042
-5.295;48.8986666666667;14.1432604615849;8.4981282360159;15050
-5.292;48.8998333333333;14.2028162917023;8.19999980926514;15078
-5.29133333333333;48.9;14.2028162917023;8.19999980926514;15088
-5.28766666666667;48.9015;14.2894191624432;8.25;15122
-5.28583333333333;48.9021666666667;14.2894191624432;8.25;15138
-5.28466666666667;48.9025;14.2028162917023;8.19999980926514;15151
-5.28233333333333;48.9035;14.2028162917023;8.19999980926514;15181
-5.281;48.9038333333333;14.2028162917023;8.19999980926514;15188
-5.28033333333333;48.9041666666667;14.2028162917023;8.19999980926514;15195
-5.27566666666667;48.9058333333333;14.1432604615849;8.4981282360159;15244
-5.27383333333333;48.9065;14.2028162917023;8.19999980926514;15258
-5.27266666666667;48.907;14.2028162917023;8.19999980926514;15270
-5.272;48.9071666666667;14.0575434045313;8.44662423205346;15276
-5.27133333333333;48.9075;14.2894191624432;8.25;15283
-5.26966666666667;48.9081666666667;14.2028162917023;8.19999980926514;15301
-5.26833333333333;48.9085;14.2028162917023;8.19999980926514;15313
-5.25866666666667;48.9121666666667;14.2894191624432;8.25;15407
-5.25566666666667;48.9131666666667;14.1432604615849;8.4981282360159;15439
-5.255;48.9135;14.1432604615849;8.4981282360159;15449
-5.25316666666667;48.9141666666667;14.1432604615849;8.4981282360159;15467
-5.25066666666667;48.915;14.1432604615849;8.4981282360159;15488
-5.249;48.9156666666667;14.2894191624432;8.25;15505
-5.246;48.9168333333333;14.1432604615849;8.4981282360159;15537
-5.24466666666667;48.9173333333333;14.2289775186384;8.54963223997834;15548
-5.24416666666667;48.9175;14.2289775186384;8.54963223997834;15555
-5.24283333333333;48.918;14.2289775186384;8.54963223997834;15565
-5.24166666666667;48.9185;14.2289775186384;8.54963223997834;15576
-5.241;48.9186666666667;14.3760220331842;8.30000019073487;15585
-5.238;48.9198333333333;14.3760220331842;8.30000019073487;15615
-5.23733333333333;48.92;14.2289775186384;8.54963223997834;15622
-5.235;48.9208333333333;14.314694575692;8.60113624394078;15645
-5.23383333333333;48.9213333333333;14.2289775186384;8.54963223997834;15655
-5.23316666666667;48.9216666666667;14.2289775186384;8.54963223997834;15660
-5.232;48.922;14.314694575692;8.60113624394078;15672
-5.23116666666667;48.9223333333333;14.3760220331842;8.30000019073487;15680
-5.23066666666667;48.9225;14.2289775186384;8.54963223997834;15685
-5.23016666666667;48.9226666666667;14.3760220331842;8.30000019073487;15692
-5.22883333333333;48.9231666666667;14.2289775186384;8.54963223997834;15703
-5.22766666666667;48.9236666666667;14.2289775186384;8.54963223997834;15715
-5.22633333333333;48.9241666666667;14.3760220331842;8.30000019073487;15728
-5.22516666666667;48.9245;14.314694575692;8.60113624394078;15739
-5.2245;48.9248333333333;14.2289775186384;8.54963223997834;15745
-5.224;48.925;14.2289775186384;8.54963223997834;15752
-5.22333333333333;48.9253333333333;14.314694575692;8.60113624394078;15760
-5.2215;48.926;14.314694575692;8.60113624394078;15775
-5.22016666666667;48.9263333333333;14.4626249039251;8.35000038146973;15786
-5.21833333333333;48.9271666666667;14.314694575692;8.60113624394078;15806
-5.21783333333333;48.9273333333333;14.4626249039251;8.35000038146973;15812
-5.2165;48.9278333333333;14.314694575692;8.60113624394078;15826
-5.21466666666667;48.9285;14.314694575692;8.60113624394078;15841
-5.21416666666667;48.9286666666667;14.314694575692;8.60113624394078;15850
-5.21283333333333;48.9291666666667;14.314694575692;8.60113624394078;15861
-5.2105;48.93;14.314694575692;8.60113624394078;15885
-5.20383333333333;48.9325;14.314694575692;8.60113624394078;15948
-5.20066666666667;48.9336666666667;14.5492261228536;8.39999961853028;15979
-5.19833333333333;48.9346666666667;14.4861270548823;8.70414326950849;16002
-5.19333333333333;48.9365;14.4004099978287;8.65263926554605;16051
-5.18833333333333;48.9383333333333;14.5492261228536;8.39999961853028;16099
-5.18716666666667;48.9388333333333;14.4004099978287;8.65263926554605;16109
-5.18833333333333;48.9383333333333;14.5492261228536;8.39999961853028;16118
-5.17916666666667;48.9418333333333;14.5492261228536;8.39999961853028;16187
-5.1785;48.942;14.6358289935945;8.44999980926514;16194
-5.17733333333333;48.9425;14.5492261228536;8.39999961853028;16210
-5.17066666666667;48.945;14.5492261228536;8.39999961853028;16272
-5.15766666666667;48.9498333333333;14.5492261228536;8.39999961853028;16400
-5.094;48.9735;14.8335188863944;7.88712189662459;17016
-5.03066666666667;48.9968333333333;14.4626249039251;8.35000038146973;17634
-5.01766666666667;49.0015;14.69361041266;8.14480125025808;17761
-5.00416666666667;49.0065;14.4626249039251;8.35000038146973;17895
-4.98883333333333;49.0123333333333;14.4626249039251;8.35000038146973;18042
-4.98216666666667;49.0148333333333;14.4626249039251;8.35000038146973;18108
-4.97666666666667;49.017;14.4626249039251;8.35000038146973;18162
-4.976;49.0171666666667;14.4626249039251;8.35000038146973;18167
-4.974;49.0178333333333;14.4626249039251;8.35000038146973;18188
-4.968;49.0201666666667;14.5492261228536;8.39999961853028;18248
-4.95266666666667;49.026;14.7810727170148;8.1932823972229;18397
-4.947;49.0281666666667;14.7810727170148;8.1932823972229;18452
-4.945;49.0288333333333;14.7810727170148;8.1932823972229;18471
-4.944;49.0293333333333;14.7810727170148;8.1932823972229;18483
-4.937;49.0318333333333;14.8685350213697;8.24176354418773;18546
-4.93466666666667;49.0326666666667;14.7810727170148;8.1932823972229;18572
-4.93333333333333;49.0331666666667;14.7810727170148;8.1932823972229;18588
