"x";"y";"vx";"vy";"t"
-6.37945;47.7281;8.92049682759241;16.0930022777239;0
-6.37761666666667;47.7304166666667;8.87201568062758;16.0055399733691;30
-6.27023333333333;47.8697333333333;8.40354079477826;15.804761575357;1939
-6.17568333333333;47.9850333333333;8.77505431139889;15.830617032864;3525
-6.17411666666667;47.9868333333333;8.77505431139889;15.830617032864;3547
-6.17043333333333;47.9911666666667;8.54438280088159;16.069646863668;3609
-6.16933333333333;47.9924666666667;8.54438280088159;16.069646863668;3629
-6.15163333333333;48.01385;8.49743546551381;15.9813517675644;3920
-6.14938333333333;48.0166;8.40354079477826;15.804761575357;3955
-6.14908333333333;48.0169666666667;8.40354079477826;15.804761575357;3964
-6.14871666666667;48.0174;8.40354079477826;15.804761575357;3972
-6.14801666666667;48.0182666666667;8.45048813014603;15.8930566714607;3979
-6.14588333333333;48.0209333333333;8.77505431139889;15.830617032864;4020
-6.14508333333333;48.0218833333333;8.49743546551381;15.9813517675644;4030
-5.84476666666667;48.4078833333333;6.7205757081197;15.8326841816714;9408
-5.74145;48.5600833333333;8.34361720648574;13.886110925341;11530
-5.73876666666667;48.5631;8.18910519459843;13.6289597541802;11577
-5.7283;48.5752166666667;7.98309016110584;13.2860931608827;11767
-5.70186666666667;48.6053666666667;7.46805208619578;12.4289258601806;12271
-5.57973333333333;48.7530166666667;11.7138743895734;8.20214314922098;14805
-5.56543333333333;48.7587666666667;12.8171761411909;7.40000009536743;14973
-5.5622;48.76005;13.1192956070909;7.27214430369506;15006
-5.56103333333333;48.7605;13.1192956070909;7.27214430369506;15021
-5.55573333333333;48.76255;12.9443718324835;7.17518247211589;15079
-5.55511666666667;48.7627666666667;12.8171761411909;7.40000009536743;15085
-5.54876666666667;48.7652333333333;12.8171761411909;7.40000009536743;15157
-5.54813333333333;48.7654666666667;12.8171761411909;7.40000009536743;15162
-5.53848333333333;48.7691;12.9443718324835;7.17518247211589;15273
-5.53681666666667;48.7697166666667;12.8171761411909;7.40000009536743;15290
-5.53615;48.7699666666667;12.8171761411909;7.40000009536743;15296
-5.53781666666667;48.76935;12.9443718324835;7.17518247211589;15314
-5.53095;48.7719;12.9443718324835;7.17518247211589;15357
-5.53026666666667;48.77215;12.73057327045;7.34999990463257;15364
-5.5271;48.77335;12.73057327045;7.34999990463257;15397
-5.52648333333333;48.7735666666667;12.8171761411909;7.40000009536743;15402
-5.52478333333333;48.7741833333333;12.8171761411909;7.40000009536743;15422
-5.521;48.7755666666667;12.8171761411909;7.40000009536743;15462
-5.52008333333333;48.7759;12.73057327045;7.34999990463257;15476
-5.51238333333333;48.7786833333333;12.8569095281286;7.12670132515106;15561
-5.51138333333333;48.7790333333333;12.73057327045;7.34999990463257;15571
-5.49768333333333;48.7838333333333;12.8569095281286;7.12670132515106;15722
-5.4933;48.78535;12.73057327045;7.34999990463257;15770
-5.42311666666667;48.8107166666667;12.328457188834;8.00619371083925;16551
-5.42251666666667;48.8109333333333;12.328457188834;8.00619371083925;16556
-5.42311666666667;48.8107166666667;12.328457188834;8.00619371083925;16573
-5.4193;48.8120833333333;12.1868521584327;8.2201355743624;16594
-5.41605;48.8133;12.3526595148174;8.33197404839896;16626
-5.3426;48.84145;11.7723333721552;7.94053912262702;17470
-5.3308;48.8458833333333;11.5500441369565;8.0874279713518;17603
-5.32883333333333;48.8466666666667;11.5500441369565;8.0874279713518;17628
-5.30893333333333;48.85475;11.9381407285399;8.05237759666359;17861
-5.28371666666667;48.8648666666667;12.3841634392987;7.15000009536743;18159
-5.19743333333333;48.8964333333333;2.26924467161004;-0.781363601745774;19481
-5.19738333333333;48.8964166666667;2.26924467161004;-0.781363601745774;19489
-5.19716666666667;48.89635;2.22524133938343;-0.899055859923458;19501
-5.19743333333333;48.8964333333333;2.26924467161004;-0.781363601745774;19515
-5.19683333333333;48.8962333333333;2.13841574302509;-1.08957724267082;19522
-5.19658333333333;48.8961333333333;1.9918583874089;-1.14999997615814;19540
-5.19655;48.8961;1.9918583874089;-1.14999997615814;19547
-5.19621666666667;48.8959333333333;1.82388269915268;-1.23022441430004;19567
-5.1954;48.8953166666667;1.50039642465771;-1.60897817843584;19651
-5.19533333333333;48.8952333333333;1.40517420954034;-1.56060406263071;19661
-5.19525;48.89515;1.34985391904073;-1.60869325749416;19667
-5.19496666666667;48.8948;1.17430504395978;-1.7409788233024;19712
-5.19485;48.8946166666667;1.08157990819326;-1.80005124972859;19729
-5.19478333333333;48.8945166666667;1.04999995231628;-1.8186532653567;19738
-5.19463333333333;48.89425;0.920579366450732;-1.88746741151257;19773
-5.19456666666667;48.8940666666667;0.820535332564452;-1.93306010446394;19789
-5.1945;48.89385;0.718242268366322;-1.97335441403434;19810
-5.19438333333333;48.8929833333333;0.364661156540173;-2.06809618740705;19897
-5.1953;48.8895333333333;-0.802974687231324;-1.72198477376157;20272
-5.1955;48.8892;-0.862581938681161;-1.69291237471465;20310
-5.19555;48.8891333333333;-0.891995958100118;-1.67760040538085;20320
-5.19565;48.8889666666667;-0.921138266909278;-1.66177742271229;20338
-5.19573333333333;48.8888833333333;-0.899999976158142;-1.55884568551668;20351
-5.19585;48.8887333333333;-0.978572330049638;-1.62861785089755;20373
-5.1959;48.88865;-0.953854650351249;-1.52648653264348;20378
-5.19608333333333;48.8884;-1.00654719958295;-1.49226759106748;20409
-5.19613333333333;48.8883333333333;-1.06246650326222;-1.57517136808878;20421
-5.19621666666667;48.88825;-1.03243755808163;-1.47447364065997;20430
-5.19613333333333;48.8883333333333;-1.06246650326222;-1.57517136808878;20436
-5.19633333333333;48.8881;-1.08979521539186;-1.55638886461898;20453
-5.19645;48.88795;-0.999234956924989;-1.37532892901435;20470
-5.19658333333333;48.8878166666667;-1.08326701297691;-1.43754388000322;20490
-5.19663333333333;48.88775;-1.08326701297691;-1.43754388000322;20500
-5.19671666666667;48.8876833333333;-1.08326701297691;-1.43754388000322;20509
-5.19676666666667;48.8876166666667;-1.08326701297691;-1.43754388000322;20519
-5.19683333333333;48.88755;-1.08326701297691;-1.43754388000322;20528
-5.19691666666667;48.8874666666667;-1.08326701297691;-1.43754388000322;20539
-5.197;48.8874;-1.08326701297691;-1.43754388000322;20551
-5.1971;48.8872833333333;-1.08326701297691;-1.43754388000322;20569
-5.19718333333333;48.8872;-1.08326701297691;-1.43754388000322;20583
-5.19725;48.8871333333333;-1.08326701297691;-1.43754388000322;20590
-5.19733333333333;48.88705;-1.08326701297691;-1.43754388000322;20601
-5.19738333333333;48.887;-1.02308556805526;-1.35768040516231;20609
-5.19746666666667;48.8869166666667;-1.08326701297691;-1.43754388000322;20621
-5.1976;48.8868;-1.08326701297691;-1.43754388000322;20637
-5.19768333333333;48.8867166666667;-1.08326701297691;-1.43754388000322;20650
-5.19775;48.88665;-1.08326701297691;-1.43754388000322;20659
-5.1978;48.8866;-1.08326701297691;-1.43754388000322;20667
-5.1979;48.8865166666667;-1.08326701297691;-1.43754388000322;20679
-5.19805;48.8863833333333;-1.02308556805526;-1.35768040516231;20699
-5.1981;48.8863166666667;-1.02308556805526;-1.35768040516231;20710
-5.19821666666667;48.8862166666667;-0.985058375199566;-1.2608172245584;20727
-5.1983;48.88615;-1.04662453741065;-1.33961831870671;20739
-5.19845;48.8860166666667;-1.10819062622916;-1.41841931891682;20758
-5.1986;48.8859;-1.04662453741065;-1.33961831870671;20779
-5.19866666666667;48.8858333333333;-0.985058375199566;-1.2608172245584;20790
-5.19896666666667;48.8856;-1.04662453741065;-1.33961831870671;20830
-5.19903333333333;48.8855333333333;-1.04662453741065;-1.33961831870671;20841
-5.1991;48.8854833333333;-1.04662453741065;-1.33961831870671;20849
-5.19918333333333;48.8854166666667;-1.04662453741065;-1.33961831870671;20861
-5.19948333333333;48.8851833333333;-1.02308556805526;-1.35768040516231;20900
-5.1997;48.885;-0.962904051391665;-1.27781683511662;20928
-5.19998333333333;48.8847666666667;-0.940456417681849;-1.29442721028838;20973
-5.20006666666667;48.8847166666667;-0.917722311836801;-1.31064329039249;20983
-5.2004;48.8844166666667;-0.894708658885392;-1.32646013585386;21031
-5.20046666666667;48.88435;-0.950627962564665;-1.40936391287516;21040
-5.20053333333333;48.8843;-0.87142246900925;-1.34187292870814;21049
-5.2006;48.8842333333333;-0.87142246900925;-1.34187292870814;21061
-5.20088333333333;48.884;-0.847870835407388;-1.35687697406932;21100
-5.2013;48.88365;-0.772557112365081;-1.28575095105317;21159
-5.20136666666667;48.8836;-0.800000011920929;-1.38564066670276;21170
-5.20143333333333;48.8835333333333;-0.800000011920929;-1.38564066670276;21181
-5.2015;48.8834666666667;-0.800000011920929;-1.38564066670276;21189
-5.20156666666667;48.8834166666667;-0.75;-1.29903810567666;21201
-5.20143333333333;48.8835333333333;-0.800000011920929;-1.38564066670276;21208
-5.2017;48.8833;-0.775695403952901;-1.39939155227559;21220
-5.20176666666667;48.88325;-0.775695403952901;-1.39939155227559;21229
-5.20183333333333;48.8831833333333;-0.775695403952901;-1.39939155227559;21238
-5.20203333333333;48.883;-0.824176377536297;-1.48685354384209;21268
-5.20235;48.8827166666667;-0.7511545116505;-1.41271616962539;21320
-5.2024;48.8826666666667;-0.704207344178836;-1.32442138928839;21329
-5.20246666666667;48.8826;-0.7511545116505;-1.41271616962539;21340
-5.2026;48.8825;-0.704207344178836;-1.32442138928839;21357
-5.20266666666667;48.8824333333333;-0.7511545116505;-1.41271616962539;21372
-5.20273333333333;48.8823666666667;-0.704207344178836;-1.32442138928839;21382
-5.20321666666667;48.8819333333333;-0.704207344178836;-1.32442138928839;21460
-5.20341666666667;48.8817666666667;-0.704207344178836;-1.32442138928839;21487
-5.20348333333333;48.8817166666667;-0.704207344178836;-1.32442138928839;21499
-5.20355;48.88165;-0.704207344178836;-1.32442138928839;21511
-5.20378333333333;48.88145;-0.635586688811388;-1.24740911262046;21549
-5.204;48.8812833333333;-0.680985749609319;-1.33650978628255;21579
-5.20405;48.8812333333333;-0.680985749609319;-1.33650978628255;21589
-5.20411666666667;48.8811833333333;-0.680985749609319;-1.33650978628255;21601
-5.20418333333333;48.8811333333333;-0.635586688811388;-1.24740911262046;21607
-5.20425;48.8810666666667;-0.680985749609319;-1.33650978628255;21618
-5.20431666666667;48.8810166666667;-0.680985749609319;-1.33650978628255;21631
-5.20438333333333;48.8809666666667;-0.680985749609319;-1.33650978628255;21640
-5.20443333333333;48.8809333333333;-0.635586688811388;-1.24740911262046;21650
-5.2045;48.8808666666667;-0.680985749609319;-1.33650978628255;21657
-5.20463333333333;48.88075;-0.635586688811388;-1.24740911262046;21681
-5.2047;48.8807;-0.635586688811388;-1.24740911262046;21692
-5.20476666666667;48.88065;-0.635586688811388;-1.24740911262046;21698
-5.20481666666667;48.8806;-0.635586688811388;-1.24740911262046;21711
-5.20488333333333;48.8805333333333;-0.635586688811388;-1.24740911262046;21720
-5.20493333333333;48.8805;-0.635586688811388;-1.24740911262046;21727
-5.20506666666667;48.8804;-0.635586688811388;-1.24740911262046;21751
-5.20518333333333;48.8803;-0.680985749609319;-1.33650978628255;21772
-5.20525;48.88025;-0.635586688811388;-1.24740911262046;21778
-5.20556666666667;48.8800166666667;-0.635586688811388;-1.24740911262046;21829
-5.20563333333333;48.8799666666667;-0.635586688811388;-1.24740911262046;21838
-5.20568333333333;48.8799166666667;-0.635586688811388;-1.24740911262046;21846
-5.20575;48.8798833333333;-0.569882469922635;-1.16843221733108;21860
-5.20588333333333;48.8797833333333;-0.569882469922635;-1.16843221733108;21881
-5.20593333333333;48.8797333333333;-0.613719595053125;-1.25831164338991;21889
-5.20625;48.8795;-0.591665556360974;-1.26883088024325;21942
-5.20636666666667;48.8794;-0.569431290608763;-1.27896361891902;21960
-5.20643333333333;48.8793666666667;-0.528757616603825;-1.18760905137414;21969
-5.20661666666667;48.8792166666667;-0.486988553578051;-1.20533896672525;22001
-5.20666666666667;48.8791666666667;-0.486988553578051;-1.20533896672525;22009
-5.20678333333333;48.8790833333333;-0.465878317320575;-1.21365450992978;22032
-5.20685;48.8790333333333;-0.430041556542676;-1.12029655631323;22041
-5.20706666666667;48.8788833333333;-0.444626170014578;-1.22160036221365;22081
-5.20713333333333;48.8788333333333;-0.444626170014578;-1.22160036221365;22088
-5.2072;48.8787833333333;-0.423238585270004;-1.22917410319327;22102
-5.20733333333333;48.8787;-0.423238585270004;-1.22917410319327;22117
-5.20738333333333;48.87865;-0.423238585270004;-1.22917410319327;22130
-5.20743333333333;48.8786;-0.423238585270004;-1.22917410319327;22140
-5.20766666666667;48.8784166666667;-0.390681800872887;-1.13462233580502;22178
-5.20781666666667;48.8783;-0.423238585270004;-1.22917410319327;22206
-5.2081;48.8780666666667;-0.390681800872887;-1.13462233580502;22259
-5.20836666666667;48.87785;-0.390681800872887;-1.13462233580502;22311
-5.20841666666667;48.8778166666667;-0.390681800872887;-1.13462233580502;22317
-5.20853333333333;48.8777333333333;-0.390681800872887;-1.13462233580502;22339
-5.20871666666667;48.8776166666667;-0.370820407985016;-1.14126786490409;22372
-5.20876666666667;48.8775666666667;-0.370820407985016;-1.14126786490409;22382
-5.20888333333333;48.8775;-0.370820407985016;-1.14126786490409;22397
-5.20893333333333;48.87745;-0.370820407985016;-1.14126786490409;22408
-5.20898333333333;48.8774166666667;-0.321608882165695;-1.05193525435942;22421
-5.2091;48.8773333333333;-0.350846059608653;-1.14756575275581;22437
-5.20916666666667;48.8772833333333;-0.380083202198188;-1.24319613715178;22450
-5.20921666666667;48.87725;-0.380083202198188;-1.24319613715178;22459
-5.20931666666667;48.8771666666667;-0.330764840123812;-1.15351408096251;22481
-5.20943333333333;48.8770833333333;-0.358328549418685;-1.24964015888329;22503
-5.20955;48.8769833333333;-0.310582866464478;-1.15911103760581;22519
-5.2096;48.87695;-0.330764840123812;-1.15351408096251;22528
-5.20955;48.8769833333333;-0.310582866464478;-1.15911103760581;22538
-5.21025;48.8764666666667;-0.284700955783499;-1.06251843194744;22648
-5.21035;48.8763833333333;-0.284700955783499;-1.06251843194744;22668
-5.21041666666667;48.87635;-0.284700955783499;-1.06251843194744;22678
-5.21051666666667;48.8762666666667;-0.284700955783499;-1.06251843194744;22703
-5.21085;48.87605;-0.303201097970406;-1.05738788845042;22758
-5.21095;48.8759833333333;-0.275637355816999;-0.961261695938319;22778
-5.211;48.87595;-0.303201097970406;-1.05738788845042;22787
-5.21095;48.8759833333333;-0.275637355816999;-0.961261695938319;22797
-5.21121666666667;48.8757833333333;-0.330764840123812;-1.15351408096251;22830
-5.21138333333333;48.8756666666667;-0.303201097970406;-1.05738788845042;22857
-5.21156666666667;48.8755666666667;-0.284700955783499;-1.06251843194744;22888
-5.21173333333333;48.87545;-0.266114090927502;-1.06732532203725;22921
-5.21216666666667;48.8752166666667;-0.228702864856536;-1.07596238412804;22990
-5.21221666666667;48.8751833333333;-0.228702864856536;-1.07596238412804;23000
-5.2124;48.8750666666667;-0.228970803550336;-1.17795266694483;23029
-5.21251666666667;48.875;-0.20988989946344;-1.07978992519625;23051
-5.21268333333333;48.8749;-0.191012999573719;-1.08328855179308;23081
-5.21655;48.8722666666667;0.191012999573718;-1.08328855179308;23800
-5.21708333333333;48.8717666666667;0.270285188149085;-1.27159183431224;23908
-5.21711666666667;48.8717166666667;0.270285188149085;-1.27159183431224;23919
-5.21731666666667;48.8715;0.270285188149085;-1.27159183431224;23960
-5.21736666666667;48.87145;0.291076362187862;-1.36940661770647;23967
-5.2175;48.8712666666667;0.267132588977922;-1.37427803342291;23998
-5.21761666666667;48.8710833333333;0.305294397151713;-1.57060351692008;24030
-5.21765;48.8710166666667;0.286213493064817;-1.4724407751715;24039
-5.21773333333333;48.8708666666667;0.305294397151713;-1.57060351692008;24058
-5.21781666666667;48.87075;0.277837088407184;-1.57569242829918;24078
-5.21785;48.8706666666667;0.260472266500395;-1.47721162951831;24089
-5.21788333333333;48.8706;0.295201910313972;-1.67417322708005;24097
-5.21866666666667;48.8689;0.74848206711593;-3.52133126935828;24281
-5.21873333333333;48.8687833333333;1.14024967630141;-3.72958863945617;24286
-5.21885;48.8685833333333;1.53588699727997;-3.80145371530069;24299
-5.219;48.8682666666667;2.34194795444627;-3.60628360212904;24312
-5.21905;48.8681166666667;2.76900978063596;-3.41944230452509;24318
-5.21908333333333;48.8679833333333;3.1954284378636;-3.30896301295621;24325
-5.2191;48.8679333333333;3.38089692438848;-3.26489420866172;24330
-5.2191;48.8676333333333;4.02561888610175;-2.61426747195378;24340
-5.21905;48.8674166666667;4.25964642620776;-1.98630574957325;24356
-5.21878333333333;48.8669666666667;4.47534852915723;-0.47037808470444;24381
-4.95135;48.97775;14.4312251678;7.99935873406456;27402
-4.9474;48.97945;14.4312251678;7.99935873406456;27441
-4.94683333333333;48.9796833333333;14.4312251678;7.99935873406456;27448
-4.94561666666667;48.9802166666667;14.4312251678;7.99935873406456;27461
-4.94438333333333;48.98075;14.4312251678;7.99935873406456;27471
-4.94388333333333;48.98095;14.5186874721549;8.04783988102939;27479
-4.9415;48.9819833333333;14.5186874721549;8.04783988102939;27502
-4.94091666666667;48.9822333333333;14.5186874721549;8.04783988102939;27508
-4.93925;48.98295;14.4312251678;7.99935873406456;27528
-4.93856666666667;48.98325;14.5186874721549;8.04783988102939;27535
-4.93683333333333;48.9839833333333;14.5186874721549;8.04783988102939;27552
-4.9361;48.9843;14.5186874721549;8.04783988102939;27558
-4.93553333333333;48.98455;14.5186874721549;8.04783988102939;27566
-4.93095;48.9865333333333;14.4312251678;7.99935873406456;27610
-4.92625;48.9885833333333;14.3437628634451;7.95087758709974;27660
-4.92578333333333;48.9887833333333;14.3437628634451;7.95087758709974;27665
-4.92408333333333;48.9895166666667;14.3437628634451;7.95087758709974;27687
-4.92288333333333;48.99005;14.3437628634451;7.95087758709974;27695
-4.92238333333333;48.9902666666667;14.3437628634451;7.95087758709974;27705
-4.91938333333333;48.9916;14.3437628634451;7.95087758709974;27735
-4.91833333333333;48.9920666666667;14.3437628634451;7.95087758709974;27744
-4.91785;48.9922666666667;14.3437628634451;7.95087758709974;27749
-4.91713333333333;48.9926;14.3437628634451;7.95087758709974;27756
-4.91608333333333;48.99305;14.3437628634451;7.95087758709974;27771
-4.91366666666667;48.9941333333333;14.4312251678;7.99935873406456;27792
-4.9131;48.9943666666667;14.4312251678;7.99935873406456;27799
-4.91196666666667;48.9948833333333;14.3437628634451;7.95087758709974;27808
-4.91146666666667;48.9951;14.4312251678;7.99935873406456;27818
-4.91031666666667;48.9956;14.3437628634451;7.95087758709974;27825
-4.90853333333333;48.9964;14.4312251678;7.99935873406456;27845
-4.90685;48.99715;14.4312251678;7.99935873406456;27862
-4.90635;48.9973666666667;14.4312251678;7.99935873406456;27869
-4.9056;48.9977;14.4312251678;7.99935873406456;27880
-4.9044;48.9982166666667;14.4312251678;7.99935873406456;27886
-4.90385;48.9984666666667;14.4312251678;7.99935873406456;27891
-4.90288333333333;48.9988833333333;14.4312251678;7.99935873406456;27905
-4.90215;48.9992166666667;14.4312251678;7.99935873406456;27910
-4.9011;48.9996666666667;14.4312251678;7.99935873406456;27921
-4.90045;48.99995;14.4312251678;7.99935873406456;27928
-4.8999;49.0002;14.5186874721549;8.04783988102939;27938
-4.8981;49.0009833333333;14.4312251678;7.99935873406456;27952
-4.89761666666667;49.0012;14.4312251678;7.99935873406456;27957
-4.89623333333333;49.0018;14.5186874721549;8.04783988102939;27971
-4.89573333333333;49.0020166666667;14.4312251678;7.99935873406456;27977
-4.89525;49.0022333333333;14.4312251678;7.99935873406456;27985
-4.89396666666667;49.0027833333333;14.5186874721549;8.04783988102939;27998
-4.89348333333333;49.003;14.5186874721549;8.04783988102939;28005
-4.89168333333333;49.0037666666667;14.5186874721549;8.04783988102939;28021
-4.89053333333333;49.0042666666667;14.5186874721549;8.04783988102939;28030
-4.89001666666667;49.0044833333333;14.5186874721549;8.04783988102939;28039
-4.88813333333333;49.0053;14.4312251678;7.99935873406456;28055
-4.88756666666667;49.0055333333333;14.5186874721549;8.04783988102939;28064
-4.8865;49.0059833333333;14.5186874721549;8.04783988102939;28071
-4.88473333333333;49.00675;14.5186874721549;8.04783988102939;28090
-4.88348333333333;49.0072666666667;14.5186874721549;8.04783988102939;28102
-4.88173333333333;49.0080166666667;14.6061497765098;8.09632102799422;28123
-4.88048333333333;49.0085333333333;14.6061497765098;8.09632102799422;28130
-4.87998333333333;49.0087333333333;14.6061497765098;8.09632102799422;28143
-4.87523333333333;49.0107166666667;14.6061497765098;8.09632102799422;28185
-4.87465;49.01095;14.6061497765098;8.09632102799422;28196
-4.87213333333333;49.012;14.6061497765098;8.09632102799422;28218
-4.86913333333333;49.0132166666667;14.6061497765098;8.09632102799422;28245
-4.86855;49.01345;14.6061497765098;8.09632102799422;28254
-4.86678333333333;49.0141666666667;14.6061497765098;8.09632102799422;28270
-4.86556666666667;49.0146666666667;14.6061497765098;8.09632102799422;28284
-4.86431666666667;49.0151666666667;14.6061497765098;8.09632102799422;28299
-4.86321666666667;49.0156166666667;14.6061497765098;8.09632102799422;28309
-4.86076666666667;49.0166;14.6061497765098;8.09632102799422;28335
-4.85948333333333;49.0171;14.6061497765098;8.09632102799422;28347
-4.8589;49.0173333333333;14.6061497765098;8.09632102799422;28352
-4.856;49.0185;14.6061497765098;8.09632102799422;28377
-4.84986666666667;49.0209166666667;14.6061497765098;8.09632102799422;28438
-4.84631666666667;49.0223333333333;14.6061497765098;8.09632102799422;28474
-4.84375;49.02335;14.69361041266;8.14480125025808;28502
-4.84266666666667;49.0237666666667;14.69361041266;8.14480125025808;28508
-4.84198333333333;49.0240333333333;14.69361041266;8.14480125025808;28517
-4.84146666666667;49.0242333333333;14.69361041266;8.14480125025808;28525
-4.8377;49.0257166666667;14.69361041266;8.14480125025808;28560
-4.83658333333333;49.02615;14.69361041266;8.14480125025808;28573
-4.83591666666667;49.0264166666667;14.69361041266;8.14480125025808;28578
-4.83153333333333;49.0281166666667;14.7810727170148;8.1932823972229;28619
-4.83041666666667;49.02855;14.7810727170148;8.1932823972229;28633
-4.82971666666667;49.0288333333333;14.69361041266;8.14480125025808;28639
-4.82791666666667;49.0295333333333;14.7810727170148;8.1932823972229;28656
-4.8274;49.0297333333333;14.7810727170148;8.1932823972229;28662
-4.82681666666667;49.0299666666667;14.7810727170148;8.1932823972229;28669
-4.82535;49.0305333333333;14.7810727170148;8.1932823972229;28678
-4.82481666666667;49.03075;14.7810727170148;8.1932823972229;28687
-4.82361666666667;49.0312166666667;14.7810727170148;8.1932823972229;28703
-4.82178333333333;49.0319166666667;14.7810727170148;8.1932823972229;28715
-4.81753333333333;49.0335833333333;14.8685350213697;8.24176354418773;28758
-4.81366666666667;49.0351;14.8685350213697;8.24176354418773;28791
-4.81311666666667;49.0353166666667;14.8685350213697;8.24176354418773;28800
-4.81188333333333;49.0358;14.8685350213697;8.24176354418773;28809
-4.80943333333333;49.03675;14.8685350213697;8.24176354418773;28836
-4.80888333333333;49.0369666666667;14.9559973257246;8.29024469115256;28842
-4.80818333333333;49.0372333333333;14.9559973257246;8.29024469115256;28848
-4.80571666666667;49.0382;14.8685350213697;8.24176354418773;28869
-4.8044;49.0387;14.8685350213697;8.24176354418773;28886
-4.80331666666667;49.0391166666667;14.8685350213697;8.24176354418773;28894
-4.802;49.0396166666667;14.8685350213697;8.24176354418773;28908
-4.79758333333333;49.0413;14.8685350213697;8.24176354418773;28948
-4.79333333333333;49.0429333333333;14.8685350213697;8.24176354418773;28995
-4.79203333333333;49.04345;14.8685350213697;8.24176354418773;29002
-4.79095;49.0438666666667;14.7810727170148;8.1932823972229;29015
-4.7897;49.04435;14.7810727170148;8.1932823972229;29030
-4.78716666666667;49.04535;14.7810727170148;8.1932823972229;29049
-4.7741;49.0500833333333;15.2259701307578;7.09998647481161;29176
-4.77086666666667;49.0511333333333;15.13534073497;7.05772529350183;29207
-4.77031666666667;49.0513166666667;15.13534073497;7.05772529350183;29215
-4.76976666666667;49.0514833333333;15.0447096105374;7.01546330611168;29220
-4.76843333333333;49.0519166666667;15.13534073497;7.05772529350183;29230
-4.76728333333333;49.0523166666667;15.0447096105374;7.01546330611168;29242
-4.76655;49.05255;15.13534073497;7.05772529350183;29248
-4.76595;49.05275;15.0447096105374;7.01546330611168;29255
-4.7528;49.0570833333333;15.13534073497;7.05772529350183;29383
-4.75146666666667;49.0575333333333;15.13534073497;7.05772529350183;29397
-4.74773333333333;49.0588;15.13534073497;7.05772529350183;29428
-4.74516666666667;49.0596833333333;15.13534073497;7.05772529350183;29454
-4.74465;49.0598666666667;15.13534073497;7.05772529350183;29459
-4.71228333333333;49.0710666666667;14.4626249039251;8.35000038146973;29772
-4.70393333333333;49.0746;14.4626249039251;8.35000038146973;29854
-4.70276666666667;49.0750833333333;14.4626249039251;8.35000038146973;29868
-4.70098333333333;49.0758333333333;14.3760220331842;8.30000019073487;29886
-4.69973333333333;49.07635;14.4626249039251;8.35000038146973;29900
-4.68713333333333;49.08155;14.5492261228536;8.39999961853028;30028
-4.68601666666667;49.082;14.5492261228536;8.39999961853028;30037
-4.68421666666667;49.08275;14.4626249039251;8.35000038146973;30053
-4.68116666666667;49.0839833333333;14.4626249039251;8.35000038146973;30084
-4.67651666666667;49.08585;14.4626249039251;8.35000038146973;30130
-4.67583333333333;49.0861333333333;14.5492261228536;8.39999961853028;30136
-4.67506666666667;49.08645;14.5492261228536;8.39999961853028;30142
-4.65091666666667;49.0961666666667;14.6358289935945;8.44999980926514;30386
-4.62476666666667;49.1066;14.5492261228536;8.39999961853028;30643
-4.61816666666667;49.1092833333333;14.4626249039251;8.35000038146973;30707
-4.6175;49.10955;14.4626249039251;8.35000038146973;30713
-4.61625;49.1100666666667;14.5492261228536;8.39999961853028;30726
-4.61505;49.1105666666667;14.5492261228536;8.39999961853028;30735
-4.61451666666667;49.1107833333333;14.5492261228536;8.39999961853028;30742
-4.61268333333333;49.1115666666667;14.5492261228536;8.39999961853028;30761
-4.61038333333333;49.1125166666667;14.5492261228536;8.39999961853028;30785
-4.60971666666667;49.1128;14.5492261228536;8.39999961853028;30792
-4.60675;49.11405;14.5492261228536;8.39999961853028;30819
-4.60548333333333;49.1145666666667;14.5492261228536;8.39999961853028;30832
-4.60498333333333;49.1147833333333;14.5492261228536;8.39999961853028;30839
-4.60371666666667;49.1153166666667;14.6358289935945;8.44999980926514;30851
-4.6014;49.1162666666667;14.6358289935945;8.44999980926514;30874
-4.60071666666667;49.11655;14.6358289935945;8.44999980926514;30882
-4.59885;49.1173166666667;14.5492261228536;8.39999961853028;30900
-4.59768333333333;49.1178166666667;14.6358289935945;8.44999980926514;30910
-4.59698333333333;49.1181;14.5492261228536;8.39999961853028;30919
-4.59336666666667;49.1196;14.6358289935945;8.44999980926514;30953
-4.59233333333333;49.1200166666667;14.6358289935945;8.44999980926514;30965
-4.59156666666667;49.1203333333333;14.6358289935945;8.44999980926514;30974
-4.58925;49.1213;14.6358289935945;8.44999980926514;30996
-4.5868;49.1222833333333;14.6358289935945;8.44999980926514;31019
-4.58626666666667;49.1225;14.6358289935945;8.44999980926514;31026
-4.58425;49.1233333333333;14.5492261228536;8.39999961853028;31045
-4.58261666666667;49.124;14.5492261228536;8.39999961853028;31059
-4.57953333333333;49.12525;14.5492261228536;8.39999961853028;31089
-4.57895;49.1254833333333;14.4626249039251;8.35000038146973;31095
-4.57826666666667;49.12575;14.5492261228536;8.39999961853028;31101
-4.57716666666667;49.1262;14.5492261228536;8.39999961853028;31116
-4.57661666666667;49.1264333333333;14.4626249039251;8.35000038146973;31121
-4.57588333333333;49.1267333333333;14.4626249039251;8.35000038146973;31126
-4.5741;49.12745;14.4626249039251;8.35000038146973;31145
-4.57351666666667;49.1276833333333;14.4626249039251;8.35000038146973;31151
-4.573;49.1279;14.4626249039251;8.35000038146973;31158
-4.57231666666667;49.1281666666667;14.5492261228536;8.39999961853028;31164
-4.57105;49.1286833333333;14.5492261228536;8.39999961853028;31173
-4.5698;49.1292;14.5492261228536;8.39999961853028;31186
-4.56875;49.1296166666667;14.5492261228536;8.39999961853028;31199
-4.56748333333333;49.13015;14.5492261228536;8.39999961853028;31210
-4.56698333333333;49.13035;14.5492261228536;8.39999961853028;31215
-4.5663;49.1306333333333;14.5492261228536;8.39999961853028;31225
-4.56571666666667;49.13085;14.5492261228536;8.39999961853028;31230
-4.56496666666667;49.1311666666667;14.5492261228536;8.39999961853028;31238
-4.56391666666667;49.1315833333333;14.4626249039251;8.35000038146973;31252
-4.56263333333333;49.1321166666667;14.5492261228536;8.39999961853028;31257
-4.56208333333333;49.1323333333333;14.5492261228536;8.39999961853028;31263
-4.56153333333333;49.1325666666667;14.5492261228536;8.39999961853028;31270
-4.5608;49.13285;14.5492261228536;8.39999961853028;31278
-4.56025;49.1330833333333;14.6358289935945;8.44999980926514;31284
-4.55951666666667;49.1333833333333;14.5492261228536;8.39999961853028;31289
-4.55893333333333;49.1336166666667;14.5492261228536;8.39999961853028;31294
-4.55843333333333;49.1338333333333;14.5492261228536;8.39999961853028;31300
-4.55666666666667;49.1345666666667;14.5492261228536;8.39999961853028;31319
-4.55536666666667;49.1351;14.5492261228536;8.39999961853028;31333
-4.55408333333333;49.1356333333333;14.6358289935945;8.44999980926514;31341
-4.55303333333333;49.1360666666667;14.6358289935945;8.44999980926514;31353
-4.55123333333333;49.1368166666667;14.6358289935945;8.44999980926514;31376
-4.54818333333333;49.1381;14.6358289935945;8.44999980926514;31403
-4.54641666666667;49.13885;14.7224318643355;8.5;31420
-4.54466666666667;49.1396;14.6358289935945;8.44999980926514;31439
-4.54283333333333;49.1403666666667;14.6358289935945;8.44999980926514;31456
-4.5421;49.1406833333333;14.6358289935945;8.44999980926514;31463
-4.54101666666667;49.1411333333333;14.6358289935945;8.44999980926514;31474
-4.53683333333333;49.1429166666667;14.6358289935945;8.44999980926514;31516
-4.53255;49.1447333333333;14.6358289935945;8.44999980926514;31559
-4.53136666666667;49.14525;14.7224318643355;8.5;31575
-4.5301;49.1457833333333;14.6358289935945;8.44999980926514;31583
-4.52833333333333;49.1465333333333;14.6358289935945;8.44999980926514;31598
-4.52705;49.1470666666667;14.6358289935945;8.44999980926514;31613
-4.5247;49.1480666666667;14.6358289935945;8.44999980926514;31637
-4.5242;49.1482833333333;14.6358289935945;8.44999980926514;31643
-4.52346666666667;49.1485833333333;14.6358289935945;8.44999980926514;31649
-4.52293333333333;49.1488;14.6358289935945;8.44999980926514;31654
-4.52243333333333;49.1490333333333;14.6358289935945;8.44999980926514;31659
-4.52118333333333;49.14955;14.6358289935945;8.44999980926514;31671
-4.51883333333333;49.15055;14.4626249039251;8.35000038146973;31696
-4.51763333333333;49.15105;14.7224318643355;8.5;31716
-4.51408333333333;49.15255;14.6358289935945;8.44999980926514;31743
-4.51208333333333;49.1534;14.6358289935945;8.44999980926514;31761
-4.51098333333333;49.1538666666667;14.6358289935945;8.44999980926514;31774
-4.5103;49.15415;14.6358289935945;8.44999980926514;31781
-4.50898333333333;49.1547;14.6358289935945;8.44999980926514;31792
-4.50846666666667;49.1549333333333;14.6358289935945;8.44999980926514;31798
-4.50795;49.15515;14.6358289935945;8.44999980926514;31804
-4.50726666666667;49.15545;14.7224318643355;8.5;31812
-4.50675;49.1556666666667;14.6358289935945;8.44999980926514;31817
-4.5049;49.1564333333333;14.6358289935945;8.44999980926514;31834
-4.50435;49.1566833333333;14.6358289935945;8.44999980926514;31840
-4.50251666666667;49.1574666666667;14.6358289935945;8.44999980926514;31860
-4.50075;49.1582166666667;14.6358289935945;8.44999980926514;31879
-4.49946666666667;49.1587666666667;14.6358289935945;8.44999980926514;31888
-4.49895;49.1589833333333;14.6358289935945;8.44999980926514;31896
-4.49768333333333;49.1595333333333;14.6358289935945;8.44999980926514;31906
-4.4965;49.1600333333333;14.6358289935945;8.44999980926514;31918
-4.49591666666667;49.1602833333333;14.6358289935945;8.44999980926514;31923
-4.49418333333333;49.1610333333333;14.6358289935945;8.44999980926514;31944
-4.4935;49.1613333333333;14.6358289935945;8.44999980926514;31950
-4.49191666666667;49.1620166666667;14.6358289935945;8.44999980926514;31964
-4.49123333333333;49.1623166666667;14.6358289935945;8.44999980926514;31971
-4.49048333333333;49.16265;14.6358289935945;8.44999980926514;31977
-4.48991666666667;49.1629;14.6358289935945;8.44999980926514;31983
-4.48941666666667;49.1631166666667;14.6358289935945;8.44999980926514;31993
-4.4889;49.16335;14.6358289935945;8.44999980926514;31999
-4.4882;49.1636666666667;14.6358289935945;8.44999980926514;32004
-4.48748333333333;49.1639833333333;14.6358289935945;8.44999980926514;32011
-4.48638333333333;49.1644666666667;14.7224318643355;8.5;32021
-4.48463333333333;49.1652333333333;14.7224318643355;8.5;32038
-4.48341666666667;49.1657833333333;14.7224318643355;8.5;32052
-4.47525;49.1694166666667;14.7224318643355;8.5;32135
-4.47453333333333;49.1697333333333;14.7224318643355;8.5;32143
-4.47326666666667;49.1703;14.6358289935945;8.44999980926514;32157
-4.45721666666667;49.1772833333333;14.9218139824981;7.93406923199237;32314
-4.44973333333333;49.18025;15.0580099188914;7.67243927241471;32388
-4.4481;49.1808666666667;15.0580099188914;7.67243927241471;32404
-4.38011666666667;49.2066333333333;14.8335188863944;7.88712189662459;33060
-4.3783;49.20735;14.8335188863944;7.88712189662459;33080
-4.37545;49.2084666666667;14.7452254743796;7.84017545670276;33108
-4.37341666666667;49.20925;14.8335188863944;7.88712189662459;33125
-4.37545;49.2084666666667;14.7452254743796;7.84017545670276;33146
-4.32943333333333;49.2266333333333;15.0101090786018;7.98101656736014;33562
-4.32395;49.2288;15.0101090786018;7.98101656736014;33609
-4.32258333333333;49.2293333333333;15.3632877789276;8.16880501338531;33624
-4.32093333333333;49.2299666666667;15.0101090786018;7.98101656736014;33639
-4.32018333333333;49.2302666666667;15.1866992708091;8.0749112380957;33648
-4.31898333333333;49.23075;15.3632877789276;8.16880501338531;33660
-4.31773333333333;49.2312333333333;15.0101090786018;7.98101656736014;33675
-4.31643333333333;49.2317333333333;15.0101090786018;7.98101656736014;33682
-4.31458333333333;49.2324333333333;15.0984041747054;8.02796390272792;33703
-4.31386666666667;49.2327166666667;15.0984041747054;8.02796390272792;33710
-4.3133;49.2329333333333;15.0984041747054;8.02796390272792;33715
-4.31015;49.2341333333333;15.0984041747054;8.02796390272792;33743
-4.30756666666667;49.2351333333333;15.0984041747054;8.02796390272792;33765
-4.30451666666667;49.2363;14.9218139824981;7.93406923199237;33801
-4.3014;49.2375;15.3632877789276;8.16880501338531;33830
-4.30085;49.2377;15.0984041747054;8.02796390272792;33835
-4.30008333333333;49.238;15.0101090786018;7.98101656736014;33840
-4.29831666666667;49.2386833333333;15.0101090786018;7.98101656736014;33855
-4.2976;49.23895;15.0101090786018;7.98101656736014;33862
-4.2965;49.2393666666667;15.0101090786018;7.98101656736014;33873
-4.29518333333333;49.2398666666667;15.0101090786018;7.98101656736014;33886
-4.2965;49.2393666666667;15.0101090786018;7.98101656736014;33901
-4.29276666666667;49.2407833333333;15.0101090786018;7.98101656736014;33910
-4.29153333333333;49.2412666666667;15.0101090786018;7.98101656736014;33921
-4.2902;49.2417666666667;15.0101090786018;7.98101656736014;33936
-4.28888333333333;49.2422666666667;15.0101090786018;7.98101656736014;33948
-4.28833333333333;49.2424666666667;15.0101090786018;7.98101656736014;33956
-4.28653333333333;49.2431666666667;15.0101090786018;7.98101656736014;33969
-4.28576666666667;49.2434666666667;15.0101090786018;7.98101656736014;33976
-4.28398333333333;49.24415;15.0101090786018;7.98101656736014;33993
-4.28266666666667;49.2446666666667;15.0101090786018;7.98101656736014;34006
-4.28025;49.2456166666667;15.0101090786018;7.98101656736014;34029
-4.2797;49.2458333333333;14.9559973257246;8.29024469115256;34036
-4.27841666666667;49.2463333333333;15.0101090786018;7.98101656736014;34050
-4.27718333333333;49.2468333333333;15.0101090786018;7.98101656736014;34061
-4.27531666666667;49.2475666666667;15.0101090786018;7.98101656736014;34080
-4.27478333333333;49.2478;15.0101090786018;7.98101656736014;34087
-4.27231666666667;49.2487833333333;15.0101090786018;7.98101656736014;34108
-4.2703;49.2495666666667;15.0101090786018;7.98101656736014;34126
-4.26916666666667;49.2500333333333;15.0101090786018;7.98101656736014;34140
-4.26786666666667;49.25055;15.0101090786018;7.98101656736014;34149
-4.26731666666667;49.2507833333333;15.0101090786018;7.98101656736014;34157
-4.26606666666667;49.2512666666667;15.0101090786018;7.98101656736014;34168
-4.26538333333333;49.25155;15.0101090786018;7.98101656736014;34176
-4.26298333333333;49.2525166666667;15.0101090786018;7.98101656736014;34199
-4.26121666666667;49.2532166666667;15.0101090786018;7.98101656736014;34219
-4.25998333333333;49.2537166666667;15.0101090786018;7.98101656736014;34231
-4.25868333333333;49.25425;15.0101090786018;7.98101656736014;34244
-4.25631666666667;49.2552166666667;15.0101090786018;7.98101656736014;34263
-4.25561666666667;49.2554833333333;15.0101090786018;7.98101656736014;34269
-4.23965;49.26195;15.0984041747054;8.02796390272792;34426
-4.23841666666667;49.26245;15.0984041747054;8.02796390272792;34439
-4.22333333333333;49.2683;15.1866992708091;8.0749112380957;34584
-4.22278333333333;49.2685;15.1866992708091;8.0749112380957;34590
-4.22216666666667;49.2687333333333;15.1866992708091;8.0749112380957;34596
-4.22088333333333;49.2692166666667;15.1866992708091;8.0749112380957;34610
-4.2196;49.2697;15.1866992708091;8.0749112380957;34622
-4.21633333333333;49.2709166666667;15.1866992708091;8.0749112380957;34649
-4.17525;49.2866166666667;14.9218139824981;7.93406923199237;35051
-4.17211666666667;49.2878333333333;14.9218139824981;7.93406923199237;35078
-4.1685;49.2892333333333;15.0101090786018;7.98101656736014;35110
-4.16796666666667;49.2894333333333;14.9218139824981;7.93406923199237;35119
-4.16483333333333;49.2906666666667;14.9218139824981;7.93406923199237;35146
-4.15988333333333;49.2925833333333;15.0101090786018;7.98101656736014;35195
-4.15786666666667;49.2933833333333;15.0101090786018;7.98101656736014;35213
-4.15738333333333;49.2935666666667;15.0101090786018;7.98101656736014;35219
-4.15605;49.2940833333333;15.0101090786018;7.98101656736014;35236
-4.15425;49.2947833333333;15.0101090786018;7.98101656736014;35250
-4.15126666666667;49.2959166666667;15.0101090786018;7.98101656736014;35278
-4.15056666666667;49.2961833333333;15.0101090786018;7.98101656736014;35288
-4.14735;49.2974333333333;15.0101090786018;7.98101656736014;35314
-4.1449;49.2983666666667;15.0101090786018;7.98101656736014;35340
-4.14435;49.2985666666667;15.0984041747054;8.02796390272792;35347
-4.00135;49.3534666666667;15.4592582820711;7.53998405922278;36712
-3.93256666666667;49.3774333333333;15.6791240242761;7.31129560568195;37348
-3.82193333333333;49.4225166666667;15.2183825705845;8.43568720734607;38418
-3.82001666666667;49.4232833333333;15.1309202662297;8.38720606038125;38435
-3.81115;49.4268;15.2183825705845;8.43568720734607;38518
