"x";"y";"vx";"vy";"t"
-2.46174333333333;50.0745233333333;-12.4964020471981;-3.58328562562099;0
-2.46634166666667;50.0737283333333;-12.4319618275195;-3.80083216139558;52
-3.38986;49.8369616666667;-11.719903742027;-6.49644872636072;10480
-3.42117833333333;49.8259366666667;-11.719903742027;-6.49644872636072;10850
-3.526945;49.7882566666667;-11.457518497167;-6.35100621016721;12121
-3.56800333333333;49.7736683333333;-11.457518497167;-6.35100621016721;12623
-3.56881833333333;49.7733833333333;-11.2583302491977;-6.50000000000001;12631
-3.56955333333333;49.773125;-11.2583302491977;-6.50000000000001;12639
-3.57937333333333;49.769675;-11.3700561928121;-6.30252506320238;12759
-3.581015;49.7691033333333;-11.457518497167;-6.35100621016721;12782
-3.58356333333333;49.7682183333333;-11.3449331199386;-6.55000019073487;12810
-3.58430166666667;49.76796;-11.3449331199386;-6.55000019073487;12821
-3.58594666666667;49.76738;-11.3449331199386;-6.55000019073487;12840
-3.58677166666667;49.7670916666667;-11.3449331199386;-6.55000019073487;12851
-3.58849333333333;49.7664833333333;-11.3700561928121;-6.30252506320238;12870
-3.60083333333333;49.7621916666667;-11.2583302491977;-6.50000000000001;13021
-3.61536;49.75688;-11.2583302491977;-6.50000000000001;13200
-3.61616333333333;49.756585;-11.2583302491977;-6.50000000000001;13212
-3.61776833333333;49.75598;-11.3700561928121;-6.30252506320238;13231
-3.61849333333333;49.7557083333333;-11.3700561928121;-6.30252506320238;13239
-3.61922166666667;49.75544;-11.3700561928121;-6.30252506320238;13248
-3.62018833333333;49.755085;-11.3700561928121;-6.30252506320238;13261
-3.62261166666667;49.7542;-11.3700561928121;-6.30252506320238;13291
-3.62656;49.7527366666667;-11.3700561928121;-6.30252506320238;13340
-3.62817333333333;49.75213;-11.3700561928121;-6.30252506320238;13361
-3.62889666666667;49.7518633333333;-11.3700561928121;-6.30252506320238;13369
-3.6305;49.7512766666667;-11.3700561928121;-6.30252506320238;13390
-3.6313;49.7509866666667;-11.3700561928121;-6.30252506320238;13400
-3.63226833333333;49.7506366666667;-11.3700561928121;-6.30252506320238;13410
-3.63299166666667;49.7503733333333;-11.3700561928121;-6.30252506320238;13422
-3.63371833333333;49.7501116666667;-11.3700561928121;-6.30252506320238;13428
-3.634685;49.7497583333333;-11.3700561928121;-6.30252506320238;13440
-3.637085;49.7488716666667;-11.2825938884573;-6.25404391623755;13470
-3.65772166666667;49.7412433333333;-11.1717273784568;-6.44999980926514;13728
-3.658605;49.7409233333333;-11.1717273784568;-6.44999980926514;13741
-3.663375;49.7391566666667;-11.2825938884573;-6.25404391623755;13800
-3.66425166666667;49.7388333333333;-11.1951324182047;-6.20556323162321;13811
-3.665685;49.7383066666667;-11.1951324182047;-6.20556323162321;13830
-3.668165;49.7374333333333;-11.1951324182047;-6.20556323162321;13860
-3.66984833333333;49.7368366666667;-11.1951324182047;-6.20556323162321;13880
-3.672965;49.735715;-11.1951324182047;-6.20556323162321;13920
-3.67462666666667;49.7351133333333;-11.1076701138499;-6.15708208465838;13941
-3.672965;49.735715;-11.1951324182047;-6.20556323162321;13995
-3.67462666666667;49.7351133333333;-11.1076701138499;-6.15708208465838;14009
-3.68822333333333;49.7303266666667;-11.2134342608995;-5.96228875783622;14112
-3.68903166666667;49.730055;-11.2134342608995;-5.96228875783622;14120
-3.68822333333333;49.7303266666667;-11.2134342608995;-5.96228875783622;14129
-3.69305166666667;49.72867;-11.1076701138499;-6.15708208465838;14171
-3.69385333333333;49.72839;-11.1076701138499;-6.15708208465838;14180
-3.70266666666667;49.72535;-11.1076701138499;-6.15708208465838;14290
-3.724885;49.7176816666667;-11.0202086435973;-6.10860140004404;14570
-3.72736166666667;49.7168283333333;-11.0202086435973;-6.10860140004404;14599
-3.731355;49.71546;-11.0202086435973;-6.10860140004404;14650
-3.73215333333333;49.71519;-11.0202086435973;-6.10860140004404;14661
-3.73294833333333;49.7149183333333;-11.0202086435973;-6.10860140004404;14668
-3.731355;49.71546;-11.0202086435973;-6.10860140004404;14683
-3.73294833333333;49.7149183333333;-11.0202086435973;-6.10860140004404;14695
-3.76872833333333;49.7024916666667;-11.1251400068403;-5.91534187019141;15119
-3.76959833333333;49.7021916666667;-11.1251400068403;-5.91534187019141;15130
-3.76872833333333;49.7024916666667;-11.1251400068403;-5.91534187019141;15169
-3.76959833333333;49.7021916666667;-11.1251400068403;-5.91534187019141;15178
-3.78064333333333;49.69844;-11.0368449107366;-5.86839453482363;15271
-3.78143166666667;49.6981766666667;-11.0368449107366;-5.86839453482363;15280
-3.784515;49.6971383333333;-11.0368449107366;-5.86839453482363;15321
-3.78767666666667;49.6960783333333;-11.0368449107366;-5.86839453482363;15359
-3.80193;49.691225;-10.8452840348876;-6.01163910611438;15540
-3.80428;49.6904116666667;-10.8452840348876;-6.01163910611438;15571
-3.80661833333333;49.6895983333333;-10.9485498146329;-5.82144719945586;15600
-3.80731666666667;49.6893583333333;-10.9485498146329;-5.82144719945586;15610
-3.80661833333333;49.6895983333333;-10.9485498146329;-5.82144719945586;15620
-3.80731666666667;49.6893583333333;-10.9485498146329;-5.82144719945586;15628
-3.810435;49.6883033333333;-10.9485498146329;-5.82144719945586;15650
-3.81279;49.6875033333333;-10.9485498146329;-5.82144719945586;15680
-3.81357833333333;49.6872333333333;-10.9485498146329;-5.82144719945586;15690
-3.81279;49.6875033333333;-10.9485498146329;-5.82144719945586;15695
-3.81515666666667;49.6866966666667;-10.9485498146329;-5.82144719945586;15708
-3.82145;49.6845683333333;-10.8452840348876;-6.01163910611438;15791
-3.88990833333333;49.6607716666667;-10.757822564635;-5.96315842150004;16678
-3.89909666666667;49.6574783333333;-10.757822564635;-5.96315842150004;16798
-3.90155;49.6565966666667;-10.757822564635;-5.96315842150004;16831
-3.89909666666667;49.6574783333333;-10.757822564635;-5.96315842150004;16885
-3.90155;49.6565966666667;-10.757822564635;-5.96315842150004;16914
-3.92201333333333;49.6492466666667;-10.77196046447;-5.72755297644327;17099
-3.925135;49.6481333333333;-10.6703602602802;-5.91467727453521;17138
-3.92201333333333;49.6492466666667;-10.77196046447;-5.72755297644327;17184
-3.925135;49.6481333333333;-10.6703602602802;-5.91467727453521;17271
-3.937355;49.64382;-10.6836662104108;-5.68060608879847;17299
-4.01577166666667;49.616445;-10.4954364856728;-5.81771544295604;18340
-4.01637166666667;49.6162366666667;-10.4954364856728;-5.81771544295604;18348
-4.01795;49.6156833333333;-10.5953711143071;-5.63365875343069;18369
-4.02180333333333;49.6143466666667;-10.4954364856728;-5.81771544295604;18419
-4.02248333333333;49.6141083333333;-10.5953711143071;-5.63365875343069;18430
-4.02559666666667;49.6130333333333;-10.4954364856728;-5.81771544295604;18470
-4.02635;49.612765;-10.4954364856728;-5.81771544295604;18481
-4.02702833333333;49.6125233333333;-10.4954364856728;-5.81771544295604;18489
-4.03918833333333;49.60818;-10.6836662104108;-5.68060608879847;18652
-4.04063166666667;49.6076683333333;-10.6836662104108;-5.68060608879847;18669
-4.04224666666667;49.6071116666667;-10.6836662104108;-5.68060608879847;18689
-4.02559666666667;49.6130333333333;-10.4954364856728;-5.81771544295604;18787
-4.05152333333333;49.6039616666667;-10.8602555605737;-5.77450031181105;18811
-4.03918833333333;49.60818;-10.6836662104108;-5.68060608879847;18924
-4.06083833333333;49.60075;-10.9485498146329;-5.82144719945586;18931
-4.06309833333333;49.5999516666667;-10.9485498146329;-5.82144719945586;18958
-4.04224666666667;49.6071116666667;-10.6836662104108;-5.68060608879847;18968
-4.06536;49.5991666666667;-10.8452840348876;-6.01163910611438;18988
-4.066215;49.5988583333333;-10.8452840348876;-6.01163910611438;19000
-4.06707;49.598555;-10.9485498146329;-5.82144719945586;19009
-4.06777166666667;49.5983083333333;-10.9485498146329;-5.82144719945586;19019
-4.069265;49.5977933333333;-10.9485498146329;-5.82144719945586;19039
-4.07091166666667;49.5972216666667;-10.9327463392424;-6.06012025307921;19060
-4.05152333333333;49.6039616666667;-10.8602555605737;-5.77450031181105;19158
-4.06083833333333;49.60075;-10.9485498146329;-5.82144719945586;19281
-4.06309833333333;49.5999516666667;-10.9485498146329;-5.82144719945586;19324
-4.06707;49.598555;-10.9485498146329;-5.82144719945586;19398
-4.07091166666667;49.5972216666667;-10.9327463392424;-6.06012025307921;19448
-4.15216333333333;49.5687833333333;-10.9485498146329;-5.82144719945586;20100
-4.16613;49.5637816666667;-10.9485498146329;-5.82144719945586;20280
-4.17454166666667;49.5608266666667;-10.8452840348876;-6.01163910611438;20390
-4.17762666666667;49.5597033333333;-10.8452840348876;-6.01163910611438;20428
-4.15216333333333;49.5687833333333;-10.9485498146329;-5.82144719945586;20473
-4.19007666666667;49.5552366666667;-10.8452840348876;-6.01163910611438;20590
-4.19540833333333;49.553345;-10.8452840348876;-6.01163910611438;20659
-4.19711;49.55275;-10.8452840348876;-6.01163910611438;20679
-4.19935166666667;49.5519533333333;-10.8452840348876;-6.01163910611438;20710
-4.20172833333333;49.55109;-10.757822564635;-5.96315842150004;20740
-4.21098833333333;49.5478;-10.9485498146329;-5.82144719945586;20861
-4.21176;49.547535;-10.9485498146329;-5.82144719945586;20872
-4.21486666666667;49.5464633333333;-10.9485498146329;-5.82144719945586;20912
-4.21564333333333;49.5461933333333;-10.9485498146329;-5.82144719945586;20922
-4.216425;49.5459216666667;-10.9485498146329;-5.82144719945586;20930
-4.21952666666667;49.544865;-10.9485498146329;-5.82144719945586;20971
-4.19540833333333;49.553345;-10.8452840348876;-6.01163910611438;21005
-4.22418666666667;49.5432133333333;-10.9485498146329;-5.82144719945586;21031
-4.22480166666667;49.542995;-10.8452840348876;-6.01163910611438;21039
-4.19711;49.55275;-10.8452840348876;-6.01163910611438;21044
-4.22572333333333;49.54267;-10.8452840348876;-6.01163910611438;21050
-4.22649333333333;49.542395;-10.8452840348876;-6.01163910611438;21062
-4.22718666666667;49.5421516666667;-10.8452840348876;-6.01163910611438;21071
-4.228035;49.5418533333333;-10.8452840348876;-6.01163910611438;21080
-4.237295;49.538545;-10.9485498146329;-5.82144719945586;21202
-4.23867666666667;49.538045;-10.9485498146329;-5.82144719945586;21220
-4.21176;49.547535;-10.9485498146329;-5.82144719945586;21229
-4.24029333333333;49.5374733333333;-10.9485498146329;-5.82144719945586;21240
-4.241065;49.5372016666667;-10.9485498146329;-5.82144719945586;21249
-4.24329833333333;49.5364016666667;-10.9485498146329;-5.82144719945586;21280
-4.21564333333333;49.5461933333333;-10.9485498146329;-5.82144719945586;21289
-4.24567;49.5355583333333;-10.9485498146329;-5.82144719945586;21309
-4.22255166666667;49.5437916666667;-10.9485498146329;-5.82144719945586;21382
-4.22718666666667;49.5421516666667;-10.8452840348876;-6.01163910611438;21424
-4.228035;49.5418533333333;-10.8452840348876;-6.01163910611438;21433
-4.26177166666667;49.52979;-10.757822564635;-5.96315842150004;21519
-4.237295;49.538545;-10.9485498146329;-5.82144719945586;21538
-4.23867666666667;49.538045;-10.9485498146329;-5.82144719945586;21547
-4.26484333333333;49.5286766666667;-10.757822564635;-5.96315842150004;21560
-4.241065;49.5372016666667;-10.9485498146329;-5.82144719945586;21571
-4.269395;49.5269833333333;-10.757822564635;-5.96315842150004;21620
-4.27030333333333;49.5266483333333;-10.757822564635;-5.96315842150004;21629
-4.27090666666667;49.5264216666667;-10.757822564635;-5.96315842150004;21639
-4.27391166666667;49.5252816666667;-10.6703602602802;-5.91467727453521;21680
-4.27541833333333;49.5247266666667;-10.757822564635;-5.96315842150004;21698
-4.27843833333333;49.5236316666667;-10.6703602602802;-5.91467727453521;21738
-4.27933666666667;49.5232933333333;-10.6703602602802;-5.91467727453521;21752
-4.280685;49.5227666666667;-10.6703602602802;-5.91467727453521;21769
-4.28142166666667;49.5224883333333;-10.5828987900276;-5.86619658992087;21780
-4.28441666666667;49.5213966666667;-10.6836662104108;-5.68060608879847;21818
-4.285165;49.5211166666667;-10.6836662104108;-5.68060608879847;21829
-4.28592166666667;49.5208333333333;-10.6836662104108;-5.68060608879847;21839
-4.28668166666667;49.520555;-10.6836662104108;-5.68060608879847;21850
-4.29118166666667;49.5188866666667;-10.6836662104108;-5.68060608879847;21908
-4.29193833333333;49.5186166666667;-10.6836662104108;-5.68060608879847;21919
-4.269395;49.5269833333333;-10.757822564635;-5.96315842150004;21932
-4.29352333333333;49.5180333333333;-10.6836662104108;-5.68060608879847;21938
-4.27030333333333;49.5266483333333;-10.757822564635;-5.96315842150004;21952
-4.27090666666667;49.5264216666667;-10.757822564635;-5.96315842150004;21983
-4.29804333333333;49.51641;-10.5828987900276;-5.86619658992087;21999
-4.300205;49.51562;-10.5828987900276;-5.86619658992087;22028
-4.27541833333333;49.5247266666667;-10.757822564635;-5.96315842150004;22062
-4.27843833333333;49.5236316666667;-10.6703602602802;-5.91467727453521;22098
-4.27933666666667;49.5232933333333;-10.6703602602802;-5.91467727453521;22117
-4.28142166666667;49.5224883333333;-10.5828987900276;-5.86619658992087;22138
-4.28592166666667;49.5208333333333;-10.6836662104108;-5.68060608879847;22179
-4.31240666666667;49.51113;-10.5828987900276;-5.86619658992087;22190
-4.29193833333333;49.5186166666667;-10.6836662104108;-5.68060608879847;22227
-4.31617;49.509745;-10.6836662104108;-5.68060608879847;22241
-4.29352333333333;49.5180333333333;-10.6836662104108;-5.68060608879847;22247
-4.31835833333333;49.5089383333333;-10.6703602602802;-5.91467727453521;22269
-4.32069666666667;49.5080716666667;-10.77196046447;-5.72755297644327;22301
-4.32145;49.5077916666667;-10.77196046447;-5.72755297644327;22310
-4.300205;49.51562;-10.5828987900276;-5.86619658992087;22339
-4.32448333333333;49.5067166666667;-10.8702794251521;-5.53868401023066;22349
-4.328295;49.5053866666667;-10.8754083030826;-5.30429104337316;22399
-4.33669;49.5025916666667;-10.7811792825713;-5.49328522003215;22509
-4.33975833333333;49.5015533333333;-10.7811792825713;-5.49328522003215;22550
-4.34128666666667;49.501015;-10.6836662104108;-5.68060608879847;22568
-4.31692666666667;49.509465;-10.5828987900276;-5.86619658992087;22576
-4.34358166666667;49.5002083333333;-10.8702794251521;-5.53868401023066;22599
-4.32145;49.5077916666667;-10.77196046447;-5.72755297644327;22647
-4.35049666666667;49.4978683333333;-10.8702794251521;-5.53868401023066;22689
-4.35134833333333;49.49759;-10.77196046447;-5.72755297644327;22699
-4.35206;49.4973383333333;-10.77196046447;-5.72755297644327;22711
-4.35358333333333;49.4967966666667;-10.77196046447;-5.72755297644327;22729
-4.35596666666667;49.4959483333333;-10.9593804174629;-5.58408323338824;22760
-4.360615;49.49432;-10.9593804174629;-5.58408323338824;22821
-4.37768;49.4884616666667;-10.9485498146329;-5.82144719945586;23041
-4.378305;49.4882466666667;-10.9485498146329;-5.82144719945586;23049
-4.38070333333333;49.4873966666667;-11.0484805600437;-5.62948202358675;23079
-4.38233666666667;49.4868233333333;-11.0484805600437;-5.62948202358675;23101
-4.38296;49.4866066666667;-11.0484805600437;-5.62948202358675;23108
-4.38389833333333;49.4862883333333;-11.0484805600437;-5.62948202358675;23120
-4.38460333333333;49.4860533333333;-11.0484805600437;-5.62948202358675;23130
-4.38704166666667;49.4852566666667;-11.0484805600437;-5.62948202358675;23160
-4.39090166666667;49.4839783333333;-11.0484805600437;-5.62948202358675;23208
-4.39237666666667;49.4834816666667;-10.9485498146329;-5.82144719945586;23228
-4.396285;49.48211;-10.9485498146329;-5.82144719945586;23280
-4.40491;49.4790433333333;-10.9485498146329;-5.82144719945586;23390
-4.40638166666667;49.4785233333333;-10.9485498146329;-5.82144719945586;23408
-4.40799166666667;49.4779383333333;-10.8602555605737;-5.77450031181105;23428
-4.41021833333333;49.4771366666667;-10.8602555605737;-5.77450031181105;23459
-4.41483166666667;49.4755066666667;-10.9593804174629;-5.58408323338824;23518
-4.41654;49.4749133333333;-10.9593804174629;-5.58408323338824;23541
-4.41731166666667;49.4746483333333;-10.9593804174629;-5.58408323338824;23552
-4.41876833333333;49.47414;-10.9593804174629;-5.58408323338824;23570
-4.42577666666667;49.4717116666667;-10.9593804174629;-5.58408323338824;23661
-4.42654166666667;49.4714383333333;-10.9593804174629;-5.58408323338824;23670
-4.42887166666667;49.47062;-10.9593804174629;-5.58408323338824;23700
-4.42957166666667;49.47038;-10.9593804174629;-5.58408323338824;23710
-4.43112333333333;49.4698483333333;-10.9593804174629;-5.58408323338824;23730
-4.43267166666667;49.4693183333333;-10.9593804174629;-5.58408323338824;23750
-4.43421833333333;49.4687833333333;-10.9593804174629;-5.58408323338824;23770
-4.43732166666667;49.4677233333333;-11.0484805600437;-5.62948202358675;23810
-4.438175;49.4674366666667;-10.9593804174629;-5.58408323338824;23820
-4.43887;49.4672;-10.9593804174629;-5.58408323338824;23829
-4.44196333333333;49.4661283333333;-11.0484805600437;-5.62948202358675;23869
-4.44281833333333;49.4658366666667;-11.0484805600437;-5.62948202358675;23879
-4.443515;49.4655983333333;-10.9485498146329;-5.82144719945586;23890
-4.44436333333333;49.4653033333333;-10.9485498146329;-5.82144719945586;23901
-4.44746666666667;49.464235;-10.9485498146329;-5.82144719945586;23941
-4.44816666666667;49.4639966666667;-10.9485498146329;-5.82144719945586;23950
-4.44901833333333;49.4637016666667;-10.9485498146329;-5.82144719945586;23961
-4.44978833333333;49.4634283333333;-10.9485498146329;-5.82144719945586;23969
-4.45040333333333;49.4632133333333;-10.9485498146329;-5.82144719945586;23978
-4.4528;49.462365;-10.9485498146329;-5.82144719945586;24009
-4.38233666666667;49.4868233333333;-11.0484805600437;-5.62948202358675;24053
-4.45898333333333;49.4602083333333;-10.9485498146329;-5.82144719945586;24090
-4.38296;49.4866066666667;-11.0484805600437;-5.62948202358675;24106
-4.38389833333333;49.4862883333333;-11.0484805600437;-5.62948202358675;24124
-4.46291833333333;49.4588266666667;-11.0484805600437;-5.62948202358675;24140
-4.46432;49.45834;-11.0484805600437;-5.62948202358675;24159
-4.46518;49.4580416666667;-11.0484805600437;-5.62948202358675;24171
-4.46673833333333;49.4575016666667;-11.0484805600437;-5.62948202358675;24189
-4.46743833333333;49.45726;-11.0484805600437;-5.62948202358675;24198
-4.46987;49.4564233333333;-11.0484805600437;-5.62948202358675;24231
-4.47144666666667;49.4558816666667;-11.1375815523546;-5.67488124674434;24249
-4.47215166666667;49.45564;-11.1375815523546;-5.67488124674434;24260
-4.47465166666667;49.4547816666667;-11.1375815523546;-5.67488124674434;24290
-4.48309166666667;49.4518816666667;-11.1375815523546;-5.67488124674434;24399
-4.48401666666667;49.4515533333333;-11.1375815523546;-5.67488124674434;24410
-4.48556833333333;49.4510083333333;-11.0368449107366;-5.86839453482363;24430
-4.44746666666667;49.464235;-10.9485498146329;-5.82144719945586;24436
-4.44978833333333;49.4634283333333;-10.9485498146329;-5.82144719945586;24448
-4.48781833333333;49.4502133333333;-11.0368449107366;-5.86839453482363;24460
-4.45040333333333;49.4632133333333;-10.9485498146329;-5.82144719945586;24474
-4.48945666666667;49.4496316666667;-11.1375815523546;-5.67488124674434;24481
-4.46673833333333;49.4575016666667;-11.0484805600437;-5.62948202358675;24573
-4.50018;49.445815;-11.0484805600437;-5.62948202358675;24619
-4.48309166666667;49.4518816666667;-11.1375815523546;-5.67488124674434;24671
-4.48401666666667;49.4515533333333;-11.1375815523546;-5.67488124674434;24686
-4.48556833333333;49.4510083333333;-11.0368449107366;-5.86839453482363;24704
-4.50720166666667;49.4433383333333;-11.0484805600437;-5.62948202358675;24709
-4.50805;49.4430383333333;-10.9485498146329;-5.82144719945586;24720
-4.48781833333333;49.4502133333333;-11.0368449107366;-5.86839453482363;24742
-4.511055;49.44197;-11.0484805600437;-5.62948202358675;24760
-4.51882833333333;49.439195;-11.0484805600437;-5.62948202358675;24860
-4.521075;49.4384283333333;-11.0484805600437;-5.62948202358675;24888
-4.52264;49.4379016666667;-10.9485498146329;-5.82144719945586;24910
-4.52427166666667;49.437335;-10.9485498146329;-5.82144719945586;24931
-4.52496333333333;49.4370883333333;-10.9485498146329;-5.82144719945586;24940
-4.525735;49.4368166666667;-10.9485498146329;-5.82144719945586;24949
-4.511055;49.44197;-11.0484805600437;-5.62948202358675;24964
-4.52958833333333;49.4354316666667;-11.0484805600437;-5.62948202358675;25000
-4.53268833333333;49.43435;-10.9485498146329;-5.82144719945586;25039
-4.51882833333333;49.439195;-11.0484805600437;-5.62948202358675;25064
-4.521075;49.4384283333333;-11.0484805600437;-5.62948202358675;25084
-4.53657333333333;49.4329666666667;-11.0484805600437;-5.62948202358675;25089
-4.53734333333333;49.4326983333333;-11.0484805600437;-5.62948202358675;25100
-4.52264;49.4379016666667;-10.9485498146329;-5.82144719945586;25114
-4.538885;49.4321583333333;-10.9485498146329;-5.82144719945586;25119
-4.52496333333333;49.4370883333333;-10.9485498146329;-5.82144719945586;25129
-4.53268833333333;49.43435;-10.9485498146329;-5.82144719945586;25166
-4.53657333333333;49.4329666666667;-11.0484805600437;-5.62948202358675;25189
-4.53734333333333;49.4326983333333;-11.0484805600437;-5.62948202358675;25194
-4.538885;49.4321583333333;-10.9485498146329;-5.82144719945586;25202
-4.54580333333333;49.4296816666667;-10.9485498146329;-5.82144719945586;25210
-4.54657333333333;49.4294016666667;-10.9485498146329;-5.82144719945586;25220
-4.54733833333333;49.4291216666667;-10.9485498146329;-5.82144719945586;25229
-4.54817666666667;49.4288166666667;-10.9485498146329;-5.82144719945586;25240
-4.54657333333333;49.4294016666667;-10.9485498146329;-5.82144719945586;25255
-4.54733833333333;49.4291216666667;-10.9485498146329;-5.82144719945586;25282
-4.54817666666667;49.4288166666667;-10.9485498146329;-5.82144719945586;25291
-4.54954833333333;49.428315;-10.9485498146329;-5.82144719945586;25299
-4.55354833333333;49.4268516666667;-10.9485498146329;-5.82144719945586;25312
-4.55416333333333;49.4266266666667;-10.9485498146329;-5.82144719945586;25318
-4.55501;49.4263183333333;-10.9485498146329;-5.82144719945586;25330
-4.55578166666667;49.4260366666667;-11.0484805600437;-5.62948202358675;25339
-4.55354833333333;49.4268516666667;-10.9485498146329;-5.82144719945586;25371
-4.55416333333333;49.4266266666667;-10.9485498146329;-5.82144719945586;25379
-4.55578166666667;49.4260366666667;-11.0484805600437;-5.62948202358675;25386
-4.55880333333333;49.4249616666667;-10.9485498146329;-5.82144719945586;25399
-4.56203666666667;49.4237866666667;-11.0368449107366;-5.86839453482363;25420
-4.56342166666667;49.4232816666667;-11.0368449107366;-5.86839453482363;25439
-4.56738833333333;49.421775;-11.0368449107366;-5.86839453482363;25490
-4.57421666666667;49.41924;-10.9485498146329;-5.82144719945586;25579
-4.57651166666667;49.418395;-10.9485498146329;-5.82144719945586;25611
-4.582635;49.41614;-11.0484805600437;-5.62948202358675;25688
-4.59180166666667;49.412855;-10.9593804174629;-5.58408323338824;25810
-4.59323166666667;49.41233;-10.8702794251521;-5.53868401023066;25828
-4.59776833333333;49.4107033333333;-10.9652871934185;-5.34812790721409;25889
-4.61456666666667;49.40464;-10.7811792825713;-5.49328522003215;26110
-4.618275;49.4032983333333;-10.8702794251521;-5.53868401023066;26161
-4.61987166666667;49.40272;-10.8702794251521;-5.53868401023066;26181
-4.62737166666667;49.4000283333333;-10.8702794251521;-5.53868401023066;26280
-4.63809666666667;49.3961916666667;-10.9593804174629;-5.58408323338824;26420
-4.63886833333333;49.3959216666667;-10.9593804174629;-5.58408323338824;26431
-4.64110666666667;49.3951433333333;-10.9593804174629;-5.58408323338824;26461
-4.64806666666667;49.3926833333333;-10.9593804174629;-5.58408323338824;26551
-4.6527;49.391095;-10.9593804174629;-5.58408323338824;26609
-4.65565666666667;49.39004;-10.8602555605737;-5.77450031181105;26650
-4.63809666666667;49.3961916666667;-10.9593804174629;-5.58408323338824;26657
-4.63886833333333;49.3959216666667;-10.9593804174629;-5.58408323338824;26676
-4.66106666666667;49.3881166666667;-10.9593804174629;-5.58408323338824;26720
-4.64110666666667;49.3951433333333;-10.9593804174629;-5.58408323338824;26732
-4.66244;49.3876266666667;-10.9593804174629;-5.58408323338824;26738
-4.663355;49.387305;-10.9593804174629;-5.58408323338824;26751
-4.66404666666667;49.3870633333333;-10.9593804174629;-5.58408323338824;26759
-4.66566166666667;49.3865033333333;-10.8602555605737;-5.77450031181105;26780
-4.66864833333333;49.38544;-10.8602555605737;-5.77450031181105;26820
-4.64806666666667;49.3926833333333;-10.9593804174629;-5.58408323338824;26863
-4.673165;49.3837416666667;-10.8602555605737;-5.77450031181105;26879
-4.67623;49.3826416666667;-10.8602555605737;-5.77450031181105;26919
-4.67776;49.3820983333333;-10.8602555605737;-5.77450031181105;26939
-4.66106666666667;49.3881166666667;-10.9593804174629;-5.58408323338824;26957
-4.66404666666667;49.3870633333333;-10.9593804174629;-5.58408323338824;26973
-4.673165;49.3837416666667;-10.8602555605737;-5.77450031181105;27047
-4.67623;49.3826416666667;-10.8602555605737;-5.77450031181105;27073
-4.67776;49.3820983333333;-10.8602555605737;-5.77450031181105;27088
-4.69148833333333;49.3772066666667;-10.8602555605737;-5.77450031181105;27120
-4.69464333333333;49.376105;-10.8602555605737;-5.77450031181105;27159
-4.69609833333333;49.3755866666667;-10.8602555605737;-5.77450031181105;27180
-4.69148833333333;49.3772066666667;-10.8602555605737;-5.77450031181105;27332
-4.69464333333333;49.376105;-10.8602555605737;-5.77450031181105;27394
-4.71309666666667;49.36961;-10.9593804174629;-5.58408323338824;27399
-4.71462833333333;49.3690683333333;-10.9593804174629;-5.58408323338824;27421
-4.69609833333333;49.3755866666667;-10.8602555605737;-5.77450031181105;27436
-4.72236333333333;49.3663933333333;-11.0484805600437;-5.62948202358675;27521
-4.72305666666667;49.3661533333333;-11.0484805600437;-5.62948202358675;27530
-4.72391;49.3658566666667;-10.9485498146329;-5.82144719945586;27540
-4.725445;49.3653166666667;-10.9485498146329;-5.82144719945586;27562
-4.72621666666667;49.3650416666667;-10.9485498146329;-5.82144719945586;27571
-4.72767;49.3645216666667;-10.9485498146329;-5.82144719945586;27589
-4.72851333333333;49.3642133333333;-10.9485498146329;-5.82144719945586;27602
-4.73633833333333;49.3614383333333;-11.0484805600437;-5.62948202358675;27700
-4.71462833333333;49.3690683333333;-10.9593804174629;-5.58408323338824;27708
-4.73783166666667;49.3609283333333;-11.1375815523546;-5.67488124674434;27720
-4.73939666666667;49.3603933333333;-11.1375815523546;-5.67488124674434;27740
-4.74017833333333;49.360125;-11.1375815523546;-5.67488124674434;27751
-4.72391;49.3658566666667;-10.9485498146329;-5.82144719945586;27761
-4.741655;49.3596316666667;-11.1375815523546;-5.67488124674434;27768
-4.725445;49.3653166666667;-10.9485498146329;-5.82144719945586;27779
-4.72621666666667;49.3650416666667;-10.9485498146329;-5.82144719945586;27787
-4.7457;49.35824;-10.9485498146329;-5.82144719945586;27820
-4.74632;49.3580233333333;-10.9485498146329;-5.82144719945586;27831
-4.72851333333333;49.3642133333333;-10.9485498146329;-5.82144719945586;27838
-4.747875;49.35747;-11.0368449107366;-5.86839453482363;27852
-4.74873;49.3571683333333;-11.0368449107366;-5.86839453482363;27861
-4.753335;49.355455;-10.9485498146329;-5.82144719945586;27921
-4.73633833333333;49.3614383333333;-11.0484805600437;-5.62948202358675;27952
-4.75647833333333;49.3542983333333;-10.9485498146329;-5.82144719945586;27960
-4.73783166666667;49.3609283333333;-11.1375815523546;-5.67488124674434;27966
-4.75793166666667;49.3537666666667;-10.9485498146329;-5.82144719945586;27979
-4.741655;49.3596316666667;-11.1375815523546;-5.67488124674434;28025
-4.742515;49.3593366666667;-11.1375815523546;-5.67488124674434;28033
-4.743215;49.359095;-11.1375815523546;-5.67488124674434;28047
-4.747875;49.35747;-11.0368449107366;-5.86839453482363;28056
-4.76577;49.3509783333333;-10.9485498146329;-5.82144719945586;28081
-4.753335;49.355455;-10.9485498146329;-5.82144719945586;28094
-4.768015;49.3501816666667;-11.1375815523546;-5.67488124674434;28110
-4.76879166666667;49.34991;-11.1375815523546;-5.67488124674434;28120
-4.76957;49.3496383333333;-11.1375815523546;-5.67488124674434;28130
-4.75647833333333;49.3542983333333;-10.9485498146329;-5.82144719945586;28139
-4.77112333333333;49.3491033333333;-11.1375815523546;-5.67488124674434;28150
-4.757165;49.3540433333333;-10.9485498146329;-5.82144719945586;28163
-4.77267666666667;49.348565;-11.1375815523546;-5.67488124674434;28171
-4.75793166666667;49.3537666666667;-10.9485498146329;-5.82144719945586;28184
-4.77509166666667;49.347715;-11.1375815523546;-5.67488124674434;28201
-4.776655;49.34717;-11.1375815523546;-5.67488124674434;28219
-4.77977666666667;49.346065;-11.0368449107366;-5.86839453482363;28261
-4.782875;49.3449483333333;-11.0368449107366;-5.86839453482363;28303
-4.76577;49.3509783333333;-10.9485498146329;-5.82144719945586;28340
-4.768015;49.3501816666667;-11.1375815523546;-5.67488124674434;28367
-4.78823666666667;49.3430033333333;-11.1375815523546;-5.67488124674434;28372
-4.76879166666667;49.34991;-11.1375815523546;-5.67488124674434;28377
-4.76957;49.3496383333333;-11.1375815523546;-5.67488124674434;28383
-4.79064;49.34214;-11.1375815523546;-5.67488124674434;28399
-4.77042333333333;49.3493466666667;-11.1375815523546;-5.67488124674434;28406
-4.77112333333333;49.3491033333333;-11.1375815523546;-5.67488124674434;28416
-4.776655;49.34717;-11.1375815523546;-5.67488124674434;28469
-4.796815;49.3399416666667;-10.9485498146329;-5.82144719945586;28482
-4.78823666666667;49.3430033333333;-11.1375815523546;-5.67488124674434;28512
-4.79064;49.34214;-11.1375815523546;-5.67488124674434;28527
-4.80145833333333;49.3382883333333;-11.0484805600437;-5.62948202358675;28543
-4.80452333333333;49.3372566666667;-11.0484805600437;-5.62948202358675;28579
-4.80538833333333;49.3369616666667;-11.1375815523546;-5.67488124674434;28590
-4.806165;49.3366916666667;-11.1375815523546;-5.67488124674434;28603
-4.796815;49.3399416666667;-10.9485498146329;-5.82144719945586;28610
-4.80764333333333;49.3361816666667;-11.1375815523546;-5.67488124674434;28621
-4.80920333333333;49.33564;-11.0484805600437;-5.62948202358675;28639
-4.81076666666667;49.335095;-11.0368449107366;-5.86839453482363;28661
-4.81154333333333;49.334815;-11.0368449107366;-5.86839453482363;28670
-4.81232;49.3345416666667;-10.9485498146329;-5.82144719945586;28680
-4.81309166666667;49.3342666666667;-10.9485498146329;-5.82144719945586;28691
-4.80452333333333;49.3372566666667;-11.0484805600437;-5.62948202358675;28708
-4.80538833333333;49.3369616666667;-11.1375815523546;-5.67488124674434;28713
-4.81542;49.333445;-10.9485498146329;-5.82144719945586;28723
-4.806165;49.3366916666667;-11.1375815523546;-5.67488124674434;28730
-4.80686333333333;49.33645;-11.1375815523546;-5.67488124674434;28738
-4.81697333333333;49.3328966666667;-11.0368449107366;-5.86839453482363;28743
-4.80764333333333;49.3361816666667;-11.1375815523546;-5.67488124674434;28754
-4.81851833333333;49.33234;-10.9485498146329;-5.82144719945586;28761
-4.80920333333333;49.33564;-11.0484805600437;-5.62948202358675;28780
-4.81076666666667;49.335095;-11.0368449107366;-5.86839453482363;28785
-4.8209;49.331465;-10.9485498146329;-5.82144719945586;28790
-4.82159833333333;49.3312183333333;-10.9485498146329;-5.82144719945586;28802
-4.81309166666667;49.3342666666667;-10.9485498146329;-5.82144719945586;28809
-4.823145;49.33067;-10.9485498146329;-5.82144719945586;28821
-4.81542;49.333445;-10.9485498146329;-5.82144719945586;28835
-4.81627666666667;49.3331433333333;-10.9485498146329;-5.82144719945586;28841
-4.82554833333333;49.3298166666667;-10.9485498146329;-5.82144719945586;28853
-4.82624;49.3295683333333;-10.9485498146329;-5.82144719945586;28861
-4.82700666666667;49.3292916666667;-10.9485498146329;-5.82144719945586;28873
-4.82778166666667;49.3290133333333;-11.0484805600437;-5.62948202358675;28880
-4.82159833333333;49.3312183333333;-10.9485498146329;-5.82144719945586;28886
-4.823145;49.33067;-10.9485498146329;-5.82144719945586;28893
-4.82932;49.3284666666667;-11.0484805600437;-5.62948202358675;28903
-4.83017166666667;49.328165;-11.0484805600437;-5.62948202358675;28911
-4.82554833333333;49.3298166666667;-10.9485498146329;-5.82144719945586;28917
-4.82624;49.3295683333333;-10.9485498146329;-5.82144719945586;28929
-4.82700666666667;49.3292916666667;-10.9485498146329;-5.82144719945586;28936
-4.82778166666667;49.3290133333333;-11.0484805600437;-5.62948202358675;28951
-4.82932;49.3284666666667;-11.0484805600437;-5.62948202358675;28972
-4.83541666666667;49.32631;-10.9485498146329;-5.82144719945586;28978
-4.83087;49.32793;-11.0484805600437;-5.62948202358675;28990
-4.837115;49.3257066666667;-10.9485498146329;-5.82144719945586;29001
-4.83541666666667;49.32631;-10.9485498146329;-5.82144719945586;29009
-4.83857333333333;49.3251833333333;-10.9485498146329;-5.82144719945586;29019
-4.83934166666667;49.3249066666667;-10.9485498146329;-5.82144719945586;29029
-4.83857333333333;49.3251833333333;-10.9485498146329;-5.82144719945586;29036
-4.83934166666667;49.3249066666667;-10.9485498146329;-5.82144719945586;29041
-4.84087166666667;49.3243583333333;-11.0484805600437;-5.62948202358675;29052
-4.84394833333333;49.323275;-10.9593804174629;-5.58408323338824;29088
-4.84694833333333;49.3222283333333;-10.9593804174629;-5.58408323338824;29128
-4.85012833333333;49.3211333333333;-10.9593804174629;-5.58408323338824;29169
-4.85160333333333;49.3206333333333;-11.0484805600437;-5.62948202358675;29188
-4.86025333333333;49.31756;-10.9485498146329;-5.82144719945586;29299
-4.860875;49.3173383333333;-10.9485498146329;-5.82144719945586;29310
-4.86321;49.3165033333333;-11.0368449107366;-5.86839453482363;29339
-4.87112333333333;49.313655;-11.0368449107366;-5.86839453482363;29441
-4.87259833333333;49.3131233333333;-11.0368449107366;-5.86839453482363;29460
-4.877265;49.3114516666667;-11.1375815523546;-5.67488124674434;29521
-4.88046666666667;49.310335;-11.1375815523546;-5.67488124674434;29560
-4.884985;49.30873;-11.1375815523546;-5.67488124674434;29618
-4.88585;49.3084283333333;-11.2266825446654;-5.72028046990192;29638
-4.88742166666667;49.3078766666667;-11.1251400068403;-5.91534187019141;29650
-4.88907833333333;49.30728;-11.1251400068403;-5.91534187019141;29670
-4.89055833333333;49.3067383333333;-11.1251400068403;-5.91534187019141;29689
-4.891335;49.3064516666667;-11.2266825446654;-5.72028046990192;29701
-4.89211166666667;49.3061683333333;-11.2266825446654;-5.72028046990192;29709
-4.89375833333333;49.30559;-11.2266825446654;-5.72028046990192;29731
-4.89438833333333;49.305365;-11.1251400068403;-5.91534187019141;29740
-4.89524833333333;49.3050516666667;-11.2266825446654;-5.72028046990192;29755
-4.89910833333333;49.3037133333333;-11.2266825446654;-5.72028046990192;29799
-4.901535;49.3028566666667;-11.2266825446654;-5.72028046990192;29831
-4.90240166666667;49.3025566666667;-11.2266825446654;-5.72028046990192;29840
-4.90864166666667;49.3003583333333;-11.2266825446654;-5.72028046990192;29920
-4.90943666666667;49.3000816666667;-11.1251400068403;-5.91534187019141;29930
-4.91014833333333;49.2998316666667;-11.1251400068403;-5.91534187019141;29939
-4.91179;49.2992316666667;-11.1251400068403;-5.91534187019141;29960
-4.92049666666667;49.2960433333333;-11.3157826872463;-5.76567926010043;30071
-4.92201666666667;49.29552;-11.3157826872463;-5.76567926010043;30090
-4.92049666666667;49.2960433333333;-11.3157826872463;-5.76567926010043;30103
-4.92201666666667;49.29552;-11.3157826872463;-5.76567926010043;30108
-4.92441166666667;49.2946866666667;-11.3157826872463;-5.76567926010043;30120
-4.925285;49.29438;-11.3157826872463;-5.76567926010043;30129
-4.92441166666667;49.2946866666667;-11.3157826872463;-5.76567926010043;30140
-4.925285;49.29438;-11.3157826872463;-5.76567926010043;30154
-4.92759166666667;49.2935733333333;-11.3157826872463;-5.76567926010043;30159
-4.92918;49.2930116666667;-11.2134342608995;-5.96228875783622;30179
-4.92759166666667;49.2935733333333;-11.3157826872463;-5.76567926010043;30184
-4.92918;49.2930116666667;-11.2134342608995;-5.96228875783622;30203
-4.93234;49.29188;-11.2134342608995;-5.96228875783622;30219
-4.933925;49.2913183333333;-11.2134342608995;-5.96228875783622;30239
-4.93234;49.29188;-11.2134342608995;-5.96228875783622;30246
-4.93549666666667;49.29074;-11.2134342608995;-5.96228875783622;30260
-4.93707166666667;49.2901616666667;-11.2134342608995;-5.96228875783622;30288
-4.938655;49.28959;-11.2134342608995;-5.96228875783622;30299
-4.94180833333333;49.2884516666667;-11.2134342608995;-5.96228875783622;30340
-4.94337666666667;49.2878783333333;-11.2134342608995;-5.96228875783622;30358
-4.94570666666667;49.2870066666667;-11.3157826872463;-5.76567926010043;30390
-4.94805833333333;49.28615;-11.2134342608995;-5.96228875783622;30418
-4.94884333333333;49.28586;-11.2134342608995;-5.96228875783622;30429
-4.94954833333333;49.2856;-11.3157826872463;-5.76567926010043;30440
-4.95041;49.2852783333333;-11.3157826872463;-5.76567926010043;30449
-4.94954833333333;49.2856;-11.3157826872463;-5.76567926010043;30456
-4.95041;49.2852783333333;-11.3157826872463;-5.76567926010043;30464
-4.95119833333333;49.284995;-11.3157826872463;-5.76567926010043;30475
-4.95276333333333;49.2844216666667;-11.3157826872463;-5.76567926010043;30485
-4.95355833333333;49.2841433333333;-11.3157826872463;-5.76567926010043;30492
-4.95426333333333;49.283885;-11.3157826872463;-5.76567926010043;30500
-4.959025;49.2822233333333;-11.4146842165681;-5.56731348060863;30559
-4.96070166666667;49.2816516666667;-11.3157826872463;-5.76567926010043;30579
-4.961585;49.28135;-11.3157826872463;-5.76567926010043;30590
-4.96222333333333;49.28113;-11.3157826872463;-5.76567926010043;30600
-4.96547166666667;49.2799783333333;-11.3157826872463;-5.76567926010043;30639
-4.966325;49.2796633333333;-11.3157826872463;-5.76567926010043;30650
-4.966955;49.2794366666667;-11.3157826872463;-5.76567926010043;30659
-4.96547166666667;49.2799783333333;-11.3157826872463;-5.76567926010043;30664
-4.966325;49.2796633333333;-11.3157826872463;-5.76567926010043;30675
-4.966955;49.2794366666667;-11.3157826872463;-5.76567926010043;30683
-4.96938833333333;49.2785566666667;-11.3157826872463;-5.76567926010043;30690
-4.97017166666667;49.27827;-11.2134342608995;-5.96228875783622;30701
-4.97103333333333;49.27796;-11.3157826872463;-5.76567926010043;30710
-4.97253333333333;49.2774233333333;-11.3157826872463;-5.76567926010043;30730
-4.97324833333333;49.2771716666667;-11.3157826872463;-5.76567926010043;30739
-4.97412166666667;49.2768666666667;-11.3157826872463;-5.76567926010043;30750
-4.974915;49.2765883333333;-11.2134342608995;-5.96228875783622;30761
-4.97577833333333;49.27628;-11.2134342608995;-5.96228875783622;30770
-4.97640833333333;49.276045;-11.2134342608995;-5.96228875783622;30780
-4.97886;49.27516;-11.3157826872463;-5.76567926010043;30809
-4.98052333333333;49.2745633333333;-11.2134342608995;-5.96228875783622;30830
-4.97017166666667;49.27827;-11.2134342608995;-5.96228875783622;30839
-4.97103333333333;49.27796;-11.3157826872463;-5.76567926010043;30864
-4.984405;49.2731483333333;-11.2134342608995;-5.96228875783622;30879
-4.98913833333333;49.2714333333333;-11.3157826872463;-5.76567926010043;30939
-4.98993166666667;49.2711533333333;-11.3157826872463;-5.76567926010043;30951
-4.97253333333333;49.2774233333333;-11.3157826872463;-5.76567926010043;30956
-4.99228666666667;49.270295;-11.3157826872463;-5.76567926010043;30979
-4.99307;49.2700133333333;-11.4146842165681;-5.56731348060863;30989
-4.99386;49.269735;-11.3157826872463;-5.76567926010043;30999
-4.97412166666667;49.2768666666667;-11.3157826872463;-5.76567926010043;31018
-4.99703166666667;49.2686366666667;-11.4146842165681;-5.56731348060863;31039
-4.974915;49.2765883333333;-11.2134342608995;-5.96228875783622;31053
-4.99863333333333;49.2680966666667;-11.4146842165681;-5.56731348060863;31060
-4.97577833333333;49.27628;-11.2134342608995;-5.96228875783622;31085
-5.00109833333333;49.2672616666667;-11.3157826872463;-5.76567926010043;31090
-4.97640833333333;49.276045;-11.2134342608995;-5.96228875783622;31097
-5.00262;49.2667366666667;-11.3157826872463;-5.76567926010043;31111
-5.00341333333333;49.26646;-11.3157826872463;-5.76567926010043;31121
-5.005005;49.265905;-11.2134342608995;-5.96228875783622;31139
-5.00667333333333;49.2653066666667;-11.2134342608995;-5.96228875783622;31162
-5.00738833333333;49.2650516666667;-11.2134342608995;-5.96228875783622;31170
-5.00818833333333;49.2647816666667;-11.3157826872463;-5.76567926010043;31180
-5.00898333333333;49.2645083333333;-11.2134342608995;-5.96228875783622;31190
-5.00977833333333;49.264225;-11.2134342608995;-5.96228875783622;31201
-5.01144;49.263635;-11.2134342608995;-5.96228875783622;31221
-5.01215;49.2633766666667;-11.2134342608995;-5.96228875783622;31230
-4.97886;49.27516;-11.3157826872463;-5.76567926010043;31235
-5.01763666666667;49.2613416666667;-11.2134342608995;-5.96228875783622;31302
-5.018415;49.2610466666667;-11.2134342608995;-5.96228875783622;31310
-5.019195;49.2607516666667;-11.3157826872463;-5.76567926010043;31320
-5.02084;49.2601433333333;-11.3157826872463;-5.76567926010043;31340
-5.023935;49.2590683333333;-11.3157826872463;-5.76567926010043;31381
-5.02472333333333;49.2587766666667;-11.3157826872463;-5.76567926010043;31391
-5.02559666666667;49.2584766666667;-11.3157826872463;-5.76567926010043;31401
-5.02710666666667;49.257955;-11.3157826872463;-5.76567926010043;31419
-5.02870333333333;49.2574083333333;-11.3157826872463;-5.76567926010043;31441
-5.03189;49.256295;-11.3157826872463;-5.76567926010043;31480
-5.03341333333333;49.2557716666667;-11.3157826872463;-5.76567926010043;31499
-5.03429666666667;49.255465;-11.3017293570032;-6.009236093204;31511
-5.035175;49.2551566666667;-11.3017293570032;-6.009236093204;31520
-4.99307;49.2700133333333;-11.4146842165681;-5.56731348060863;31529
-4.99386;49.269735;-11.3157826872463;-5.76567926010043;31536
-5.03748166666667;49.254335;-11.3017293570032;-6.009236093204;31549
-5.038195;49.2540766666667;-11.3017293570032;-6.009236093204;31559
-4.99543833333333;49.2691866666667;-11.4146842165681;-5.56731348060863;31580
-5.04064;49.2531883333333;-11.4048836795571;-5.81107848325802;31590
-5.04392666666667;49.2520616666667;-11.4048836795571;-5.81107848325802;31630
-4.99863333333333;49.2680966666667;-11.4146842165681;-5.56731348060863;31638
-5.045455;49.2515533333333;-11.3157826872463;-5.76567926010043;31649
-5.04705;49.2510116666667;-11.3157826872463;-5.76567926010043;31670
-5.00190166666667;49.2669866666667;-11.3157826872463;-5.76567926010043;31682
-5.04872333333333;49.2504366666667;-11.3157826872463;-5.76567926010043;31690
-5.05103;49.2496333333333;-11.2134342608995;-5.96228875783622;31719
-5.01763666666667;49.2613416666667;-11.2134342608995;-5.96228875783622;31725
-5.019195;49.2607516666667;-11.3157826872463;-5.76567926010043;31746
-5.02710666666667;49.257955;-11.3157826872463;-5.76567926010043;31778
-5.05976;49.2465566666667;-11.2134342608995;-5.96228875783622;31830
-5.06063333333333;49.2462533333333;-11.2134342608995;-5.96228875783622;31840
-5.06207333333333;49.245755;-11.2134342608995;-5.96228875783622;31860
-5.06303666666667;49.2454166666667;-11.3017293570032;-6.009236093204;31870
-5.06780166666667;49.24372;-11.3017293570032;-6.009236093204;31932
-5.07021833333333;49.2428683333333;-11.3900236110624;-6.0561829808488;31960
-5.05103;49.2496333333333;-11.2134342608995;-5.96228875783622;31981
-5.07506;49.2411666666667;-11.3900236110624;-6.0561829808488;32019
-5.07737833333333;49.2403333333333;-11.3900236110624;-6.0561829808488;32051
-5.078175;49.240045;-11.3900236110624;-6.0561829808488;32059
-5.08473666666667;49.2377533333333;-11.5830848144488;-5.90187649661411;32140
-5.08539166666667;49.2375333333333;-11.5830848144488;-5.90187649661411;32149
-5.08629;49.23723;-11.5830848144488;-5.90187649661411;32160
-5.08710333333333;49.2369516666667;-11.5830848144488;-5.90187649661411;32170
-5.089625;49.236095;-11.4939838221379;-5.85647727345652;32200
-5.095155;49.23421;-11.478318707166;-6.10313031621658;32268
-5.06780166666667;49.24372;-11.3017293570032;-6.009236093204;32277
-5.09686333333333;49.2336133333333;-11.478318707166;-6.10313031621658;32290
-5.100105;49.2324516666667;-11.478318707166;-6.10313031621658;32330
-5.10171833333333;49.2318666666667;-11.478318707166;-6.10313031621658;32351
-5.10252333333333;49.23158;-11.478318707166;-6.10313031621658;32359
-5.10420833333333;49.2309833333333;-11.478318707166;-6.10313031621658;32381
-5.07021833333333;49.2428683333333;-11.3900236110624;-6.0561829808488;32387
-5.11139833333333;49.2283566666667;-11.478318707166;-6.10313031621658;32469
-5.11211666666667;49.2280866666667;-11.3900236110624;-6.0561829808488;32479
-5.11772833333333;49.2260566666667;-11.5830848144488;-5.90187649661411;32549
-5.078175;49.240045;-11.3900236110624;-6.0561829808488;32606
-5.12661;49.2228316666667;-11.3900236110624;-6.0561829808488;32660
-5.13059;49.221345;-11.5830848144488;-5.90187649661411;32711
-5.131395;49.2210533333333;-11.5830848144488;-5.90187649661411;32719
-5.14098666666667;49.217555;-11.5830848144488;-5.90187649661411;32840
-5.14331333333333;49.216715;-11.5830848144488;-5.90187649661411;32869
-5.08710333333333;49.2369516666667;-11.5830848144488;-5.90187649661411;32875
-5.14502;49.216115;-11.5830848144488;-5.90187649661411;32890
-5.14583;49.2158366666667;-11.5830848144488;-5.90187649661411;32901
-5.14818833333333;49.2150116666667;-11.478318707166;-6.10313031621658;32930
-5.15149833333333;49.21381;-11.5666138032697;-6.15007765158436;32971
-5.09686333333333;49.2336133333333;-11.478318707166;-6.10313031621658;32984
-5.15301166666667;49.2132383333333;-11.5830848144488;-5.90187649661411;32991
-5.15628;49.212035;-11.5830848144488;-5.90187649661411;33030
-5.10171833333333;49.2318666666667;-11.478318707166;-6.10313031621658;33047
-5.16267666666667;49.20974;-11.5830848144488;-5.90187649661411;33111
-5.16592666666667;49.2086016666667;-11.6721858067596;-5.9472757197717;33149
-5.16914166666667;49.207445;-11.478318707166;-6.10313031621658;33189
-5.11772833333333;49.2260566666667;-11.5830848144488;-5.90187649661411;33211
-5.17233833333333;49.2062766666667;-11.5830848144488;-5.90187649661411;33230
-5.17884333333333;49.2040133333333;-11.7820012314764;-5.4940374026291;33311
-5.17975666666667;49.2037133333333;-11.8726323559091;-5.53629939001924;33321
-5.182135;49.2029116666667;-11.8726323559091;-5.53629939001924;33350
-5.18295;49.202635;-11.8726323559091;-5.53629939001924;33361
-5.18629833333333;49.2015016666667;-11.7742023493818;-5.74266219016224;33400
-5.18703;49.20125;-11.7742023493818;-5.74266219016224;33412
-5.18783666666667;49.2009716666667;-11.7742023493818;-5.74266219016224;33420
-5.19270166666667;49.1991933333333;-11.6721858067596;-5.9472757197717;33481
-5.19511166666667;49.1982716666667;-11.6721858067596;-5.9472757197717;33511
-5.19833833333333;49.1970883333333;-11.7742023493818;-5.74266219016224;33551
-5.200785;49.1961816666667;-11.7742023493818;-5.74266219016224;33579
-5.20234166666667;49.1956316666667;-11.8640812397176;-5.78649905400317;33598
-5.203235;49.1953183333333;-11.8640812397176;-5.78649905400317;33612
-5.20404166666667;49.1950333333333;-11.8640812397176;-5.78649905400317;33620
-5.20477666666667;49.1947683333333;-11.8640812397176;-5.78649905400317;33630
-5.20568;49.19443;-11.8640812397176;-5.78649905400317;33640
-5.20967;49.1929583333333;-11.9632626160193;-5.5785609743692;33689
-5.21056166666667;49.1926516666667;-11.8640812397176;-5.78649905400317;33700
-5.21210833333333;49.1921183333333;-11.8640812397176;-5.78649905400317;33719
-5.21456666666667;49.191255;-11.8640812397176;-5.78649905400317;33750
-5.21637666666667;49.1906133333333;-11.8640812397176;-5.78649905400317;33770
-5.217035;49.1903816666667;-11.8640812397176;-5.78649905400317;33779
-5.21802666666667;49.1900316666667;-11.8640812397176;-5.78649905400317;33791
-5.21876166666667;49.1897733333333;-11.8640812397176;-5.78649905400317;33799
-5.21950333333333;49.1895083333333;-11.8640812397176;-5.78649905400317;33810
-5.22123666666667;49.188895;-11.8640812397176;-5.78649905400317;33830
-5.22197333333333;49.1886316666667;-11.8640812397176;-5.78649905400317;33840
-5.22294833333333;49.1882766666667;-11.8640812397176;-5.78649905400317;33852
-5.22440666666667;49.1877383333333;-11.8640812397176;-5.78649905400317;33870
-5.22521666666667;49.1874366666667;-11.8640812397176;-5.78649905400317;33880
-5.22611333333333;49.1871183333333;-11.7742023493818;-5.74266219016224;33889
-5.22684833333333;49.1868533333333;-11.8726323559091;-5.53629939001924;33901
-5.22783;49.18651;-11.8726323559091;-5.53629939001924;33911
-5.22930166666667;49.18601;-11.8726323559091;-5.53629939001924;33930
-5.23191833333333;49.1851083333333;-11.8726323559091;-5.53629939001924;33962
-5.23423666666667;49.1843416666667;-11.8726323559091;-5.53629939001924;33991
-5.235145;49.1840383333333;-11.8726323559091;-5.53629939001924;34000
-5.23597166666667;49.183765;-11.8726323559091;-5.53629939001924;34010
-5.23687333333333;49.1834633333333;-11.8726323559091;-5.53629939001924;34019
-5.23768666666667;49.1831866666667;-11.8726323559091;-5.53629939001924;34030
-5.23916333333333;49.1826933333333;-11.7742023493818;-5.74266219016224;34049
-5.24087833333333;49.1821116666667;-11.7742023493818;-5.74266219016224;34071
-5.241775;49.181795;-11.7742023493818;-5.74266219016224;34080
-5.2434;49.1812183333333;-11.7742023493818;-5.74266219016224;34102
-5.24405;49.1809916666667;-11.7742023493818;-5.74266219016224;34110
-5.24662833333333;49.1800666666667;-11.6843226018892;-5.69882490825801;34142
-5.24742833333333;49.1797483333333;-11.7820012314764;-5.4940374026291;34151
-5.24814166666667;49.1794716666667;-11.7820012314764;-5.4940374026291;34160
-5.248865;49.1792183333333;-11.7847360550996;-5.24690254052011;34169
-5.25057333333333;49.1786483333333;-11.6913701070438;-5.45177541523896;34189
-5.252265;49.17808;-11.6913701070438;-5.45177541523896;34210
-5.253795;49.1775466666667;-11.7847360550996;-5.24690254052011;34229
-5.257835;49.1761583333333;-11.6913701070438;-5.45177541523896;34282
-5.26115166666667;49.1750033333333;-11.6913701070438;-5.45177541523896;34320
-5.261955;49.1747133333333;-11.6913701070438;-5.45177541523896;34331
-5.26268333333333;49.1744616666667;-11.7847360550996;-5.24690254052011;34339
-5.263495;49.17419;-11.6913701070438;-5.45177541523896;34350
-5.26431166666667;49.1739133333333;-11.6913701070438;-5.45177541523896;34360
-5.26601666666667;49.1733266666667;-11.7820012314764;-5.4940374026291;34380
-5.27008666666667;49.17192;-11.7820012314764;-5.4940374026291;34431
-5.27328;49.1708266666667;-11.7742023493818;-5.74266219016224;34471
-5.27818666666667;49.1690983333333;-11.7742023493818;-5.74266219016224;34530
-5.283105;49.1673733333333;-11.8726323559091;-5.53629939001924;34590
-5.28647;49.1662066666667;-11.8640812397176;-5.78649905400317;34632
-5.28729;49.1659166666667;-11.8640812397176;-5.78649905400317;34640
-5.28803;49.16566;-11.8640812397176;-5.78649905400317;34650
-5.28967333333333;49.1650866666667;-11.8640812397176;-5.78649905400317;34671
-5.29139833333333;49.16447;-11.8640812397176;-5.78649905400317;34692
-5.29303666666667;49.1638716666667;-11.8640812397176;-5.78649905400317;34712
-5.29631166666667;49.1627033333333;-11.9632626160193;-5.5785609743692;34752
-5.29705;49.1624433333333;-11.9632626160193;-5.5785609743692;34761
-5.29795333333333;49.1621133333333;-11.9632626160193;-5.5785609743692;34771
-5.30127;49.1609916666667;-12.0587998666374;-5.3689236110217;34811
-5.30799666666667;49.158855;-12.0587998666374;-5.3689236110217;34892
-5.30958666666667;49.1583283333333;-11.9632626160193;-5.5785609743692;34910
-5.313;49.1571866666667;-11.9632626160193;-5.5785609743692;34952
-5.31457666666667;49.156645;-12.0587998666374;-5.3689236110217;34971
-5.318015;49.1555433333333;-12.0587998666374;-5.3689236110217;35011
-5.31961;49.1550316666667;-12.0587998666374;-5.3689236110217;35045
-5.328065;49.1523633333333;-12.1506638899998;-5.15765082153237;35130
-5.32967166666667;49.15187;-12.2388267034353;-4.9448069616395;35150
-5.33300833333333;49.1508966666667;-12.1506638899998;-5.15765082153237;35190
-5.33480333333333;49.1503766666667;-12.0587998666374;-5.3689236110217;35210
-5.336495;49.1498666666667;-12.0587998666374;-5.3689236110217;35231
-5.34157666666667;49.148295;-12.0587998666374;-5.3689236110217;35291
-5.34494833333333;49.1472166666667;-12.0587998666374;-5.3689236110217;35329
-5.358485;49.1430683333333;-12.0587998666374;-5.3689236110217;35490
-5.36188833333333;49.1420316666667;-12.0587998666374;-5.3689236110217;35530
-5.36533833333333;49.1409566666667;-12.0587998666374;-5.3689236110217;35571
-5.36695;49.1404716666667;-12.0587998666374;-5.3689236110217;35591
-5.36358;49.1415133333333;-12.0587998666374;-5.3689236110217;35596
-5.36533833333333;49.1409566666667;-12.0587998666374;-5.3689236110217;35629
-5.36695;49.1404716666667;-12.0587998666374;-5.3689236110217;35636
-5.378805;49.1368766666667;-12.0587998666374;-5.3689236110217;35730
-5.38056333333333;49.13632;-12.0587998666374;-5.3689236110217;35751
-5.38388166666667;49.1353133333333;-12.0587998666374;-5.3689236110217;35789
-5.385665;49.134765;-12.0587998666374;-5.3689236110217;35810
-5.38889666666667;49.1337816666667;-12.1506638899998;-5.15765082153237;35849
-5.394005;49.1322466666667;-12.1501547608916;-5.409597430487;35909
-5.3957;49.13172;-12.1501547608916;-5.409597430487;35930
-5.39906166666667;49.130655;-12.0587998666374;-5.3689236110217;35971
-5.40074833333333;49.1301333333333;-12.0587998666374;-5.3689236110217;35990
-5.40408833333333;49.129075;-12.0586139313717;-5.11857793226158;36028
-5.40575166666667;49.128555;-12.0586139313717;-5.11857793226158;36051
-5.41078333333333;49.1270316666667;-11.967445843608;-5.3282501794507;36109
-5.41253;49.1264816666667;-11.967445843608;-5.3282501794507;36130
-5.41575666666667;49.1254583333333;-11.967445843608;-5.3282501794507;36170
-5.41749833333333;49.1249133333333;-11.967445843608;-5.3282501794507;36189
-5.54027;49.0867416666667;-11.8760909493538;-5.2875763599854;37690
-5.64355166666667;49.0532516666667;-12.3257862494274;-5.74760852088959;38930
-5.64703833333333;49.0520933333333;-12.1337196250388;-5.91801048165255;38970
