"x";"y";"vx";"vy";"t"
-3.0355;46.8599;-10.8860245554251;-6.54098345312198;0
-3.12165;46.8232;-10.6288742017228;-6.38647193241324;1187
-3.55175;46.6337;-10.6006012019553;-6.62399080291506;7200
-3.5581;46.6308833333333;-10.6006012019553;-6.62399080291506;7289
-3.56073333333333;46.62965;-10.6006012019553;-6.62399080291506;7330
-3.56211666666667;46.6290166666667;-10.6006012019553;-6.62399080291506;7349
-3.56421666666667;46.62805;-10.6006012019553;-6.62399080291506;7380
-3.56515;46.6276333333333;-10.6006012019553;-6.62399080291506;7394
-3.56555;46.6274833333333;-10.6006012019553;-6.62399080291506;7400
-3.56695;46.62685;-10.6006012019553;-6.62399080291506;7421
-3.56758333333333;46.6265166666667;-10.6006012019553;-6.62399080291506;7430
-3.56965;46.6255833333333;-10.6006012019553;-6.62399080291506;7462
-3.57035;46.6252666666667;-10.515796068835;-6.57099867434359;7469
-3.57106666666667;46.6249333333333;-10.6006012019553;-6.62399080291506;7481
-3.57178333333333;46.6246166666667;-10.6006012019553;-6.62399080291506;7491
-3.57351666666667;46.6238666666667;-10.6006012019553;-6.62399080291506;7512
-3.57548333333333;46.6229833333333;-10.6006012019553;-6.62399080291506;7541
-3.57615;46.6226666666667;-10.6006012019553;-6.62399080291506;7549
-3.57683333333333;46.62235;-10.6006012019553;-6.62399080291506;7558
-3.57751666666667;46.6220333333333;-10.6006012019553;-6.62399080291506;7572
-3.57963333333333;46.6210833333333;-10.6006012019553;-6.62399080291506;7603
-3.5809;46.6205;-10.6006012019553;-6.62399080291506;7617
-3.5816;46.6201833333333;-10.6006012019553;-6.62399080291506;7632
-3.58301666666667;46.61955;-10.6006012019553;-6.62399080291506;7649
-3.58546666666667;46.6184666666667;-10.6006012019553;-6.62399080291506;7679
-3.58588333333333;46.6182666666667;-10.6854063350756;-6.67698293148654;7693
-3.58678333333333;46.6178666666667;-10.6854063350756;-6.67698293148654;7700
-3.5875;46.61755;-10.6006012019553;-6.62399080291506;7709
-3.58828333333333;46.6172;-10.6006012019553;-6.62399080291506;7720
-3.58955;46.6166333333333;-10.6854063350756;-6.67698293148654;7742
-3.59025;46.6163166666667;-10.6854063350756;-6.67698293148654;7748
-3.59166666666667;46.6156833333333;-10.6854063350756;-6.67698293148654;7770
-3.59238333333333;46.6153666666667;-10.6854063350756;-6.67698293148654;7783
-3.5938;46.6147333333333;-10.6854063350756;-6.67698293148654;7803
-3.59521666666667;46.6140833333333;-10.6854063350756;-6.67698293148654;7821
-3.5965;46.6135;-10.6854063350756;-6.67698293148654;7839
-3.59861666666667;46.61255;-10.6854063350756;-6.67698293148654;7874
-3.60075;46.6115833333333;-10.6854063350756;-6.67698293148654;7902
-3.60218333333333;46.6109333333333;-10.7702106594343;-6.72997455468763;7919
-3.6029;46.6106166666667;-10.6854063350756;-6.67698293148654;7930
-3.60463333333333;46.6098333333333;-10.7702106594343;-6.72997455468763;7952
-3.60601666666667;46.6091833333333;-10.6854063350756;-6.67698293148654;7969
-3.60655;46.6089166666667;-10.6854063350756;-6.67698293148654;7979
-3.60725;46.6086;-10.6854063350756;-6.67698293148654;7988
-3.60866666666667;46.60795;-10.7702106594343;-6.72997455468763;8010
-3.60938333333333;46.6076333333333;-10.6854063350756;-6.67698293148654;8020
-3.60866666666667;46.60795;-10.7702106594343;-6.72997455468763;8031
-3.61083333333333;46.6069833333333;-10.7702106594343;-6.72997455468763;8039
-3.61155;46.6066666666667;-10.7702106594343;-6.72997455468763;8052
-3.6132;46.6059333333333;-10.7702106594343;-6.72997455468763;8073
-3.61353333333333;46.6057666666667;-10.7702106594343;-6.72997455468763;8084
-3.61496666666667;46.6051333333333;-10.7702106594343;-6.72997455468763;8101
-3.61643333333333;46.6044833333333;-10.7702106594343;-6.72997455468763;8121
-3.61716666666667;46.6041666666667;-10.7702106594343;-6.72997455468763;8130
-3.6204;46.6027333333333;-10.8550157925546;-6.7829666832591;8171
-3.62526666666667;46.60055;-10.9398201169132;-6.83595830646019;8239
-3.626;46.6002333333333;-10.8550157925546;-6.7829666832591;8249
-3.62743333333333;46.5995666666667;-10.9398201169132;-6.83595830646019;8271
-3.62815;46.59925;-10.9398201169132;-6.83595830646019;8285
-3.62873333333333;46.5989833333333;-10.9398201169132;-6.83595830646019;8291
-3.63016666666667;46.5983333333333;-10.9398201169132;-6.83595830646019;8309
-3.6309;46.598;-10.9398201169132;-6.83595830646019;8319
-3.63163333333333;46.5976666666667;-10.9398201169132;-6.83595830646019;8329
-3.6331;46.5970166666667;-10.9398201169132;-6.83595830646019;8352
-3.63381666666667;46.5967;-10.9398201169132;-6.83595830646019;8358
-3.6355;46.5959333333333;-10.9398201169132;-6.83595830646019;8379
-3.6398;46.5940333333333;-10.9398201169132;-6.83595830646019;8441
-3.64273333333333;46.5927333333333;-11.0246252500335;-6.88895043503167;8483
-3.64418333333333;46.5920833333333;-11.0246252500335;-6.88895043503167;8503
-3.64476666666667;46.5918333333333;-11.0246252500335;-6.88895043503167;8509
-3.64696666666667;46.59085;-11.0246252500335;-6.88895043503167;8539
-3.6477;46.5905166666667;-11.0246252500335;-6.88895043503167;8549
-3.64916666666667;46.5898666666667;-11.0246252500335;-6.88895043503167;8569
-3.6532;46.5881;-11.0246252500335;-6.88895043503167;8620
-3.65523333333333;46.5872166666667;-11.0246252500335;-6.88895043503167;8652
-3.65741666666667;46.58625;-11.0246252500335;-6.88895043503167;8680
-3.66248333333333;46.58405;-11.0246252500335;-6.88895043503167;8750
-3.66491666666667;46.5829833333333;-11.1094303831539;-6.94194256360314;8781
-3.66776666666667;46.5817166666667;-11.0246252500335;-6.88895043503167;8817
-3.6685;46.5813833333333;-11.0246252500335;-6.88895043503167;8831
-3.67131666666667;46.58015;-11.0246252500335;-6.88895043503167;8871
-3.67205;46.5798166666667;-11.1094303831539;-6.94194256360314;8878
-3.67428333333333;46.5788333333333;-11.1094303831539;-6.94194256360314;8908
-3.67675;46.5777833333333;-11.1094303831539;-6.94194256360314;8939
-3.67816666666667;46.5771833333333;-11.1094303831539;-6.94194256360314;8958
-3.68113333333333;46.5759;-11.1094303831539;-6.94194256360314;8999
-3.68246666666667;46.5753;-11.1094303831539;-6.94194256360314;9020
-3.69505;46.5698;-11.0246252500335;-6.88895043503167;9192
-3.6958;46.5694833333333;-11.0246252500335;-6.88895043503167;9201
-3.69728333333333;46.56885;-11.0246252500335;-6.88895043503167;9219
-3.69803333333333;46.5685333333333;-11.0246252500335;-6.88895043503167;9230
-3.69953333333333;46.5678833333333;-11.0246252500335;-6.88895043503167;9250
-3.70056666666667;46.5674333333333;-11.1094303831539;-6.94194256360314;9259
-3.70131666666667;46.5671166666667;-11.0246252500335;-6.88895043503167;9272
-3.7028;46.5664833333333;-11.0246252500335;-6.88895043503167;9292
-3.70561666666667;46.5652833333333;-11.1094303831539;-6.94194256360314;9331
-3.70918333333333;46.56375;-11.1094303831539;-6.94194256360314;9379
-3.71068333333333;46.5631166666667;-11.1094303831539;-6.94194256360314;9399
-3.71381666666667;46.5617833333333;-11.1094303831539;-6.94194256360314;9439
-3.71683333333333;46.5605333333333;-11.1094303831539;-6.94194256360314;9481
-3.71818333333333;46.55995;-11.1094303831539;-6.94194256360314;9498
-3.72285;46.5579833333333;-11.1094303831539;-6.94194256360314;9560
-3.7327;46.5537666666667;-11.1094303831539;-6.94194256360314;9689
-3.76383333333333;46.5406666666667;-11.1094303831539;-6.94194256360314;10110
-3.80395;46.5241166666667;-11.0246252500335;-6.88895043503167;10645
-3.81053333333333;46.5213833333333;-11.0246252500335;-6.88895043503167;10732
-3.81446666666667;46.5197833333333;-11.0246252500335;-6.88895043503167;10784
-3.83186666666667;46.51265;-10.9398201169132;-6.83595830646019;11011
-3.83396666666667;46.5118;-11.0246252500335;-6.88895043503167;11040
-3.83755;46.5103166666667;-10.9398201169132;-6.83595830646019;11093
-3.84;46.5093;-10.9398201169132;-6.83595830646019;11119
-3.8429;46.5081166666667;-10.9398201169132;-6.83595830646019;11160
-3.84721666666667;46.5063333333333;-10.9398201169132;-6.83595830646019;11220
-3.85855;46.5017333333333;-10.9398201169132;-6.83595830646019;11369
-3.8621;46.5002833333333;-10.9398201169132;-6.83595830646019;11418
-3.86285;46.4999833333333;-10.9398201169132;-6.83595830646019;11429
-3.86461666666667;46.49925;-10.9398201169132;-6.83595830646019;11450
-3.877;46.4941333333333;-10.8550157925546;-6.7829666832591;11621
-3.88276666666667;46.4917666666667;-10.8550157925546;-6.7829666832591;11699
-3.88455;46.49105;-10.8550157925546;-6.7829666832591;11722
-3.92616666666667;46.4739833333333;-10.6854063350756;-6.67698293148654;12289
