"x";"y";"vx";"vy";"t"
-4.44976;48.7599366666667;-13.7474870236751;-1.20274926654132;0
-4.46338833333333;48.7589;-13.8471059234571;-1.21146479094517;161
-4.47502;48.7580333333333;-13.8471059234571;-1.21146479094517;273
-4.493365;48.75661;-13.8471059234571;-1.21146479094517;440
-4.50591833333333;48.7556433333333;-13.9467257732844;-1.22018039846722;569
-4.52056666666667;48.754505;-13.9467257732844;-1.22018039846722;753
-4.53296666666667;48.753515;-13.9467257732844;-1.22018039846722;849
-4.55814666666667;48.7514633333333;-13.9467257732844;-1.22018039846722;1129
-4.57155;48.7503683333333;-13.9467257732844;-1.22018039846722;1289
-4.58351;48.7493616666667;-14.0463456231117;-1.22889600598926;1396
-4.595875;48.74831;-13.9467257732844;-1.22018039846722;1501
-4.60766666666667;48.7473233333333;-14.0463456231117;-1.22889600598926;1613
-4.62055833333333;48.7462233333333;-14.0463456231117;-1.22889600598926;1755
-4.63297166666667;48.7451533333333;-14.0463456231117;-1.22889600598926;1889
-4.64534166666667;48.7440833333333;-13.9467257732844;-1.22018039846722;1997
-4.65771666666667;48.7430316666667;-14.0463456231117;-1.22889600598926;2116
-4.66949166666667;48.742005;-14.0463456231117;-1.22889600598926;2290
-4.68193833333333;48.7409;-13.9467257732844;-1.22018039846722;2373
-4.69476333333333;48.73974;-13.9467257732844;-1.22018039846722;2499
-4.70651166666667;48.7387233333333;-13.9467257732844;-1.22018039846722;2629
-4.71941833333333;48.7375916666667;-13.9467257732844;-1.22018039846722;2782
-4.73113;48.736575;-13.9467257732844;-1.22018039846722;2880
-4.74407166666667;48.7354466666667;-14.0463456231117;-1.22889600598926;3019
-4.75641333333333;48.7343733333333;-13.9467257732844;-1.22018039846722;3142
-4.768175;48.7333483333333;-13.9467257732844;-1.22018039846722;3252
-4.78047166666667;48.73228;-13.8471059234571;-1.21146479094517;3407
-4.79214166666667;48.73126;-13.8471059234571;-1.21146479094517;3489
-4.80384333333333;48.73023;-13.9467257732844;-1.22018039846722;3610
-4.816165;48.729155;-13.9467257732844;-1.22018039846722;3767
-4.82786666666667;48.728125;-13.9467257732844;-1.22018039846722;3862
-4.84073166666667;48.7269983333333;-13.9467257732844;-1.22018039846722;3998
-4.85298;48.72591;-13.8471059234571;-1.21146479094517;4119
-4.86521833333333;48.72484;-13.8471059234571;-1.21146479094517;4309
-4.877325;48.7237633333333;-13.7474870236751;-1.20274926654132;4367
-4.88965833333333;48.722705;-13.7474870236751;-1.20274926654132;4491
-4.902145;48.7215833333333;-13.7474870236751;-1.20274926654132;4629
-4.91370833333333;48.7205483333333;-13.7474870236751;-1.20274926654132;4749
-4.92524;48.7195233333333;-13.7474870236751;-1.20274926654132;4911
-4.93762166666667;48.7184716666667;-13.7474870236751;-1.20274926654132;5009
-4.95019;48.7174133333333;-13.7474870236751;-1.20274926654132;5162
-4.96149333333333;48.71646;-13.6478671738479;-1.19403365901928;5252
-4.97371833333333;48.714695;-13.196022247492;-3.29013787244136;5389
-4.984855;48.7127066666667;-13.2930512649119;-3.31432992357251;5513
-4.99685666666667;48.71055;-13.196022247492;-3.29013787244136;5685
-5.00786333333333;48.7085383333333;-13.196022247492;-3.29013787244136;5799
-5.01986166666667;48.7062116666667;-12.6858503806098;-4.61727193489654;5911
-5.03048;48.7034033333333;-12.6097007758009;-5.09464981335748;5992
-5.04209333333333;48.7006583333333;-12.8144833651034;-3.91778073175372;6122
-5.05291166666667;48.698345;-12.910114205501;-3.94701801375695;6269
-5.06365333333333;48.6959266666667;-12.5918807600669;-4.58306979009364;6399
-5.07415166666667;48.6932766666667;-12.5099773589298;-4.80213038720051;6487
-5.08472833333333;48.6905333333333;-12.5099773589298;-4.80213038720051;6602
-5.096115;48.68762;-12.4166198504791;-4.76629379730576;6731
-5.10751833333333;48.6846883333333;-12.5099773589298;-4.80213038720051;6863
-5.11886166666667;48.6817566666667;-12.4166198504791;-4.76629379730576;7024
-5.129345;48.679065;-12.4166198504791;-4.76629379730576;7117
-5.13978333333333;48.6764616666667;-12.3232614516967;-4.73045686564471;7234
-5.15101666666667;48.6735966666667;-12.3232614516967;-4.73045686564471;7367
-5.163135;48.6706316666667;-12.3232614516967;-4.73045686564471;7546
-5.17435666666667;48.6678516666667;-12.229903943246;-4.69462027574996;7659
-5.18550666666667;48.66514;-12.229903943246;-4.69462027574996;7813
-5.19578;48.66238;-11.5830848144488;-5.90187649661411;7899
-5.20568333333333;48.6591633333333;-11.5666138032697;-6.15007765158436;8019
-5.21645833333333;48.655645;-11.5666138032697;-6.15007765158436;8145
-5.229545;48.6513866666667;-11.3900236110624;-6.0561829808488;8306
-5.24013;48.6479616666667;-11.3900236110624;-6.0561829808488;8436
-5.24930333333333;48.644115;-9.8053690180343;-8.22768152658971;8572
-5.25817666666667;48.6398316666667;-9.8053690180343;-8.22768152658971;8689
-5.26766666666667;48.63522;-9.51225390785427;-8.56487188901992;8833
-5.27575333333333;48.629815;-7.34731565365591;-10.1127124296868;8943
-5.28331666666667;48.6240583333333;-7.34731565365591;-10.1127124296868;9069
-5.29066833333333;48.6183483333333;-7.11234759195092;-10.1574850367018;9182
-5.29790666666667;48.6125383333333;-7.28853690420439;-10.0318104216339;9312
-5.30511833333333;48.6067683333333;-7.28853690420439;-10.0318104216339;9447
-5.31182666666667;48.60138;-7.05499027651889;-10.0755703009955;9611
-5.31842666666667;48.5960633333333;-7.22975871530856;-9.9509091851196;9693
-5.325545;48.5903116666667;-7.17097996585703;-9.87000717706661;9829
-5.332685;48.584615;-7.17097996585703;-9.87000717706661;9957
-5.339885;48.578835;-7.22975871530856;-9.9509091851196;10075
-5.34038166666667;48.5784366666667;-7.22975871530856;-9.9509091851196;10103
-5.34753666666667;48.5726233333333;-7.22975871530856;-9.9509091851196;10227
-5.35456666666667;48.5668866666667;-7.28853690420439;-10.0318104216339;10341
-5.361155;48.5614466666667;-7.28853690420439;-10.0318104216339;10489
-5.36787166666667;48.55603;-7.22975871530856;-9.9509091851196;10587
-5.375085;48.550155;-7.22975871530856;-9.9509091851196;10713
-5.38162166666667;48.544785;-7.4023248995573;-9.82321692590934;10852
-5.388635;48.5390466666667;-7.22975871530856;-9.9509091851196;10962
-5.3951;48.533695;-7.17097996585703;-9.87000717706661;11106
-5.40214666666667;48.5279266666667;-7.22975871530856;-9.9509091851196;11229
-5.409225;48.5222683333333;-7.1122017769612;-9.78910594055236;11389
-5.41576333333333;48.5170583333333;-7.28196200971399;-9.66348997622752;11498
-5.42292166666667;48.5116083333333;-7.80710219472038;-8.98104371675213;11618
-5.43004833333333;48.5055683333333;-5.08510546997862;-10.4260112799331;11757
-5.43389666666667;48.4991283333333;-1.76770948479211;-11.1608784371117;11869
-5.43454333333333;48.4925166666667;1.3527497582866;-11.017262661845;12019
-5.43245666666667;48.4858016666667;3.83062554001233;-10.52455717357;12152
-5.42829333333333;48.4796133333333;5.93509565833782;-9.49813851519963;12266
-5.42229333333333;48.4742133333333;7.47907268022512;-8.60368892664074;12402
-5.41325;48.4684016666667;9.32575153748365;-7.55184469259805;12549
-5.40401833333333;48.4644583333333;10.2613822869974;-6.41202329936993;12689
-5.395325;48.4612033333333;10.1145743117766;-6.07744938217436;12816
-5.38554333333333;48.457815;10.757822564635;-5.96315842150004;12929
-5.37461333333333;48.4542066666667;10.757822564635;-5.96315842150004;13061
-5.3647;48.4508666666667;10.6703602602802;-5.91467727453522;13209
-5.35481666666667;48.4476616666667;10.6703602602802;-5.91467727453522;13331
-5.34561;48.4447083333333;10.5828987900276;-5.86619658992087;13449
-5.33554333333333;48.44153;10.77196046447;-5.72755297644327;13573
-5.32678833333333;48.4388266666667;9.97730796771476;-5.30502874902516;13735
-5.318245;48.436205;9.8890128716111;-5.25808141365738;13810
-5.30839166666667;48.4332233333333;9.70827908288823;-5.38138696967453;13960
-5.29902;48.4304366666667;9.7124235214482;-5.1641871906448;14079
-5.290505;48.4279166666667;9.7124235214482;-5.1641871906448;14229
-5.28203833333333;48.42545;9.7124235214482;-5.1641871906448;14312
-5.273505;48.423025;9.62081677853335;-5.33290582270971;14469
-5.26427333333333;48.4203483333333;9.80071861755187;-5.21113452601257;14579
-5.25588833333333;48.4179766666667;9.14150887067769;-5.93656527390049;14697
-5.24792833333333;48.415015;8.73738369355718;-6.34808083686985;14802
-5.23946;48.411665;8.76492671765136;-6.13726775955517;14931
-5.23168833333333;48.408645;8.65648168550419;-6.28930208741832;15109
-5.22328;48.40543;8.57558044898994;-6.23052389852249;15184
-5.21489833333333;48.40226;8.68301198194502;-6.07991044412313;15333
-5.206635;48.3991166666667;8.60109646503442;-6.02255258168598;15443
-5.198945;48.39621;8.60109646503442;-6.02255258168598;15583
-5.19122666666667;48.3931166666667;8.5453998051784;-6.43942063293981;15685
-5.18367333333333;48.389985;8.38567285549657;-6.31905774309651;15859
-5.17553166666667;48.38661;8.30580899983658;-6.25887601120709;15937
-5.16800833333333;48.3835916666667;8.38567285549657;-6.31905774309651;16053
-5.159855;48.38029;8.3529142888335;-6.52601187330819;16211
-5.15231333333333;48.3770933333333;8.46553671115657;-6.37923947498593;16302
-5.14478833333333;48.3737983333333;8.5453998051784;-6.43942063293981;16427
-5.13674;48.3702566666667;8.5453998051784;-6.43942063293981;16559
-5.12872833333333;48.366615;8.38567285549657;-6.31905774309651;16696
-5.12077333333333;48.363135;8.19531153690766;-6.40287910853063;16822
-5.11326;48.35942;7.45980761702089;-6.95638314255662;16987
-5.10541833333333;48.35491;7.91273780372517;-7.64124207504897;17116
-5.09775333333333;48.35019;8.55683816944965;-7.97938068265037;17219
-5.093715;48.3475833333333;8.55683816944965;-7.97938068265037;17310
-5.08653333333333;48.3429766666667;8.70310877027883;-8.115780224582;17428
-5.07792166666667;48.3377716666667;8.70310877027883;-8.115780224582;17565
-5.07054666666667;48.33344;8.41627552675904;-8.1275028018747;17707
-5.06333666666667;48.3290183333333;8.41627552675904;-8.1275028018747;17784
-5.05548666666667;48.3243266666667;8.48370321777167;-7.91118123688671;17924
-5.04698166666667;48.319115;8.62997381860086;-8.04758077881834;18059
-5.03900166666667;48.3142883333333;8.56014334962359;-8.26643434347093;18189
-5.03032666666667;48.3090016666667;8.70310877027883;-8.115780224582;18399
-5.02233833333333;48.3042;8.70310877027883;-8.115780224582;18456
-5.01458166666667;48.2997966666667;9.34574205994015;-7.84200871557377;18589
-5.00590166666667;48.2953383333333;9.87000717706661;-7.17097996585703;18710
-4.99744833333333;48.29145;10.3156481456924;-6.69906023456648;18859
-4.98761166666667;48.2884066666667;11.5353264419683;-3.97193142228011;18954
-4.977115;48.2869633333333;12.0821884316442;-2.78939298805191;19092
-4.96512833333333;48.2856716666667;12.1796258098154;-2.81188817929831;19218
-4.95480666666667;48.284475;12.0821884316442;-2.78939298805191;19380
-4.943575;48.2831516666667;12.1796258098154;-2.81188817929831;19506
-4.93228666666667;48.28176;12.2770631879866;-2.83438337054471;19598
-4.92085333333333;48.2803;12.3744996369261;-2.85687834726107;19753
-4.91037666666667;48.2788783333333;12.3744996369261;-2.85687834726107;19859
-4.89893;48.2776016666667;12.6754314687707;-1.781415718834;20009
-4.88648833333333;48.2766283333333;12.6754314687707;-1.781415718834;20129
-4.875975;48.2759183333333;12.3697938426813;-0.864980247817171;20245
-4.86311;48.2756266666667;12.2831434679547;-0.643732271770498;20384
-4.85201833333333;48.275445;12.2831434679547;-0.643732271770498;20515
-4.82026166666667;48.275155;12.6053359365316;1.54774063800064;20895
-4.80848;48.2776266666667;13.3147912281321;4.32623792124926;21026
-4.7973;48.2801333333333;13.6195545191473;3.64934863467717;21139
-4.77456666666667;48.284525;12.7847807393258;3.66597688493974;21398
-4.76322;48.28709;12.6536286928583;3.39052958957465;21525
-4.73880666666667;48.292585;11.7842948964909;3.15759230088494;21814
-4.72867;48.294655;10.8622573474491;3.11470217330574;21985
-4.71815333333333;48.2970066666667;12.015771199229;3.44546694771249;22090
-4.70723333333333;48.2994116666667;12.015771199229;3.44546694771249;22249
-4.68924833333333;48.3058033333333;8.22880641372365;4.94436571560796;22475
