"x";"y";"vx";"vy";"t"
-5.8895;48.4393333333333;7.5226047365523;16.1322779177944;0
-5.87816666666667;48.4546666666667;7.67149506880885;15.7288958102354;169
-5.87066666666667;48.465;7.43808156785238;15.951017397574;314
-5.86165166666667;48.477455;7.60712871133259;16.3135401666597;469
-5.855315;48.4864616666667;7.89068064220339;16.178292833385;600
-5.84866666666667;48.4958333333333;8.21722821846943;16.1272184277015;736
-5.842;48.5051666666667;7.97835520601185;16.3580523283703;859
-5.83533333333333;48.5145;7.56486672394245;16.2229090422271;1000
-5.82866666666667;48.5238333333333;8.49743546551381;15.9813517675644;1101
-5.822;48.5333333333333;8.26262744162701;16.2163194200123;1219
-5.81516666666667;48.5426666666667;7.89068064220339;16.178292833385;1341
-5.8085;48.5518333333333;7.80300607839493;15.9985333383997;1465
-5.80166666666667;48.5613333333333;7.56486672394245;16.2229090422271;1610
-5.79516666666667;48.5705;7.43808156785238;15.951017397574;1712
-5.78833333333333;48.5798333333333;7.71533235071308;15.8187755577281;1858
-5.78166666666667;48.5888333333333;7.67149506880885;15.7288958102354;1961
-5.77516666666667;48.598;7.39581958046224;15.8603862731414;2090
-5.76916666666667;48.6073333333333;6.59307618702113;16.318436194068;2240
-5.76366666666667;48.6163333333333;6.48069378029313;16.0402799766203;2340
-5.75766666666667;48.6253333333333;7.31129560568195;15.6791240242761;2461
-5.75016666666667;48.6333333333333;10.0503113457876;13.3372136271003;2596
-5.74083333333333;48.641;11.8667712049257;12.7255541291843;2719
-5.73133333333333;48.6481666666667;12.0175892789584;12.444577997046;2835
-5.72172833333333;48.65519;11.5759589795021;12.8564049137844;2970
-5.71133333333333;48.6631666666667;11.7434563686634;13.5093011980888;3079
-5.70116666666667;48.6708333333333;12.139570288789;13.0180953308426;3209
-5.690925;48.6785866666667;12.3649184641879;12.8042478972153;3319
-5.68061;48.6862816666667;11.8436122430579;13.1536639779244;3451
-5.67716666666667;48.6888333333333;12.3649184641879;12.8042478972153;3489
-5.6675;48.696;12.207770384957;13.0912309799939;3609
-5.65733333333333;48.7036666666667;11.776698927169;13.0793492118894;3739
-5.64766666666667;48.711;11.2019024805538;13.8331975210188;3866
-5.6385;48.7191666666667;9.84179531440031;14.5910615932215;3992
-5.62992333333333;48.7275466666667;10.0375876361433;14.3351607750574;4103
-5.621655;48.7356333333333;9.74903851900568;15.0122028462957;4239
-5.61316666666667;48.744;10.2862419151183;14.1577974015616;4355
-5.60483333333333;48.752;9.95363325514897;14.7568681589743;4481
-5.59580833333333;48.759305;13.6777692181003;11.0760391225438;4599
-5.58383333333333;48.7656666666667;13.9150929204801;10.1099067878751;4708
-5.57216666666667;48.7713333333333;14.3351607750574;10.0375876361433;4831
-5.55983333333333;48.7775;15.0960702230176;9.80350263027049;4959
-5.54798;48.78338;13.8962575701676;10.4715811732714;5124
-5.5365;48.789;13.7617537190916;9.63608369309348;5228
-5.52466666666667;48.7946666666667;13.6723868963211;9.93357053952052;5331
-5.51266666666667;48.8006666666667;13.597924247679;9.52136906222941;5449
-5.50133333333333;48.8061666666667;13.4340932138578;9.40665333735511;5578
-5.49033333333333;48.8115;13.0245171917133;9.11986511917959;5740
-5.47916666666667;48.8166666666667;13.5160087307684;9.46401119979226;5813
-5.46733333333333;48.8223333333333;13.7617537190916;9.63608369309348;5967
-5.45616666666667;48.828;14.0107346599275;9.45035985534046;6068
-5.4435;48.8343333333333;14.425253446205;9.72995630707583;6205
-5.43166666666667;48.8405;13.7532889043741;9.99234928897204;6317
-5.42033333333333;48.8461666666667;13.5160087307684;9.46401119979226;6457
-5.40916666666667;48.8515;13.6798397645896;9.57872692466656;6561
-5.3975;48.8571666666667;14.0075002698235;9.80815728040494;6699
-5.38533333333333;48.8628333333333;13.7617537190916;9.63608369309348;6832
-5.37316666666667;48.8683333333333;13.597924247679;9.52136906222941;6951
-5.36116666666667;48.8733333333333;14.4312251678;7.99935873406456;7077
-5.35816666666667;48.8745;14.3437628634451;7.95087758709974;7087
-5.34566666666667;48.8795;14.4626249039251;8.35000038146973;7221
-5.33316666666667;48.8845;14.1162134209614;8.14999961853028;7341
-5.3215;48.8891666666667;14.2894191624432;8.25;7460
-5.30866666666667;48.8941666666667;14.6358289935945;8.44999980926514;7585
-5.29633333333333;48.8993333333333;14.8090347350764;8.55000019073487;7728
-5.28333333333333;48.9045;14.8956376058173;8.60000038146973;7849
-5.2705;48.9098333333333;15.3286503077095;8.85000038146973;7984
-5.25744;48.915045;15.4807694836492;8.58113064824055;8106
-5.2445;48.9203333333333;14.7432782260431;8.8586552813958;8245
-5.23233333333333;48.9253333333333;14.1432604615849;8.4981282360159;8331
-5.22;48.9303333333333;14.0575434045313;8.44662423205346;8483
-5.20833333333333;48.9351666666667;14.5492261228536;8.39999961853028;8608
-5.19566666666667;48.9401666666667;14.4626249039251;8.35000038146973;8709
-5.1835;48.9451666666667;14.2289775186384;8.54963223997834;8819
-5.17066666666667;48.9503333333333;14.5492261228536;8.39999961853028;8949
-5.15916666666667;48.9548333333333;14.6061497765098;8.09632102799422;9064
-5.146;48.96;14.8685350213697;8.24176354418773;9220
-5.1335;48.965;14.9559973257246;8.29024469115256;9338
-5.117;48.9715;14.6061497765098;8.09632102799422;9497
-5.09683333333333;48.9796666666667;13.992793586581;8.74366785984788;9700
-5.07383333333333;48.9886666666667;14.1688399229401;7.85391621787105;9929
-5.062;48.9931666666667;14.1688399229401;7.85391621787105;10037
-5.04183333333333;49.0008333333333;13.9718263474777;8.39512022809102;10266
-5.02716666666667;49.0063333333333;14.2894191624432;8.25;10410
-5.01533333333333;49.0108333333333;14.0813776185852;7.80543507090622;10521
-5.0035;49.0153333333333;14.1688399229401;7.85391621787105;10657
-4.99783333333333;49.0173333333333;14.3437628634451;7.95087758709974;10697
-4.98433333333333;49.0225;14.656930378276;7.79322812133498;10850
-4.97183333333333;49.0271666666667;14.2894191624432;8.25;10949
-4.95766666666667;49.0325;14.3760220331842;8.30000019073487;11100
-4.94466666666667;49.0373333333333;14.2563005590903;7.90239644013491;11217
-4.925;49.0446666666667;14.5186874721549;8.04783988102939;11415
