"x";"y";"vx";"vy";"t"
-5.75876833333333;48.33325;-0.36993467835961;10.5935431476398;0
-5.76627666666667;48.397695;0.533826743695736;10.1860210640232;1354
-5.76805833333333;48.526175;2.40697623857335;10.4257595073557;3938
-5.75562166666667;48.569865;2.54017990379651;10.188105125898;4826
-5.75155333333333;48.5783366666667;4.77824533277562;9.7968547617982;5008
-5.74686166666667;48.5841283333333;4.85769826062133;9.53376963886953;5163
-5.74231666666667;48.5900133333333;4.7344084689347;9.70697587146236;5298
-5.73798833333333;48.59549;5.04201986562171;9.09604462060878;5399
-5.73506166666667;48.59966;5.18746284416571;9.35843069957106;5537
-5.72939333333333;48.6069666666667;5.13009273364869;10.0683738932746;5658
-5.72490166666667;48.613025;4.95359404232924;10.1563728946119;5767
-5.71736666666667;48.6229683333333;5.56415227444865;8.90450500964247;5987
-5.71319666666667;48.6285966666667;5.1641871906448;9.7124235214482;6119
-5.708145;48.6355016666667;4.82208261467985;9.88673450929084;6269
-5.70366333333333;48.641385;5.77611977799378;9.24372392460037;6388
-5.69855166666667;48.647765;5.13009273364869;10.0683738932746;6532
-5.69365666666667;48.6543266666667;5.0392947202926;9.8901727583829;6679
-5.68873333333333;48.66081;5.1641871906448;9.7124235214482;6808
-5.68429333333333;48.66633;5.38138696967453;9.70827908288823;6963
-5.67931666666667;48.6727383333333;5.33290582270971;9.62081677853335;7080
-5.67023666666667;48.6847466666667;5.6654188240106;9.42884030772324;7351
-5.66067166666667;48.6977;5.52682948586805;9.97066432774817;7608
-5.64403833333333;48.7200466666667;5.69999980926514;9.87268927278013;8079
-5.62587;48.7443383333333;5.35197563666997;10.065602221774;8598
-5.61350833333333;48.75946;6.70075165191191;9.22279342725891;8910
-5.59865;48.7715233333333;8.62997381860086;8.04758077881835;9203
-5.59108;48.77651;8.48370321777167;7.91118123688671;9332
-5.57791833333333;48.7836916666667;9.61683615789122;6.48663789357583;9552
-5.56922666666667;48.7877933333333;10.045895014262;5.80000019073486;9682
-5.56036666666667;48.79155;9.7525531057989;6.09407153868186;9830
-5.54911166666667;48.7961633333333;9.5358341712853;5.07029296763222;9979
-5.54055166666667;48.799555;9.60027360437197;5.76842634075689;10127
-5.53086333333333;48.8034816666667;9.81244548499774;6.37227660579417;10244
-5.52166833333333;48.80722;10.2190999298376;5.90000009536743;10378
-5.51238;48.8109266666667;10.0069676963982;6.2530474190259;10498
-5.50244666666667;48.8149666666667;10.3057019746723;5.94999980926514;10668
-5.49267;48.818765;10.4187817641442;5.53976453041811;10818
-5.48369;48.8222683333333;9.61683615789122;6.48663789357583;10916
-5.47259166666667;48.82672;9.87268927278013;5.69999980926514;11069
-5.460775;48.8315066666667;10.2190999298376;5.90000009536743;11267
-5.45086;48.8355;9.98017943862311;6.48120430891552;11408
-5.44157666666667;48.839195;10.1324970590967;5.84999990463257;11521
-5.42053333333333;48.8474316666667;9.96938565740315;4.64880087914769;11832
-5.41099166666667;48.8513283333333;9.94314101512788;5.97444186542806;11976
-5.393985;48.8582016666667;10.028857254723;6.02594537821192;12190
-5.37108833333333;48.8673516666667;9.70827908288823;5.38138696967454;12518
-5.36430666666667;48.870005;9.69948435720448;5.59999990463257;12641
-5.15168166666667;48.9546133333333;10.4789077161542;6.05000019073487;15517
