"x";"y";"vx";"vy";"t"
-5.92077333333333;48.3706916666667;4.60766117046626;11.4043615880178;0
-5.91352166666667;48.37894;4.53273992323361;11.2189249939507;171
-5.88398333333333;48.414405;4.72784680377231;11.1381090779193;891
-5.873255;48.4270866666667;4.13844386471092;11.3702810699738;1150
-5.868605;48.4331016666667;3.90681785348588;11.3462229071918;1274
-5.86403;48.439105;4.3720889160994;11.3896810251995;1392
-5.862405;48.44114;4.53273992323361;11.2189249939507;1434
-5.86204833333333;48.4415883333333;4.33625232620466;11.2963235167488;1443
-5.861635;48.4420766666667;4.33625232620466;11.2963235167488;1453
-5.86125333333333;48.4425116666667;4.3004153945436;11.2029651179664;1461
-5.85956833333333;48.444515;3.93937479312599;11.4407751254384;1507
-5.85844166666667;48.44595;3.70820393249937;11.4126781955418;1531
-5.85759333333333;48.4470466666667;3.50846045667284;11.4756570715564;1554
-5.85691;48.4480033333333;3.50846045667284;11.4756570715564;1576
-5.85660333333333;48.4484616666667;3.50846045667284;11.4756570715564;1582
-5.85590333333333;48.4494733333333;3.70820393249937;11.4126781955418;1605
-5.85515333333333;48.450545;3.70820393249937;11.4126781955418;1624
-5.85289;48.453555;3.73910574981749;11.5077842099706;1684
-5.85221;48.4544533333333;3.73910574981749;11.5077842099706;1701
-5.85143166666667;48.455525;3.73910574981749;11.5077842099706;1721
-5.85030833333333;48.4571083333333;3.80090908975217;11.69799533183;1756
-5.84993666666667;48.4576183333333;3.80090908975217;11.69799533183;1767
-5.84806666666667;48.4601966666667;4.4437624376552;11.5763969324326;1811
-5.84730666666667;48.4611666666667;4.4437624376552;11.5763969324326;1830
-5.84607;48.4627566666667;4.6825824176989;11.5897981820848;1863
-5.84565666666667;48.4632666666667;4.6825824176989;11.5897981820848;1871
-5.84484;48.4642283333333;4.6825824176989;11.5897981820848;1891
-5.84354666666667;48.4658183333333;4.72004321994157;11.6825169212341;1922
-5.84313;48.4663316666667;4.72004321994157;11.6825169212341;1938
-5.84229833333333;48.4673616666667;4.72004321994157;11.6825169212341;1952
-5.84187833333333;48.4678783333333;4.72004321994157;11.6825169212341;1964
-5.84145833333333;48.4683966666667;4.75750366493155;11.7752347761519;1973
-5.84061;48.4694316666667;4.75750366493155;11.7752347761519;1991
-5.840255;48.4698366666667;4.75750366493155;11.7752347761519;2002
-5.83974166666667;48.4704566666667;4.75750366493155;11.7752347761519;2012
-5.83712;48.4735166666667;4.34365575500083;11.9340961047489;2073
-5.83668833333333;48.4740316666667;4.34365575500083;11.9340961047489;2081
-5.83585666666667;48.47507;4.34365575500083;11.9340961047489;2102
-5.83513;48.4760083333333;4.10215887035457;11.9135344132381;2122
-5.83382666666667;48.47767;3.92451576962152;12.0784175755488;2151
-5.83049333333333;48.4824566666667;3.92451576962152;12.0784175755488;2244
-5.82973166666667;48.4835233333333;4.13471549950869;12.008085729768;2264
-5.82892833333333;48.4845766666667;3.92451576962152;12.0784175755488;2283
-5.827765;48.486165;3.92451576962152;12.0784175755488;2319
-5.82638666666667;48.488195;4.13471549950869;12.008085729768;2350
-5.82437;48.4909533333333;4.55127289087205;11.8564712384481;2403
-5.82407333333333;48.4913866666667;4.83242491216419;11.960671370219;2410
-5.82313333333333;48.49253;4.75750366493155;11.7752347761519;2433
-5.82280166666667;48.4929516666667;4.79496446717421;11.8679535153012;2440
-5.82184;48.4940816666667;4.55127289087205;11.8564712384481;2461
-5.821515;48.4945033333333;4.55127289087205;11.8564712384481;2471
-5.82108666666667;48.4950216666667;4.55127289087205;11.8564712384481;2481
-5.81933;48.4972083333333;4.51543630097731;11.7631137299974;2521
-5.81899333333333;48.497625;4.34365575500083;11.9340961047489;2534
-5.81778166666667;48.4992016666667;4.13471549950869;12.008085729768;2560
-5.81687666666667;48.5003466666667;3.92451576962152;12.0784175755488;2582
-5.81618;48.5012983333333;3.92451576962152;12.0784175755488;2608
-5.81571;48.50193;3.89361424700497;11.9833124681182;2615
-5.815005;48.5029466666667;4.13471549950869;12.008085729768;2634
-5.81457833333333;48.50353;4.13471549950869;12.008085729768;2650
-5.81380833333333;48.5045833333333;3.89361424700497;11.9833124681182;2661
-5.81311833333333;48.50554;3.92451576962152;12.0784175755488;2684
-5.81230166666667;48.506715;3.92451576962152;12.0784175755488;2704
-5.81193;48.5072466666667;3.71312059421328;12.1450702183299;2712
-5.811555;48.5077816666667;3.92451576962152;12.0784175755488;2723
-5.811255;48.50821;3.92451576962152;12.0784175755488;2735
-5.81088833333333;48.50875;3.92451576962152;12.0784175755488;2741
-5.81049166666667;48.509345;4.1672724391488;12.1026379480146;2753
-5.810075;48.509935;4.1672724391488;12.1026379480146;2764
-5.809015;48.5114366666667;4.19982906830293;12.1971892645445;2792
-5.80858666666667;48.512025;4.37785789980372;12.0280657252918;2801
-5.806995;48.5142116666667;4.58710982253311;11.9498296372305;2841
-5.80496;48.5168616666667;5.04043140845953;11.8745122583917;2892
-5.80415833333333;48.5177933333333;4.79496446717421;11.8679535153012;2913
-5.80367833333333;48.518365;4.79496446717421;11.8679535153012;2922
-5.80282833333333;48.5194033333333;4.83242491216419;11.960671370219;2944
-5.80236333333333;48.5199783333333;4.83242491216419;11.960671370219;2952
-5.801935;48.5204983333333;4.62294641242785;12.0431871456812;2968
-5.80111333333333;48.5214866666667;4.62294641242785;12.0431871456812;2981
-5.80069;48.52201;4.62294641242785;12.0431871456812;2997
-5.799805;48.5231116666667;4.37785789980372;12.0280657252918;3012
-5.79907166666667;48.52407;4.4120597184308;12.1220344496739;3030
-5.79859833333333;48.5246483333333;4.4120597184308;12.1220344496739;3041
-5.79775333333333;48.5257016666667;4.1672724391488;12.1026379480146;3062
-5.79732;48.5262883333333;3.98631910955619;12.2686286974082;3072
-5.79691833333333;48.526815;3.98631910955619;12.2686286974082;3081
-5.79660166666667;48.5272366666667;3.71312059421328;12.1450702183299;3090
-5.79617666666667;48.5278216666667;3.74235787621651;12.2407010587275;3107
-5.79542;48.5288866666667;3.71312059421328;12.1450702183299;3121
-5.79474166666667;48.5299083333333;3.71312059421328;12.1450702183299;3142
-5.79438333333333;48.5304466666667;3.92451576962152;12.0784175755488;3150
-5.79401;48.5309816666667;3.92451576962152;12.0784175755488;3162
-5.79355333333333;48.5316233333333;3.92451576962152;12.0784175755488;3171
-5.79322166666667;48.5321066666667;3.92451576962152;12.0784175755488;3180
-5.79278666666667;48.53269;3.92451576962152;12.0784175755488;3197
-5.79248;48.5331133333333;3.92451576962152;12.0784175755488;3205
-5.79210833333333;48.53365;3.92451576962152;12.0784175755488;3210
-5.79128666666667;48.5348266666667;4.13471549950869;12.008085729768;3231
-5.79094;48.5353033333333;4.13471549950869;12.008085729768;3241
-5.790525;48.53589;4.34365575500083;11.9340961047489;3252
-5.79022666666667;48.5363166666667;4.55127289087205;11.8564712384481;3261
-5.78983666666667;48.5368466666667;4.75750366493155;11.7752347761519;3274
-5.789445;48.5373766666667;4.75750366493155;11.7752347761519;3281
-5.78892;48.5379966666667;4.75750366493155;11.7752347761519;3291
-5.788485;48.538515;4.79496446717421;11.8679535153012;3309
-5.78772666666667;48.5394516666667;4.55127289087205;11.8564712384481;3321
-5.78731166666667;48.539975;4.75750366493155;11.7752347761519;3332
-5.7864;48.5410616666667;4.79496446717421;11.8679535153012;3351
-5.78591166666667;48.5416283333333;4.75750366493155;11.7752347761519;3364
-5.78511833333333;48.54256;4.62294641242785;12.0431871456812;3381
-5.78427333333333;48.5436083333333;4.62294641242785;12.0431871456812;3400
-5.783805;48.5441833333333;4.62294641242785;12.0431871456812;3411
-5.78332666666667;48.5447566666667;4.62294641242785;12.0431871456812;3423
-5.78294333333333;48.545225;4.58710982253311;11.9498296372305;3434
-5.78256166666667;48.5456916666667;4.55127289087205;11.8564712384481;3448
-5.78214666666667;48.546215;4.55127289087205;11.8564712384481;3453
-5.78125;48.5473083333333;4.34365575500083;11.9340961047489;3471
-5.78040333333333;48.5483466666667;4.34365575500083;11.9340961047489;3491
-5.78002;48.5488116666667;4.13471549950869;12.008085729768;3501
-5.779605;48.5493316666667;3.92451576962152;12.0784175755488;3511
-5.779205;48.5498533333333;3.92451576962152;12.0784175755488;3522
-5.77802166666667;48.5514716666667;3.86271242968684;11.8882064536894;3551
-5.77760166666667;48.552045;3.89361424700497;11.9833124681182;3564
-5.77607166666667;48.5541283333333;3.65464630903421;11.9538094495379;3602
-5.77395333333333;48.5572333333333;3.83181061236872;11.7931004392606;3661
-5.77318;48.5583416666667;3.86271242968684;11.8882064536894;3681
-5.7729;48.5587633333333;4.06960193071446;11.8189821949915;3706
-5.77205666666667;48.5599083333333;4.06960193071446;11.8189821949915;3713
-5.77171;48.5603783333333;4.06960193071446;11.8189821949915;3730
-5.77060666666667;48.5618883333333;4.27525179157086;11.7461577598239;3750
-5.76973333333333;48.5630216666667;4.47959936931625;11.669755331215;3771
-5.768925;48.56405;4.51543630097731;11.7631137299974;3792
-5.76852;48.5645683333333;4.51543630097731;11.7631137299974;3805
-5.76812166666667;48.56509;4.51543630097731;11.7631137299974;3812
-5.76781666666667;48.5655083333333;4.51543630097731;11.7631137299974;3820
-5.76731;48.5661216666667;4.51543630097731;11.7631137299974;3838
-5.76649166666667;48.567145;4.47959936931625;11.669755331215;3852
-5.764025;48.57024;4.30945393637376;11.8401273803667;3912
-5.76319833333333;48.5713366666667;4.30945393637376;11.8401273803667;3933
-5.762905;48.5716966666667;4.51543630097731;11.7631137299974;3940
-5.762025;48.57278;4.30945393637376;11.8401273803667;3961
-5.759945;48.5754;4.06960193071446;11.8189821949915;4011
-5.75915;48.5764233333333;3.86271242968684;11.8882064536894;4033
-5.75729166666667;48.5789716666667;3.83181061236872;11.7931004392606;4081
-5.75654;48.58001;4.06960193071446;11.8189821949915;4101
-5.75613333333333;48.5805783333333;4.03704499107435;11.7244299767448;4112
-5.75576333333333;48.5811016666667;3.86271242968684;11.8882064536894;4121
-5.75431166666667;48.58315;4.47959936931625;11.669755331215;4161
-5.75305166666667;48.5847283333333;4.6825824176989;11.5897981820848;4195
-5.75094;48.587265;4.47959936931625;11.669755331215;4243
-5.74968;48.5887883333333;4.47959936931625;11.669755331215;4272
-5.74884666666667;48.5898083333333;4.47959936931625;11.669755331215;4292
-5.748425;48.590315;4.51543630097731;11.7631137299974;4308
-5.74763333333333;48.591285;4.51543630097731;11.7631137299974;4321
-5.746345;48.592875;4.51543630097731;11.7631137299974;4351
-5.74469333333333;48.5949316666667;4.51543630097731;11.7631137299974;4392
-5.73552;48.606945;3.86271242968684;11.8882064536894;4624
-5.72263;48.6233216666667;4.47959936931625;11.669755331215;4943
-5.70249166666667;48.647155;4.20684782814089;11.5582194148988;5411
-5.70167166666667;48.6481766666667;4.24104964676796;11.652188139281;5431
-5.69142333333333;48.6595683333333;4.6825824176989;11.5897981820848;5661
-5.69087333333333;48.660155;4.64512161545623;11.4970794429356;5671
-5.69040666666667;48.6606433333333;4.4437624376552;11.5763969324326;5681
-5.68953666666667;48.6615883333333;4.24104964676796;11.652188139281;5702
-5.68906;48.6621416666667;4.47959936931625;11.669755331215;5711
-5.68863333333333;48.66264;4.47959936931625;11.669755331215;5721
-5.6882;48.66314;4.4437624376552;11.5763969324326;5731
-5.68734666666667;48.6641416666667;4.64512161545623;11.4970794429356;5752
-5.68647833333333;48.665145;4.60766117046626;11.4043615880178;5772
-5.68604166666667;48.6656466666667;4.60766117046626;11.4043615880178;5789
-5.68560333333333;48.6661466666667;4.6825824176989;11.5897981820848;5800
-5.68470333333333;48.6671383333333;4.88413910611592;11.5063106681555;5811
-5.68434;48.6675366666667;4.88413910611592;11.5063106681555;5823
-5.68164666666667;48.6704983333333;5.28272827175874;11.3288473379581;5880
-5.68013333333333;48.6719916666667;5.5234766167677;11.3248053262322;5914
-5.67868333333333;48.6733866666667;5.5234766167677;11.3248053262322;5940
-5.67807166666667;48.6739583333333;5.32499025914889;11.4194784623908;5954
-5.67758666666667;48.6744416666667;5.28272827175874;11.3288473379581;5962
-5.67512833333333;48.6768333333333;5.0842080384475;11.4193182205325;6012
-5.67464333333333;48.677315;4.92321236801695;11.5983615046455;6024
-5.67416;48.6777916666667;4.88413910611592;11.5063106681555;6033
-5.67286666666667;48.6791633333333;4.8450658442149;11.4142598316655;6060
-5.67182833333333;48.680235;4.6825824176989;11.5897981820848;6081
-5.67090333333333;48.6812233333333;4.6825824176989;11.5897981820848;6101
-5.669595;48.68266;4.64512161545623;11.4970794429356;6130
-5.66864666666667;48.6836983333333;4.6825824176989;11.5897981820848;6153
-5.66739666666667;48.6850883333333;4.6825824176989;11.5897981820848;6185
-5.66690166666667;48.6856366666667;4.6825824176989;11.5897981820848;6192
-5.66552666666667;48.6871783333333;4.6825824176989;11.5897981820848;6223
-5.66507166666667;48.68767;4.8450658442149;11.4142598316655;6231
-5.66465666666667;48.6881083333333;4.8450658442149;11.4142598316655;6243
-5.66370666666667;48.6891466666667;4.6825824176989;11.5897981820848;6262
-5.66324833333333;48.68964;4.88413910611592;11.5063106681555;6279
-5.66280166666667;48.690135;4.8450658442149;11.4142598316655;6287
-5.66240666666667;48.6905866666667;4.88413910611592;11.5063106681555;6299
-5.660995;48.692115;5.04353421898221;11.3279633262783;6322
-5.66053333333333;48.6926016666667;5.04353421898221;11.3279633262783;6335
-5.65874;48.6944483333333;5.04353421898221;11.3279633262783;6371
-5.65819333333333;48.6950333333333;5.0028607874112;11.236609303249;6382
-5.65771666666667;48.695515;5.04353421898221;11.3279633262783;6395
-5.65728166666667;48.695945;5.2404662843686;11.2382162135255;6401
-5.65632166666667;48.6969066666667;5.2404662843686;11.2382162135255;6420
-5.65482333333333;48.6984016666667;5.0842080384475;11.4193182205325;6455
-5.653485;48.69975;5.2404662843686;11.2382162135255;6482
-5.652985;48.700225;5.2404662843686;11.2382162135255;6492
-5.65241;48.7008033333333;5.2404662843686;11.2382162135255;6513
-5.65147833333333;48.70171;5.0842080384475;11.4193182205325;6521
-5.65056333333333;48.7026266666667;4.88413910611592;11.5063106681555;6543
-5.65;48.7032066666667;4.88413910611592;11.5063106681555;6552
-5.64866666666667;48.7046333333333;4.88413910611592;11.5063106681555;6582
-5.64817;48.70516;4.8450658442149;11.4142598316655;6592
-5.64725;48.7061333333333;4.8450658442149;11.4142598316655;6612
-5.64678833333333;48.706625;4.88413910611592;11.5063106681555;6623
-5.64446666666667;48.7090933333333;4.8450658442149;11.4142598316655;6672
-5.64402166666667;48.709595;4.88413910611592;11.5063106681555;6683
-5.64363333333333;48.7100466666667;4.88413910611592;11.5063106681555;6691
-5.64313833333333;48.710595;4.88413910611592;11.5063106681555;6705
-5.64268833333333;48.7110916666667;4.88413910611592;11.5063106681555;6711
-5.641815;48.7120333333333;4.88413910611592;11.5063106681555;6732
-5.64086166666667;48.7130133333333;4.72004321994157;11.6825169212341;6751
-5.64030666666667;48.7136083333333;4.72004321994157;11.6825169212341;6762
-5.6399;48.71406;4.88413910611592;11.5063106681555;6774
-5.63907;48.7149566666667;4.88413910611592;11.5063106681555;6790
-5.638505;48.7155533333333;4.92321236801695;11.5983615046455;6803
-5.629705;48.725615;4.6825824176989;11.5897981820848;7003
-5.62836333333333;48.7271233333333;5.1248818579128;11.5106731147867;7033
-5.627445;48.7281166666667;5.32499025914889;11.4194784623908;7054
-5.62649333333333;48.7290983333333;5.36725184349885;11.510108722501;7071
-5.625525;48.7300783333333;5.32499025914889;11.4194784623908;7091
-5.62503833333333;48.7305666666667;5.36725184349885;11.510108722501;7105
-5.624555;48.7310583333333;5.1248818579128;11.5106731147867;7111
-5.62412833333333;48.7315;5.32499025914889;11.4194784623908;7123
-5.61374666666667;48.7429983333333;3.65464630903421;11.9538094495379;7354
-5.61113166666667;48.7465633333333;3.80090908975217;11.69799533183;7421
-5.58914833333333;48.77221;6.34999990463257;10.9985224628811;7938
-5.588675;48.77263;6.34999990463257;10.9985224628811;7944
-5.58762833333333;48.7735766666667;6.34999990463257;10.9985224628811;7962
-5.57107833333333;48.7887616666667;7.1017497674209;10.5287770133227;8282
-5.57057833333333;48.78917;7.04583079704658;10.4458737304463;8292
-5.56828333333333;48.7909816666667;7.81890061920775;10.0077364205042;8335
-5.56762666666667;48.791465;8.05530112547126;9.94746845487806;8343
-5.56701833333333;48.7919033333333;7.9923688462996;9.8697535622747;8351
-5.56640166666667;48.7923316666667;8.29195991975234;9.88197302401205;8369
-5.56577333333333;48.79276;8.39755569621182;9.66028277080091;8375
-5.56512666666667;48.79318;8.46316122371088;9.7357532969749;8382
-5.56454666666667;48.7935483333333;8.6317845667762;9.58656796517113;8391
-5.55762166666667;48.7975083333333;8.86597868081248;9.50759812104922;8490
-5.55482833333333;48.7990583333333;8.86597868081248;9.50759812104922;8534
-5.55421166666667;48.7994133333333;8.86597868081248;9.50759812104922;8542
-5.553455;48.7998516666667;8.86597868081248;9.50759812104922;8552
-5.55135166666667;48.801015;8.69869788266516;9.66088273120613;8584
-5.549955;48.801785;8.69869788266516;9.66088273120613;8603
-5.549265;48.8021716666667;8.69869788266516;9.66088273120613;8614
-5.54857666666667;48.8025683333333;8.69869788266516;9.66088273120613;8622
-5.547885;48.8029633333333;8.76561119855411;9.73519749724112;8631
-5.54582333333333;48.804145;8.35623892592501;9.95857776054671;8663
-5.54515166666667;48.8045483333333;8.35623892592501;9.95857776054671;8671
-5.54447166666667;48.804945;8.35623892592501;9.95857776054671;8687
-5.543875;48.8053083333333;8.18116508364789;10.1028974989406;8695
-5.54181333333333;48.8065783333333;7.94203279684478;10.1653384209245;8721
-5.54117166666667;48.8069966666667;7.81890061920775;10.0077364205042;8733
-5.53996333333333;48.807795;7.88046700159653;10.0865377964672;8753
-5.53925333333333;48.8082466666667;8.05530112547126;9.94746845487806;8764
-5.536075;48.8102666666667;8.11823280447623;10.0251826063373;8813
-5.53487;48.8110766666667;8.05530112547126;9.94746845487806;8832
-5.53410166666667;48.8115816666667;8.29195991975234;9.88197302401205;8843
-5.53345333333333;48.8119966666667;8.46316122371088;9.7357532969749;8850
-5.532795;48.8124066666667;8.46316122371088;9.7357532969749;8865
-5.53220166666667;48.8127783333333;8.29195991975234;9.88197302401205;8874
-5.53149666666667;48.8132416666667;8.39755569621182;9.66028277080091;8887
-5.53094166666667;48.81355;8.6317845667762;9.58656796517113;8892
-5.52950166666667;48.8144533333333;8.6317845667762;9.58656796517113;8914
-5.52883166666667;48.8148566666667;8.7977785846445;9.434462471898;8928
-5.52821333333333;48.8152116666667;8.7977785846445;9.434462471898;8933
-5.52540166666667;48.81683;8.86597868081248;9.50759812104922;8971
-5.52470833333333;48.8172216666667;8.86597868081248;9.50759812104922;8984
-5.52124166666667;48.819175;8.86597868081248;9.50759812104922;9032
-5.51993;48.819925;8.69869788266516;9.66088273120613;9050
-5.519165;48.820355;8.69869788266516;9.66088273120613;9062
-5.517185;48.8215016666667;8.6317845667762;9.58656796517113;9090
-5.51380166666667;48.8234183333333;8.29195991975234;9.88197302401205;9142
-5.513065;48.8238533333333;8.29195991975234;9.88197302401205;9153
-5.51232;48.8242933333333;8.35623892592501;9.95857776054671;9166
-5.50635166666667;48.8278983333333;8.05530112547126;9.94746845487806;9252
-5.50512333333333;48.828685;8.22768152658971;9.8053690180343;9272
-5.504415;48.8291333333333;8.46316122371088;9.7357532969749;9289
-5.50313166666667;48.8299583333333;8.7977785846445;9.434462471898;9306
-5.50185;48.830705;9.13561532709769;8.8221611723337;9321
-5.49130166666667;48.835245;11.2583302491977;6.5;9462
-5.4878;48.8362983333333;11.2583302491977;6.5;9504
-5.48273333333333;48.8377016666667;11.1431749091275;6.69549497383071;9568
-5.47277666666667;48.8407133333333;10.3822616306148;7.82359530097663;9683
-5.46957833333333;48.8417783333333;9.94746845487805;8.05530112547126;9724
-5.468945;48.8420166666667;10.0251826063373;8.11823280447623;9731
-5.46799666666667;48.8423616666667;9.88197302401205;8.29195991975234;9743
-5.46646;48.8429766666667;9.8053690180343;8.22768152658971;9762
-5.46570166666667;48.84329;9.72876428149964;8.16340252041704;9772
-5.464335;48.84385;9.8053690180343;8.22768152658971;9792
-5.461835;48.8448783333333;9.94746845487805;8.05530112547126;9822
-5.46114666666667;48.8451616666667;10.0251826063373;8.11823280447623;9831
-5.45731166666667;48.8467483333333;10.4363189188213;7.58242953035062;9883
-5.45413333333333;48.8479266666667;10.6489765757569;7.4564936725636;9922
-5.45333833333333;48.8482133333333;10.5670610588463;7.39913581012645;9934
-5.44858166666667;48.849875;10.4363189188213;7.58242953035062;9997
-5.44542833333333;48.850985;10.5172209268743;7.64120827980215;10032
-5.44462166666667;48.8512616666667;10.5172209268743;7.64120827980215;10043
-5.443745;48.851575;10.3023977749548;7.76341356908721;10051
-5.44207166666667;48.8521866666667;10.3822616306148;7.82359530097663;10072
-5.44143166666667;48.8524166666667;10.2441397968874;8.00359917923356;10080
-5.44064;48.85271;10.2441397968874;8.00359917923356;10098
-5.43827166666667;48.8536083333333;10.3822616306148;7.82359530097663;10122
-5.436695;48.8541983333333;10.2441397968874;8.00359917923356;10142
-5.43504166666667;48.8548266666667;10.2441397968874;8.00359917923356;10164
-5.43418166666667;48.8551616666667;10.1028974989406;8.18116508364789;10176
-5.43356333333333;48.8554133333333;10.0251826063373;8.11823280447623;10182
-5.43200166666667;48.85603;10.1028974989406;8.18116508364789;10202
-5.43113166666667;48.856365;10.1028974989406;8.18116508364789;10212
-5.430435;48.8566533333333;9.88197302401205;8.29195991975234;10220
-5.429495;48.8570216666667;10.1028974989406;8.18116508364789;10237
-5.428725;48.857335;9.88197302401205;8.29195991975234;10243
-5.42803833333333;48.8576266666667;10.1028974989406;8.18116508364789;10252
-5.42726333333333;48.8579433333333;10.1028974989406;8.18116508364789;10267
-5.42485833333333;48.85892;10.1028974989406;8.18116508364789;10292
-5.42415666666667;48.8592033333333;10.1028974989406;8.18116508364789;10303
-5.42097;48.8605016666667;10.2441397968874;8.00359917923356;10347
-5.42019;48.8608116666667;10.2441397968874;8.00359917923356;10355
-5.41949166666667;48.861095;10.2441397968874;8.00359917923356;10363
-5.416355;48.8623616666667;10.3822616306148;7.82359530097663;10402
-5.41469166666667;48.8630116666667;10.5981229349273;7.69998702925368;10421
-5.41406166666667;48.8632616666667;10.5981229349273;7.69998702925368;10432
-5.41311166666667;48.8636283333333;10.5981229349273;7.69998702925368;10442
-5.412315;48.8639333333333;10.5981229349273;7.69998702925368;10455
-5.41068666666667;48.8645016666667;10.6790241714416;7.75876521814951;10472
-5.40988;48.864795;10.6790241714416;7.75876521814951;10481
-5.40923;48.865025;10.6790241714416;7.75876521814951;10491
-5.40834166666667;48.8653383333333;10.5981229349273;7.69998702925368;10501
-5.40746166666667;48.8656616666667;10.5981229349273;7.69998702925368;10514
-5.40440166666667;48.8667666666667;10.3229411728503;8.06516556162234;10551
-5.403535;48.8670966666667;10.1028974989406;8.18116508364789;10565
-5.401095;48.8680466666667;9.95857776054671;8.35623892592501;10592
-5.40039333333333;48.8683316666667;10.1028974989406;8.18116508364789;10601
-5.39961333333333;48.868645;10.1028974989406;8.18116508364789;10613
-5.39644166666667;48.86995;10.1028974989406;8.18116508364789;10655
-5.39267;48.8715233333333;10.1028974989406;8.18116508364789;10702
-5.391205;48.8721316666667;10.2441397968874;8.00359917923356;10722
-5.390425;48.87245;10.3822616306148;7.82359530097663;10732
-5.38887833333333;48.8730933333333;10.3822616306148;7.82359530097663;10751
-5.38801833333333;48.8734416666667;10.5981229349273;7.69998702925368;10763
-5.38574666666667;48.8743616666667;10.5981229349273;7.69998702925368;10793
-5.38408333333333;48.8750033333333;10.5172209268743;7.64120827980215;10813
-5.38336833333333;48.87528;10.7308920926675;7.51385153500075;10821
-5.382405;48.875635;10.7308920926675;7.51385153500075;10838
-5.38176333333333;48.8758683333333;10.6489765757569;7.4564936725636;10844
-5.38088166666667;48.87619;10.7308920926675;7.51385153500075;10851
-5.38007666666667;48.8764816666667;10.7308920926675;7.51385153500075;10860
-5.379345;48.87674;10.7308920926675;7.51385153500075;10876
-5.37685;48.877665;10.7308920926675;7.51385153500075;10902
-5.376045;48.87796;10.7308920926675;7.51385153500075;10912
-5.375315;48.8782183333333;10.7308920926675;7.51385153500075;10923
-5.373565;48.878885;10.4621254862748;7.88377703286605;10941
-5.34451833333333;48.890815;10.5670610588463;7.39913581012645;11325
-5.271875;48.9195516666667;9.77133304412111;7.63420205918195;12282
-5.27024;48.9202083333333;9.77133304412111;7.63420205918195;12302
-5.25921333333333;48.9247983333333;10.0318104216339;7.28853690420439;12454
-5.24253666666667;48.930985;10.0318104216339;7.28853690420439;12680
-5.21508833333333;48.941415;10.1142582270451;6.82215331568553;13049
-5.213415;48.9419833333333;9.91174004837851;6.94027509864971;13062
-5.208865;48.9435666666667;9.66348997622751;7.281962009714;13122
-5.20752166666667;48.9440633333333;9.66348997622751;7.281962009714;13140
-5.19561666666667;48.9486833333333;9.53493041924358;7.44950408629668;13306
-5.19269333333333;48.9498283333333;9.403466430087;7.61477697176971;13342
-5.18231666666667;48.95376;10.1971623005534;6.87807281934777;13485
-5.17312666666667;48.9568983333333;9.87000717706661;7.17097996585703;13602
-5.17084166666667;48.9577033333333;9.87000717706661;7.17097996585703;13634
-5.16719666666667;48.95898;9.78910594055236;7.1122017769612;13680
-5.16629;48.9593;9.66348997622751;7.281962009714;13694
-5.16328666666667;48.960405;9.61373104370089;7.51106988154492;13732
-5.15671;48.962995;9.74335307024934;7.34214316766788;13824
-5.15374166666667;48.9641583333333;9.9509091851196;7.22975871530856;13860
-5.138305;48.9695166666667;9.82321692590934;7.4023248995573;14062
-5.13692833333333;48.970005;9.82321692590934;7.4023248995573;14081
-5.135425;48.970575;9.55889547414957;7.74064092994634;14100
-5.133185;48.9714366666667;9.55889547414957;7.74064092994634;14134
-5.13245;48.9717333333333;9.55889547414957;7.74064092994634;14142
-5.127865;48.973575;9.90308001993116;7.46250605751119;14202
-5.12719833333333;48.9738416666667;9.82321692590934;7.4023248995573;14212
-5.12487166666667;48.9747533333333;10.0318104216339;7.28853690420439;14244
-5.12335333333333;48.97532;10.0318104216339;7.28853690420439;14263
-5.12107666666667;48.9761716666667;10.0318104216339;7.28853690420439;14298
-5.11801666666667;48.9772733333333;10.0318104216339;7.28853690420439;14332
-5.11496166666667;48.97839;10.0318104216339;7.28853690420439;14372
-5.11343166666667;48.9789466666667;10.2394005536124;7.16970545438808;14391
-5.10569166666667;48.9816033333333;10.3995147225958;6.75352382642303;14494
-5.09645833333333;48.9847;9.9509091851196;7.22975871530856;14611
-5.09333666666667;48.9858283333333;9.90308001993116;7.46250605751119;14658
-5.08438166666667;48.9892733333333;9.9509091851196;7.22975871530856;14771
-5.080715;48.9906633333333;9.99365478408485;6.99763241408174;14821
-5.07473833333333;48.99282;10.1142582270451;6.82215331568553;14902
-5.07151333333333;48.9939283333333;10.3156481456924;6.69906023456649;14948
-5.06472;48.99621;10.2800655834298;6.9339917897221;15039
-5.06225833333333;48.99704;10.1971623005534;6.87807281934777;15061
-5.061495;48.9973;9.99365478408485;6.99763241408174;15072
-5.05765;48.9986;10.0755703009955;7.05499027651889;15121
-5.05233;49.0005;9.82321692590934;7.4023248995573;15191
-5.02776666666667;49.0098283333333;10.1142582270451;6.82215331568553;15521
