"x";"y";"vx";"vy";"t"
-9.90494833333333;48.5776266666667;18.3610520440929;5.61353695373845;0
-9.403865;48.6547516666667;18.5456020677555;6.02583139031148;3865
-8.51432666666667;48.8136;18.4562252954002;5.292237441981;10795
-8.44731833333333;48.8255066666667;18.3610520440929;5.61353695373845;11313
-8.13318833333333;48.8819266666667;18.53264874201;4.62070829823954;13743
-8.10148166666667;48.887655;18.1594047972916;4.86579785046413;13987
-7.88714833333333;48.9239833333333;18.545776601693;4.96932586343166;15653
-7.712165;48.9533016666667;18.3525906994923;4.91756185694789;16991
-7.58255833333333;48.9758683333333;19.1253306235806;5.12461689556665;17963
-7.56001333333333;48.9799866666667;19.221923574681;5.15049889880853;18132
-7.54389;48.9830283333333;19.0287395148376;5.09873538598292;18253
-7.47933;48.9947816666667;19.0287395148376;5.09873538598292;18740
-7.46330333333333;48.9976716666667;18.8355536126368;5.04697137949915;18862
-7.44757833333333;49.0006316666667;18.8237367196159;4.69328468234768;18978
-7.43150166666667;49.00363;18.8355536126368;5.04697137949915;19099
-7.27258;49.0329066666667;18.53264874201;4.62070829823954;20312
-7.08133166666667;49.0643966666667;19.465136881469;4.1374425679614;21734
-6.83113333333333;49.1055;19.5848386738759;4.5215162781237;23567
-6.81476333333333;49.1081583333333;19.1716933475163;4.0750692193401;23693
-6.79805833333333;49.1107316666667;19.4874012957047;4.4990210868773;23814
-6.713815;49.1244016666667;19.7585822810903;4.19981631314277;24440
-6.59603;49.1436816666667;19.9542106818359;4.24139841337028;25278
-6.55148;49.1510833333333;19.8771489499261;4.58900142280283;25599
-6.53217333333333;49.154165;19.5848386738759;4.5215162781237;25724
-6.25928333333333;49.2011333333333;20.3454693489958;4.32456301038536;27673
-6.047195;49.23682;20.0720237062685;4.63399180529563;29185
-5.92658833333333;49.2571366666667;19.988092331424;4.98359114163904;30044
-5.80633666666667;49.2779983333333;20.4617713604899;4.72397214122116;30882
-5.752915;49.2872183333333;20.5592087386611;4.74646733246757;31259
-5.630285;49.307845;20.473240194562;5.10455208943887;32109
-5.56929666666667;49.3182366666667;20.570270137328;5.12874437128472;32532
-5.48134833333333;49.33233;20.0720237062685;4.63399180529563;33144
-5.428665;49.34116;20.1821503662638;5.03197524390133;33515
-4.57944833333333;49.479515;20.4748733901017;5.87107546860747;39413
-4.54462666666667;49.485765;20.0903690784186;5.76082063142798;39658
-4.53343666666667;49.487745;19.8981178393077;5.7056934757065;39735
-4.306425;49.528285;20.0903690784186;5.76082063142798;41323
-4.23698333333333;49.5404016666667;19.9942425421326;5.73325679069897;41811
-4.15052666666667;49.5576866666667;19.6868706129082;6.39665201932267;42422
-4.082175;49.5713466666667;19.5917645984794;6.36575020200455;42917
-4.065155;49.5745133333333;19.8019913030216;5.67812963497749;43028
-3.8366;49.6072666666667;19.3088845827539;4.81424563014751;44679
