"x";"y";"vx";"vy";"t"
-4.72;48.9598333333333;-17.24096051805;-15.5238305780317;0
-4.81866666666667;48.898;-16.3771984666319;-14.2364814296273;842
-4.83333333333333;48.8905;-16.9084548738209;-12.2847115486904;982
-4.849;48.8828333333333;-18.0213449743578;-12.618681599723;1113
-4.86366666666667;48.8758333333333;-17.6936844691239;-12.3892512439846;1214
-4.88;48.868;-18.1032604912684;-12.6760394621602;1343
-4.89533333333333;48.8606666666667;-18.3490054795917;-12.8481119554614;1478
-4.911;48.8531666666667;-18.5128365134129;-12.9628276803357;1587
-4.926;48.846;-18.0213449743578;-12.618681599723;1716
-4.94183333333333;48.8385;-18.1032604912684;-12.6760394621602;1834
-4.95616666666667;48.8316666666667;-17.2021929300688;-12.045105163372;1968
-4.97083333333333;48.8248333333333;-18.0213449743578;-12.618681599723;2072
-4.97183333333333;48.8243333333333;-17.9394294574472;-12.5613237372859;2080
-4.9865;48.8173333333333;-17.36602396389;-12.1598208882463;2195
-5.00366666666667;48.8093333333333;-16.8745324248349;-11.8156748076336;2330
-5.01883333333333;48.8021666666667;-17.5298534353027;-12.2745355191103;2455
-5.03266666666667;48.7946666666667;-15.3830984543566;-13.8510040621345;2615
-5.04516666666667;48.7863333333333;-15.0115260416179;-13.5164387589551;2729
-5.05833333333333;48.7778333333333;-16.0897814356217;-15.003963921375;2836
-5.071;48.7695;-16.4554582864313;-15.3449631014062;2991
-5.08433333333333;48.7605;-16.1132112531794;-15.5603472332904;3062
-5.09666666666667;48.7516666666667;-15.556349186104;-15.556349186104;3214
-5.10916666666667;48.7426666666667;-15.6816070985699;-15.1435519460239;3330
-5.12222333333333;48.7332116666667;-15.4856382382456;-15.4856382382456;3443
-5.1345;48.724;-15.556349186104;-15.556349186104;3553
-5.14683333333333;48.7148333333333;-15.4149272903871;-15.4149272903871;3694
-5.15916666666667;48.7058333333333;-15.1403641137109;-16.2360527339242;3815
-5.17116666666667;48.696;-13.56281880959;-16.1635380420332;3938
-5.18183333333333;48.6871666666667;-13.5833507985787;-15.0858393902166;4060
-5.194;48.677;-14.1708752764616;-16.3017272207107;4175
-5.20533333333333;48.6676666666667;-13.7116334556349;-15.7734299387571;4303
-5.21716666666667;48.658;-14.1052691232959;-16.2262559747896;4418
-5.2285;48.6488333333333;-14.2364814296273;-16.3771984666319;4543
-5.24;48.6395;-13.9740568169645;-16.0753134829473;4700
-5.25116666666667;48.6305;-13.9740568169645;-16.0753134829473;4784
-5.262;48.622;-13.7556546020879;-16.3933507905234;4911
-5.27433333333333;48.6121666666667;-14.1708752764616;-16.3017272207107;5042
-5.2855;48.6035;-14.1708752764616;-16.3017272207107;5143
-5.29733333333333;48.5941666666667;-13.4492100943054;-15.4715463945668;5270
-5.30877333333333;48.5850566666667;-13.9084519151321;-15.9998436765205;5417
-5.32033333333333;48.576;-14.2364814296273;-16.3771984666319;5507
-5.33166666666667;48.5671666666667;-14.3020863314597;-16.4526682730587;5657
-5.33683333333333;48.5631666666667;-14.7877866557838;-16.4235009265377;5686
-5.3485;48.5538333333333;-14.3020863314597;-16.4526682730587;5807
-5.36016666666667;48.5448333333333;-14.2524814049375;-15.828984215694;5921
-5.37216666666667;48.5353333333333;-14.051742733536;-15.6060413350253;6053
-5.38383333333333;48.5255;-12.1904048690319;-18.0730184491944;6181
-5.39083333333333;48.5138333333333;-7.66907398356291;-19.9786207709074;6313
-5.395;48.5018333333333;-1.5834720072116;-22.644704701979;6440
-5.391;48.4888333333333;3.15922949797414;-22.4790859159482;6563
-5.38666666666667;48.4763333333333;2.82736885997835;-23.0270714753313;6690
-5.38218333333333;48.4632533333333;2.87611655085095;-23.4240895573615;6792
-5.37758166666667;48.4500816666667;3.66056642226639;-23.111906793153;6914
-5.37316666666667;48.438;3.83762479268068;-21.7642517172441;7040
-5.36833333333333;48.4248333333333;3.97654320233118;-22.5520971683052;7163
-5.36334666666667;48.411985;3.97654320233118;-22.5520971683052;7311
-5.35866666666667;48.3996666666667;3.88971911349772;-22.0596932917991;7431
-5.35383333333333;48.3873333333333;4.36952592133502;-22.4792621264905;7533
-5.34861;48.3740066666667;4.06336729116465;-23.0445010448113;7660
-5.3435;48.3615;4.02863785435583;-22.8475406212319;7800
-5.33811166666667;48.3488016666667;4.40768786598604;-22.6755883121021;7922
-5.33283333333333;48.336;4.42676883831155;-22.7737514049079;8032
-5.32716666666667;48.323;4.84434223742976;-22.7908383508303;8150
-5.3205;48.3076666666667;4.84434223742976;-22.7908383508303;8343
-5.31483333333333;48.294;4.48401139134881;-23.0682388110201;8426
-5.30933333333333;48.2808333333333;4.57941588903708;-23.5590524027439;8550
-5.30418833333333;48.26781;4.96908933123243;-23.3777272844043;8693
-5.299;48.2546666666667;5.42132049549916;-23.4823189330169;8805
-5.29407666666667;48.2410033333333;2.04815995456998;-23.410575405156;8940
-5.29098333333333;48.228025;2.38324888275362;-22.6750984556366;9040
-5.28789666666667;48.2146;2.04815995456998;-23.410575405156;9163
-5.28516666666667;48.2026666666667;2.52958889082611;-24.0674306266722;9277
-5.28216666666667;48.1885;2.05687556209202;-23.5101952549833;9408
-5.279;48.1748333333333;2.47732465919228;-23.5701696789881;9545
-5.27586666666667;48.161305;2.5400415776551;-24.166881298689;9666
-5.27266666666667;48.148;2.11788448227355;-24.2075304035932;9773
-5.26933333333333;48.134;2.55049446385631;-24.2663338676059;9912
-5.26683333333333;48.1201666666667;1.6881067178278;-24.1410507773687;10020
-5.2645;48.1065;2.09173782594381;-23.9086727542019;10157
-5.26166666666667;48.0931666666667;3.35407178622791;-23.8654608344291;10310
-5.25660833333333;48.0786433333333;3.84828789966469;-24.2971335554136;10427
-5.25133333333333;48.0636666666667;3.91086162600577;-24.6922085148784;10564
-5.24616666666667;48.0486666666667;3.43757569989427;-24.4596220534314;10712
-5.24081666666667;48.0334466666667;3.89521811982674;-24.5934393040457;10800
-5.23566666666667;48.0185;6.34106660501176;-23.6651827440822;10947
-5.225;47.9986666666667;7.25081805406197;-23.7163572182807;11160
-5.207;47.9655;6.918497736154;-24.127668934744;11461
