"x";"y";"vx";"vy";"t"
-3.933695;50.04392;-15.7569240481953;-2.77837084267089;0
-3.98786666666667;50.0387633333333;-15.6584428972198;-2.76100595866267;483
-3.9892;50.03876;-15.6584428972198;-2.76100595866267;491
-3.99053166666667;50.038595;-15.6584428972198;-2.76100595866267;505
-4.03097;50.03492;-15.4614815344545;-2.72627635625004;862
-4.03164333333333;50.03475;-15.5599626854301;-2.74364124025826;870
-4.11103333333333;50.02726;-15.3630013226648;-2.70891163784564;1584
-4.16481333333333;50.0222466666667;-15.4614815344545;-2.72627635625004;2071
-4.16754166666667;50.0219216666667;-15.4614815344545;-2.72627635625004;2096
-4.17681333333333;50.0210816666667;-15.4614815344545;-2.72627635625004;2178
-4.17837666666667;50.02093;-15.3630013226648;-2.70891163784564;2191
-4.18304166666667;50.020595;-15.4614815344545;-2.72627635625004;2232
-4.20699;50.0184183333333;-15.4614815344545;-2.72627635625004;2449
-4.228375;50.0166033333333;-15.4614815344545;-2.72627635625004;2641
-4.24304166666667;50.0152566666667;-15.3630013226648;-2.70891163784564;2772
-4.252545;50.014265;-15.4614815344545;-2.72627635625004;2854
-4.27781666666667;50.0119166666667;-15.4614815344545;-2.72627635625004;3083
-4.280485;50.0117566666667;-15.4614815344545;-2.72627635625004;3108
-4.38870833333333;50.0025883333333;-15.3630013226648;-2.70891163784564;4086
-4.39137833333333;50.0024333333333;-15.3630013226648;-2.70891163784564;4113
-4.39605;50.0019333333333;-15.3630013226648;-2.70891163784564;4152
-4.41860666666667;49.9999466666667;-15.4614815344545;-2.72627635625004;4360
-4.43460333333333;49.9986;-15.2645201716892;-2.69154675383742;4499
-4.44910833333333;49.9972783333333;-15.3630013226648;-2.70891163784564;4630
-4.53577666666667;49.9871266666667;-15.0918084428855;-4.32750643375323;5416
-4.53773;49.9868366666667;-15.0918084428855;-4.32750643375323;5435
-4.53906166666667;49.9864983333333;-14.99568282333;-4.29994285589249;5447
-4.53773;49.9868366666667;-15.0918084428855;-4.32750643375323;5455
-4.53906166666667;49.9864983333333;-14.99568282333;-4.29994285589249;5460
-4.541835;49.986145;-14.99568282333;-4.29994285589249;5472
-4.54316666666667;49.9858066666667;-14.99568282333;-4.29994285589249;5483
-4.544395;49.9856633333333;-14.99568282333;-4.29994285589249;5497
-4.54550166666667;49.98549;-14.99568282333;-4.29994285589249;5508
-4.54834;49.984985;-14.99568282333;-4.29994285589249;5530
-4.55872666666667;49.9833283333333;-15.0918084428855;-4.32750643375323;5630
-4.56000666666667;49.9831516666667;-15.0918084428855;-4.32750643375323;5639
-4.57510333333333;49.9816016666667;-15.2645201716892;-2.69154675383742;5779
-4.575885;49.9815966666667;-15.2645201716892;-2.69154675383742;5784
-4.57844166666667;49.9812766666667;-15.2645201716892;-2.69154675383742;5806
-4.58177166666667;49.9811083333333;-15.2645201716892;-2.69154675383742;5838
-4.58255333333333;49.9809316666667;-15.2645201716892;-2.69154675383742;5846
-4.58388333333333;49.98076;-15.2645201716892;-2.69154675383742;5855
-4.591215;49.9800933333333;-15.3630013226648;-2.70891163784564;5925
-4.59188333333333;49.98009;-15.4614815344545;-2.72627635625004;5935
-4.59321833333333;49.979925;-15.3630013226648;-2.70891163784564;5941
-4.60110666666667;49.9792733333333;-15.4614815344545;-2.72627635625004;6015
-4.602555;49.9791;-15.4614815344545;-2.72627635625004;6025
-4.60388666666667;49.9790966666667;-15.4614815344545;-2.72627635625004;6038
-4.60455;49.9789283333333;-15.4614815344545;-2.72627635625004;6046
-4.60588333333333;49.9787633333333;-15.4614815344545;-2.72627635625004;6053
-4.60922;49.9785933333333;-15.4614815344545;-2.72627635625004;6084
-4.61988833333333;49.9775966666667;-15.5599626854301;-2.74364124025826;6185
-4.62110666666667;49.977435;-15.5599626854301;-2.74364124025826;6191
-4.62655166666667;49.9769266666667;-15.5599626854301;-2.74364124025826;6241
-4.662725;49.973255;-15.4614815344545;-2.72627635625004;6566
-4.664715;49.9730883333333;-15.3630013226648;-2.70891163784564;6581
-4.66527333333333;49.9731016666667;-15.3630013226648;-2.70891163784564;6587
-4.662725;49.973255;-15.4614815344545;-2.72627635625004;6593
-4.68072666666667;49.971425;-15.4614815344545;-2.72627635625004;6729
-4.68594;49.9709416666667;-15.4614815344545;-2.72627635625004;6777
-4.68672166666667;49.97076;-15.4614815344545;-2.72627635625004;6783
-4.68927833333333;49.97061;-15.3630013226648;-2.70891163784564;6807
-4.69339333333333;49.970095;-15.4614815344545;-2.72627635625004;6839
-4.69528166666667;49.9699366666667;-15.4614815344545;-2.72627635625004;6857
-4.695945;49.9699416666667;-15.4614815344545;-2.72627635625004;6863
-4.69739;49.969765;-15.4614815344545;-2.72627635625004;6887
-4.704055;49.96909;-15.5599626854301;-2.74364124025826;6938
-4.709945;49.96843;-15.4614815344545;-2.72627635625004;6989
-4.71072333333333;49.9684233333333;-15.5599626854301;-2.74364124025826;6996
-4.71756;49.967595;-15.4614815344545;-2.72627635625004;7055
-4.718225;49.9675966666667;-15.5599626854301;-2.74364124025826;7062
-4.73089166666667;49.9662566666667;-15.6584428972198;-2.76100595866267;7176
-4.73611166666667;49.9657633333333;-15.5599626854301;-2.74364124025826;7221
-4.73688666666667;49.9655816666667;-15.5097096857036;-3.01478216334335;7232
-4.73777833333333;49.9655983333333;-15.5599626854301;-2.74364124025826;7243
-4.73944;49.96544;-15.5599626854301;-2.74364124025826;7256
-4.746945;49.964605;-15.4614815344545;-2.72627635625004;7318
-4.74762;49.964605;-15.5599626854301;-2.74364124025826;7328
-4.74845166666667;49.9644383333333;-15.5599626854301;-2.74364124025826;7337
-4.754285;49.9637716666667;-15.5599626854301;-2.74364124025826;7385
-4.76427833333333;49.9627683333333;-15.5599626854301;-2.74364124025826;7478
-4.77172666666667;49.96193;-15.5599626854301;-2.74364124025826;7541
-4.77711833333333;49.9614366666667;-15.5599626854301;-2.74364124025826;7592
-4.77977833333333;49.9611016666667;-15.4614815344545;-2.72627635625004;7616
-4.78111833333333;49.960935;-15.5599626854301;-2.74364124025826;7626
-4.82589833333333;49.9560916666667;-15.5599626854301;-2.74364124025826;8026
-4.82822833333333;49.9559316666667;-15.5599626854301;-2.74364124025826;8046
-4.82889833333333;49.9559266666667;-15.5599626854301;-2.74364124025826;8052
-4.83272666666667;49.9554233333333;-15.6584428972198;-2.76100595866267;8089
-4.83945166666667;49.95477;-15.5599626854301;-2.74364124025826;8151
-4.85090833333333;49.9533416666667;-15.261628239603;-4.08934096198564;8248
-4.85608;49.9525216666667;-15.261628239603;-4.08934096198564;8297
-4.87391666666667;49.94951;-15.3582202695247;-4.11522271839845;8458
-4.875915;49.94918;-15.3582202695247;-4.11522271839845;8479
-4.876695;49.9491616666667;-15.3582202695247;-4.11522271839845;8486
-4.878025;49.94882;-15.3582202695247;-4.11522271839845;8498
-4.87919166666667;49.9486616666667;-15.3582202695247;-4.11522271839845;8506
-4.88336333333333;49.9479983333333;-15.261628239603;-4.08934096198564;8544
-4.88525;49.947685;-15.3582202695247;-4.11522271839845;8560
-4.88725166666667;49.9473483333333;-15.3582202695247;-4.11522271839845;8583
-4.892325;49.9465966666667;-15.1282972095891;-5.20909047131451;8626
-4.89364166666667;49.9462333333333;-15.0350819325745;-5.47232229321071;8639
-4.89514;49.9458983333333;-14.8471435876495;-5.40391832978074;8649
-4.89569666666667;49.945755;-14.8471435876495;-5.40391832978074;8655
-4.89713666666667;49.94556;-14.9411123120317;-5.43812014840781;8671
-4.89770333333333;49.9454233333333;-14.8471435876495;-5.40391832978074;8683
-4.90998;49.9425716666667;-15.0350819325745;-5.47232229321071;8793
-4.92047833333333;49.9404033333333;-15.0350819325745;-5.47232229321071;8885
-4.923545;49.9395983333333;-15.0350819325745;-5.47232229321071;8917
-4.924205;49.9395966666667;-15.1290515531174;-5.50652443801361;8924
-4.92614666666667;49.9390733333333;-15.0350819325745;-5.47232229321071;8939
-4.926865;49.9389216666667;-15.0350819325745;-5.47232229321071;8948
-4.92764333333333;49.9387266666667;-15.0350819325745;-5.47232229321071;8953
-4.92830333333333;49.9385583333333;-14.9372868239552;-5.73388719272481;8961
-4.94022166666667;49.9368916666667;-15.454732278161;-3.28500475457661;9064
-4.96439166666667;49.9340583333333;-15.3569171449539;-3.26421350618282;9286
-4.965615;49.9339066666667;-15.3569171449539;-3.26421350618282;9297
-4.969725;49.9335516666667;-15.5525464785338;-3.30579580469036;9330
-4.97028;49.933395;-15.454732278161;-3.28500475457661;9337
-4.97139;49.9332166666667;-15.3569171449539;-3.26421350618282;9347
-4.99556833333333;49.930395;-15.3569171449539;-3.26421350618282;9565
-4.996115;49.9304033333333;-15.3569171449539;-3.26421350618282;9570
-4.998125;49.9302416666667;-15.4115465928978;-2.99570119101784;9589
-5.00689166666667;49.9290516666667;-15.3569171449539;-3.26421350618282;9665
-5.00756333333333;49.9290483333333;-15.3569171449539;-3.26421350618282;9675
-5.01012;49.9287266666667;-15.3569171449539;-3.26421350618282;9695
