"x";"y";"vx";"vy";"t"
-4.67108333333333;49.3623166666667;-11.3116428488685;-4.57020036822359;0
-4.68371666666667;49.3588833333333;-11.182341828888;-4.07003957510514;156
-4.69386666666667;49.3561166666667;-11.2763114494309;-4.10424171990803;273
-4.72086666666667;49.3489666666667;-11.3702810699738;-4.13844386471093;612
-4.7459;49.3424;-11.652188139281;-4.24104964676797;913
-4.76165;49.3382;-11.0569548289826;-5.1559427126285;1095
-4.79858333333333;49.3233833333333;-11.2266825446654;-5.72028046990192;1599
-5.05275;49.2028;-11.0585525979014;-7.74328189073913;5043
-5.06193333333333;49.1984666666667;-10.9217294240618;-7.93510090594839;5170
-5.07293333333333;49.1933;-11.3220526672632;-7.35262697270286;5295
-5.08406666666667;49.18835;-11.3220526672632;-7.35262697270286;5426
-5.09591666666667;49.1830333333333;-11.5334544312321;-7.20690219571974;5554
-5.10736666666667;49.1781;-11.5334544312321;-7.20690219571974;5697
-5.11865;49.1732166666667;-11.5334544312321;-7.20690219571974;5855
-5.13215;49.1674333333333;-11.5334544312321;-7.20690219571974;6023
-5.15985;49.1558;-11.6574756165321;-7.00451801524817;6371
-5.16955;49.1518;-11.7779458218308;-6.80000019073487;6477
-5.22036666666667;49.1310333333333;-11.5717585594785;-6.95301401128574;7102
-5.23183333333333;49.1263;-11.5717585594785;-6.95301401128574;7265
-5.28668333333333;49.1036833333333;-11.604740080349;-6.69999980926514;7920
-5.31285;49.0932333333333;-11.6913429510899;-6.75000000000001;8245
-5.32496666666667;49.0884333333333;-11.6913429510899;-6.75000000000001;8421
-5.3801;49.06635;-11.5717585594785;-6.95301401128574;9063
-5.39716666666667;49.0593666666667;-11.5717585594785;-6.95301401128574;9289
-5.4243;49.0482833333333;-11.4860415024249;-6.9015100073233;9641
-5.43615;49.0433833333333;-11.3146082057762;-6.798502490577;9772
-5.44745;49.0387166666667;-11.4003252628298;-6.85000649453944;9922
-5.45956666666667;49.0337666666667;-11.4003252628298;-6.85000649453944;10070
-5.4698;49.0296;-11.228891966181;-6.74699897779315;10205
-5.47938333333333;49.0257333333333;-11.3146082057762;-6.798502490577;10324
-5.49043333333333;49.02125;-11.3146082057762;-6.798502490577;10451
-5.50155;49.0167666666667;-11.3146082057762;-6.798502490577;10583
-5.51176666666667;49.0126;-11.3146082057762;-6.798502490577;10736
-5.52296666666667;49.0081166666667;-11.3146082057762;-6.798502490577;10876
-5.53383333333333;49.0037333333333;-11.1431749091275;-6.69549497383071;11004
-5.5434;48.99995;-11.1431749091275;-6.69549497383071;11118
-5.55831666666667;48.99395;-11.0574578520739;-6.64399096986827;11324
-5.57063333333333;48.9889666666667;-10.9717416124787;-6.59248745708441;11475
-5.58155;48.9846333333333;-11.0574578520739;-6.64399096986827;11632
-5.594;48.97975;-11.1431749091275;-6.69549497383071;11772
-5.6034;48.9759833333333;-11.1431749091275;-6.69549497383071;11909
-5.6159;48.9709833333333;-11.0574578520739;-6.64399096986827;12057
-5.62285;48.9682166666667;-11.1431749091275;-6.69549497383071;12133
-5.63356666666667;48.9638666666667;-10.9717416124787;-6.59248745708441;12283
-5.64455;48.95945;-10.9717416124787;-6.59248745708441;12416
-5.65505;48.95535;-10.8860245554251;-6.54098345312198;12569
-5.66875;48.9498833333333;-10.80030831583;-6.48947994033812;12741
-5.68341666666667;48.9441333333333;-10.80030831583;-6.48947994033812;12930
-5.69996666666667;48.9376166666667;-10.7387146765646;-6.19999980926514;13156
-5.71505;48.9317166666667;-10.6288742017228;-6.38647193241324;13357
-5.72965;48.9260166666667;-10.8253175473055;-6.25000000000001;13533
-5.76133333333333;48.9070833333333;-5.49281719505033;-10.3304866680406;14070
-5.77906666666667;48.8855166666667;-6.23196090288309;-10.3717246654789;14528
-5.78853333333333;48.87475;-6.23196090288309;-10.3717246654789;14720
-5.79876666666667;48.863;-6.23196090288309;-10.3717246654789;14977
-5.8053;48.8555;-6.23196090288309;-10.3717246654789;15105
-5.81158333333333;48.8482666666667;-6.18045689892065;-10.2860076084253;15262
-5.81763333333333;48.8412666666667;-6.23196090288309;-10.3717246654789;15400
-5.82343333333333;48.8346166666667;-6.18045689892065;-10.2860076084253;15536
-5.83636666666667;48.82;-6.18045689892065;-10.2860076084253;15840
-5.8422;48.8134833333333;-6.12895289495821;-10.2002905513718;15982
-5.84981666666667;48.8048666666667;-6.12895289495821;-10.2002905513718;16174
-5.86748333333333;48.78465;-6.12895289495821;-10.2002905513718;16597
-5.87468333333333;48.7763;-6.02594537821192;-10.028857254723;16768
-5.88101666666667;48.7691666666667;-6.07744938217436;-10.1145743117766;16941
-5.88591666666667;48.7634333333333;-6.02594537821192;-10.028857254723;17065
-5.89325;48.7549833333333;-5.92293786146562;-9.85742395807429;17208
-5.89838333333333;48.7490666666667;-5.97444186542806;-9.94314101512788;17361
-5.90493333333333;48.7416;-6.02594537821192;-10.028857254723;17510
-5.91523333333333;48.7296833333333;-6.02594537821192;-10.028857254723;17770
-5.92028333333333;48.7238166666667;-5.92293786146562;-9.85742395807429;17874
-5.92601666666667;48.7171333333333;-5.92293786146562;-9.85742395807429;18030
-5.932;48.7103;-5.92293786146562;-9.85742395807429;18181
-5.93678333333333;48.7048;-5.92293786146562;-9.85742395807429;18304
-5.94228333333333;48.6983;-5.69999980926514;-9.87268927278013;18452
-5.94981666666667;48.6894;-5.69999980926514;-9.87268927278013;18652
-5.95511666666667;48.6830833333333;-6.04107941011038;-9.66774797267858;18760
-5.96023333333333;48.67705;-5.76842634075689;-9.60027360437197;18896
-5.96485;48.6716;-5.98808778690929;-9.58294364831995;19011
-5.96955;48.6660833333333;-5.81993034471933;-9.68599066142556;19123
-5.97698333333333;48.6573666666667;-5.76842634075689;-9.60027360437197;19333
-5.97808333333333;48.6560833333333;-5.81993034471933;-9.68599066142556;19360
-5.98445;48.6484;-5.0846935104911;-9.97927290096372;19550
-5.98905;48.6417833333333;-5.0846935104911;-9.97927290096372;19678
-5.99366666666667;48.6351;-5.0846935104911;-9.97927290096372;19833
-6.00021666666667;48.6256666666667;-5.0846935104911;-9.97927290096372;20017
-6.00808333333333;48.6143;-5.0392947202926;-9.8901727583829;20242
-6.0126;48.6075;-5.0392947202926;-9.8901727583829;20388
