"x";"y";"vx";"vy";"t"
-5.04844833333333;48.028705;-7.30625332839861;3.72272201127247;0
-5.08015666666667;48.0403683333333;-7.20020499891437;4.32631963277302;599
-5.11304;48.0488066666667;-8.4644026322276;2.7502511320564;1225
-5.12250666666667;48.0504033333333;-8.13055422452921;3.61995596821691;1372
-5.13959666666667;48.0536383333333;-7.88106276381769;3.18415604403525;1649
-5.15559166666667;48.0573616666667;-7.50505453930088;3.99050828368007;1959
-5.16898666666667;48.0609766666667;-7.95903966860944;4.41176772918186;2196
-5.18256166666667;48.06467;-7.28023211788597;3.55080645621685;2464
-5.188925;48.06653;-7.76513638996211;3.4572614661443;2586
-5.19946666666667;48.0694183333333;-7.45999075571445;3.638480601962;2789
-5.20612;48.071505;-8.15677008332985;3.8035643556663;2923
-5.213165;48.073735;-6.85159093231951;3.0505248230685;3044
-5.22066166666667;48.07587;-7.32960262136223;2.66775718317538;3198
-5.22633;48.0778016666667;-6.96279237645643;4.87539970898389;3340
-5.23225666666667;48.0798566666667;-5.97557536870324;3.45000004768372;3399
-5.24177166666667;48.0828866666667;-6.61477531177246;4.13337036209307;3595
-5.2487;48.0849566666667;-7.03895162606111;3.58652499123833;3756
-5.25509333333333;48.0869816666667;-7.54986964605028;3.68231746580293;3858
-5.26141166666667;48.0890366666667;-7.18801101659208;4.15000009536743;3982
-5.26833833333333;48.091485;-7.43426751068487;4.12088177209386;4116
-5.27663833333333;48.09423;-6.79869629660485;3.61493094390676;4280
-5.28305333333333;48.096415;-7.84085758280365;3.99511648429983;4398
-5.29070166666667;48.0990166666667;-7.54803511150882;4.90175131513524;4539
-5.29878666666667;48.10191;-7.36121593216773;4.25;4699
-5.30543666666667;48.1041766666667;-7.30836366114081;3.2538931446064;4867
-5.31562333333333;48.10788;-6.54939690224802;4.41762399074769;5040
-5.32246333333333;48.1101516666667;-7.73224041785577;3.2821413302578;5169
-5.32989333333333;48.11305;-7.60919128529228;4.21784360367303;5309
-5.33651833333333;48.1154883333333;-7.45735535261669;4.48083115348175;5456
-5.34361833333333;48.1179916666667;-8.10815971000616;4.13131372081351;5589
-5.350535;48.1208216666667;-7.38030115788345;4.79282361201389;5717
-5.35735833333333;48.1235116666667;-7.15187583897509;3.8027198376549;5882
-5.364245;48.1257333333333;-7.43426751068487;4.12088177209386;5993
-5.37067333333333;48.1279366666667;-7.15983160402178;3.33868430805555;6163
-5.37711166666667;48.1301983333333;-7.60919128529228;4.21784360367303;6246
-5.38301666666667;48.13254;-7.45428391551153;5.21954578959657;6366
-5.38950166666667;48.1349716666667;-7.44781880290865;4.30000019073486;6498
-5.396705;48.1378066666667;-7.24017009303431;3.84966672529971;6634
-5.40329666666667;48.1403833333333;-6.8573384056169;4.12030459928043;6775
-5.40724833333333;48.1420016666667;-7.03429984960306;3.13187207410481;6834
-5.41456333333333;48.144825;-7.79422863405995;4.5;6999
-5.420415;48.1472633333333;-6.93449478204028;5.4178211002939;7120
-5.42730333333333;48.14999;-7.59334963540455;4.03745561904785;7249
-5.434545;48.15265;-6.79810793682498;4.58538170180254;7400
-5.44423;48.1563833333333;-7.1297234402261;4.80905918316358;7569
-5.45105833333333;48.159115;-7.50505453930088;3.99050828368007;7709
-5.45795666666667;48.1618066666667;-7.72962914103556;3.76999202961139;7873
-5.46814666666667;48.1657916666667;-7.44781880290865;4.30000019073486;8063
-5.47525666666667;48.1686883333333;-7.85823323962667;4.17829672970524;8211
-5.48172333333333;48.17119;-7.53442084774338;4.34999990463257;8331
-5.48804;48.1737416666667;-7.6210237184843;4.40000009536743;8448
-5.49413166666667;48.1764333333333;-6.83083466615799;3.33162067379066;8571
-5.50263;48.1800533333333;-6.59344836396693;3.35952974136855;8743
-5.52319;48.1884833333333;-7.37236839860093;5.16218792715941;9155
-5.53593833333333;48.1936816666667;-7.63190248823079;4.95621542640005;9400
-5.54216833333333;48.1963366666667;-7.399718555395;3.2945669640717;9520
-5.55726833333333;48.2025116666667;-7.46133815299538;5.03273613123672;9822
-5.56446;48.2056316666667;-6.61477531177246;4.13337036209307;9993
-5.57093833333333;48.2087116666667;-8.19725985258698;4.17671251101201;10121
-5.57778166666667;48.2118183333333;-7.39535432070946;3.76812123443005;10252
-5.590315;48.217315;-7.76993898556745;4.13134984206043;10533
-5.59661333333333;48.2199216666667;-8.01905871769531;4.08591449765592;10636
-5.60429166666667;48.2227833333333;-7.20020499891437;4.32631963277302;10792
