"x";"y";"vx";"vy";"t"
-5.82428333333333;48.4894166666667;5.24690254052011;11.7847360550996;0
-5.80521666666667;48.5118333333333;5.24690254052011;11.7847360550996;429
-5.80438333333333;48.51285;5.24690254052011;11.7847360550996;462
-5.79825;48.5202166666667;5.90187649661411;11.5830848144488;586
-5.79153333333333;48.5274;5.69882490825801;11.6843226018892;732
-5.79106666666667;48.5279166666667;5.69882490825801;11.6843226018892;739
-5.79153333333333;48.5274;5.69882490825801;11.6843226018892;889
-5.78353333333333;48.5360666666667;6.94194256360314;11.1094303831539;898
-5.79106666666667;48.5279166666667;5.69882490825801;11.6843226018892;903
-5.77418333333333;48.5444666666667;6.55000019073486;11.3449331199386;1070
-5.77158333333333;48.5468833333333;6.55000019073486;11.3449331199386;1120
-5.76773333333333;48.5503666666667;6.74699897779314;11.228891966181;1189
-5.76663333333333;48.5512666666667;6.55000019073486;11.3449331199386;1212
-5.76496666666667;48.5527;6.55000019073486;11.3449331199386;1238
-5.77418333333333;48.5444666666667;6.55000019073486;11.3449331199386;1266
-5.77158333333333;48.5468833333333;6.55000019073486;11.3449331199386;1275
-5.76663333333333;48.5512666666667;6.55000019073486;11.3449331199386;1282
-5.76228333333333;48.5551;6.35100621016721;11.457518497167;1287
-5.76015;48.5571666666667;5.74266219016224;11.7742023493818;1333
-5.75633333333333;48.56125;6.15007765158436;11.5666138032697;1406
-5.75123333333333;48.56705;5.3282501794507;11.967445843608;1518
-5.75085;48.5675333333333;5.3282501794507;11.967445843608;1529
-5.74906666666667;48.5697166666667;5.53629939001924;11.8726323559091;1573
-5.74821666666667;48.5707333333333;5.74266219016224;11.7742023493818;1590
-5.75123333333333;48.56705;5.3282501794507;11.967445843608;1635
-5.74553333333333;48.5739;5.3282501794507;11.967445843608;1647
-5.75085;48.5675333333333;5.3282501794507;11.967445843608;1699
-5.74235;48.57775;5.53629939001924;11.8726323559091;1721
-5.74013333333333;48.58035;5.3689236110217;12.0587998666374;1772
-5.73836666666667;48.5824833333333;5.11857793226158;12.0586139313717;1807
-5.7379;48.5830833333333;5.11857793226158;12.0586139313717;1823
-5.74906666666667;48.5697166666667;5.53629939001924;11.8726323559091;1833
-5.74821666666667;48.5707333333333;5.74266219016224;11.7742023493818;1847
-5.73585;48.58575;5.53629939001924;11.8726323559091;1867
-5.73413333333333;48.5878833333333;4.86988571440686;12.0533901093682;1909
-5.73585;48.58575;5.53629939001924;11.8726323559091;1921
-5.7333;48.5889666666667;4.86988571440686;12.0533901093682;1927
-5.7325;48.5900333333333;4.86988571440686;12.0533901093682;1947
-5.73211666666667;48.5905833333333;4.6587833440889;12.1365455444636;1959
-5.73171666666667;48.5911333333333;4.44626186323369;12.2160040702168;1970
-5.7325;48.5900333333333;4.86988571440686;12.0533901093682;1983
-5.73025;48.59335;4.69462027574996;12.229903943246;2010
-5.72873333333333;48.5955666666667;4.90734651664952;12.1461088485175;2049
-5.72795;48.5966666666667;4.90734651664952;12.1461088485175;2071
-5.72756666666667;48.5972166666667;4.90734651664952;12.1461088485175;2079
-5.72718333333333;48.5977666666667;4.90734651664952;12.1461088485175;2087
-5.72483333333333;48.6010833333333;4.69462027574996;12.229903943246;2147
-5.7237;48.6028166666667;4.90734651664952;12.1461088485175;2180
-5.72303333333333;48.6038166666667;4.90734651664952;12.1461088485175;2197
-5.72873333333333;48.5955666666667;4.90734651664952;12.1461088485175;2216
-5.7222;48.6050333333333;4.69462027574996;12.229903943246;2223
-5.72756666666667;48.5972166666667;4.90734651664952;12.1461088485175;2276
-5.72718333333333;48.5977666666667;4.90734651664952;12.1461088485175;2282
-5.71895;48.6099166666667;5.15765082153237;12.1506638899998;2307
-5.71856666666667;48.6104666666667;5.15765082153237;12.1506638899998;2316
-5.71731666666667;48.61215;4.90734651664952;12.1461088485175;2348
-5.71655;48.6131833333333;4.90734651664952;12.1461088485175;2367
-5.71571666666667;48.6143166666667;4.6587833440889;12.1365455444636;2390
-5.7149;48.61545;4.6587833440889;12.1365455444636;2412
-5.71193333333333;48.61965;4.83242491216419;11.960671370219;2493
-5.71115;48.6207833333333;4.79496446717421;11.8679535153012;2508
-5.71073333333333;48.6213666666667;4.79496446717421;11.8679535153012;2522
-5.7104;48.62185;4.79496446717421;11.8679535153012;2529
-5.70888333333333;48.624;5.00135851918875;11.7824622997636;2570
-5.70846666666667;48.6245833333333;4.79496446717421;11.8679535153012;2578
-5.70738333333333;48.6260833333333;4.96228525728773;11.6904114632736;2607
-5.70661666666667;48.6271333333333;4.75750366493155;11.7752347761519;2629
-5.70581666666667;48.62825;4.55127289087205;11.8564712384481;2648
-5.70541666666667;48.62885;4.55127289087205;11.8564712384481;2661
-5.70513333333333;48.6292666666667;4.34365575500083;11.9340961047489;2667
-5.70473333333333;48.62985;4.55127289087205;11.8564712384481;2680
-5.70438333333333;48.6303833333333;4.75750366493155;11.7752347761519;2688
-5.7033;48.6320666666667;4.51543630097731;11.7631137299974;2723
-5.70226666666667;48.6336166666667;4.72004321994157;11.6825169212341;2752
-5.7019;48.6342;4.72004321994157;11.6825169212341;2762
-5.70116666666667;48.6352666666667;4.72004321994157;11.6825169212341;2782
-5.70088333333333;48.6357;4.51543630097731;11.7631137299974;2792
-5.70016666666667;48.6367666666667;4.51543630097731;11.7631137299974;2809
-5.69875;48.63895;4.92321236801695;11.5983615046455;2847
-5.69838333333333;48.63945;5.0842080384475;11.4193182205325;2860
-5.6976;48.6405333333333;5.0842080384475;11.4193182205325;2878
-5.6973;48.64095;4.88413910611592;11.5063106681555;2889
-5.6965;48.64205;4.88413910611592;11.5063106681555;2911
-5.69613333333333;48.6425833333333;4.88413910611592;11.5063106681555;2918
-5.69576666666667;48.6431166666667;4.6825824176989;11.5897981820848;2930
-5.69536666666667;48.6437;4.6825824176989;11.5897981820848;2945
-5.69436666666667;48.6452333333333;4.6825824176989;11.5897981820848;2969
-5.69368333333333;48.6462833333333;4.8450658442149;11.4142598316655;2993
-5.69226666666667;48.6483666666667;5.04353421898221;11.3279633262783;3032
-5.69155;48.6494;4.8450658442149;11.4142598316655;3047
-5.6912;48.6499166666667;4.64512161545623;11.4970794429356;3061
-5.69018333333333;48.6514666666667;4.80599295494411;11.3222098730374;3092
-5.68983333333333;48.652;4.80599295494411;11.3222098730374;3097
-5.68948333333333;48.6525166666667;4.80599295494411;11.3222098730374;3111
-5.68561666666667;48.65825;4.80599295494411;11.3222098730374;3221
-5.68493333333333;48.6593;4.8450658442149;11.4142598316655;3242
-5.68388333333333;48.6608833333333;4.8450658442149;11.4142598316655;3267
-5.68213333333333;48.6634666666667;4.64512161545623;11.4970794429356;3318
-5.681;48.66515;4.88413910611592;11.5063106681555;3351
-5.68066666666667;48.6656333333333;4.88413910611592;11.5063106681555;3357
-5.68028333333333;48.66615;4.88413910611592;11.5063106681555;3370
-5.67846666666667;48.6687666666667;4.6825824176989;11.5897981820848;3416
-5.6781;48.6693;4.6825824176989;11.5897981820848;3427
-5.67778333333333;48.6697833333333;4.88413910611592;11.5063106681555;3438
-5.67736666666667;48.6704166666667;5.28272827175874;11.3288473379581;3450
-5.67661666666667;48.6714666666667;5.67488124674433;11.1375815523546;3469
-5.67496666666667;48.6735;5.28272827175874;11.3288473379581;3509
-5.67375;48.6750333333333;5.47963933486347;11.2349255787396;3539
-5.67343333333333;48.67545;5.47963933486347;11.2349255787396;3547
-5.6722;48.6770333333333;5.47963933486347;11.2349255787396;3579
-5.67135;48.6781;5.47963933486347;11.2349255787396;3599
-5.67011666666667;48.6796333333333;5.67488124674433;11.1375815523546;3632
-5.66968333333333;48.68015;5.47963933486347;11.2349255787396;3640
-5.66931666666667;48.6806;5.67488124674433;11.1375815523546;3647
-5.66885;48.68115;5.47963933486347;11.2349255787396;3663
-5.6676;48.6826833333333;5.28272827175874;11.3288473379581;3695
-5.66313333333333;48.68815;5.2404662843686;11.2382162135255;3799
-5.66268333333333;48.6887;5.43580205295924;11.145045831247;3806
-5.66223333333333;48.6892666666667;5.43580205295924;11.145045831247;3819
-5.66186666666667;48.6897166666667;5.2404662843686;11.2382162135255;3831
-5.6614;48.6902833333333;5.2404662843686;11.2382162135255;3840
-5.661;48.6907833333333;5.43580205295924;11.145045831247;3849
-5.6594;48.6927666666667;5.2404662843686;11.2382162135255;3890
-5.65895;48.6933166666667;5.2404662843686;11.2382162135255;3900
-5.65653333333333;48.69625;5.2404662843686;11.2382162135255;3961
-5.65566666666667;48.6972666666667;5.2404662843686;11.2382162135255;3977
-5.65521666666667;48.6978166666667;5.2404662843686;11.2382162135255;3989
-5.65476666666667;48.6983833333333;5.2404662843686;11.2382162135255;3998
-5.6532;48.7003;5.2404662843686;11.2382162135255;4038
-5.65228333333333;48.7014166666667;5.82144719945586;10.9485498146329;4059
-5.6515;48.7023;6.01163910611439;10.8452840348876;4083
-5.651;48.7028333333333;5.82144719945586;10.9485498146329;4090
-5.6506;48.7032666666667;5.82144719945586;10.9485498146329;4098
-5.65005;48.70385;5.82144719945586;10.9485498146329;4112
-5.64738333333333;48.7068;5.62948202358675;11.0484805600437;4174
-5.64521666666667;48.7091666666667;5.62948202358675;11.0484805600437;4219
-5.64386666666667;48.7106333333333;5.82144719945586;10.9485498146329;4247
-5.64248333333333;48.7121666666667;5.82144719945586;10.9485498146329;4278
-5.63985;48.71505;5.82144719945586;10.9485498146329;4336
-5.63805;48.717;6.01163910611439;10.8452840348876;4376
-5.63576666666667;48.71945;5.62948202358675;11.0484805600437;4428
-5.63391666666667;48.7215166666667;5.62948202358675;11.0484805600437;4470
-5.63213333333333;48.7234833333333;5.62948202358675;11.0484805600437;4509
-5.63173333333333;48.7239333333333;5.62948202358675;11.0484805600437;4527
-5.6313;48.7244166666667;5.82144719945586;10.9485498146329;4534
-5.63081666666667;48.7249666666667;5.82144719945586;10.9485498146329;4545
-5.6291;48.7268833333333;5.82144719945586;10.9485498146329;4579
-5.62866666666667;48.7273666666667;5.58408323338824;10.9593804174629;4587
-5.62773333333333;48.7284166666667;5.58408323338824;10.9593804174629;4609
-5.62606666666667;48.7303333333333;5.77450031181105;10.8602555605737;4648
-5.619;48.7382;5.58408323338824;10.9593804174629;4808
-5.61816666666667;48.7391333333333;5.58408323338824;10.9593804174629;4832
-5.6177;48.7396666666667;5.53868401023065;10.8702794251521;4839
-5.61816666666667;48.7391333333333;5.58408323338824;10.9593804174629;4860
-5.6177;48.7396666666667;5.53868401023065;10.8702794251521;4865
-5.61641666666667;48.74115;5.72755297644327;10.77196046447;4877
-5.61561666666667;48.7420833333333;5.34812790721408;10.9652871934185;4888
-5.61438333333333;48.7435666666667;5.1559427126285;11.0569548289826;4918
-5.61313333333333;48.7451166666667;5.1559427126285;11.0569548289826;4948
-5.60468333333333;48.7557666666667;5.43580205295924;11.145045831247;5158
-5.60393333333333;48.75665;5.19820470001864;11.1475859534153;5173
-5.5971;48.7652833333333;5.43580205295924;11.145045831247;5349
-5.59471666666667;48.7682833333333;5.19820470001864;11.1475859534153;5409
-5.59163333333333;48.7723;5.39196518911831;11.0551669409111;5488
-5.58958333333333;48.7748333333333;5.43580205295924;11.145045831247;5542
-5.5869;48.7777666666667;8.99565066941044;8.3885799588496;5598
-5.58523333333333;48.7788333333333;10.2613822869974;6.41202329936994;5625
-5.58508333333333;48.7789;10.3717246654789;6.23196090288309;5632
-5.58475;48.7790666666667;10.3717246654789;6.23196090288309;5640
-5.57893333333333;48.78095;10.1479141920671;6.59013253144513;5709
-5.5773;48.7815;10.2317807689705;6.64459612330168;5728
-5.56265;48.7867166666667;10.2800655834298;6.9339917897221;5919
-5.56051666666667;48.7875166666667;10.362969656938;6.98991129338433;5947
-5.55958333333333;48.78785;10.362969656938;6.98991129338433;5959
-5.55735;48.78865;10.362969656938;6.98991129338433;5987
-5.55581666666667;48.7892166666667;10.362969656938;6.98991129338433;6009
-5.55496666666667;48.7895333333333;10.362969656938;6.98991129338433;6019
-5.55198333333333;48.7906166666667;10.4833820993178;6.80798793768784;6060
-5.55033333333333;48.7911833333333;10.362969656938;6.98991129338433;6080
-5.54808333333333;48.7919833333333;10.362969656938;6.98991129338433;6110
-5.54656666666667;48.7925666666667;10.362969656938;6.98991129338433;6129
-5.54353333333333;48.7937333333333;10.2394005536124;7.16970545438808;6169
-5.54193333333333;48.79435;10.4833820993178;6.80798793768784;6188
-5.5381;48.7957666666667;10.362969656938;6.98991129338433;6243
-5.53741666666667;48.7960166666667;10.362969656938;6.98991129338433;6248
-5.53518333333333;48.7968166666667;10.362969656938;6.98991129338433;6280
-5.5335;48.7974333333333;10.2394005536124;7.16970545438808;6298
-5.53125;48.7982833333333;10.2800655834298;6.9339917897221;6329
-5.53065;48.7985166666667;10.2800655834298;6.9339917897221;6336
-5.52831666666667;48.7994;10.3995147225958;6.75352382642303;6369
-5.52611666666667;48.8002;10.2800655834298;6.9339917897221;6396
-5.52295;48.8013666666667;10.2800655834298;6.9339917897221;6438
-5.51688333333333;48.8035833333333;10.1574850367018;7.11234759195093;6519
-5.51388333333333;48.8047166666667;10.3156481456924;6.69906023456649;6558
-5.51311666666667;48.8050166666667;10.3995147225958;6.75352382642303;6567
-5.51008333333333;48.8061;10.1971623005534;6.87807281934777;6610
-5.50715;48.8072;10.0755703009955;7.05499027651889;6647
-5.50556666666667;48.8077666666667;10.1971623005534;6.87807281934777;6672
-5.50405;48.8083166666667;10.0755703009955;7.05499027651889;6694
-5.50185;48.8091166666667;9.9509091851196;7.22975871530856;6717
-5.50103333333333;48.8094333333333;10.0755703009955;7.05499027651889;6732
-5.49956666666667;48.8100166666667;10.1971623005534;6.87807281934777;6751
-5.49588333333333;48.8113666666667;10.1971623005534;6.87807281934777;6797
-5.49288333333333;48.8124833333333;10.1971623005534;6.87807281934777;6837
-5.49136666666667;48.8130166666667;10.1971623005534;6.87807281934777;6856
-5.49053333333333;48.8133166666667;10.1971623005534;6.87807281934777;6868
-5.48916666666667;48.8138;10.3156481456924;6.69906023456649;6886
-5.48831666666667;48.8141;10.1971623005534;6.87807281934777;6900
-5.48681666666667;48.8146333333333;10.1142582270451;6.82215331568553;6918
-5.48598333333333;48.8149166666667;10.1142582270451;6.82215331568553;6935
-5.48461666666667;48.8153833333333;9.91174004837851;6.94027509864971;6946
-5.4838;48.8156833333333;9.66348997622751;7.281962009714;6958
-5.47951666666667;48.8174333333333;9.45612904328067;7.3879377039079;7017
-5.47735;48.8183666666667;9.37732766731775;7.32637132151912;7050
-5.47313333333333;48.8201666666667;9.2480366448803;7.48891241342639;7108
-5.46958333333333;48.82165;9.50376226490751;7.16159854593516;7158
-5.46886666666667;48.8219333333333;9.62730192444638;6.99464427805815;7168
-5.4683;48.8221666666667;9.50376226490751;7.16159854593516;7176
-5.46751666666667;48.8224833333333;9.50376226490751;7.16159854593516;7192
-5.4646;48.82365;9.37732766731775;7.32637132151912;7229
-5.4604;48.8254333333333;9.17032249342108;7.42598073442142;7291
-5.45976666666667;48.8257;9.29852704286044;7.26480552627087;7298
-5.45691666666667;48.8269333333333;9.17032249342108;7.42598073442142;7338
-5.45491666666667;48.8278;9.29852704286044;7.26480552627087;7375
-5.45423333333333;48.8281;9.29852704286044;7.26480552627087;7380
-5.45348333333333;48.8284333333333;9.29852704286044;7.26480552627087;7388
-5.44945;48.8302333333333;9.42389917088569;7.10141738798128;7449
-5.44868333333333;48.8305666666667;9.42389917088569;7.10141738798128;7459
-5.44813333333333;48.8308;9.29852704286044;7.26480552627087;7467
-5.44526666666667;48.8320333333333;9.42389917088569;7.10141738798128;7507
-5.44396666666667;48.8326;9.29852704286044;7.26480552627087;7528
-5.44116666666667;48.8338333333333;9.34403531522569;7.04123565609186;7568
-5.4404;48.8341666666667;9.54640068793213;6.93586608916232;7580
-5.4363;48.8359666666667;9.34403531522569;7.04123565609186;7639
-5.43575;48.8362166666667;9.42389917088569;7.10141738798128;7646
-5.4288;48.8393;9.17032249342108;7.42598073442142;7747
-5.42736666666667;48.8399666666667;9.42389917088569;7.10141738798128;7768
-5.42191666666667;48.8424166666667;9.17032249342108;7.42598073442142;7848
-5.41786666666667;48.8443333333333;9.50376226490751;7.16159854593516;7909
-5.41725;48.8446166666667;9.37732766731775;7.32637132151912;7921
-5.41371666666667;48.8462166666667;9.37732766731775;7.32637132151912;7972
-5.4131;48.8465;9.37732766731775;7.32637132151912;7983
-5.40615;48.8496666666667;9.37732766731775;7.32637132151912;8078
-5.40546666666667;48.8499833333333;9.2480366448803;7.48891241342639;8088
-5.40206666666667;48.8515833333333;9.50376226490751;7.16159854593516;8137
-5.4006;48.8522333333333;9.50376226490751;7.16159854593516;8158
-5.39508333333333;48.8547833333333;9.37732766731775;7.32637132151912;8238
-5.39306666666667;48.8557166666667;9.70820393249937;7.05342302750968;8269
-5.39165;48.85635;9.58362612056751;7.22178027782458;8290
-5.38466666666667;48.8594666666667;9.45612904328067;7.3879377039079;8392
-5.37831666666667;48.8623666666667;9.58362612056751;7.22178027782458;8480
-5.37215;48.8651666666667;9.58362612056751;7.22178027782458;8568
-5.3596;48.87095;9.66348997622751;7.281962009714;8748
-5.3589;48.8712666666667;9.78910594055236;7.1122017769612;8758
-5.35246666666667;48.8742166666667;9.87000717706661;7.17097996585703;8850
-5.3489;48.8756833333333;9.61373104370089;7.51106988154492;8902
-5.34598333333333;48.8769166666667;9.2691380539624;7.77773032241114;8940
-5.34536666666667;48.8772166666667;9.403466430087;7.61477697176971;8947
-5.34468333333333;48.87755;9.53493041924358;7.44950408629668;8957
-5.34185;48.8788666666667;9.53493041924358;7.44950408629668;9003
-5.34051666666667;48.8794666666667;9.58362612056751;7.22178027782458;9017
-5.33635;48.8813;9.58362612056751;7.22178027782458;9077
-5.33566666666667;48.8816166666667;9.58362612056751;7.22178027782458;9089
-5.33346666666667;48.8825666666667;9.45612904328067;7.3879377039079;9121
-5.32653333333333;48.8857833333333;9.37732766731775;7.32637132151912;9218
-5.32395;48.8869833333333;9.50376226490751;7.16159854593516;9261
-5.32321666666667;48.8873333333333;9.42389917088569;7.10141738798128;9272
-5.3179;48.8897833333333;9.34403531522569;7.04123565609186;9346
-5.31516666666667;48.8911;9.34403531522569;7.04123565609186;9386
-5.31118333333333;48.8930166666667;9.34403531522569;7.04123565609186;9447
-5.31051666666667;48.8933333333333;9.34403531522569;7.04123565609186;9458
-5.30911666666667;48.8940166666667;9.34403531522569;7.04123565609186;9480
-5.30651666666667;48.8952333333333;9.34403531522569;7.04123565609186;9522
-5.30251666666667;48.8971666666667;9.21972566689752;7.20323914388209;9582
-5.30125;48.8977833333333;9.29852704286044;7.26480552627087;9596
-5.29921666666667;48.8988;9.17032249342108;7.42598073442142;9630
-5.29855;48.8991333333333;9.29852704286044;7.26480552627087;9638
-5.29648333333333;48.9001666666667;9.42389917088569;7.10141738798128;9668
-5.29521666666667;48.9007833333333;9.42389917088569;7.10141738798128;9689
-5.29455;48.9011;9.42389917088569;7.10141738798128;9703
-5.29388333333333;48.9014166666667;9.42389917088569;7.10141738798128;9709
-5.29246666666667;48.9020833333333;9.42389917088569;7.10141738798128;9728
-5.28918333333333;48.9035666666667;9.89631286171972;6.42674071705897;9777
-5.2855;48.9050166666667;9.89631286171972;6.42674071705897;9828
-5.28275;48.9061333333333;9.78264351427586;6.59847636761239;9870
-5.27985;48.9073;9.58407876194035;6.71084419590622;9913
-5.27915;48.9075833333333;9.89631286171972;6.42674071705897;9918
-5.27781666666667;48.9081333333333;9.81244548499774;6.37227660579417;9938
-5.27491666666667;48.9092833333333;9.78264351427586;6.59847636761239;9977
-5.27358333333333;48.9098166666667;9.81244548499774;6.37227660579417;9997
-5.26938333333333;48.9115;9.69973944076762;6.54255686395016;10057
-5.26721666666667;48.9123833333333;9.81244548499774;6.37227660579417;10088
-5.26521666666667;48.9132166666667;9.69973944076762;6.54255686395016;10117
-5.26375;48.9138166666667;9.81244548499774;6.37227660579417;10137
-5.26235;48.9143666666667;9.81244548499774;6.37227660579417;10157
-5.26093333333333;48.9149166666667;9.81244548499774;6.37227660579417;10179
-5.25881666666667;48.91575;9.69973944076762;6.54255686395016;10212
-5.25756666666667;48.9162666666667;9.69973944076762;6.54255686395016;10228
-5.25465;48.9174666666667;9.81244548499774;6.37227660579417;10270
-5.25406666666667;48.9176833333333;9.69973944076762;6.54255686395016;10277
-5.25336666666667;48.9179666666667;9.81244548499774;6.37227660579417;10286
-5.25251666666667;48.9183;9.69973944076762;6.54255686395016;10299
-5.2512;48.91885;9.81244548499774;6.37227660579417;10317
-5.24918333333333;48.9196666666667;9.69973944076762;6.54255686395016;10346
-5.24835;48.9200166666667;9.69973944076762;6.54255686395016;10358
-5.24701666666667;48.92055;9.81244548499774;6.37227660579417;10377
-5.24415;48.9217;9.81244548499774;6.37227660579417;10419
-5.24351666666667;48.92195;9.81244548499774;6.37227660579417;10427
-5.24281666666667;48.9222333333333;9.81244548499774;6.37227660579417;10437
-5.24211666666667;48.9225;9.81244548499774;6.37227660579417;10450
-5.24281666666667;48.9222333333333;9.81244548499774;6.37227660579417;10458
-5.24078333333333;48.9230333333333;9.81244548499774;6.37227660579417;10466
-5.23861666666667;48.9239166666667;9.69973944076762;6.54255686395016;10496
-5.2373;48.9244833333333;9.69973944076762;6.54255686395016;10516
-5.23653333333333;48.9248;9.69973944076762;6.54255686395016;10525
-5.23313333333333;48.9262333333333;9.92216256327785;6.20005529045442;10577
-5.2316;48.9268666666667;9.81244548499774;6.37227660579417;10599
-5.23088333333333;48.92715;9.69973944076762;6.54255686395016;10612
-5.22946666666667;48.9277166666667;9.69973944076762;6.54255686395016;10628
-5.22248333333333;48.9305833333333;9.69973944076762;6.54255686395016;10728
-5.22111666666667;48.93115;9.81244548499774;6.37227660579417;10751
-5.22048333333333;48.9314166666667;9.81244548499774;6.37227660579417;10757
-5.2198;48.9317;9.81244548499774;6.37227660579417;10766
-5.21628333333333;48.9330833333333;9.81244548499774;6.37227660579417;10821
-5.21556666666667;48.93335;9.92216256327785;6.20005529045442;10826
-5.21338333333333;48.9342;9.81244548499774;6.37227660579417;10859
-5.21063333333333;48.9352666666667;9.69973944076762;6.54255686395016;10903
-5.20985;48.9355666666667;9.50216402623401;6.65348688047418;10910
-5.20365;48.9380833333333;9.69973944076762;6.54255686395016;11002
-5.19935;48.9398;9.69973944076762;6.54255686395016;11062
-5.19448333333333;48.94175;9.81244548499774;6.37227660579417;11135
-5.19308333333333;48.9423;9.69973944076762;6.54255686395016;11150
-5.19173333333333;48.9428333333333;9.69973944076762;6.54255686395016;11165
-5.18608333333333;48.9451166666667;9.69973944076762;6.54255686395016;11247
-5.17486666666667;48.9496;9.92216256327785;6.20005529045442;11409
-5.17206666666667;48.9507;9.61683615789122;6.48663789357583;11450
-5.1665;48.9529333333333;9.72857890809435;6.31781301393762;11530
-5.15755;48.9566166666667;9.61683615789122;6.48663789357583;11655
-5.15131666666667;48.9592333333333;9.81244548499774;6.37227660579417;11750
-5.14921666666667;48.9601;9.92216256327785;6.20005529045442;11781
-5.14773333333333;48.9607;9.69973944076762;6.54255686395016;11802
-5.14503333333333;48.9618333333333;9.58407876194035;6.71084419590622;11840
-5.14358333333333;48.96245;9.34403531522569;7.04123565609186;11858
-5.14296666666667;48.9627166666667;9.34403531522569;7.04123565609186;11870
-5.14096666666667;48.9636666666667;9.46549867987914;6.8770873397108;11896
-5.1403;48.9639833333333;9.46549867987914;6.8770873397108;11906
-5.13825;48.9649666666667;9.58407876194035;6.71084419590622;11938
-5.13625;48.9659166666667;9.34403531522569;7.04123565609186;11972
-5.13556666666667;48.9662166666667;9.09260760081773;7.36304845524976;11978
-5.12968333333333;48.9691833333333;9.14092504244022;7.14167334863385;12069
-5.12903333333333;48.9695166666667;9.26417222120387;6.98105449813797;12078
-5.12845;48.9698166666667;9.14092504244022;7.14167334863385;12090
-5.1278;48.97015;9.14092504244022;7.14167334863385;12099
-5.12715;48.9704666666667;9.14092504244022;7.14167334863385;12109
-5.1265;48.9708;9.01489344935852;7.30011677624479;12119
-5.12578333333333;48.9711666666667;9.26417222120387;6.98105449813797;12132
-5.12008333333333;48.97405;9.01489344935852;7.30011677624479;12221
-5.11936666666667;48.9744166666667;9.26417222120387;6.98105449813797;12230
-5.1155;48.9764166666667;9.26417222120387;6.98105449813797;12290
-5.11491666666667;48.9767;9.26417222120387;6.98105449813797;12297
-5.1116;48.9784;9.14092504244022;7.14167334863385;12347
-5.10261666666667;48.9830666666667;9.01489344935852;7.30011677624479;12488
-5.09996666666667;48.9844333333333;9.14092504244022;7.14167334863385;12528
-5.09808333333333;48.9853833333333;9.26417222120387;6.98105449813797;12560
-5.09603333333333;48.9864;9.21972566689752;7.20323914388209;12589
-5.087;48.9911166666667;9.21972566689752;7.20323914388209;12730
-5.08501666666667;48.9921666666667;9.14092504244022;7.14167334863385;12758
-5.08373333333333;48.9928333333333;9.26417222120387;6.98105449813797;12779
-4.99553333333333;49.02305;10.6920782902604;5.44788599687456;13988
-4.98726666666667;49.0258;10.2002905513718;6.12895289495821;14099
-4.9655;49.03325;10.5953711143071;5.63365875343069;14390
-4.9617;49.03455;10.6029772979496;5.40248677371698;14445
-4.95953333333333;49.0352833333333;10.5070760182035;5.58671141806291;14467
-4.95275;49.0376;10.4079741813179;5.76923429599122;14559
-4.952;49.0378666666667;10.5070760182035;5.58671141806291;14570
-4.93708333333333;49.04295;10.5070760182035;5.58671141806291;14768
-4.934;49.044;10.5070760182035;5.58671141806291;14810
-4.9281;49.0460333333333;10.5070760182035;5.58671141806291;14887
-4.92053333333333;49.0485833333333;10.5070760182035;5.58671141806291;14990
-4.91911666666667;49.0491;10.5070760182035;5.58671141806291;15009
-4.9101;49.0520166666667;10.6029772979496;5.40248677371698;15128
-4.90856666666667;49.0524833333333;10.6920782902604;5.44788599687456;15150
-4.90396666666667;49.05395;10.4079741813179;5.76923429599122;15207
-4.90108333333333;49.05495;10.4079741813179;5.76923429599122;15248
-4.8898;49.0588833333333;10.5070760182035;5.58671141806291;15399
-4.88905;49.0591166666667;10.6029772979496;5.40248677371698;15411
-4.88621666666667;49.0601;10.4079741813179;5.76923429599122;15452
-4.87878333333333;49.06275;10.5070760182035;5.58671141806291;15546
-4.87803333333333;49.0630166666667;10.5070760182035;5.58671141806291;15560
-4.8757;49.0637833333333;10.6029772979496;5.40248677371698;15587
-4.87426666666667;49.06425;10.5070760182035;5.58671141806291;15607
-4.87203333333333;49.0650333333333;10.4079741813179;5.76923429599122;15636
-4.86981666666667;49.0658166666667;10.4079741813179;5.76923429599122;15667
-4.869;49.0661166666667;10.5070760182035;5.58671141806291;15679
-4.85936666666667;49.0694333333333;10.6029772979496;5.40248677371698;15810
-4.8587;49.06965;10.6029772979496;5.40248677371698;15821
-4.85786666666667;49.0699333333333;10.6956488080974;5.2166164795647;15830
-4.85415;49.0711;10.6956488080974;5.2166164795647;15878
-4.85331666666667;49.0713666666667;10.6956488080974;5.2166164795647;15890
-4.85188333333333;49.0718333333333;10.5070760182035;5.58671141806291;15907
-4.85105;49.0721166666667;10.6029772979496;5.40248677371698;15922
-4.8503;49.0723666666667;10.6029772979496;5.40248677371698;15930
-4.84505;49.0740666666667;10.78552855559;5.26045376146893;15997
-4.8405;49.0755666666667;10.78552855559;5.26045376146893;16058
-4.83361666666667;49.07785;10.78552855559;5.26045376146893;16148
-4.83141666666667;49.0785666666667;10.8756934444398;5.07141914088839;16180
-4.83065;49.0788166666667;10.8756934444398;5.07141914088839;16190
-4.82763333333333;49.0797166666667;10.78552855559;5.26045376146893;16230
-4.82523333333333;49.0804666666667;10.8754083030826;5.30429104337316;16260
-4.823;49.0811833333333;10.8754083030826;5.30429104337316;16288
-4.81903333333333;49.0824666666667;10.9663245688724;5.11368112827854;16340
-4.81758333333333;49.08295;11.0539003859654;4.9215135363749;16361
-4.81378333333333;49.0841;10.8754083030826;5.30429104337316;16406
-4.81208333333333;49.0846333333333;10.9663245688724;5.11368112827854;16432
-4.80978333333333;49.08535;10.8754083030826;5.30429104337316;16460
-4.8091;49.0855833333333;10.8754083030826;5.30429104337316;16467
-4.8075;49.0861;10.8754083030826;5.30429104337316;16489
-4.7967;49.0895333333333;10.8754083030826;5.30429104337316;16629
-4.68568333333333;49.1205333333333;11.0484805600437;5.62948202358675;18008
-4.68498333333333;49.1207666666667;11.0484805600437;5.62948202358675;18017
-4.58838333333333;49.1636833333333;10.5287770133227;7.1017497674209;19352
-4.49805;49.1996833333333;11.1717273784568;6.44999980926514;20508
-4.495;49.2008666666667;11.2825938884573;6.25404391623756;20552
-4.49271666666667;49.2017166666667;11.2825938884573;6.25404391623756;20578
-4.23858333333333;49.3079666666667;11.6324422717744;6.44796804174638;23810
-4.2336;49.3097166666667;11.5181380355143;6.65000009536743;23868
