"x";"y";"vx";"vy";"t"
-5.78573166666667;48.4722733333333;3.74197703871851;-8.40461803606696;0
-5.77554;48.4603333333333;3.55565341830449;-8.37659451756194;340
-5.76681666666667;48.449705;3.55565341830449;-8.37659451756194;622
-5.76236166666667;48.4443383333333;3.43843400523166;-8.10044288595384;757
-5.755275;48.4357233333333;3.18947461424665;-8.30886543969243;1045
-5.74679333333333;48.4253533333333;3.2590772912679;-8.06649935788476;1296
-5.74265333333333;48.4202533333333;3.51658015640347;-8.28454368107196;1425
-5.73535833333333;48.4114083333333;3.33399853850054;-8.25193595195184;1675
-5.73173;48.4072116666667;3.29653809351057;-8.15921809703401;1794
-5.72639;48.4009033333333;3.2590772912679;-8.06649935788476;1980
-5.722525;48.3963533333333;3.22161684627792;-7.97378150296694;2115
-5.72062833333333;48.39419;3.47750689450244;-8.19249284458198;2169
-5.71691166666667;48.38995;3.1536380243519;-8.21550793124171;2275
-5.71294833333333;48.3853283333333;3.18947461424665;-8.30886543969243;2407
-5.70744333333333;48.3789233333333;3.43843400523166;-8.10044288595384;2584
-5.70119833333333;48.3717566666667;3.33399853850054;-8.25193595195184;2813
-5.69687;48.3668133333333;3.1536380243519;-8.21550793124171;2941
-5.68941666666667;48.3582683333333;3.37145934074321;-8.34465469110109;3181
-5.68298166666667;48.3509683333333;3.40892014298588;-8.43737343025034;3366
-5.67884;48.3463083333333;3.18947461424665;-8.30886543969243;3500
-5.67483166666667;48.3416333333333;3.51658015640347;-8.28454368107196;3644
-5.66968666666667;48.3358066666667;3.26114847756876;-8.49558223725721;3814
-5.66295666666667;48.32819;3.37145934074321;-8.34465469110109;4015
-5.65853166666667;48.3235683333333;3.37145934074321;-8.34465469110109;4167
-5.65422333333333;48.319105;1.26647527182692;-9.01143980330558;4254
-5.65733833333333;48.3150166666667;-6.73457157815288;-3.7330339834267;4445
-5.664215;48.3124216666667;-5.37968391258883;-6.1886184138773;4560
-5.675125;48.29892;0.413454059310402;-7.88917341979787;4994
-5.67146166666667;48.2911983333333;3.71904078392619;-7.97550869878701;5196
-5.664605;48.2871316666667;6.29931869753009;-7.50723568867737;5330
-5.65711833333333;48.2832433333333;6.29931869753009;-7.50723568867737;5464
-5.65047666666667;48.2798216666667;6.35613618967004;-7.84917450717306;5585
-5.64123833333333;48.275075;6.16733995232175;-7.61603057050714;5765
-5.62531833333333;48.2670116666667;6.29931869753009;-7.50723568867737;6091
-5.61825166666667;48.263375;6.36377245607459;-7.32068278421146;6193
-5.61061333333333;48.259475;6.4293786092403;-7.39615403013259;6322
-5.60413;48.2561083333333;6.29320391049838;-7.77145961456971;6484
-5.59605833333333;48.2518416666667;6.49498413673936;-7.47162455630659;6600
-5.58952666666667;48.248365;6.4278760968654;-7.66044443118978;6734
-5.58181833333333;48.243225;4.94999980926514;-8.57365116710347;6903
-5.57590333333333;48.2387216666667;4.74166296322669;-8.91777102469294;7017
-5.57096333333333;48.2343983333333;4.16452589449623;-8.53854343984209;7117
-5.565835;48.229745;4.09939705827675;-8.79118536139101;7270
-5.56088166666667;48.225265;4.07685174875108;-8.35878480201361;7400
-5.55584666666667;48.220645;4.3129097475257;-8.46456197978949;7528
-5.551095;48.2163233333333;4.20836317640046;-8.62842318733472;7638
-5.54524666666667;48.2108866666667;4.25220004024139;-8.71830207767056;7784
-5.54066166666667;48.2064966666667;3.75101898254913;-8.83684694428816;7912
-5.53611333333333;48.2015516666667;3.67287245874708;-8.6527452713082;8025
-5.53160166666667;48.1966366666667;3.79009187181991;-8.9288969029163;8156
-5.52696;48.1915983333333;3.82916513372093;-9.02094773940628;8291
-5.52231166666667;48.18654;3.90731128489274;-9.2050485345244;8414
-5.51785166666667;48.181685;3.78352673640179;-9.36455728481712;8536
-5.511725;48.1749333333333;3.90731128489274;-9.2050485345244;8721
-5.50735;48.1701566666667;3.94638454679377;-9.29709937101438;8842
-5.50231666666667;48.1645216666667;3.94638454679377;-9.29709937101438;8996
-5.49732666666667;48.1589016666667;3.98545743606455;-9.38914932964252;9105
-5.49197333333333;48.1527816666667;3.78352673640179;-9.36455728481712;9265
-5.48804333333333;48.14826;3.94638454679377;-9.29709937101438;9373
-5.48373666666667;48.1434516666667;3.90731128489274;-9.2050485345244;9506
-5.47915833333333;48.138305;3.94638454679377;-9.29709937101438;9634
-5.47491166666667;48.1334183333333;3.94638454679377;-9.29709937101438;9737
-5.46824166666667;48.1255766666667;3.98545743606455;-9.38914932964252;9939
-5.46332666666667;48.119795;4.06360358723635;-9.57325012476064;10071
-5.45844333333333;48.1139233333333;3.89590842862441;-9.64271173380202;10231
-5.45398166666667;48.108435;4.02453069796557;-9.4812001661325;10358
-5.449285;48.1029383333333;4.1893875012596;-9.40951838796376;10478
-5.444235;48.0971166666667;4.23006093283061;-9.50087241099311;10619
-5.43987;48.0920783333333;4.3952297608872;-9.42560063945218;10730
-5.43437833333333;48.0856916666667;4.2707347522959;-9.59222730524731;10881
-5.42823;48.0784816666667;4.10267684913738;-9.66530096125062;11059
-5.42393166666667;48.073435;4.3952297608872;-9.42560063945218;11200
-5.418795;48.067605;4.43749174827734;-9.51623176388483;11328
-5.41014833333333;48.0583016666667;4.64673432318954;-9.52721723363389;11535
-5.40305;48.0506933333333;4.52201532001745;-9.69749314842766;11714
-5.39494;48.0418616666667;4.69057118703047;-9.61709612396973;11914
-5.38353833333333;48.0294466666667;4.56427730740759;-9.78812427286031;12214
-5.37832166666667;48.0239116666667;4.90309748377892;-9.62287063118038;12341
-5.37225666666667;48.017565;4.77824533277562;-9.7968547617982;12524
-5.36682666666667;48.011665;4.97639874461963;-9.3592448211224;12660
-5.35995833333333;48.0042433333333;4.67610223390915;-9.1773673690862;12840
-5.35449333333333;47.9982516666667;4.53990499739547;-8.91006524188368;12962
-5.34356166666667;47.985975;4.58530422055305;-8.99916623419453;13291
