"x";"y";"vx";"vy";"t"
-5.8915;48.473;10.0355595089796;18.1046286050674;0
-5.88733333333333;48.478;9.98707836201474;18.0171663007125;59
-5.88533333333333;48.4805;9.98707836201474;18.0171663007125;92
-5.88333333333333;48.4831666666667;9.98707836201474;18.0171663007125;120
-5.88133333333333;48.4856666666667;9.98707836201474;18.0171663007125;150
-5.87616666666667;48.4921666666667;9.98707836201474;18.0171663007125;228
-5.87533333333333;48.4931666666667;9.98707836201474;18.0171663007125;240
-5.87483333333333;48.4936666666667;9.93859721504991;17.9297039963576;245
-5.87316666666667;48.4956666666667;9.67111437247854;18.1887207497117;271
-5.8725;48.4966666666667;9.62416703711076;18.100425653608;290
-5.87;48.4996666666667;9.62416703711076;18.100425653608;320
-5.86933333333333;48.5006666666667;9.93859721504991;17.9297039963576;330
-5.86766666666667;48.5028333333333;9.98707836201474;18.0171663007125;354
-5.867;48.5038333333333;9.98707836201474;18.0171663007125;366
-5.8665;48.5043333333333;9.98707836201474;18.0171663007125;373
-5.86616666666667;48.5048333333333;9.98707836201474;18.0171663007125;378
-5.86566666666667;48.5053333333333;9.98707836201474;18.0171663007125;383
-5.86283333333333;48.5088333333333;9.98707836201474;18.0171663007125;425
-5.8625;48.5093333333333;10.3000001907349;17.8401236483219;431
-5.86133333333333;48.5108333333333;10.3000001907349;17.8401236483219;451
-5.8605;48.5118333333333;9.98707836201474;18.0171663007125;464
-5.86;48.5123333333333;9.98707836201474;18.0171663007125;469
-5.85916666666667;48.5133333333333;9.98707836201474;18.0171663007125;480
-5.85883333333333;48.5138333333333;9.93859721504991;17.9297039963576;485
-5.85716666666667;48.5158333333333;9.62416703711076;18.100425653608;509
-5.8555;48.518;9.62416703711076;18.100425653608;535
-5.85533333333333;48.5183333333333;9.62416703711076;18.100425653608;543
-5.85333333333333;48.521;9.93859721504991;17.9297039963576;570
-5.85166666666667;48.5231666666667;9.98707836201474;18.0171663007125;594
-5.851;48.524;9.98707836201474;18.0171663007125;607
-5.8505;48.5245;9.93859721504991;17.9297039963576;614
-5.85016666666667;48.525;9.98707836201474;18.0171663007125;619
-5.84783333333333;48.528;9.93859721504991;17.9297039963576;654
-5.84733333333333;48.5285;9.93859721504991;17.9297039963576;659
-5.847;48.529;9.93859721504991;17.9297039963576;665
-5.8465;48.5295;9.93859721504991;17.9297039963576;671
-5.84616666666667;48.53;9.93859721504991;17.9297039963576;680
-5.84533333333333;48.531;9.62416703711076;18.100425653608;690
-5.8445;48.532;9.93859721504991;17.9297039963576;701
-5.84416666666667;48.5325;9.89011606808508;17.8422416920027;708
-5.84333333333333;48.5335;9.93859721504991;17.9297039963576;720
-5.84266666666667;48.5345;9.93859721504991;17.9297039963576;731
-5.84183333333333;48.5355;9.89011606808508;17.8422416920027;750
-5.8415;48.536;9.93859721504991;17.9297039963576;760
-5.83966666666667;48.5381666666667;9.98707836201474;18.0171663007125;774
-5.8395;48.5385;9.93859721504991;17.9297039963576;780
-5.839;48.539;9.98707836201474;18.0171663007125;786
-5.83866666666667;48.5396666666667;9.98707836201474;18.0171663007125;791
-5.83833333333333;48.5401666666667;9.93859721504991;17.9297039963576;797
-5.8375;48.5411666666667;10.25;17.753520777581;811
-5.83666666666667;48.5421666666667;9.93859721504991;17.9297039963576;823
-5.83633333333333;48.5426666666667;9.98707836201474;18.0171663007125;831
-5.835;48.5441666666667;9.93859721504991;17.9297039963576;846
-5.83466666666667;48.5446666666667;10.25;17.753520777581;851
-5.835;48.5441666666667;9.93859721504991;17.9297039963576;857
-5.83333333333333;48.5461666666667;9.93859721504991;17.9297039963576;873
-5.8325;48.5471666666667;9.93859721504991;17.9297039963576;883
-5.83216666666667;48.5476666666667;9.93859721504991;17.9297039963576;889
-5.831;48.5491666666667;9.89011606808508;17.8422416920027;907
-5.83016666666667;48.5501666666667;9.89011606808508;17.8422416920027;917
-5.82983333333333;48.5506666666667;9.89011606808508;17.8422416920027;923
-5.82933333333333;48.5511666666667;9.89011606808508;17.8422416920027;932
-5.8285;48.5521666666667;9.89011606808508;17.8422416920027;941
-5.82733333333333;48.5536666666667;9.89011606808508;17.8422416920027;959
-5.8265;48.5546666666667;9.89011606808508;17.8422416920027;975
-5.82616666666667;48.5551666666667;9.93859721504991;17.9297039963576;985
-5.82533333333333;48.5561666666667;9.89011606808508;17.8422416920027;990
-5.823;48.5591666666667;9.62416703711076;18.100425653608;1026
-5.82066666666667;48.5621666666667;9.89011606808508;17.8422416920027;1063
-5.8195;48.5636666666667;9.89011606808508;17.8422416920027;1080
-5.81916666666667;48.5641666666667;9.89011606808508;17.8422416920027;1086
-5.81866666666667;48.5646666666667;9.93859721504991;17.9297039963576;1093
-5.81783333333333;48.5656666666667;10.25;17.753520777581;1103
-5.8175;48.5661666666667;9.89011606808508;17.8422416920027;1110
-5.81666666666667;48.5671666666667;9.89011606808508;17.8422416920027;1121
-5.81583333333333;48.5681666666667;9.89011606808508;17.8422416920027;1137
-5.815;48.5691666666667;9.89011606808508;17.8422416920027;1145
-5.81466666666667;48.5696666666667;9.89011606808508;17.8422416920027;1151
-5.81266666666667;48.5721666666667;9.89011606808508;17.8422416920027;1183
-5.81183333333333;48.5731666666667;9.57721970174298;18.0121305575043;1193
-5.8115;48.5736666666667;9.89011606808508;17.8422416920027;1200
-5.811;48.5741666666667;9.89011606808508;17.8422416920027;1205
-5.81066666666667;48.5746666666667;9.89011606808508;17.8422416920027;1212
-5.81033333333333;48.5751666666667;9.93859721504991;17.9297039963576;1219
-5.80983333333333;48.5756666666667;9.89011606808508;17.8422416920027;1224
-5.80866666666667;48.5771666666667;9.84163492112026;17.7547793876479;1243
-5.80833333333333;48.5776666666667;9.89011606808508;17.8422416920027;1249
-5.80716666666667;48.5791666666667;9.57721970174298;18.0121305575043;1266
-5.80666666666667;48.5796666666667;9.89011606808508;17.8422416920027;1271
-5.806;48.5806666666667;9.89011606808508;17.8422416920027;1283
-5.8055;48.5813333333333;9.93859721504991;17.9297039963576;1290
-5.804;48.5831666666667;9.89011606808508;17.8422416920027;1316
-5.80316666666667;48.5841666666667;9.89011606808508;17.8422416920027;1325
-5.802;48.5856666666667;9.84163492112026;17.7547793876479;1343
-5.8015;48.5863333333333;9.57721970174298;18.0121305575043;1350
-5.80083333333333;48.5871666666667;9.89011606808508;17.8422416920027;1361
-5.80016666666667;48.5881666666667;9.89011606808508;17.8422416920027;1379
-5.79933333333333;48.5891666666667;9.89011606808508;17.8422416920027;1386
-5.79766666666667;48.5915;9.93859721504991;17.9297039963576;1410
-5.797;48.5923333333333;9.89011606808508;17.8422416920027;1423
-5.79583333333333;48.5938333333333;9.89011606808508;17.8422416920027;1439
-5.793;48.5973333333333;9.93859721504991;17.9297039963576;1483
-5.79216666666667;48.5983333333333;9.89011606808508;17.8422416920027;1493
-5.79183333333333;48.5988333333333;10.1999998092651;17.6669179068401;1499
-5.79133333333333;48.5993333333333;10.1999998092651;17.6669179068401;1509
-5.789;48.6023333333333;9.93859721504991;17.9297039963576;1541
-5.7885;48.6028333333333;9.93859721504991;17.9297039963576;1548
-5.78816666666667;48.6033333333333;9.93859721504991;17.9297039963576;1553
-5.78733333333333;48.6043333333333;9.93859721504991;17.9297039963576;1565
-5.7865;48.6053333333333;9.89011606808508;17.8422416920027;1579
-5.78566666666667;48.6065;9.98707836201474;18.0171663007125;1589
-5.785;48.6073333333333;9.93859721504991;17.9297039963576;1608
-5.783;48.6098333333333;9.98707836201474;18.0171663007125;1634
-5.782;48.611;9.89011606808508;17.8422416920027;1645
-5.77966666666667;48.614;9.93859721504991;17.9297039963576;1680
-5.77933333333333;48.6143333333333;10.25;17.753520777581;1685
-5.7785;48.6153333333333;9.89011606808508;17.8422416920027;1698
-5.778;48.616;9.89011606808508;17.8422416920027;1703
-5.77783333333333;48.6163333333333;9.89011606808508;17.8422416920027;1709
-5.77683333333333;48.6175;9.89011606808508;17.8422416920027;1723
-5.77533333333333;48.6193333333333;9.84163492112026;17.7547793876479;1745
-5.775;48.6198333333333;9.89011606808508;17.8422416920027;1751
-5.77166666666667;48.624;9.84163492112026;17.7547793876479;1802
-5.765;48.6325;9.89011606808508;17.8422416920027;1903
-5.76383333333333;48.634;9.57721970174298;18.0121305575043;1920
-5.76116666666667;48.6375;9.89011606808508;17.8422416920027;1963
-5.75983333333333;48.6391666666667;9.93859721504991;17.9297039963576;1981
-5.758;48.6415;9.93859721504991;17.9297039963576;2010
-5.75716666666667;48.6425;9.93859721504991;17.9297039963576;2023
-5.75683333333333;48.643;9.93859721504991;17.9297039963576;2029
-5.7565;48.6435;9.98707836201474;18.0171663007125;2034
-5.75483333333333;48.6455;9.89011606808508;17.8422416920027;2058
-5.75433333333333;48.6461666666667;9.89011606808508;17.8422416920027;2065
-5.75216666666667;48.649;9.93859721504991;17.9297039963576;2100
-5.73833333333333;48.6666666666667;9.84163492112026;17.7547793876479;2314
-5.73116666666667;48.6756666666667;9.89011606808508;17.8422416920027;2419
-5.72533333333333;48.6828333333333;9.89011606808508;17.8422416920027;2502
-5.72433333333333;48.6841666666667;9.93859721504991;17.9297039963576;2522
-5.72383333333333;48.6846666666667;9.98707836201474;18.0171663007125;2533
-5.723;48.6856666666667;9.98707836201474;18.0171663007125;2539
-5.72216666666667;48.6866666666667;9.57721970174298;18.0121305575043;2549
-5.7215;48.6876666666667;9.57721970174298;18.0121305575043;2561
-5.72066666666667;48.6886666666667;9.53027236637521;17.9238354614007;2572
-5.72033333333333;48.6891666666667;9.57721970174298;18.0121305575043;2578
-5.71916666666667;48.6906666666667;9.57721970174298;18.0121305575043;2599
-5.71833333333333;48.6916666666667;9.89011606808508;17.8422416920027;2611
-5.7175;48.6928333333333;9.93859721504991;17.9297039963576;2621
-5.71683333333333;48.6936666666667;9.93859721504991;17.9297039963576;2634
-5.716;48.6946666666667;9.89011606808508;17.8422416920027;2646
-5.71516666666667;48.6958333333333;9.93859721504991;17.9297039963576;2658
-5.71483333333333;48.6963333333333;9.98707836201474;18.0171663007125;2663
-5.7135;48.698;9.93859721504991;17.9297039963576;2681
-5.712;48.6998333333333;9.93859721504991;17.9297039963576;2707
-5.71116666666667;48.7008333333333;10.25;17.753520777581;2718
-5.71083333333333;48.7013333333333;9.98707836201474;18.0171663007125;2723
-5.71033333333333;48.7018333333333;10.25;17.753520777581;2730
-5.70883333333333;48.7038333333333;9.93859721504991;17.9297039963576;2753
-5.7075;48.7053333333333;9.89011606808508;17.8422416920027;2772
-5.70716666666667;48.7058333333333;9.93859721504991;17.9297039963576;2777
-5.70633333333333;48.7068333333333;9.93859721504991;17.9297039963576;2789
-5.70516666666667;48.7083333333333;9.93859721504991;17.9297039963576;2808
-5.70483333333333;48.7088333333333;9.93859721504991;17.9297039963576;2814
-5.70316666666667;48.7108333333333;9.93859721504991;17.9297039963576;2837
-5.70233333333333;48.7118333333333;10.3000001907349;17.8401236483219;2849
-5.70066666666667;48.7138333333333;9.93859721504991;17.9297039963576;2873
-5.699;48.7158333333333;9.98707836201474;18.0171663007125;2898
-5.6975;48.7178333333333;9.98707836201474;18.0171663007125;2920
-5.69583333333333;48.7198333333333;9.62416703711076;18.100425653608;2949
-5.69466666666667;48.7215;9.67111437247854;18.1887207497117;2963
-5.6935;48.723;9.67111437247854;18.1887207497117;2982
-5.69266666666667;48.724;9.93859721504991;17.9297039963576;2994
-5.69116666666667;48.726;9.98707836201474;18.0171663007125;3019
-5.69066666666667;48.7265;9.93859721504991;17.9297039963576;3029
-5.69116666666667;48.726;9.98707836201474;18.0171663007125;3035
-5.6895;48.728;9.98707836201474;18.0171663007125;3043
-5.68883333333333;48.729;9.67111437247854;18.1887207497117;3052
-5.68766666666667;48.7306666666667;9.62416703711076;18.100425653608;3072
-5.68716666666667;48.7311666666667;9.67111437247854;18.1887207497117;3079
-5.68683333333333;48.7316666666667;9.98707836201474;18.0171663007125;3084
-5.68566666666667;48.7331666666667;9.98707836201474;18.0171663007125;3101
-5.68333333333333;48.7361666666667;9.98707836201474;18.0171663007125;3138
-5.68133333333333;48.7386666666667;10.0355595089796;18.1046286050674;3169
-5.68083333333333;48.7391666666667;10.0840397312434;18.1920892412176;3178
-5.6805;48.7398333333333;10.0840397312434;18.1920892412176;3189
-5.67933333333333;48.7413333333333;9.98707836201474;18.0171663007125;3198
-5.6755;48.746;10.0840397312434;18.1920892412176;3252
-5.673;48.7495;10.0840397312434;18.1920892412176;3294
-5.67183333333333;48.751;10.0840397312434;18.1920892412176;3313
-5.67066666666667;48.7526666666667;10.0840397312434;18.1920892412176;3329
-5.66983333333333;48.7536666666667;10.3999996185303;18.0133277379914;3345
-5.6695;48.7541666666667;10.0840397312434;18.1920892412176;3350
-5.66866666666667;48.7551666666667;10.1325208782083;18.2795515455724;3359
-5.66816666666667;48.7556666666667;10.4499998092651;18.0999306087323;3365
-5.66766666666667;48.7563333333333;10.3999996185303;18.0133277379914;3373
-5.667;48.7571666666667;10.3999996185303;18.0133277379914;3387
-5.66666666666667;48.7578333333333;10.1325208782083;18.2795515455724;3396
-5.66583333333333;48.7588333333333;10.3999996185303;18.0133277379914;3402
-5.665;48.7598333333333;10.4499998092651;18.0999306087323;3414
-5.66466666666667;48.7603333333333;10.4499998092651;18.0999306087323;3428
-5.6635;48.7618333333333;10.4499998092651;18.0999306087323;3438
-5.663;48.7623333333333;10.4499998092651;18.0999306087323;3443
-5.66183333333333;48.764;10.4499998092651;18.0999306087323;3462
-5.6605;48.7655;10.4499998092651;18.0999306087323;3481
-5.66016666666667;48.766;10.4499998092651;18.0999306087323;3487
-5.65966666666667;48.7666666666667;10.4499998092651;18.0999306087323;3493
-5.659;48.7675;10.4499998092651;18.0999306087323;3505
-5.65766666666667;48.769;10.4499998092651;18.0999306087323;3521
-5.65683333333333;48.77;10.3999996185303;18.0133277379914;3537
-5.6565;48.7706666666667;10.3500003814697;17.9267265190628;3542
-5.65533333333333;48.7721666666667;10.4499998092651;18.0999306087323;3560
-5.65366666666667;48.7741666666667;10.4499998092651;18.0999306087323;3582
-5.65283333333333;48.7751666666667;10.7642955691487;17.9147962576908;3595
-5.6525;48.7756666666667;11.0753124203258;17.7242048861646;3602
-5.65133333333333;48.7771666666667;11.6871314692234;17.3268849501476;3619
-5.65066666666667;48.7778333333333;12.2847115486904;16.9084548738209;3624
-5.65033333333333;48.7783333333333;12.5779337543036;16.6914818553332;3631
-5.64933333333333;48.7791666666667;12.9288909818388;16.5482258257412;3642
-5.64883333333333;48.7796666666667;13.1527959328749;16.242350297993;3647
-5.64816666666667;48.7803333333333;13.4985398034173;16.0869333054985;3659
-5.64216666666667;48.785;16.0869333054985;13.4985398034173;3720
-5.641;48.7856666666667;16.4694244497782;12.86732459945;3729
-5.64;48.7863333333333;16.7713457109931;12.638115486193;3739
-5.6395;48.7866666666667;16.9893568818739;12.3434902981419;3745
-5.63883333333333;48.787;16.9893568818739;12.3434902981419;3750
-5.63666666666667;48.7881666666667;17.4097890236559;11.7430509728857;3769
-5.63433333333333;48.7891666666667;18.0005133147444;10.8157995731111;3785
-5.63366666666667;48.7895;18.0005133147444;10.8157995731111;3792
-5.63166666666667;48.7903333333333;18.0999306087323;10.4499998092651;3811
-5.62716666666667;48.7923333333333;17.9147962576908;10.7642955691487;3848
-5.625;48.7931666666667;18.0133277379914;10.3999996185303;3862
-5.62416666666667;48.7935;18.0133277379914;10.3999996185303;3871
-5.62116666666667;48.7946666666667;18.0999306087323;10.4499998092651;3894
-5.61983333333333;48.7953333333333;18.0133277379914;10.3999996185303;3905
-5.61833333333333;48.7958333333333;18.0133277379914;10.3999996185303;3919
-5.61683333333333;48.7965;18.0133277379914;10.3999996185303;3928
-5.61383333333333;48.7976666666667;17.9267265190628;10.3500003814697;3954
-5.61233333333333;48.7983333333333;17.9267265190628;10.3500003814697;3965
-5.6105;48.799;18.0133277379914;10.3999996185303;3978
-5.61;48.7991666666667;18.0133277379914;10.3999996185303;3985
-5.60783333333333;48.8001666666667;17.8401236483219;10.3000001907349;4002
-5.60716666666667;48.8003333333333;17.7433637785005;10.661288543581;4009
-5.60633333333333;48.8006666666667;17.9267265190628;10.3500003814697;4014
-5.60566666666667;48.801;17.7433637785005;10.661288543581;4020
-5.60416666666667;48.8016666666667;17.6576467214469;10.6097845396186;4032
-5.60316666666667;48.802;17.8401236483219;10.3000001907349;4038
-5.60266666666667;48.8021666666667;17.8401236483219;10.3000001907349;4044
-5.602;48.8025;17.8401236483219;10.3000001907349;4050
-5.6005;48.8031666666667;18.0171663007125;9.98707836201474;4062
-5.59966666666667;48.8033333333333;17.8401236483219;10.3000001907349;4068
-5.599;48.8036666666667;17.8401236483219;10.3000001907349;4074
-5.59816666666667;48.804;17.8401236483219;10.3000001907349;4079
-5.5975;48.8041666666667;17.8401236483219;10.3000001907349;4085
-5.59816666666667;48.804;17.8401236483219;10.3000001907349;4090
-5.59566666666667;48.805;17.9267265190628;10.3500003814697;4098
-5.593;48.806;17.9267265190628;10.3500003814697;4123
-5.59083333333333;48.807;18.1046286050674;10.0355595089796;4140
-5.59;48.8071666666667;18.1046286050674;10.0355595089796;4146
-5.58933333333333;48.8075;18.1046286050674;10.0355595089796;4152
-5.58833333333333;48.8078333333333;17.9267265190628;10.3500003814697;4159
-5.58483333333333;48.8093333333333;18.1046286050674;10.0355595089796;4189
-5.584;48.8095;18.1920892412176;10.0840397312434;4195
-5.58333333333333;48.8098333333333;18.0133277379914;10.3999996185303;4203
-5.58083333333333;48.8108333333333;18.1046286050674;10.0355595089796;4218
-5.58033333333333;48.811;18.1046286050674;10.0355595089796;4224
-5.578;48.8118333333333;18.1046286050674;10.0355595089796;4240
-5.5765;48.8125;18.1046286050674;10.0355595089796;4255
-5.57583333333333;48.8128333333333;18.0133277379914;10.3999996185303;4260
-5.575;48.813;17.9267265190628;10.3500003814697;4266
-5.57433333333333;48.8133333333333;18.1046286050674;10.0355595089796;4272
-5.57333333333333;48.8138333333333;17.9267265190628;10.3500003814697;4278
-5.57283333333333;48.814;18.1046286050674;10.0355595089796;4285
-5.57183333333333;48.8143333333333;17.9267265190628;10.3500003814697;4290
-5.56983333333333;48.8151666666667;17.9267265190628;10.3500003814697;4308
-5.569;48.8155;18.1046286050674;10.0355595089796;4315
-5.56983333333333;48.8151666666667;17.9267265190628;10.3500003814697;4324
-5.56433333333333;48.8173333333333;18.0133277379914;10.3999996185303;4354
-5.5615;48.8183333333333;18.1046286050674;10.0355595089796;4375
-5.56083333333333;48.8186666666667;18.1046286050674;10.0355595089796;4382
-5.55833333333333;48.8196666666667;18.1046286050674;10.0355595089796;4398
-5.55683333333333;48.8201666666667;18.0171663007125;9.98707836201474;4412
-5.55416666666667;48.8213333333333;17.8401236483219;10.3000001907349;4436
-5.55116666666667;48.8225;17.8401236483219;10.3000001907349;4460
-5.54933333333333;48.8231666666667;17.8401236483219;10.3000001907349;4475
-5.54816666666667;48.8236666666667;18.0171663007125;9.98707836201474;4483
-5.542;48.826;17.8401236483219;10.3000001907349;4531
-5.54;48.8268333333333;17.9297039963576;9.93859721504991;4548
-5.53916666666667;48.8271666666667;17.9297039963576;9.93859721504991;4554
-5.5385;48.8275;17.753520777581;10.25;4565
-5.537;48.828;17.6669179068401;10.1999998092651;4571
-5.53483333333333;48.829;17.753520777581;10.25;4589
-5.53333333333333;48.8295;17.6669179068401;10.1999998092651;4605
-5.5325;48.8298333333333;17.6669179068401;10.1999998092651;4612
-5.53116666666667;48.8303333333333;17.6669179068401;10.1999998092651;4620
-5.529;48.8313333333333;17.8422416920027;9.89011606808508;4638
-5.52816666666667;48.8315;17.8422416920027;9.89011606808508;4646
-5.5275;48.8318333333333;17.8422416920027;9.89011606808508;4653
-5.526;48.8325;17.9297039963576;9.93859721504991;4661
-5.52516666666667;48.8326666666667;17.9297039963576;9.93859721504991;4668
-5.5245;48.833;17.9297039963576;9.93859721504991;4674
-5.52366666666667;48.8333333333333;17.9297039963576;9.93859721504991;4681
-5.523;48.8336666666667;17.9297039963576;9.93859721504991;4686
-5.52;48.8348333333333;17.9297039963576;9.93859721504991;4709
-5.5185;48.8353333333333;17.9297039963576;9.93859721504991;4721
-5.51633333333333;48.8361666666667;17.9297039963576;9.93859721504991;4740
-5.51566666666667;48.8365;17.9297039963576;9.93859721504991;4745
-5.51416666666667;48.837;17.9297039963576;9.93859721504991;4765
-5.51116666666667;48.8381666666667;18.0171663007125;9.98707836201474;4782
-5.51016666666667;48.8386666666667;17.753520777581;10.25;4788
-5.50883333333333;48.8391666666667;18.0171663007125;9.98707836201474;4799
-5.50816666666667;48.8393333333333;17.9297039963576;9.93859721504991;4806
-5.50516666666667;48.8405;17.9297039963576;9.93859721504991;4830
-5.50366666666667;48.8411666666667;17.8422416920027;9.89011606808508;4841
-5.49916666666667;48.8428333333333;18.0171663007125;9.98707836201474;4880
-5.49783333333333;48.8435;18.0171663007125;9.98707836201474;4889
-5.49483333333333;48.8446666666667;18.0171663007125;9.98707836201474;4914
-5.48366666666667;48.849;17.8401236483219;10.3000001907349;5003
-5.48116666666667;48.85;18.1046286050674;10.0355595089796;5023
-5.47916666666667;48.8508333333333;17.9267265190628;10.3500003814697;5039
-5.4785;48.851;17.9267265190628;10.3500003814697;5046
-5.47366666666667;48.853;17.9267265190628;10.3500003814697;5081
-5.47316666666667;48.8531666666667;17.8401236483219;10.3000001907349;5087
-5.471;48.854;17.8401236483219;10.3000001907349;5112
-5.4695;48.8545;17.753520777581;10.25;5120
-5.46216666666667;48.8575;17.8401236483219;10.3000001907349;5179
-5.46133333333333;48.8578333333333;17.753520777581;10.25;5185
-5.4585;48.859;17.753520777581;10.25;5207
-5.45766666666667;48.8593333333333;17.8401236483219;10.3000001907349;5214
-5.45616666666667;48.8598333333333;17.8401236483219;10.3000001907349;5236
-5.454;48.8608333333333;17.753520777581;10.25;5247
-5.45033333333333;48.8621666666667;17.8401236483219;10.3000001907349;5274
-5.44883333333333;48.8628333333333;17.753520777581;10.25;5287
-5.44816666666667;48.8631666666667;17.753520777581;10.25;5298
-5.44666666666667;48.8636666666667;17.8401236483219;10.3000001907349;5305
-5.44583333333333;48.864;17.8401236483219;10.3000001907349;5311
-5.44433333333333;48.8646666666667;17.8401236483219;10.3000001907349;5322
-5.44216666666667;48.8655;17.753520777581;10.25;5340
-5.4415;48.8658333333333;17.8401236483219;10.3000001907349;5346
-5.44;48.8663333333333;17.8401236483219;10.3000001907349;5358
-5.4385;48.867;17.8401236483219;10.3000001907349;5372
-5.436;48.868;17.8401236483219;10.3000001907349;5388
-5.4355;48.8681666666667;17.8401236483219;10.3000001907349;5394
-5.43483333333333;48.8685;17.8401236483219;10.3000001907349;5400
-5.434;48.8688333333333;17.8401236483219;10.3000001907349;5406
-5.43333333333333;48.869;17.8401236483219;10.3000001907349;5416
-5.4325;48.8693333333333;17.8401236483219;10.3000001907349;5428
-5.42816666666667;48.8711666666667;17.9267265190628;10.3500003814697;5456
-5.42666666666667;48.8716666666667;17.9267265190628;10.3500003814697;5466
-5.42583333333333;48.872;17.9267265190628;10.3500003814697;5472
-5.42516666666667;48.8723333333333;17.9267265190628;10.3500003814697;5477
-5.42216666666667;48.8735;17.9267265190628;10.3500003814697;5501
-5.42116666666667;48.874;17.9267265190628;10.3500003814697;5509
-5.42;48.8745;17.8401236483219;10.3000001907349;5522
-5.41916666666667;48.8746666666667;17.8401236483219;10.3000001907349;5527
-5.4185;48.875;17.8401236483219;10.3000001907349;5532
-5.41616666666667;48.876;17.9267265190628;10.3500003814697;5550
-5.41483333333333;48.8765;17.8401236483219;10.3000001907349;5562
-5.41383333333333;48.877;17.8401236483219;10.3000001907349;5571
-5.41333333333333;48.8771666666667;17.9267265190628;10.3500003814697;5576
-5.41033333333333;48.8783333333333;17.9267265190628;10.3500003814697;5599
-5.40583333333333;48.8801666666667;18.0133277379914;10.3999996185303;5636
-5.405;48.8805;18.0133277379914;10.3999996185303;5643
-5.4035;48.881;18.0133277379914;10.3999996185303;5654
-5.402;48.8816666666667;18.0133277379914;10.3999996185303;5663
-5.40133333333333;48.8818333333333;18.0999306087323;10.4499998092651;5669
-5.399;48.8828333333333;18.1920892412176;10.0840397312434;5686
-5.3975;48.8833333333333;18.0999306087323;10.4499998092651;5702
-5.396;48.884;18.0999306087323;10.4499998092651;5712
-5.39533333333333;48.8843333333333;18.0999306087323;10.4499998092651;5717
-5.3945;48.8845;18.0999306087323;10.4499998092651;5723
-5.39233333333333;48.8855;18.0133277379914;10.3999996185303;5741
-5.3915;48.8858333333333;18.0999306087323;10.4499998092651;5748
-5.39066666666667;48.886;18.0999306087323;10.4499998092651;5759
-5.38916666666667;48.8866666666667;18.0133277379914;10.3999996185303;5766
-5.3885;48.887;18.1920892412176;10.0840397312434;5771
-5.38466666666667;48.8883333333333;18.0999306087323;10.4499998092651;5802
-5.384;48.8886666666667;18.0999306087323;10.4499998092651;5810
-5.38316666666667;48.889;18.0999306087323;10.4499998092651;5816
-5.38166666666667;48.8895;18.0133277379914;10.3999996185303;5828
-5.38016666666667;48.8901666666667;18.0999306087323;10.4499998092651;5840
-5.37866666666667;48.8906666666667;18.0999306087323;10.4499998092651;5849
-5.37566666666667;48.8918333333333;18.0999306087323;10.4499998092651;5879
-5.374;48.8925;18.0999306087323;10.4499998092651;5886
-5.3725;48.8931666666667;18.0133277379914;10.3999996185303;5900
-5.36883333333333;48.8945;18.0133277379914;10.3999996185303;5928
-5.368;48.8948333333333;18.0133277379914;10.3999996185303;5942
-5.3665;48.8955;18.1920892412176;10.0840397312434;5948
-5.3635;48.8966666666667;18.0999306087323;10.4499998092651;5969
-5.36116666666667;48.8975;18.0999306087323;10.4499998092651;5987
-5.35966666666667;48.898;18.0133277379914;10.3999996185303;5999
-5.359;48.8983333333333;18.0133277379914;10.3999996185303;6004
-5.35816666666667;48.8986666666667;18.0133277379914;10.3999996185303;6013
-5.35733333333333;48.8988333333333;18.0133277379914;10.3999996185303;6019
-5.35666666666667;48.8991666666667;17.8290792006372;10.7127915651863;6024
-5.35583333333333;48.8995;17.8290792006372;10.7127915651863;6031
-5.35433333333333;48.9;17.8290792006372;10.7127915651863;6041
-5.35366666666667;48.9003333333333;17.9267265190628;10.3500003814697;6049
-5.35283333333333;48.9006666666667;17.9267265190628;10.3500003814697;6054
-5.34983333333333;48.9018333333333;17.9267265190628;10.3500003814697;6079
-5.34916666666667;48.9021666666667;17.9267265190628;10.3500003814697;6085
-5.34683333333333;48.903;17.9267265190628;10.3500003814697;6101
-5.34533333333333;48.9035;18.0133277379914;10.3999996185303;6114
-5.34383333333333;48.9041666666667;17.9267265190628;10.3500003814697;6128
-5.34233333333333;48.9046666666667;17.9267265190628;10.3500003814697;6138
-5.34083333333333;48.9053333333333;18.0133277379914;10.3999996185303;6149
-5.33633333333333;48.9071666666667;17.9267265190628;10.3500003814697;6184
-5.33483333333333;48.9076666666667;17.9267265190628;10.3500003814697;6199
-5.33333333333333;48.9083333333333;17.9267265190628;10.3500003814697;6209
-5.33183333333333;48.9088333333333;17.8401236483219;10.3000001907349;6221
-5.33116666666667;48.9091666666667;17.9267265190628;10.3500003814697;6229
-5.32966666666667;48.9098333333333;17.9267265190628;10.3500003814697;6242
-5.32816666666667;48.9103333333333;17.9267265190628;10.3500003814697;6253
-5.3275;48.9106666666667;17.7433637785005;10.661288543581;6259
-5.326;48.9113333333333;17.9267265190628;10.3500003814697;6269
-5.3245;48.9118333333333;17.9267265190628;10.3500003814697;6282
-5.32;48.9136666666667;17.8401236483219;10.3000001907349;6317
-5.3185;48.9141666666667;17.8401236483219;10.3000001907349;6329
-5.317;48.9148333333333;17.8401236483219;10.3000001907349;6344
-5.314;48.916;17.8401236483219;10.3000001907349;6366
-5.3125;48.9165;17.753520777581;10.25;6379
-5.31183333333333;48.9168333333333;17.753520777581;10.25;6386
-5.311;48.9171666666667;17.8401236483219;10.3000001907349;6392
-5.3095;48.9176666666667;17.8401236483219;10.3000001907349;6402
-5.3065;48.9188333333333;17.8401236483219;10.3000001907349;6425
-5.305;48.9195;17.8401236483219;10.3000001907349;6438
-5.30433333333333;48.9196666666667;17.8401236483219;10.3000001907349;6445
-5.30216666666667;48.9206666666667;17.8401236483219;10.3000001907349;6462
-5.30066666666667;48.9211666666667;17.753520777581;10.25;6475
-5.29983333333333;48.9215;17.8401236483219;10.3000001907349;6480
-5.29766666666667;48.9223333333333;17.753520777581;10.25;6498
-5.29316666666667;48.9241666666667;17.753520777581;10.25;6535
-5.2925;48.9243333333333;17.8401236483219;10.3000001907349;6540
-5.29166666666667;48.9246666666667;17.8401236483219;10.3000001907349;6546
-5.28866666666667;48.9258333333333;17.8401236483219;10.3000001907349;6570
-5.2865;48.9266666666667;18.0171663007125;9.98707836201474;6589
-5.28583333333333;48.927;17.9297039963576;9.93859721504991;6595
-5.2865;48.9266666666667;18.0171663007125;9.98707836201474;6600
-5.28433333333333;48.9276666666667;17.9297039963576;9.93859721504991;6606
-5.282;48.9285;17.8401236483219;10.3000001907349;6626
-5.28133333333333;48.9286666666667;17.8401236483219;10.3000001907349;6648
-5.27733333333333;48.9303333333333;17.8401236483219;10.3000001907349;6660
-5.27533333333333;48.9311666666667;17.753520777581;10.25;6678
-5.27383333333333;48.9316666666667;17.753520777581;10.25;6690
-5.27233333333333;48.9323333333333;17.753520777581;10.25;6701
-5.27083333333333;48.9328333333333;17.753520777581;10.25;6712
-5.268;48.934;17.8401236483219;10.3000001907349;6738
-5.2665;48.9346666666667;17.8401236483219;10.3000001907349;6750
-5.2635;48.9358333333333;17.8401236483219;10.3000001907349;6776
-5.2605;48.937;17.753520777581;10.25;6798
-5.259;48.9375;17.8401236483219;10.3000001907349;6825
-5.2545;48.9393333333333;17.8401236483219;10.3000001907349;6845
-5.24866666666667;48.9418333333333;17.753520777581;10.25;6893
-5.24716666666667;48.9423333333333;17.8401236483219;10.3000001907349;6905
-5.24416666666667;48.9435;17.6576467214469;10.6097845396186;6932
-5.242;48.9445;17.6576467214469;10.6097845396186;6949
-5.23983333333333;48.9453333333333;17.753520777581;10.25;6966
-5.23766666666667;48.9463333333333;17.753520777581;10.25;6984
-5.237;48.9466666666667;17.753520777581;10.25;6989
-5.234;48.9478333333333;17.8401236483219;10.3000001907349;7014
-5.233;48.9481666666667;17.8401236483219;10.3000001907349;7021
-5.22516666666667;48.9515;17.753520777581;10.25;7086
-5.223;48.9523333333333;17.8401236483219;10.3000001907349;7105
-5.22083333333333;48.9531666666667;17.753520777581;10.25;7121
-5.21566666666667;48.9553333333333;17.8401236483219;10.3000001907349;7165
-5.21333333333333;48.9561666666667;17.6669179068401;10.1999998092651;7181
-5.20833333333333;48.9583333333333;17.9297039963576;9.93859721504991;7225
-5.20466666666667;48.9598333333333;17.9297039963576;9.93859721504991;7254
-5.20166666666667;48.961;18.0171663007125;9.98707836201474;7280
-5.19566666666667;48.9633333333333;18.1887207497117;9.67111437247854;7327
-5.19416666666667;48.9638333333333;17.9297039963576;9.93859721504991;7339
-5.19116666666667;48.965;18.1887207497117;9.67111437247854;7369
-5.18366666666667;48.968;18.1887207497117;9.67111437247854;7422
-5.18066666666667;48.969;18.0171663007125;9.98707836201474;7447
-5.171;48.9728333333333;18.0171663007125;9.98707836201474;7523
-5.16433333333333;48.9755;18.1887207497117;9.67111437247854;7579
-5.15533333333333;48.979;18.0171663007125;9.98707836201474;7652
-5.14783333333333;48.9818333333333;18.1887207497117;9.67111437247854;7709
-5.14033333333333;48.9846666666667;18.1046286050674;10.0355595089796;7769
-5.13883333333333;48.9853333333333;18.1046286050674;10.0355595089796;7782
