"x";"y";"vx";"vy";"t"
-5.84583833333333;48.4789566666667;5.72075361137687;10.3205127110653;0
-5.836365;48.4898016666667;5.53976453041811;10.4187817641442;238
-5.82241166666667;48.505855;5.53976453041811;10.4187817641442;555
-5.817095;48.5119983333333;5.72075361137687;10.3205127110653;725
-5.81054666666667;48.5195416666667;5.67227246441205;10.2330504067105;865
-5.80361833333333;48.5275433333333;5.53976453041811;10.4187817641442;1046
-5.79486333333333;48.5375933333333;5.72075361137687;10.3205127110653;1257
-5.78909166666667;48.5442283333333;5.67227246441205;10.2330504067105;1386
-5.778485;48.5564216666667;5.6237917797977;10.1455889364579;1616
-5.77367166666667;48.5620733333333;5.67227246441205;10.2330504067105;1778
-5.76754;48.5690633333333;5.53976453041811;10.4187817641442;1911
-5.75897166666667;48.5788666666667;5.6237917797977;10.1455889364579;2106
-5.74989333333333;48.5891516666667;5.49281719505033;10.3304866680406;2355
-5.733955;48.6071433333333;5.6237917797977;10.1455889364579;2707
-5.71653166666667;48.626605;5.49281719505033;10.3304866680406;3165
-5.709885;48.63401;5.67227246441205;10.2330504067105;3295
-5.70448333333333;48.6400483333333;5.44587030740552;10.2421924139813;3466
-5.67697333333333;48.67037;5.35197563666997;10.065602221774;4105
-5.66617333333333;48.6822766666667;5.57531063283288;10.0581266321031;4340
-5.65748;48.6918366666667;5.52682948586805;9.97066432774817;4546
-5.638445;48.7128816666667;5.57531063283288;10.0581266321031;5045
-5.63233666666667;48.71968;5.52682948586805;9.97066432774817;5177
-5.624075;48.728845;5.52682948586805;9.97066432774817;5370
-5.61889166666667;48.734715;5.47834880125371;9.88320285749564;5491
-5.61197833333333;48.742375;5.52682948586805;9.97066432774817;5700
-5.60674166666667;48.74832;5.30502874902516;9.97730796771476;5795
-5.59123333333333;48.7654833333333;6.15442119955146;9.47697757774701;6198
-5.568755;48.7781616666667;9.5608441546504;6.20888479140801;6550
-5.55914333333333;48.782065;9.66774797267858;6.04107941011038;6695
-5.49743;48.8068716666667;9.58294364831995;5.98808778690929;7585
-5.443635;48.8271316666667;9.88320285749564;5.47834880125371;8356
-5.43394666666667;48.8304516666667;9.60027360437197;5.76842634075689;8505
-5.43181833333333;48.83124;9.413334190841;5.88210403513673;8565
-5.42188333333333;48.8353033333333;9.2023173716137;6.20704144184045;8701
-5.41321833333333;48.83893;9.39311020102503;6.09995708828665;8885
-5.40528833333333;48.842275;9.30924362412164;6.04549349643011;8949
-5.39735;48.845625;9.2023173716137;6.20704144184045;9071
-5.378965;48.8532516666667;9.30924362412164;6.04549349643011;9375
-5.36644;48.858475;9.30924362412164;6.04549349643011;9554
-5.354095;48.8636716666667;9.22537624739966;5.9910293851653;9734
-5.33571333333333;48.8713166666667;9.22537624739966;5.9910293851653;10015
-5.32723666666667;48.8747983333333;9.22537624739966;5.9910293851653;10118
-5.31159666666667;48.8812833333333;9.03650922459722;6.09520243451598;10398
-5.300615;48.88589;8.97377491705232;5.82763757077914;10537
-5.28511833333333;48.8923683333333;8.88990834014893;5.77317397892259;10791
-5.27300833333333;48.8974116666667;8.87070186821258;5.98336396047941;10999
