"x";"y";"vx";"vy";"t"
-6.86468166666667;47.20613;7.73682145995295;12.3815025273885;0
-6.74487833333333;47.34922;7.68382933138147;12.2966973942682;2507
-6.65115;47.45847;7.78833830459654;11.9929892815833;4455
-6.60516833333333;47.5103716666667;7.35262697270287;11.3220526672632;5351
-6.56542;47.5546883333333;6.85000649453944;11.4003252628298;6170
-6.53226;47.5933033333333;6.59999990463257;11.4315351647734;6913
-6.526725;47.59947;6.59999990463257;11.4315351647734;7021
-6.52068166666667;47.6062966666667;6.44999980926514;11.1717273784568;7187
-6.51141;47.6165783333333;6.6954949738307;11.1431749091275;7349
-6.50535;47.6233266666667;6.40000009536743;11.0851253336221;7505
-6.499775;47.6295883333333;6.44999980926514;11.1717273784568;7607
-6.49007166666667;47.6404216666667;6.40000009536743;11.0851253336221;7836
-6.48020166666667;47.6513683333333;6.44999980926514;11.1717273784568;8070
-5.89164;48.417315;7.15391006714827;11.4486492981118;22533
-5.88602;48.4246666666667;7.10091793857679;11.3638441649914;22681
-5.87308166666667;48.4417266666667;6.95301401128573;11.5717585594785;22966
-5.85452833333333;48.4664533333333;7.15391006714827;11.4486492981118;23428
-5.8486;48.474305;7.46155467582422;11.4897866208886;23546
-5.84142333333333;48.4835966666667;7.20690219571974;11.5334544312321;23751
-5.835805;48.490755;7.25989381892083;11.6182587555907;23852
-5.77699666666667;48.5650616666667;7.62494649021038;11.7413879512359;25158
-5.769825;48.5740066666667;7.36587757069339;11.7878682130696;25347
-5.76404666666667;48.5812716666667;7.47186182783635;11.9574784793103;25458
-5.75152833333333;48.597035;7.57784557960891;12.1270879367892;25720
-5.71726833333333;48.64005;7.63083720280999;12.2118922611479;26483
-5.69787166666667;48.6643466666667;7.63083720280999;12.2118922611479;26887
-5.69213166666667;48.67177;7.63083720280999;12.2118922611479;27025
-5.61798166666667;48.7649983333333;9.57846207352806;11.0187601591513;28615
-5.60864166666667;48.77134;12.4195996745589;6.88429651502789;28731
-5.591625;48.7787316666667;12.9426339238453;6.31254434653739;28945
-5.58545666666667;48.7810816666667;12.8527550335094;6.26870748269647;29003
-5.564055;48.78936;13.3227242965743;6.21248836698025;29263
-5.49952333333333;48.8139116666667;13.2320940364641;6.17022678263028;30002
-5.47662166666667;48.82256;13.0508317875988;6.08570280785;30251
-5.45476833333333;48.8306633333333;12.9426339238453;6.31254434653739;30496
-4.847215;49.0764633333333;13.9505721355799;7.41765078156167;37097
-4.81187833333333;49.089605;14.1271614857428;7.51154500457425;37466
-4.516655;49.19346;14.4705844882793;7.05777563052947;40459
-4.46896833333333;49.21093;13.5432435145851;8.13760168181458;40942
-4.45732;49.2154066666667;13.7146768112338;8.24060919856087;41073
-4.38583166666667;49.2429666666667;13.6535746716231;8.53170035630276;41776
-4.37439666666667;49.24732;13.8003938682874;8.29211320252331;41911
-4.31481333333333;49.269935;13.4839644053825;8.4257160991598;42513
-4.23535333333333;49.3001566666667;13.8003938682874;8.29211320252331;43331
-4.152415;49.3312683333333;13.7146768112338;8.24060919856087;44189
-3.84845833333333;49.4449933333333;13.4839644053825;8.4257160991598;47332
-3.83637666666667;49.449375;13.6289597541802;8.18910519459843;47412
-3.80085;49.4624683333333;13.6289597541802;8.18910519459843;47791
-3.718725;49.4935616666667;13.3348617104048;8.65976044897563;48616
-3.69544833333333;49.5025183333333;13.4839644053825;8.4257160991598;48852
-3.68350666666667;49.5071233333333;13.3991600810239;8.37272447595872;48991
-3.58165333333333;49.5461283333333;13.2003761038292;7.9315861571434;50051
-3.52409333333333;49.5685783333333;13.0599403573043;8.1607564670432;50655
