"x";"y";"vx";"vy";"t"
-6.46736;47.62196;8.0749112380957;15.1866992708091;0
-6.45782166666667;47.6348183333333;7.80863694188747;15.325312895824;168
-6.45174166666667;47.64318;7.5838205050004;15.5491363152502;284
-6.44425333333333;47.653365;7.71783849557229;15.1471109112023;430
-6.43794333333333;47.6624766666667;7.62765778690463;15.6390160627428;571
-6.41578166666667;47.6979266666667;7.71533235071308;15.8187755577281;1031
-6.407995;47.7102916666667;7.67149506880885;15.7288958102354;1215
-6.40044833333333;47.7223166666667;7.49614677731855;15.3693785345785;1356
-6.24215666666667;47.95313;8.08103054899667;15.8599154507689;4500
-6.235145;47.96295;8.08103054899667;15.8599154507689;4643
-6.21464166666667;47.9895266666667;9.21918134441854;15.3432943555844;4993
-6.10159333333333;48.125605;9.06467031488839;15.0861448193406;6918
-6.09349166666667;48.1351316666667;8.64999961853027;14.9822388247458;7041
-5.95205;48.36196;7.80300607839493;15.9985333383997;10015
-5.94457333333333;48.37269;7.89068064220339;16.178292833385;10162
-5.91790166666667;48.4118383333333;7.80300607839493;15.9985333383997;10685
-5.83865666666667;48.5167283333333;10.0213580365132;15.4315381302684;12121
-5.83035166666667;48.5256783333333;10.1213917661357;15.005580379499;12224
-5.82014666666667;48.5358833333333;10.2670179918817;14.6628212802912;12369
-5.81115666666667;48.5451066666667;10.4390915791931;14.9085678310231;12541
-5.79702333333333;48.5591683333333;10.49644834762;14.9904817855251;12729
-5.78804;48.5679566666667;10.2670179918817;14.6628212802912;12850
-5.77497333333333;48.5809433333333;10.638913290716;14.643207906802;13026
-5.76364833333333;48.5921183333333;10.075822147778;15.5154055069903;13175
-5.75557166666667;48.6009233333333;9.75051425974281;15.6040846457736;13311
-5.74731333333333;48.60971;9.75051425974281;15.6040846457736;13435
-5.739675;48.6184033333333;9.85649851688577;15.7736949120142;13542
-5.73144833333333;48.6276583333333;9.63121239376088;16.0290291770963;13676
-5.72237166666667;48.6379166666667;9.528204385836;15.8575950629891;13818
-5.70415833333333;48.6594483333333;8.48962269149679;16.6618226821065;14094
-5.6967;48.6690383333333;8.92049682759241;16.0930022777239;14234
-5.689345;48.6781933333333;8.49743546551381;15.9813517675644;14346
-5.68197;48.6873116666667;8.82353545836372;15.9180793372189;14472
-5.674615;48.6965983333333;8.82353545836372;15.9180793372189;14617
-5.67132;48.7005333333333;11.7630127668556;14.0186127246318;14657
-5.65207833333333;48.713395;13.5093011980888;11.7434563686634;14893
-5.63946666666667;48.7213566666667;13.5847724440099;11.8090625218291;15036
-5.625065;48.7302383333333;13.7887999761416;11.5701769743577;15187
-5.61310833333333;48.7383383333333;11.505897968185;13.7121952396069;15304
-5.60392;48.747205;7.94483374544207;15.5926141732964;15446
-5.59642666666667;48.7564616666667;7.48034355524253;16.0416485220067;15573
-5.58972166666667;48.7656416666667;7.56486672394245;16.2229090422271;15710
-5.58264;48.7751016666667;7.60712871133259;16.3135401666597;15832
-5.57601;48.7840516666667;7.60712871133259;16.3135401666597;15944
-5.56871333333333;48.793885;8.77505431139889;15.830617032864;16068
-5.55164;48.81246;10.0095527588112;14.8397722324825;16345
-5.543585;48.8207866666667;9.53854675619769;15.2648657308157;16452
-5.53532333333333;48.8287833333333;11.7434563686634;13.5093011980888;16568
-5.52445833333333;48.8368916666667;12.5157905664816;12.5157905664816;16718
-5.51302666666667;48.8442416666667;13.5093011980888;11.7434563686634;16849
-5.50176333333333;48.85068;14.2386994096146;10.3450206645698;16945
-5.47313333333333;48.8640766666667;15.4152515266381;8.89999961853028;17244
-5.446865;48.87493;15.3933071792943;8.53264950127573;17513
-5.43244;48.8808933333333;15.1554445662277;8.75;17631
-5.418655;48.8863933333333;15.4515828750312;8.21575234875309;17778
-5.405395;48.8913433333333;15.5926141732964;7.94483374544207;17872
-5.39212;48.8960233333333;16.1088349354177;6.83779474856229;18008
-5.37681166666667;48.9008716666667;15.951017397574;7.43808156785238;18143
-5.36292333333333;48.905415;15.951017397574;7.43808156785238;18259
-5.34715166666667;48.910365;15.951017397574;7.43808156785238;18403
-5.33323333333333;48.9147633333333;16.3506512432105;5.95115036339631;18545
-5.318975;48.9185066666667;16.4520228547414;5.66488576336013;18666
-5.30464166666667;48.9221616666667;16.3574706364948;5.63232882372002;18794
-5.28944833333333;48.9261483333333;16.546575072988;5.69744270300024;18930
-5.27589333333333;48.92971;16.3574706364948;5.63232882372002;19049
-5.26161833333333;48.9334116666667;16.1627137944462;5.88274672614217;19190
-5.2472;48.937225;16.168368003435;5.56721556541178;19310
-5.23332333333333;48.9407783333333;16.3581728058752;5.31509253901035;19411
-5.21877666666667;48.9444516666667;16.546575072988;5.69744270300024;19568
-5.204305;48.9480766666667;16.2566816226676;5.91694821859341;19661
-5.190435;48.95154;16.4520228547414;5.66488576336013;19787
-5.17582166666667;48.95509;16.6434890351652;5.40779740156158;19912
-5.16116666666667;48.9584533333333;16.5440715485579;5.05803026864144;20039
-5.14609166666667;48.9619733333333;16.3581728058752;5.31509253901035;20214
-5.13246333333333;48.9652316666667;15.9747745533604;5.81434243653637;20291
-5.11753166666667;48.9689583333333;16.8839883042219;3.28191486605228;20443
-5.10182833333333;48.9714516666667;16.7263243456818;3.5552899922957;20549
-5.08641;48.9739833333333;16.8241394788889;3.57608124068949;20679
-5.07183666666667;48.9763516666667;16.8566013773992;3.89165306852483;20836
-5.057355;48.97872;16.9219527464274;3.59687209252321;20953
-5.03987;48.98162;17.0197678796345;3.617663340917;21079
-5.02468666666667;48.9840933333333;16.8831452670639;4.20944089114834;21224
-5.00991333333333;48.986955;16.9037019600587;4.52933328929411;21346
-4.99177166666667;48.9908833333333;16.546575072988;5.69744270300024;21505
-4.97524;48.9949683333333;16.2257174549188;6.55561538477846;21680
-4.96096166666667;48.999005;16.2008857719077;6.87686801046332;21778
-4.94899166666667;49.0027466666667;16.1697552972539;7.1992388927571;21881
-4.934035;49.0073416666667;15.9985333383997;7.80300607839494;22006
-4.91808833333333;49.0126566666667;15.7708161579181;8.03563219175724;22156
-4.903905;49.0178216666667;15.3058448749394;8.4841683543109;22283
-4.89093166666667;49.0226433333333;14.9147107052334;8.96166230696351;22414
-4.87782833333333;49.0276833333333;15.0688416954868;8.69999980926514;22529
-4.86126666666667;49.0339833333333;15.3933071792943;8.53264950127573;22671
-4.84709666666667;49.039325;15.3058448749394;8.4841683543109;22809
-4.83222333333333;49.0448583333333;15.3933071792943;8.53264950127573;22958
-4.81746333333333;49.0504183333333;15.3933071792943;8.53264950127573;23090
-4.80312333333333;49.0557483333333;15.2420474369686;8.80000019073487;23259
-4.784165;49.0631216666667;15.1554445662277;8.75;23397
-4.76741333333333;49.0696233333333;15.1718618763941;9.11617431885083;23581
-4.75165166666667;49.0760433333333;15.1554445662277;8.75;23714
-4.73769166666667;49.08163;14.8408416827375;9.27358712408109;23841
-4.72199666666667;49.0880316666667;15.0861448193406;9.06467031488839;23984
-4.69780333333333;49.0979233333333;14.8289936481798;8.91015830300107;24236
-4.67916833333333;49.105525;15.000427762287;9.01316631092595;24406
