"x";"y";"vx";"vy";"t"
-5.24042333333333;49.134635;-11.0704513369159;-7.1892351583167;0
-5.94692;48.6607616666667;-7.73387419333173;-11.9091219048613;10758
-5.51970833333333;48.0298733333333;11.5003510400257;-8.66613610381529;21715
-5.50739333333333;48.0228833333333;11.7307464184367;-8.52288615824086;21878
-5.49397666666667;48.0154416666667;11.8777046421904;-8.31685832709016;22047
-5.493515;48.0151866666667;11.8777046421904;-8.31685832709016;22057
-5.49397666666667;48.0154416666667;11.8777046421904;-8.31685832709016;22065
-5.49212166666667;48.014415;11.8777046421904;-8.31685832709016;22078
-5.48934333333333;48.012875;11.7307464184367;-8.52288615824086;22109
-5.488425;48.0123616666667;11.7307464184367;-8.52288615824086;22119
-5.48658666666667;48.0113333333333;11.8777046421904;-8.31685832709016;22144
-5.48474;48.0103083333333;11.8777046421904;-8.31685832709016;22171
-5.48381833333333;48.0097966666667;11.7957891252798;-8.25950046465301;22179
-5.48474;48.0103083333333;11.8777046421904;-8.31685832709016;22184
-5.482895;48.009285;11.8777046421904;-8.31685832709016;22192
-5.47871666666667;48.0069883333333;11.7307464184367;-8.52288615824086;22246
-5.47733166666667;48.00622;11.8777046421904;-8.31685832709016;22263
-5.47274;48.003645;11.8777046421904;-8.31685832709016;22323
-5.42862666666667;47.9794416666667;11.7307464184367;-8.52288615824086;22895
-5.42769333333333;47.9789383333333;11.7307464184367;-8.52288615824086;22906
-5.42862666666667;47.9794416666667;11.7307464184367;-8.52288615824086;22924
-5.42582666666667;47.9779183333333;11.7307464184367;-8.52288615824086;22929
-5.42535833333333;47.9776666666667;11.7307464184367;-8.52288615824086;22935
-5.42304;47.976385;11.5802148956857;-8.7263178357047;22967
-5.42027166666667;47.9748433333333;11.8777046421904;-8.31685832709016;23003
-5.41934333333333;47.9743383333333;11.8777046421904;-8.31685832709016;23018
-5.41841;47.9738383333333;11.8777046421904;-8.31685832709016;23027
-5.41700166666667;47.9730883333333;11.8777046421904;-8.31685832709016;23045
-5.41652833333333;47.97284;11.8777046421904;-8.31685832709016;23051
-5.41605833333333;47.9725916666667;11.8777046421904;-8.31685832709016;23061
-5.41472333333333;47.9718783333333;11.8777046421904;-8.31685832709016;23075
-5.41417333333333;47.97159;11.8777046421904;-8.31685832709016;23081
-5.41370166666667;47.9713383333333;12.0210448020481;-8.10829710032583;23087
-5.41322333333333;47.9710983333333;12.0210448020481;-8.10829710032583;23093
-5.41177166666667;47.970375;11.8777046421904;-8.31685832709016;23112
-5.41031;47.969665;11.8777046421904;-8.31685832709016;23129
-5.40990666666667;47.96947;11.6498444103838;-8.46410740878933;23141
-5.40789166666667;47.968485;11.5003510400257;-8.66613610381529;23161
-5.41031;47.969665;11.8777046421904;-8.31685832709016;23173
-5.40555833333333;47.967245;11.6498444103838;-8.46410740878933;23194
-5.40414833333333;47.966505;11.7957891252798;-8.25950046465301;23207
-5.40319166666667;47.9660316666667;11.7138743895734;-8.20214314922098;23222
-5.40221833333333;47.9655683333333;11.6498444103838;-8.46410740878933;23233
-5.40125166666667;47.9651033333333;11.5003510400257;-8.66613610381529;23245
-5.40077166666667;47.9648666666667;11.3473545513346;-8.86552500983326;23256
-5.39981833333333;47.9643916666667;11.1909015485227;-9.06221339105098;23261
-5.39888666666667;47.9639216666667;10.9544356827128;-9.19186294111952;23271
-5.39835333333333;47.9636383333333;10.7923471411351;-9.38164423969759;23281
-5.39797333333333;47.963425;10.9544356827128;-9.19186294111952;23287
-5.39753;47.96315;10.9544356827128;-9.19186294111952;23296
-5.396645;47.9626283333333;11.1131873970635;-8.99928171204601;23302
-5.396205;47.9623766666667;11.0354725044602;-8.93634943287435;23309
-5.39486166666667;47.9616216666667;11.0354725044602;-8.93634943287435;23327
-5.39440833333333;47.9613683333333;11.0354725044602;-8.93634943287435;23333
-5.393885;47.9610733333333;10.8012269402004;-9.06330554178422;23341
-5.39307;47.9606216666667;10.8012269402004;-9.06330554178422;23349
-5.39262333333333;47.9603683333333;10.8012269402004;-9.06330554178422;23358
-5.39218333333333;47.960105;10.9577583530009;-8.87341775386938;23364
-5.39128333333333;47.9596;10.9577583530009;-8.87341775386938;23378
-5.3904;47.95909;10.9577583530009;-8.87341775386938;23387
-5.38996;47.9588216666667;10.9577583530009;-8.87341775386938;23396
-5.389445;47.95853;10.8800434603976;-8.81048547469772;23402
-5.38863;47.9580533333333;10.8800434603976;-8.81048547469772;23409
-5.388185;47.9578066666667;10.8800434603976;-8.81048547469772;23415
-5.38774166666667;47.9575566666667;10.8800434603976;-8.81048547469772;23421
-5.3873;47.9573;10.8800434603976;-8.81048547469772;23431
-5.39262333333333;47.9603683333333;10.8012269402004;-9.06330554178422;23436
-5.38641166666667;47.9567716666667;10.8800434603976;-8.81048547469772;23441
-5.38553;47.956265;10.8023285677942;-8.74755319552606;23453
-5.38501166666667;47.9559933333333;10.8023285677942;-8.74755319552606;23459
-5.38457333333333;47.9557483333333;10.8023285677942;-8.74755319552606;23466
-5.38332166666667;47.9550366666667;10.8023285677942;-8.74755319552606;23484
-5.382885;47.9547816666667;10.8023285677942;-8.74755319552606;23494
-5.38200666666667;47.9542766666667;10.8023285677942;-8.74755319552606;23501
-5.38113333333333;47.9537733333333;10.8023285677942;-8.74755319552606;23515
-5.38062666666667;47.95348;10.8023285677942;-8.74755319552606;23521
-5.379385;47.9527783333333;10.8023285677942;-8.74755319552606;23536
-5.37895666666667;47.9525266666667;10.724614416335;-8.68462151652109;23542
-5.378085;47.9520266666667;10.724614416335;-8.68462151652109;23555
-5.37765166666667;47.9517783333333;10.724614416335;-8.68462151652109;23562
-5.37634833333333;47.9510333333333;10.724614416335;-8.68462151652109;23579
-5.37592;47.9507783333333;10.724614416335;-8.68462151652109;23586
-5.37505;47.9502866666667;10.724614416335;-8.68462151652109;23598
-5.37417833333333;47.9497966666667;10.724614416335;-8.68462151652109;23611
-5.37374333333333;47.9495516666667;10.6468995237317;-8.62168923734943;23617
-5.37243;47.94882;10.6468995237317;-8.62168923734943;23635
-5.37112;47.9480833333333;10.6468995237317;-8.62168923734943;23653
-5.37025;47.9476;10.6468995237317;-8.62168923734943;23664
-5.369815;47.9473566666667;10.6468995237317;-8.62168923734943;23671
-5.368525;47.9466183333333;10.5691853722725;-8.55875755834446;23684
-5.36781333333333;47.9462066666667;10.6468995237317;-8.62168923734943;23702
-5.36703166666667;47.94575;10.5691853722725;-8.55875755834446;23710
-5.36639333333333;47.9453816666667;10.5691853722725;-8.55875755834446;23716
-5.36567666666667;47.9449716666667;10.5691853722725;-8.55875755834446;23724
-5.365035;47.944605;10.5691853722725;-8.55875755834446;23735
-5.36424666666667;47.94416;10.5691853722725;-8.55875755834446;23749
-5.36353;47.9437533333333;10.5691853722725;-8.55875755834446;23759
-5.36274166666667;47.9433083333333;10.5691853722725;-8.55875755834446;23772
-5.36209666666667;47.9429433333333;10.5691853722725;-8.55875755834446;23778
-5.359965;47.9417216666667;10.5691853722725;-8.55875755834446;23808
-5.358475;47.9408616666667;10.5691853722725;-8.55875755834446;23827
-5.35568;47.9392833333333;10.5691853722725;-8.55875755834446;23866
-5.35352666666667;47.9380633333333;10.5691853722725;-8.55875755834446;23895
-5.35281333333333;47.9376566666667;10.5691853722725;-8.55875755834446;23904
-5.35217333333333;47.937285;10.5691853722725;-8.55875755834446;23915
-5.35139;47.9368333333333;10.6468995237317;-8.62168923734943;23926
-5.34853166666667;47.935195;10.6468995237317;-8.62168923734943;23965
-5.34789166666667;47.9348283333333;10.5691853722725;-8.55875755834446;23975
-5.34711;47.9343783333333;10.5691853722725;-8.55875755834446;23986
-5.34632666666667;47.9339233333333;10.5691853722725;-8.55875755834446;23997
-5.34498166666667;47.933135;10.7169465496537;-8.37299629928517;24024
-5.33997;47.9302766666667;10.7169465496537;-8.37299629928517;24085
-5.33931166666667;47.9299166666667;10.7169465496537;-8.37299629928517;24094
-5.337795;47.929065;10.6468995237317;-8.62168923734943;24117
-5.33421333333333;47.927015;10.6468995237317;-8.62168923734943;24167
-5.33349666666667;47.9266016666667;10.6468995237317;-8.62168923734943;24177
-5.331345;47.9253566666667;10.795747174111;-8.43456209453341;24211
-5.329895;47.9245416666667;10.795747174111;-8.43456209453341;24229
-5.32843666666667;47.9237316666667;10.6468995237317;-8.62168923734943;24247
-5.326375;47.9225166666667;10.6468995237317;-8.62168923734943;24275
-5.32276333333333;47.9203816666667;10.7169465496537;-8.37299629928517;24333
-5.32125333333333;47.9195233333333;10.795747174111;-8.43456209453341;24349
-5.32060666666667;47.9191533333333;10.5691853722725;-8.55875755834446;24357
-5.31919666666667;47.9183183333333;10.6468995237317;-8.62168923734943;24374
-5.317005;47.9170183333333;10.795747174111;-8.43456209453341;24407
-5.31565166666667;47.916235;10.795747174111;-8.43456209453341;24425
-5.31493666666667;47.9158233333333;10.7169465496537;-8.37299629928517;24439
-5.31215833333333;47.9142066666667;10.795747174111;-8.43456209453341;24475
-5.31137;47.9137516666667;10.795747174111;-8.43456209453341;24490
-5.31065666666667;47.91334;10.795747174111;-8.43456209453341;24497
-5.30917;47.912465;10.6468995237317;-8.62168923734943;24517
-5.308475;47.9120416666667;10.795747174111;-8.43456209453341;24528
-5.30917;47.912465;10.6468995237317;-8.62168923734943;24535
-5.30715833333333;47.911235;10.9413063353203;-8.24486570239596;24547
