"x";"y";"vx";"vy";"t"
-5.649335;48.4572166666667;2.37664345941909;-0.334015455576738;0
-5.64743;48.45784;2.59841605494031;-0.0907386880982265;93
-5.644755;48.4588;2.29439726803004;0.160439886285241;263
-5.64258666666667;48.459545;3.18247011260097;0.334491087440797;444
-5.63948333333333;48.46052;3.39603504196599;0.846726634598838;539
-5.63539166666667;48.4618366666667;3.31285831319297;0.764833606222145;747
-5.63165;48.4630766666667;2.56785263934682;0.834345899547437;929
-5.62980333333333;48.46398;2.53717012092999;0.923454403288097;1051
-5.627605;48.4648916666667;2.92334550801756;1.30155727723728;1190
-5.62551833333333;48.4657166666667;2.4106779334505;0.973977107156102;1296
-5.623845;48.4664916666667;2.17513877532021;1.0142838684817;1472
-5.622045;48.4674116666667;1.96021439570091;0.998779121074957;1556
-5.62038666666667;48.4683466666667;2.91436890413303;1.75112950381204;1751
-5.61813666666667;48.4693666666667;2.37453462879991;1.48377391458445;1868
-5.61589;48.4705333333333;1.97148475074194;1.1845875477342;1999
-5.61429333333333;48.471515;1.35768040516231;1.02308556805526;2147
-5.61201;48.4725766666667;2.31435175276863;1.39060282681608;2269
-5.611405;48.472855;2.48578525378197;1.49361046635702;2297
-5.60993;48.4737483333333;2.20492496913054;1.37779003646929;2438
-5.60818833333333;48.4746733333333;2.18054339667624;1.41606143909824;2537
-5.60613666666667;48.4757766666667;2.26441057344357;1.47052542051099;2684
-5.60419;48.4767466666667;2.12979523703095;1.49129867981221;2809
-5.60246;48.477695;2.18434592338929;1.58702020921746;2931
-5.603105;48.477635;0.689439980543157;0.578508833392635;3077
-5.60356833333333;48.47765;0.262423615506619;0.301883836587528;3176
-5.60146666666667;48.4787866666667;4.19936012895103;0.0733001037078078;3301
-5.59765166666667;48.4776583333333;0.0628286615098292;-3.5994516072101;3473
-5.601945;48.473395;-1.96817708697152;-2.26412874066832;3761
-5.61797;48.4319683333333;0.0872487417562517;-2.49847706754774;7554
-5.61949666666667;48.4075416666667;0.36185004922359;-2.57469688428876;9493
-5.61945;48.40595;0.422373063068;-2.66675856670352;9629
-5.61936;48.4029216666667;0.329047233005081;-2.67987465675986;9896
-5.61936833333333;48.401175;0.282226855806971;-2.68520916491684;10057
-5.619475;48.397535;0.282226855806971;-2.68520916491684;10313
-5.61505333333333;48.2925183333333;0.860083113085351;-2.24059311262645;18564
-5.494265;48.0854933333333;0.182804015107721;1.48881922746198;32943
-5.460875;48.0983716666667;2.10344410822099;1.52824159990486;35058
-5.45689833333333;48.103175;2.22152895810073;1.86408412939197;35500
-5.45506833333333;48.1066133333333;1.84698442597697;2.36403226082017;35762
-5.45470833333333;48.1111283333333;0.380083202198189;1.24319613715178;36162
-5.4562;48.1130283333333;-0.0820263069264545;4.69928397652923;36411
-5.41038;48.1347033333333;2.39590653014188;1.80544506945615;39149
-5.40888;48.13589;2.05060973287595;2.05060973287595;39276
-5.40657;48.1381066666667;1.90257124663914;2.18865785462075;39492
-5.40386333333333;48.1407783333333;1.99264152872727;2.37473770061314;39723
-5.40259666666667;48.1421333333333;1.56471900280177;2.07645224995914;39838
-5.401355;48.1434866666667;1.74526362453449;2.31604305530097;39983
-5.39998333333333;48.14491;1.50982086603541;2.2384014854302;40091
-5.39857333333333;48.1464983333333;1.50982086603541;2.2384014854302;40223
-5.39718166666667;48.1479466666667;1.66337172011855;2.3755410065585;40351
-5.39584166666667;48.149385;1.52498927207166;2.34827755025626;40486
-5.39429166666667;48.1510383333333;1.5657401030537;2.32130516362252;40638
-5.39275;48.1528283333333;1.5657401030537;2.32130516362252;40785
-5.3915;48.1542633333333;1.52498927207166;2.34827755025626;40931
-5.39015;48.155815;1.5657401030537;2.32130516362252;41090
-5.38776166666667;48.1585783333333;1.52498927207166;2.34827755025626;41354
-5.38583166666667;48.160795;1.44210658518922;2.40006840109299;41515
-5.38466166666667;48.1622933333333;1.39999997615814;2.42487108930112;41636
-5.38352166666667;48.163765;1.48377391458445;2.37453462879991;41781
-5.38242666666667;48.16512;1.39060282681608;2.31435175276863;41886
-5.381315;48.16661;1.39999997615814;2.42487108930112;42021
-5.38026833333333;48.167995;1.27117337762278;2.49481822524093;42145
-5.37925833333333;48.1693483333333;1.31452035341435;2.47225321790277;42269
-5.37813833333333;48.170955;1.18360211723367;2.42674396786559;42407
-5.377155;48.1723233333333;1.26757324190805;2.38395854282133;42543
-5.37591666666667;48.1739716666667;1.20000004768372;2.07846105167327;42673
-5.37479333333333;48.1756716666667;1.18333111272195;2.5376617604865;42838
-5.37371166666667;48.1772383333333;1.18360211723367;2.42674396786559;42967
-5.3728;48.178565;1.0988074402218;2.35640015986304;43099
-5.37177666666667;48.1801383333333;0.976827821223184;2.3012621336311;43246
-5.370755;48.1815883333333;1.09818895569937;2.46657277919626;43352
-5.36974;48.18293;1.1410693268519;2.44703106821508;43483
-5.368505;48.1845833333333;1.05751523320765;2.37521810274828;43629
-5.367445;48.1861283333333;1.05751523320765;2.37521810274828;43788
-5.36646;48.187585;1.09818895569937;2.46657277919626;43898
-5.36538666666667;48.1890983333333;1.1410693268519;2.44703106821508;44053
-5.36436;48.1906833333333;1.18360211723367;2.42674396786559;44201
-5.36339;48.1921083333333;1.05497406555255;2.48536314821468;44329
-5.362585;48.19329;0.976827821223184;2.3012621336311;44431
-5.36161666666667;48.194755;0.889252340029156;2.44320072442729;44552
-5.360725;48.1960083333333;0.976827821223184;2.3012621336311;44689
-5.35987166666667;48.197455;0.889252340029156;2.44320072442729;44837
-5.35901666666667;48.1988916666667;0.889252340029156;2.44320072442729;44961
-5.35806833333333;48.2003833333333;0.786646313340247;2.16129298299955;45093
-5.35723833333333;48.2017633333333;0.772542485937369;2.37764129073788;45233
-5.35634;48.2031616666667;0.760166404396377;2.48639227430356;45361
-5.355475;48.20456;0.855050358314172;2.34923155196477;45481
-5.355325;48.2047783333333;0.760166404396377;2.48639227430356;45490
-5.35436333333333;48.2063833333333;0.621165732928957;2.31822207521163;45679
-5.35363166666667;48.2076783333333;0.689093389542498;2.4031542398458;45757
-5.35367166666667;48.207795;0.263134527279778;0.86067425756665;45884
-5.353965;48.207445;0.067485318984785;0.292311031050967;46039
-5.35412666666667;48.20793;-0.0349048128745689;1.99969539031278;46132
-5.35406666666667;48.208815;0.132537298450714;1.89537167170989;46258
-5.35387666666667;48.2102583333333;-0.278898380948416;3.18782308139585;46381
-5.35279833333333;48.21253;1.23127248335482;3.3828933452132;46531
-5.35206;48.2145683333333;-0.344943923798951;3.2819222072928;46651
-5.35830666666667;48.2150266666667;-8.48835104541388;-0.444855628065027;46787
-5.36605;48.2132983333333;-7.38288663384123;-5.97854371497345;46921
-5.372315;48.210315;-7.45428391551153;-5.21954578959657;47041
-5.37979666666667;48.2069233333333;-7.37843407948713;-4.97681662757449;47189
-5.385105;48.207055;-4.97260947684137;0.522642316338265;47341
-5.38766333333333;48.2073033333333;-2.99588860426372;0.157007868728832;47481
-5.390205;48.2077666666667;-2.30702816192502;0.661529680247625;47587
-5.39558833333333;48.2082633333333;-6.17640693815976;-0.540365588411842;47745
-5.39916166666667;48.2083066666667;-2.49391012564956;0.174391184360313;47898
-5.401145;48.2084683333333;-2.39853808015517;0.0837587954142784;48014
-5.40335833333333;48.2087233333333;-2.28285610144675;0.280299484020657;48134
-5.40572333333333;48.20905;-2.67987465675986;0.329047233005082;48276
-5.40807;48.20938;-2.56050006391315;0.451485245373637;48431
-5.41019833333333;48.20978;-2.37764129073788;0.772542485937368;48572
-5.41208333333333;48.2102233333333;-2.35590533388966;0.45794160710067;48714
-5.414025;48.2105883333333;-2.55223058334866;0.496103369782051;48807
-5.41606166666667;48.2108966666667;-0.56731116790251;0.195340900436443;48964
-5.41528833333333;48.21084;-0.424024048078213;0.264959632116602;49114
-5.415675;48.2113066666667;-1.4235782507653;3.1974091017491;49253
-5.41533666666667;48.21352;2.55863027562964;2.94336743484353;49367
-5.41261166666667;48.2146116666667;3.37749915734993;1.95000004768372;49502
-5.40376333333333;48.2171466666667;2.31661687791675;1.18037525602691;49879
-5.36922166666667;48.2200516666667;2.38685264372885;-0.250868321810979;51972
-5.36692833333333;48.2195733333333;2.42573931568999;-0.604804738999169;52106
-5.36473833333333;48.2189216666667;2.37764129073788;-0.772542485937368;52247
-5.361785;48.217695;2.44703106821508;-1.1410693268519;52409
-5.35983;48.216575;2.28972990006043;-1.43078203869817;52561
-5.35831166666667;48.2154483333333;2.20643007252354;-1.72385210155482;52652
-5.357295;48.2144883333333;1.94221749521515;-1.87557763336318;52749
-5.355615;48.2125866666667;1.6622860127363;-2.12762907231343;52950
-5.35346333333333;48.2051366666667;0.261467228242976;-2.98858409427524;53479
-5.35405333333333;48.20235;-0.146540674984669;-2.79616264969444;53703
-5.35448666666667;48.2008333333333;-0.503579731794479;-2.85594257765399;53852
-5.35552333333333;48.1987716666667;-0.85447577674587;-2.97991116573573;53979
-5.35712166666667;48.1965266666667;-1.17219338546782;-2.76151456035732;54171
-5.35891833333333;48.1945366666667;-1.58975779269961;-2.54414428846928;54332
-5.36031;48.1932316666667;-1.60601399443267;-2.29362568494896;54444
-5.36296333333333;48.1910416666667;-1.80544506945614;-2.39590653014188;54691
-5.36489;48.1895883333333;-1.70575341280865;-1.96224483660449;54831
-5.366485;48.188525;-1.97465502924542;-1.84139560468896;54945
-5.36851666666667;48.1872966666667;-2.0808054759008;-1.87356566589817;55071
-5.37056666666667;48.1860816666667;-2.05060973287595;-2.05060973287595;55210
-5.37234166666667;48.1849383333333;-1.9450434041613;-2.01415140664743;55342
-5.37824666666667;48.1802583333333;-1.5;-2.59807621135332;55785
-5.44552;48.12889;-2.46657277919626;-1.09818895569937;61070
-5.44816833333333;48.1284216666667;-2.5033964515419;-1.0114378200856;61202
-5.45070666666667;48.128095;-2.36379643899829;-0.813920386142892;61385
-5.45399166666667;48.12775;-2.67765327109633;-0.818640759282295;61544
-5.45615333333333;48.1275983333333;-2.60799977703942;-0.69881143411826;61656
-5.462175;48.12738;-2.68972573234998;-0.235320509574587;61961
-5.46568;48.127435;-2.78934510715462;-0.244036075537533;62137
-5.46663;48.12754;-0.299269226969837;0.0209269429547995;62310
-5.47138833333333;48.12861;-3.15138485659836;0.555674176814366;62755
-5.46424833333333;48.130815;0.401478379768632;0.44588691300439;65126
-5.46634;48.1306933333333;0.337426581515798;1.46155509717785;65337
-5.41923833333333;48.1282883333333;1.2503850337023;1.29481160630878;69347
-5.417645;48.1297366666667;1.4386796006773;1.38931674091799;69513
-5.41462333333333;48.1328683333333;1.79834950084663;1.73664592614749;69852
-5.413385;48.134385;1.5977142189318;1.6544815064781;69977
-5.41173333333333;48.1365933333333;1.56859619562353;1.68211347885043;70236
-5.41078666666667;48.1378833333333;1.41602136389199;1.81242469572018;70353
-5.40979166666667;48.13944;1.47758759949563;1.89122588380669;70483
-5.40902833333333;48.14082;1.53915368831415;1.9700268840168;70645
-5.40832;48.1418583333333;1.57454173214388;1.81130306450937;70720
-5.407375;48.1432883333333;1.46946313073118;2.02254248593737;70863
-5.40645833333333;48.144725;1.47758759949563;1.89122588380669;70994
-5.40529333333333;48.1463883333333;2.09938892405296;2.41507069270023;71174
-5.403095;48.1486116666667;2.40416312346922;2.40416312346922;71327
-5.40192666666667;48.1500116666667;1.72641558941435;1.66718015534938;71455
-5.400775;48.1513616666667;1.83847756365007;1.83847756365007;71574
-5.39942333333333;48.1529333333333;1.80611169694561;1.8702834122789;71726
-5.39831166666667;48.1541883333333;1.73973951271976;1.93217647536941;71870
-5.39731;48.1553966666667;1.32157276118799;1.63200644494522;71992
-5.39599333333333;48.15708;1.80665266907555;2.00649106422487;72132
-5.39490666666667;48.158445;1.73973951271976;1.93217647536941;72301
-5.39382333333333;48.1597466666667;1.84139560468896;1.97465502924542;72417
-5.39270666666667;48.1610283333333;1.73973951271976;1.93217647536941;72508
-5.39148333333333;48.1625283333333;1.671247723884;1.99171547905365;72665
-5.39054666666667;48.1638833333333;1.6991650858429;2.09829413299103;72768
-5.389465;48.1654216666667;1.671247723884;1.99171547905365;72894
-5.38802666666667;48.1674316666667;1.7713594095577;2.03771590258884;73083
-5.38680333333333;48.169135;1.6622860127363;2.12762907231343;73223
-5.38563;48.1708633333333;1.62490059120731;2.1563159152096;73385
-5.38427;48.172825;1.68508203612896;2.23617939005051;73561
-5.38293166666667;48.174935;1.62490059120731;2.1563159152096;73722
-5.38205833333333;48.1763883333333;1.62165947339396;2.4042090394728;73846
-5.38120333333333;48.177965;1.5794532534844;2.43214472702359;74009
-5.38035333333333;48.1794283333333;1.53676591681333;2.4593395597298;74122
-5.37949333333333;48.1810833333333;1.23609142890199;2.05720160343091;74274
-5.37842166666667;48.18266;2.23694815646959;3.19469305084749;74332
-5.37697166666667;48.184635;2.23694815646959;3.19469305084749;74489
-5.37555833333333;48.186945;1.5794532534844;2.43214472702359;74635
-5.37441833333333;48.189145;1.5657401030537;2.32130516362252;74822
-5.373615;48.1906216666667;1.5794532534844;2.43214472702359;74945
-5.372585;48.1924866666667;1.62165947339396;2.4042090394728;75137
-5.37173833333333;48.1940816666667;1.66337172011855;2.3755410065585;75225
-5.37090333333333;48.1956866666667;1.62165947339396;2.4042090394728;75382
-5.37005166666667;48.1971816666667;1.49361046635702;2.48578525378197;75492
-5.36923833333333;48.19869;1.5794532534844;2.43214472702359;75601
-5.36855166666667;48.2000683333333;1.45000004768372;2.51147375356549;75731
-5.36747833333333;48.2021216666667;1.70457728770374;2.34614936084122;75908
-5.36655833333333;48.2036316666667;1.80544506945614;2.39590653014188;75982
-5.365575;48.2052016666667;1.72385210155482;2.20643007252354;76132
-5.36438;48.2070183333333;1.78541833715846;2.28523126061006;76268
-5.36322333333333;48.20884;1.79980527647181;2.14492440420529;76412
-5.36212666666667;48.2104316666667;1.78541833715846;2.28523126061006;76541
-5.361035;48.212125;1.70457728770374;2.34614936084122;76721
-5.35998666666667;48.2137166666667;1.70457728770374;2.34614936084122;76806
-5.35890666666667;48.215315;1.86408412939197;2.22152895810073;76982
-5.35783666666667;48.2169083333333;1.72385210155482;2.20643007252354;77109
-5.35668333333333;48.2186183333333;1.74526362453449;2.31604305530097;77235
-5.35560166666667;48.2202383333333;1.84698442597697;2.36403226082017;77335
-5.354035;48.2222233333333;2.39141745598105;2.95315461647928;77503
-5.35263666666667;48.2241566666667;1.72385210155482;2.20643007252354;77638
-5.35160333333333;48.2257583333333;1.72385210155482;2.20643007252354;77755
-5.35059333333333;48.227385;1.72072930905314;2.45745613286698;77893
-5.35001;48.2286783333333;0.408591438941615;0.80190585052628;78020
-5.35129833333333;48.2278883333333;0.623735072453278;2.93444280220142;78129
-5.35201833333333;48.226515;-0.61857948570645;1.79648527109578;78282
-5.352085;48.2262183333333;-0.195365564244637;0.46025242672622;78404
-5.35257833333333;48.2265366666667;-2.45406795861916;0.477022488441361;78516
-5.35518;48.2272133333333;-2.59643669512516;-0.136073481240509;78663
-5.356615;48.22785;-2.49391012564956;0.174391184360313;78812
-5.35911166666667;48.2281416666667;-2.72823613493707;-0.629862941436321;78980
-5.359975;48.22654;2.76151456035732;-1.17219338546782;79127
-5.35692;48.2276466666667;2.68412604331717;3.97938050639057;79245
-5.35519166666667;48.2286983333333;4.28626379701574e-16;-3.5;79394
-5.35715166666667;48.22547;-6.13966183731909;0.862873199407243;79517
-5.36766833333333;48.2142933333333;-3.67677879653605;-7.88487757435436;79844
-5.44137166666667;48.1301483333333;-4.5105247590045;-1.64169675319838;82352
-5.442515;48.1369216666667;0.548412045323164;4.46645768238595;82623
-5.44226666666667;48.1395816666667;-0.225044621826952;4.29410718991813;82781
-5.44219666666667;48.1431416666667;-0.162241459361982;3.09575146250245;82953
-5.44248666666667;48.1455233333333;-0.766528893615885;4.83967296310948;83109
-5.44275333333333;48.1500833333333;-0.366054102916526;4.18401754197627;83271
-5.44276666666667;48.1516283333333;-0.240415460531297;2.28740031192453;83387
-5.44284166666667;48.1538416666667;-0.162241459361982;3.09575146250245;83541
-5.44281166666667;48.155705;-0.108188436449477;3.09811146844986;83656
-5.44281166666667;48.157495;-0.0523572193118533;2.99954308546917;83814
-5.44235;48.164765;-0.0541024582911906;3.09952775963191;84345
-5.44207833333333;48.1677316666667;0.0541024582911877;3.09952775963191;84511
-5.44169333333333;48.17211;-0.157007868728833;2.99588860426372;84881
-5.44152833333333;48.1738916666667;-0.0523572193118533;2.99954308546917;84967
-5.441215;48.1768066666667;-0.0523572193118533;2.99954308546917;85205
-5.44095833333333;48.1800533333333;-0.0506119803325161;2.89955841130644;85448
-5.440805;48.1821633333333;-0.0541024582911906;3.09952775963191;85619
-5.44071166666667;48.1838166666667;-0.104698490107502;2.99817248105729;85707
-5.44051333333333;48.1855783333333;-0.204110234338629;3.89465528077957;85812
-5.440345;48.1871683333333;-0.0942286427608899;2.69835528060623;85959
-5.44013833333333;48.18867;-0.191742638200758;2.19162838330411;86109
-5.43986;48.19153;-0.141307084351523;2.69629979145572;86337
-5.43940833333333;48.1955966666667;-0.0942286427608899;2.69835528060623;86636
-5.439215;48.19713;-0.0802688407516142;2.29859885448925;86778
-5.43915333333333;48.1984866666667;-0.0977185891028646;2.7982942679988;86936
-5.438945;48.2002783333333;-0.0506119803325161;2.89955841130644;87032
-5.43878;48.2020633333333;-0.104698490107502;2.99817248105729;87150
-5.43884666666667;48.203835;-0.0942286427608899;2.69835528060623;87311
-5.43879333333333;48.2061583333333;-0.272050254254582;3.89049989114844;87441
-5.43869;48.2082766666667;-0.132618085805365;3.7976850950179;87555
-5.43857;48.2100666666667;-0.146540674984671;2.79616264969444;87672
-5.43859666666667;48.2119283333333;-0.0977185891028646;2.7982942679988;87812
-5.43850166666667;48.2135016666667;-0.0471214982128636;2.69958882459871;87956
-5.43851166666667;48.2150233333333;-0.0942286427608899;2.69835528060623;88055
-5.438195;48.2186283333333;-0.0488667371922009;2.79957349876144;88355
-5.43783333333333;48.22264;-0.0942286427608899;2.69835528060623;88694
-5.43780666666667;48.223155;-0.0488667371922009;2.79957349876144;88704
-5.4378;48.2250566666667;-0.141307084351523;2.69629979145572;88851
-5.43771166666667;48.22671;-0.0977185891028646;2.7982942679988;89002
-5.43766;48.2282283333333;-0.188342482435385;2.69342298326909;89104
-5.43758;48.2302666666667;-0.0977185891028646;2.7982942679988;89262
-5.43745666666667;48.233495;0.329047233005081;2.67987465675986;89546
-5.43727;48.2348833333333;0.436614530889291;2.05410986825757;89663
-5.43686333333333;48.23691;0.534265177955843;2.74855606684583;89814
-5.43653;48.23867;0.486214889187215;2.75746166147489;89957
-5.43591;48.2410433333333;0.607367857454938;2.63079922138172;90143
-5.435605;48.2426666666667;0.54057037629817;2.54318366862447;90272
-5.43525666666667;48.24439;0.607367857454938;2.63079922138172;90395
-5.43500833333333;48.2458433333333;0.776457135307562;2.89777747886721;90546
-5.43469166666667;48.2472416666667;0.54057037629817;2.54318366862447;90673
-5.43430333333333;48.248845;0.607367857454938;2.63079922138172;90786
-5.43374;48.2507916666667;0.498988077790626;2.34755433504456;90989
-5.43314166666667;48.2526733333333;0.919303191743002;3.68712371358148;91097
-5.43231;48.2548283333333;1.01985822966631;3.55666832080831;91216
-5.43177833333333;48.25629;0.771784583144184;2.69153270279076;91352
-5.43144333333333;48.2580483333333;0.244036075537533;2.78934510715462;91458
-5.431265;48.2595866666667;0.14654067498467;2.79616264969444;91579
-5.43112833333333;48.2612616666667;0.0506119803325134;2.89955841130644;91735
-5.431055;48.263135;-0.0488667371922009;2.79957349876144;91868
-5.431045;48.2646433333333;-0.235320509574587;2.68972573234998;92008
-5.43108166666667;48.2664133333333;-0.146540674984671;2.79616264969444;92123
-5.43116166666667;48.2680816666667;-0.240415460531297;2.28740031192453;92253
-5.43116166666667;48.2684216666667;-0.209173790906199;2.39086737042472;92289
-5.43151;48.2672833333333;-0.048384379840917;0.194059148146906;92572
-5.43159666666667;48.268555;1.84115873290146;3.77493482302514;92711
-5.42851166666667;48.27025;4.0993754547883;0.0715548647284707;92878
-5.42499333333333;48.2689883333333;1.17204532499717;-3.40386678198586;92995
-5.42527666666667;48.2635;-0.411563201742832;-5.88562799166808;93243
-5.42459166666667;48.25087;0.781363601745776;-2.26924467161004;94385
-5.41576;48.230055;1.09592786697269;-2.24698511574792;96372
-5.41440666666667;48.2276783333333;0.976827821223185;-2.3012621336311;96590
-5.413475;48.2254616666667;0.973977107156103;-2.4106779334505;96772
