"x";"y";"vx";"vy";"t"
-6.83867333333333;47.1859266666667;5.07029296763222;9.5358341712853;0
-6.83848166666667;47.1862033333333;5.07029296763222;9.5358341712853;7
-6.83815;47.18672;5.30502874902516;9.97730796771476;18
-6.715895;47.3407583333333;5.84999990463257;10.1324970590967;3393
-6.715535;47.3412183333333;5.52682948586805;9.97066432774817;3404
-6.71499666666667;47.3418466666667;5.42986765428888;9.79574055314076;3420
-6.709075;47.3487733333333;5.57531063283288;10.0581266321031;3571
-6.70691;47.3512816666667;5.72075361137687;10.3205127110653;3627
-6.70541333333333;47.3531033333333;5.52682948586805;9.97066432774817;3669
-6.70463333333333;47.3540083333333;5.25808141365738;9.88901287161109;3689
-6.70350333333333;47.3554533333333;5.30502874902516;9.97730796771476;3718
-6.703265;47.3557316666667;5.30502874902516;9.97730796771476;3726
-6.70274666666667;47.3563883333333;5.6237917797977;10.1455889364579;3741
-6.70214666666667;47.3571383333333;5.49281719505033;10.3304866680406;3754
-6.70187333333333;47.357465;5.76923429599122;10.4079741813179;3763
-6.70111833333333;47.3583966666667;5.44587030740552;10.2421924139813;3783
-6.699745;47.36011;5.22089074700479;10.2465750281662;3819
-6.69809333333333;47.362245;5.0392947202926;9.8901727583829;3864
-6.697735;47.362705;5.26628997016237;10.3356760204771;3877
-6.69678666666667;47.3639166666667;5.17277961572377;10.6057699177615;3899
-6.69523166666667;47.365965;5.1754915238472;10.1574740358554;3944
-6.69473;47.36661;5.30502874902516;9.97730796771476;3961
-6.69417;47.36735;5.1754915238472;10.1574740358554;3975
-6.69397666666667;47.36763;5.08469351049111;9.97927290096371;3983
-6.69372166666667;47.3679533333333;5.13009273364869;10.0683738932746;3990
-6.69300833333333;47.36888;5.0392947202926;9.8901727583829;4008
-6.69209;47.3701466666667;4.99389549713501;9.80107176607205;4033
-6.691595;47.3707383333333;4.90309748377892;9.62287063118038;4047
-6.69094166666667;47.3716866666667;4.99743090617016;10.2462517849478;4069
-6.69046333333333;47.37233;4.86011001001804;10.4225395509215;4085
-6.68960833333333;47.37353;4.95359404232924;10.1563728946119;4108
-6.66229;47.4103433333333;4.90975676042501;10.0664931471193;4919
-6.66098;47.4122616666667;4.56427730740759;9.78812427286031;4962
-6.660655;47.412765;4.69057118703047;9.61709612396973;4972
-6.65765833333333;47.41716;4.99389549713501;9.80107176607205;5067
-6.65008666666667;47.42797;5.25808141365738;9.88901287161109;5309
-6.64932;47.4290133333333;4.88250407388408;9.18265462891506;5331
-6.65008666666667;47.42797;5.25808141365738;9.88901287161109;5337
-6.64890666666667;47.4295833333333;4.85769826062133;9.53376963886953;5344
-6.64860666666667;47.4300233333333;4.58530422055305;8.99916623419453;5353
-6.64840833333333;47.4302783333333;4.60289704128531;9.43733748614125;5363
-6.648195;47.43059;4.90309748377892;9.62287063118038;5369
-6.64775833333333;47.431155;4.72150102410765;9.26646751166701;5382
-6.647315;47.43178;4.85769826062133;9.53376963886953;5395
-6.647125;47.4320466666667;4.81229947042283;9.44466949628871;5402
-6.64645166666667;47.43298;4.92945140925185;9.27094972501873;5422
-6.64625833333333;47.4332433333333;4.67610223390915;9.1773673690862;5427
-6.64543166666667;47.4344583333333;5.21113452601258;9.80071861755187;5453
-6.644785;47.4353483333333;4.90309748377892;9.62287063118038;5474
-6.64447333333333;47.4357966666667;4.97639874461963;9.3592448211224;5484
-6.64412833333333;47.4362333333333;5.18746284416571;9.35843069957106;5495
-6.64284833333333;47.4380133333333;4.85769826062133;9.53376963886953;5537
-6.64165833333333;47.4396016666667;5.38138696967453;9.70827908288823;5574
-6.6405;47.4410983333333;4.81229947042283;9.44466949628871;5606
-6.64027833333333;47.4414116666667;4.72150102410765;9.26646751166701;5613
-6.63976333333333;47.44213;4.55905975938108;9.34745773864862;5627
-6.63955833333333;47.4424416666667;4.76690024726524;9.35556850397786;5636
-6.63939;47.4426033333333;4.82208261467985;9.88673450929084;5642
-6.63891833333333;47.4433016666667;4.76690024726524;9.35556850397786;5656
-6.63882833333333;47.443485;4.51522289554016;9.25757884831278;5661
-6.638555;47.4438716666667;4.64673432318954;9.52721723363389;5669
-6.63834333333333;47.4441766666667;4.35296817653724;9.33497037934199;5674
-6.637875;47.44488;4.64673432318954;9.52721723363389;5691
-6.63736166666667;47.44562;4.7344084689347;9.70697587146236;5708
-6.63716833333333;47.4459333333333;4.90309748377892;9.62287063118038;5715
-6.63705;47.4461083333333;4.64673432318954;9.52721723363389;5720
-6.63678666666667;47.44651;5.02334563226444;9.44753907518163;5730
-6.63636;47.4470716666667;4.81229947042283;9.44466949628871;5739
-6.63626666666667;47.44726;4.85769826062133;9.53376963886953;5745
-6.63591166666667;47.447685;4.99389549713501;9.80107176607205;5756
-6.63575333333333;47.447955;4.86591989658408;9.97661425678347;5762
-6.63554166666667;47.4482633333333;4.76690024726524;9.35556850397786;5772
-6.63518166666667;47.44874;4.81229947042283;9.44466949628871;5780
-6.63488666666667;47.449135;4.47138561363593;9.16769910082014;5787
-6.634785;47.4493183333333;4.7344084689347;9.70697587146236;5793
-6.63447;47.4497616666667;4.7344084689347;9.70697587146236;5805
-6.63377166666667;47.4507766666667;4.64673432318954;9.52721723363389;5827
-6.633555;47.4510866666667;4.76690024726524;9.35556850397786;5832
-6.633275;47.4514866666667;4.81229947042283;9.44466949628871;5843
-6.63284166666667;47.45211;4.72150102410765;9.26646751166701;5853
-6.63264333333333;47.4523716666667;4.81229947042283;9.44466949628871;5861
-6.63137166666667;47.454165;4.88250407388408;9.18265462891506;5901
-6.63101;47.4545966666667;4.92945140925185;9.27094972501873;5910
-6.62984;47.4562316666667;5.07029296763222;9.5358341712853;5946
-6.629685;47.4564;5.08469351049111;9.97927290096371;5951
-6.62917333333333;47.457105;5.13898215955137;9.27096922931853;5967
-6.62882166666667;47.4575766666667;4.83555718623927;9.09436037485584;5980
-6.62853833333333;47.45797;4.78860985087149;9.00606527875217;5988
-6.62809333333333;47.458575;4.97639874461963;9.3592448211224;6004
-6.627885;47.45884;4.81229947042283;9.44466949628871;6009
-6.62766;47.459145;4.60289704128531;9.43733748614125;6014
-6.62734333333333;47.4595866666667;4.67610223390915;9.1773673690862;6026
-6.6269;47.4602066666667;4.76690024726524;9.35556850397786;6041
-6.62661833333333;47.4606083333333;4.81229947042283;9.44466949628871;6049
-6.62620666666667;47.4611833333333;5.02334563226444;9.44753907518163;6061
-6.62575166666667;47.4618016666667;4.63070301075156;9.08826637677534;6074
-6.62538833333333;47.46223;5.02334563226444;9.44753907518163;6086
-6.62447333333333;47.463535;4.69057118703047;9.61709612396973;6114
-6.62407166666667;47.4640983333333;4.7344084689347;9.70697587146236;6128
-6.62218833333333;47.4667166666667;4.81229947042283;9.44466949628871;6191
-6.62186333333333;47.467205;4.82208261467985;9.88673450929084;6197
-6.6193;47.4706366666667;4.88250407388408;9.18265462891506;6277
-6.61923166666667;47.4707766666667;5.07029296763222;9.5358341712853;6282
-6.61877666666667;47.47132;4.69471562785891;8.82947592858927;6293
-6.61858833333333;47.4715816666667;4.81229947042283;9.44466949628871;6302
-6.618015;47.4723533333333;4.8965773494282;8.83365937574884;6319
-6.61781333333333;47.4726066666667;4.92945140925185;9.27094972501873;6326
-6.61758666666667;47.47291;5.07029296763222;9.5358341712853;6331
-6.61746833333333;47.47303;4.99353918100737;9.00858315035625;6336
-6.61716833333333;47.4734666666667;5.13898215955137;9.27096922931853;6344
-6.61625666666667;47.4746016666667;4.85769826062133;9.53376963886953;6374
-6.615905;47.4750166666667;4.97639874461963;9.3592448211224;6383
-6.61563666666667;47.4754016666667;4.83555718623927;9.09436037485584;6392
-6.61538333333333;47.4757383333333;4.97639874461963;9.3592448211224;6397
-6.614075;47.4774066666667;4.88250407388408;9.18265462891506;6438
-6.605565;47.4885333333333;5.1641871906448;9.7124235214482;6696
-6.60498;47.489285;5.11723985527702;9.62412842534453;6712
-6.60474666666667;47.4895966666667;5.11723985527702;9.62412842534453;6721
-6.60432166666667;47.4901283333333;5.1641871906448;9.7124235214482;6733
-6.60419166666667;47.490305;5.11723985527702;9.62412842534453;6739
-6.60393;47.4906116666667;5.11723985527702;9.62412842534453;6744
-6.603505;47.4911966666667;5.25808141365738;9.88901287161109;6756
-6.60305833333333;47.4917733333333;5.02334563226444;9.44753907518163;6769
-6.60291833333333;47.4919516666667;5.28442467574488;9.53335447417847;6774
-6.60244666666667;47.4925233333333;5.28442467574488;9.53335447417847;6783
-6.60218333333333;47.492825;5.25808141365738;9.88901287161109;6793
-6.60129;47.49402;5.02334563226444;9.44753907518163;6819
-6.60084666666667;47.49459;5.1641871906448;9.7124235214482;6832
-6.60074833333333;47.49472;5.07029296763222;9.5358341712853;6837
-6.60038666666667;47.4951516666667;4.88250407388408;9.18265462891506;6843
-6.60019;47.495415;5.13898215955137;9.27096922931853;6853
-6.59991833333333;47.495765;5.28442467574488;9.53335447417847;6859
-6.59925333333333;47.4966466666667;5.18746284416571;9.35843069957106;6881
-6.598555;47.4975183333333;5.02334563226444;9.44753907518163;6899
-6.59821333333333;47.497905;4.90309748377892;9.62287063118038;6907
-6.59799166666667;47.4982133333333;4.76690024726524;9.35556850397786;6918
-6.59755666666667;47.4987866666667;4.86591989658408;9.97661425678347;6927
-6.59732666666667;47.4990933333333;4.90309748377892;9.62287063118038;6937
-6.59700333333333;47.4995316666667;4.85769826062133;9.53376963886953;6946
-6.596935;47.49967;4.76690024726524;9.35556850397786;6951
-6.59656833333333;47.500155;4.85769826062133;9.53376963886953;6962
-6.596165;47.5007366666667;5.09050101258654;9.18350692496366;6971
-6.59606333333333;47.5008716666667;5.11723985527702;9.62412842534453;6976
-6.59583833333333;47.501185;5.09050101258654;9.18350692496366;6982
-6.59538;47.5017566666667;5.21113452601258;9.80071861755187;6995
-6.595165;47.5020216666667;5.42986765428888;9.79574055314076;7001
-6.59505666666667;47.5022066666667;5.07029296763222;9.5358341712853;7006
-6.59469666666667;47.5026416666667;5.07029296763222;9.5358341712853;7017
-6.59426833333333;47.5032216666667;5.28442467574488;9.53335447417847;7027
-6.59412;47.503395;5.38138696967453;9.70827908288823;7033
-6.59402333333333;47.5035316666667;5.11723985527702;9.62412842534453;7038
-6.59367666666667;47.503975;5.30502874902516;9.97730796771476;7043
-6.59356333333333;47.5041016666667;5.13898215955137;9.27096922931853;7050
-6.59331833333333;47.5044133333333;5.25808141365738;9.88901287161109;7055
-6.59285333333333;47.504985;5.25;9.09326673973661;7067
-6.59272833333333;47.5051666666667;5.33290582270971;9.62081677853335;7072
-6.59246833333333;47.5054733333333;5.38138696967453;9.70827908288823;7080
-6.59222666666667;47.50573;5.09050101258654;9.18350692496366;7085
-6.59201666666667;47.505995;5.21113452601258;9.80071861755187;7092
-6.59173833333333;47.506355;5.21113452601258;9.80071861755187;7101
-6.59143166666667;47.5067616666667;5.38138696967453;9.70827908288823;7108
-6.59105833333333;47.5072616666667;5.44999980926514;9.43967657088791;7119
-6.59094666666667;47.5073966666667;5.1641871906448;9.7124235214482;7125
-6.59058666666667;47.5078416666667;5.33290582270971;9.62081677853335;7133
-6.590145;47.5084283333333;5.23594399113054;9.44589300392594;7146
-6.58978;47.508875;5.21113452601258;9.80071861755187;7157
-6.589435;47.5093266666667;5.21113452601258;9.80071861755187;7166
-6.58909333333333;47.5097816666667;5.33290582270971;9.62081677853335;7174
-6.58895;47.5099633333333;5.11723985527702;9.62412842534453;7179
-6.58863166666667;47.51037;5.21113452601258;9.80071861755187;7187
-6.58824;47.5108683333333;5.52682948586805;9.97066432774817;7200
-6.58774333333333;47.5114433333333;5.02334563226444;9.44753907518163;7213
-6.587435;47.511845;5.39892297203774;10.1538973178777;7221
-6.58717;47.5121533333333;5.07029296763222;9.5358341712853;7228
-6.587035;47.51233;5.1754915238472;10.1574740358554;7233
-6.58692333333333;47.51246;4.94849627397743;9.71197077376119;7238
-6.58657833333333;47.5129016666667;4.99389549713501;9.80107176607205;7243
-6.58647666666667;47.5130366666667;5.25808141365738;9.88901287161109;7248
-6.58622166666667;47.51334;5.11723985527702;9.62412842534453;7256
-6.58590333333333;47.51379;5.1641871906448;9.7124235214482;7266
-6.58567833333333;47.5140533333333;5.1641871906448;9.7124235214482;7271
-6.58552833333333;47.5142283333333;5.02334563226444;9.44753907518163;7276
-6.58518;47.51467;5.30502874902516;9.97730796771476;7285
-6.58508333333333;47.5148066666667;4.97639874461963;9.3592448211224;7290
-6.58482833333333;47.5151166666667;5.0392947202926;9.8901727583829;7295
-6.584605;47.515435;4.99389549713501;9.80107176607205;7303
-6.584385;47.5157016666667;5.30502874902516;9.97730796771476;7310
-6.58412333333333;47.51601;5.33290582270971;9.62081677853335;7317
-6.58391166666667;47.51628;5.35197563666997;10.065602221774;7322
-6.583415;47.51691;5.55000019073486;9.61288231236974;7337
-6.58319833333333;47.517185;5.30502874902516;9.97730796771476;7342
-6.58306166666667;47.5173666666667;5.38138696967453;9.70827908288823;7347
-6.582835;47.517635;5.25808141365738;9.88901287161109;7355
-6.58234833333333;47.5182766666667;5.42986765428888;9.79574055314076;7365
-6.58210166666667;47.5185983333333;5.38138696967453;9.70827908288823;7371
-6.58163666666667;47.51919;5.33290582270971;9.62081677853335;7386
-6.58138666666667;47.5195066666667;5.11723985527702;9.62412842534453;7391
-6.58090166666667;47.5200916666667;5.21113452601258;9.80071861755187;7405
-6.580645;47.5204033333333;5.1641871906448;9.7124235214482;7416
-6.580395;47.520725;5.1754915238472;10.1574740358554;7422
-6.58019666666667;47.5209983333333;5.35197563666997;10.065602221774;7427
-6.57998333333333;47.5212716666667;4.99743090617016;10.2462517849478;7432
-6.57972666666667;47.5216416666667;5.08469351049111;9.97927290096371;7440
-6.57929666666667;47.52224;4.94849627397743;9.71197077376119;7451
-6.57898333333333;47.522705;4.99389549713501;9.80107176607205;7461
-6.57886;47.5228366666667;5.13009273364869;10.0683738932746;7466
-6.57863833333333;47.5231633333333;5.13009273364869;10.0683738932746;7475
-6.57829;47.5236133333333;5.0392947202926;9.8901727583829;7482
-6.57811166666667;47.5238916666667;4.99389549713501;9.80107176607205;7492
-6.57766;47.5245333333333;4.81229947042283;9.44466949628871;7503
-6.57745833333333;47.52481;4.94849627397743;9.71197077376119;7508
-6.57732833333333;47.5249933333333;4.90309748377892;9.62287063118038;7514
-6.57700833333333;47.5254566666667;5.35197563666997;10.065602221774;7521
-6.57691833333333;47.525595;5.25808141365738;9.88901287161109;7527
-6.576675;47.5259116666667;5.11723985527702;9.62412842534453;7535
-6.576335;47.5263633333333;5.30502874902516;9.97730796771476;7542
-6.57554833333333;47.527405;4.94849627397743;9.71197077376119;7564
-6.57543333333333;47.5275366666667;5.1754915238472;10.1574740358554;7569
-6.57534833333333;47.52768;5.02334563226444;9.44753907518163;7574
-6.57506833333333;47.5280416666667;4.86591989658408;9.97661425678347;7580
-6.574785;47.5284516666667;4.94849627397743;9.71197077376119;7586
-6.574425;47.5289516666667;5.21113452601258;9.80071861755187;7598
-6.57396666666667;47.5295333333333;5.07029296763222;9.5358341712853;7614
-6.573725;47.5298483333333;5.11723985527702;9.62412842534453;7619
-6.57341666666667;47.5302516666667;5.1641871906448;9.7124235214482;7627
-6.57318666666667;47.5305666666667;5.13009273364869;10.0683738932746;7638
-6.572375;47.53164;4.94849627397743;9.71197077376119;7660
-6.57185666666667;47.5323633333333;5.07029296763222;9.5358341712853;7677
-6.57174166666667;47.53255;5.07029296763222;9.5358341712853;7685
-6.57130333333333;47.5331333333333;5.21113452601258;9.80071861755187;7694
-6.57107166666667;47.5334466666667;5.11723985527702;9.62412842534453;7699
-6.57097;47.5335816666667;5.13009273364869;10.0683738932746;7704
-6.57078333333333;47.5338533333333;5.13009273364869;10.0683738932746;7709
-6.57021;47.534615;4.69057118703047;9.61709612396973;7727
-6.56976833333333;47.5352466666667;4.56427730740759;9.78812427286031;7739
-6.569675;47.5353866666667;4.69057118703047;9.61709612396973;7744
-6.56927333333333;47.5359783333333;4.90975676042501;10.0664931471193;7753
-6.56909166666667;47.5362516666667;4.99389549713501;9.80107176607205;7763
-6.56884666666667;47.53657;5.08469351049111;9.97927290096371;7768
-6.568795;47.5367183333333;4.99389549713501;9.80107176607205;7773
-6.56864166666667;47.5368916666667;4.55905975938108;9.34745773864862;7778
-6.56846166666667;47.5371683333333;4.85769826062133;9.53376963886953;7785
-6.56802166666667;47.53781;4.77824533277562;9.7968547617982;7795
-6.56780833333333;47.5381316666667;4.81229947042283;9.44466949628871;7800
-6.56772833333333;47.538275;4.99389549713501;9.80107176607205;7805
-6.56762166666667;47.53841;5.30502874902516;9.97730796771476;7811
-6.56729;47.5389216666667;5.26628997016237;10.3356760204771;7819
-6.56679;47.5396516666667;4.99389549713501;9.80107176607205;7834
-6.56659166666667;47.53992;4.77824533277562;9.7968547617982;7842
-6.56647;47.5401016666667;5.08469351049111;9.97927290096371;7847
-6.566145;47.5405583333333;4.82208261467985;9.88673450929084;7853
-6.56602333333333;47.5407366666667;5.1641871906448;9.7124235214482;7861
-6.565745;47.54115;5.02334563226444;9.44753907518163;7869
-6.56537833333333;47.5416433333333;5.30502874902516;9.97730796771476;7877
-6.5652;47.5419233333333;4.90309748377892;9.62287063118038;7887
-6.56461333333333;47.5426816666667;4.99743090617016;10.2462517849478;7900
-6.56443666666667;47.5429583333333;4.81229947042283;9.44466949628871;7907
-6.56429666666667;47.543135;4.77824533277562;9.7968547617982;7913
-6.56387833333333;47.5437233333333;4.94849627397743;9.71197077376119;7925
-6.56378;47.5438566666667;5.13009273364869;10.0683738932746;7931
-6.56355666666667;47.5441766666667;4.97639874461963;9.3592448211224;7936
-6.56340833333333;47.5443516666667;5.1641871906448;9.7124235214482;7942
-6.56312166666667;47.5447583333333;5.0392947202926;9.8901727583829;7950
-6.56287833333333;47.5450733333333;4.94849627397743;9.71197077376119;7955
-6.56277;47.545265;5.1754915238472;10.1574740358554;7960
-6.56257166666667;47.5455383333333;4.94849627397743;9.71197077376119;7965
-6.56246666666667;47.54567;4.99389549713501;9.80107176607205;7970
-6.56224833333333;47.5459933333333;5.13009273364869;10.0683738932746;7975
-6.562005;47.5463116666667;5.08469351049111;9.97927290096371;7983
-6.56190833333333;47.5464466666667;4.76690024726524;9.35556850397786;7988
-6.561685;47.54677;4.90309748377892;9.62287063118038;7993
-6.561385;47.5471816666667;4.90309748377892;9.62287063118038;8003
-6.56105666666667;47.54764;4.60653889175755;9.8787545329705;8013
-6.56093;47.547825;5.1754915238472;10.1574740358554;8020
-6.56062;47.54828;4.69057118703047;9.61709612396973;8025
-6.560535;47.5484166666667;4.69057118703047;9.61709612396973;8032
-6.560325;47.5487433333333;4.99743090617016;10.2462517849478;8037
-6.56011166666667;47.549065;4.56427730740759;9.78812427286031;8043
-6.55993;47.5493433333333;4.95359404232924;10.1563728946119;8048
-6.5597;47.5496633333333;4.94849627397743;9.71197077376119;8053
-6.55951833333333;47.5499383333333;4.76690024726524;9.35556850397786;8063
-6.559165;47.5504416666667;4.81229947042283;9.44466949628871;8073
-6.55882166666667;47.5508933333333;4.90309748377892;9.62287063118038;8083
-6.55850833333333;47.551355;5.08510546997862;10.4260112799331;8093
-6.558195;47.551815;4.85769826062133;9.53376963886953;8102
-6.55786166666667;47.55227;5.0392947202926;9.8901727583829;8111
-6.557775;47.5524083333333;4.99743090617016;10.2462517849478;8116
-6.55758333333333;47.552685;5.08469351049111;9.97927290096371;8123
-6.55745666666667;47.5528683333333;4.7344084689347;9.70697587146236;8128
-6.55715833333333;47.5533366666667;4.7333244508878;10.150647041946;8137
-6.55695333333333;47.5536633333333;4.77824533277562;9.7968547617982;8143
-6.55653333333333;47.5542616666667;5.21113452601258;9.80071861755187;8154
-6.556425;47.554455;4.94849627397743;9.71197077376119;8160
-6.55622;47.5547266666667;5.1641871906448;9.7124235214482;8165
-6.55613333333333;47.55487;5.25808141365738;9.88901287161109;8170
-6.55589833333333;47.55519;5.07029296763222;9.5358341712853;8175
-6.55565333333333;47.5555066666667;5.21113452601258;9.80071861755187;8182
-6.55543666666667;47.5557766666667;5.11723985527702;9.62412842534453;8192
-6.555;47.5563683333333;5.30502874902516;9.97730796771476;8200
-6.55486666666667;47.5565466666667;5.33290582270971;9.62081677853335;8205
-6.55477333333333;47.556685;4.78860985087149;9.00606527875217;8211
-6.55452;47.556995;5.21113452601258;9.80071861755187;8216
-6.55428;47.55731;4.97639874461963;9.3592448211224;8222
-6.55395666666667;47.5577733333333;4.99389549713501;9.80107176607205;8231
-6.55371833333333;47.5580866666667;4.90309748377892;9.62287063118038;8239
-6.55343333333333;47.5585;5.22089074700479;10.2465750281662;8248
-6.55330833333333;47.5586866666667;5.0392947202926;9.8901727583829;8253
-6.55309666666667;47.5590116666667;4.99389549713501;9.80107176607205;8258
-6.55290333333333;47.5592866666667;5.31168876036088;10.4247761630579;8266
-6.55279833333333;47.5594216666667;4.7344084689347;9.70697587146236;8271
-6.55258166666667;47.5597466666667;5.11723985527702;9.62412842534453;8276
-6.55224;47.5602;5.21113452601258;9.80071861755187;8284
-6.55201;47.5605183333333;5.0392947202926;9.8901727583829;8293
-6.55149833333333;47.5612533333333;5.0392947202926;9.8901727583829;8310
-6.55126333333333;47.5615716666667;5.30502874902516;9.97730796771476;8315
-6.551155;47.5617633333333;4.99389549713501;9.80107176607205;8320
-6.55093833333333;47.5620333333333;5.1754915238472;10.1574740358554;8325
-6.55061666666667;47.5624933333333;5.08469351049111;9.97927290096371;8336
-6.55047;47.5626716666667;4.85769826062133;9.53376963886953;8342
-6.55018333333333;47.5630866666667;4.99389549713501;9.80107176607205;8350
-6.54994833333333;47.5634066666667;5.0392947202926;9.8901727583829;8355
-6.54981666666667;47.56359;4.95359404232924;10.1563728946119;8360
-6.54963666666667;47.5638716666667;5.0392947202926;9.8901727583829;8366
-6.54929333333333;47.5643266666667;4.86591989658408;9.97661425678347;8375
-6.548975;47.5647883333333;5.1754915238472;10.1574740358554;8383
-6.548645;47.5652483333333;5.13009273364869;10.0683738932746;8397
-6.54832;47.5657066666667;5.0392947202926;9.8901727583829;8407
-6.54801666666667;47.5661716666667;4.85769826062133;9.53376963886953;8417
-6.54784666666667;47.5663483333333;5.02334563226444;9.44753907518163;8422
-6.547555;47.566755;5.1641871906448;9.7124235214482;8427
-6.54708166666667;47.5673883333333;4.94849627397743;9.71197077376119;8443
-6.54664666666667;47.5679733333333;5.11723985527702;9.62412842534453;8454
-6.5464;47.56829;4.99389549713501;9.80107176607205;8462
-6.54631666666667;47.56843;4.97639874461963;9.3592448211224;8468
-6.54597666666667;47.5688866666667;4.94849627397743;9.71197077376119;8474
-6.54585;47.5690683333333;5.0392947202926;9.8901727583829;8479
-6.545725;47.5692;4.64880087914769;9.96938565740315;8484
-6.545515;47.56947;4.69106286653784;10.0600167818358;8489
-6.54532333333333;47.5697933333333;4.3927558227975;9.86629111678506;8495
-6.54517;47.570075;4.7344084689347;9.70697587146236;8504
-6.54476166666667;47.5707183333333;4.85769826062133;9.53376963886953;8514
-6.54463666666667;47.5709;4.94849627397743;9.71197077376119;8519
-6.54435;47.5713066666667;4.94849627397743;9.71197077376119;8527
-6.54413833333333;47.5716283333333;4.97639874461963;9.3592448211224;8537
-6.54379666666667;47.5720766666667;5.11723985527702;9.62412842534453;8546
-6.5437;47.57221;5.28442467574488;9.53335447417847;8552
-6.54345166666667;47.5725216666667;4.99389549713501;9.80107176607205;8557
-6.54303833333333;47.573115;5.02334563226444;9.44753907518163;8572
-6.54260833333333;47.5736983333333;5.13898215955137;9.27096922931853;8582
-6.54248833333333;47.5738833333333;5.07029296763222;9.5358341712853;8588
-6.54225666666667;47.5742;5.21113452601258;9.80071861755187;8593
-6.54181;47.5747783333333;5.47834880125371;9.88320285749564;8605
-6.54172333333333;47.5749166666667;5.11723985527702;9.62412842534453;8610
-6.541495;47.5752366666667;5.13898215955137;9.27096922931853;8616
-6.54113166666667;47.5756766666667;5.13898215955137;9.27096922931853;8625
-6.54082833333333;47.576135;5.42986765428888;9.79574055314076;8637
-6.54051166666667;47.5765833333333;5.13898215955137;9.27096922931853;8645
-6.54026833333333;47.5768916666667;5.38138696967453;9.70827908288823;8653
-6.53973333333333;47.5775983333333;5.07029296763222;9.5358341712853;8669
-6.53949833333333;47.57791;5.33290582270971;9.62081677853335;8674
-6.53935666666667;47.57808;5.30000019073486;9.17986961047752;8679
-6.53913666666667;47.57834;4.92945140925185;9.27094972501873;8688
-6.53892;47.5786566666667;5.39892297203774;10.1538973178777;8693
-6.53868166666667;47.5789683333333;5.08469351049111;9.97927290096371;8699
-6.53837833333333;47.5793616666667;5.30502874902516;9.97730796771476;8709
-6.53828833333333;47.5795566666667;5.1754915238472;10.1574740358554;8714
-6.53796833333333;47.5800033333333;4.85769826062133;9.53376963886953;8724
-6.53767666666667;47.5804066666667;5.13009273364869;10.0683738932746;8733
-6.53742833333333;47.5807683333333;5.07029296763222;9.5358341712853;8738
-6.53736833333333;47.58086;4.90309748377892;9.62287063118038;8743
-6.53715333333333;47.5811783333333;4.85769826062133;9.53376963886953;8751
-6.53694666666667;47.5814983333333;5.02334563226444;9.44753907518163;8758
-6.53660833333333;47.5819466666667;5.07029296763222;9.5358341712853;8767
-6.53638;47.5822583333333;5.07029296763222;9.5358341712853;8772
-6.53631;47.582405;5.21113452601258;9.80071861755187;8778
-6.53598666666667;47.5828533333333;5.38138696967453;9.70827908288823;8787
-6.53575166666667;47.5831633333333;5.44999980926514;9.43967657088791;8792
-6.53548666666667;47.5834716666667;5.59999990463257;9.69948435720448;8798
-6.5354;47.5836083333333;5.40000009536743;9.35307452605318;8804
-6.53504;47.5840466666667;5.55000019073486;9.61288231236974;8816
-6.53432333333333;47.584925;5.44999980926514;9.43967657088791;8833
-6.53402333333333;47.5853266666667;5.25;9.09326673973661;8842
-6.53389333333333;47.5855133333333;5.33290582270971;9.62081677853335;8847
-6.53369166666667;47.58578;5.02334563226444;9.44753907518163;8853
-6.53342;47.5861333333333;5.33290582270971;9.62081677853335;8858
-6.533305;47.586265;5.21113452601258;9.80071861755187;8863
-6.53301166666667;47.5866716666667;5.23594399113054;9.44589300392594;8872
-6.532875;47.5868433333333;5.02334563226444;9.44753907518163;8877
-6.532565;47.587295;5.11723985527702;9.62412842534453;8889
-6.53233833333333;47.587605;5.38138696967453;9.70827908288823;8896
-6.53179833333333;47.58831;5.28442467574488;9.53335447417847;8909
-6.531115;47.589195;5.42986765428888;9.79574055314076;8930
-6.53067;47.5898283333333;5.21113452601258;9.80071861755187;8942
-6.52996833333333;47.5907116666667;5.59999990463257;9.69948435720448;8961
-6.52975;47.5909716666667;5.40000009536743;9.35307452605318;8967
-6.52996833333333;47.5907116666667;5.59999990463257;9.69948435720448;8977
-6.52912833333333;47.5918716666667;5.19999980926514;9.00666386899569;8993
-6.5287;47.592455;5.88210403513673;9.413334190841;9005
-6.52845;47.5927616666667;5.82911190656525;9.32852905772068;9010
-6.5282;47.5930716666667;5.88210403513673;9.413334190841;9016
-6.52772666666667;47.593645;5.71692282797303;9.51455736477682;9027
-6.52720833333333;47.59426;5.61391482004816;9.34312325066965;9048
-6.52674666666667;47.594835;5.5;9.52627944162883;9056
-6.52651;47.5951533333333;5.55000019073486;9.61288231236974;9063
-6.52630666666667;47.595425;5.38138696967453;9.70827908288823;9071
-6.52606333333333;47.5957433333333;5.38138696967453;9.70827908288823;9076
-6.52561333333333;47.5963366666667;5.5;9.52627944162883;9087
-6.52516666666667;47.5969883333333;5.55000019073486;9.61288231236974;9102
-6.52471666666667;47.59759;5.76842634075689;9.60027360437197;9117
-6.52400333333333;47.5985066666667;5.98808778690929;9.58294364831995;9136
-6.52305333333333;47.599745;5.92293786146562;9.85742395807429;9161
-6.522825;47.6000116666667;5.59999990463257;9.69948435720448;9168
-6.52258333333333;47.6003366666667;5.5;9.52627944162883;9173
-6.52247333333333;47.6005283333333;5.42986765428888;9.79574055314076;9178
-6.52234666666667;47.6006616666667;5.6237917797977;10.1455889364579;9183
-6.522;47.6011216666667;5.52682948586805;9.97066432774817;9194
-6.52159166666667;47.6017316666667;5.6237917797977;10.1455889364579;9207
-6.52138666666667;47.60206;5.34999990463257;9.26647165531226;9212
-6.52126166666667;47.6021883333333;5.59999990463257;9.69948435720448;9217
-6.52104166666667;47.60252;5.59999990463257;9.69948435720448;9222
-6.52086833333333;47.6028;5.42986765428888;9.79574055314076;9232
-6.52048;47.6032933333333;5.71692282797303;9.51455736477682;9237
-6.5204;47.603385;5.75;9.95929214352105;9242
-6.52005666666667;47.6038883333333;5.61391482004816;9.34312325066965;9253
-6.51939;47.60474;6.0454934964301;9.30924362412164;9272
-6.51854833333333;47.6058133333333;5.6654188240106;9.42884030772324;9296
-6.518435;47.6060033333333;5.75;9.95929214352105;9302
-6.51811833333333;47.6064083333333;5.51090730330186;9.17168995402091;9311
-6.51788666666667;47.6067316666667;5.71692282797303;9.51455736477682;9319
-6.517705;47.6070116666667;5.93509565833782;9.49813851519963;9324
-6.51576666666667;47.6094116666667;6.0454934964301;9.30924362412164;9375
-6.51426333333333;47.6113883333333;5.69999980926514;9.87268927278013;9422
-6.50697333333333;47.6204816666667;5.56415227444865;8.90450500964247;9630
-6.50674333333333;47.620785;5.66424575639298;8.72217358670498;9635
-6.50604666666667;47.621645;5.72312815479269;9.15891960024174;9656
-6.50580833333333;47.6219416666667;5.67013602622121;9.07411446712142;9663
-6.50515166666667;47.6228;5.45816852267609;8.73489555216353;9683
-6.50437833333333;47.62378;5.71870986765778;8.80604096342695;9705
-6.50389666666667;47.6243733333333;5.71870986765778;8.80604096342695;9718
-6.50334666666667;47.6250533333333;5.61714440302013;8.98931014276279;9735
-6.50290666666667;47.6256133333333;5.56415227444865;8.90450500964247;9750
-6.502655;47.6259116666667;5.60978216453643;8.63830700980158;9755
-6.501965;47.6267616666667;5.82763757077914;8.97377491705232;9778
-6.50155;47.6273283333333;5.35639578259313;8.91453960031859;9790
-6.50133833333333;47.627635;5.56415227444865;8.90450500964247;9795
-6.501085;47.6279233333333;5.61391482004816;9.34312325066965;9801
-6.50095333333333;47.62804;5.35218477090353;8.56528609468458;9806
-6.50088333333333;47.628175;5.61714440302013;8.98931014276279;9812
-6.50042166666667;47.62877;5.35639578259313;8.91453960031859;9825
-6.50020166666667;47.6290183333333;5.51090730330186;9.17168995402091;9831
-6.49998;47.62932;5.40517639410461;8.65009041904321;9837
-6.49973333333333;47.6296166666667;5.56415227444865;8.90450500964247;9842
-6.49965833333333;47.6297533333333;5.56415227444865;8.90450500964247;9847
-6.49930833333333;47.6301766666667;5.67013602622121;9.07411446712142;9855
-6.499185;47.6303516666667;5.88210168204394;9.0576422937743;9861
-6.49886166666667;47.6307333333333;5.71870986765778;8.80604096342695;9871
-6.49827;47.6314616666667;5.71870986765778;8.80604096342695;9885
-6.497685;47.6321883333333;5.45816852267609;8.73489555216353;9903
-6.497585;47.63232;5.51090730330186;9.17168995402091;9908
-6.49734833333333;47.6326233333333;5.45940379051801;9.08597371442577;9915
-6.496915;47.6331833333333;5.45816852267609;8.73489555216353;9925
-6.49681333333333;47.6333166666667;5.88210403513673;9.413334190841;9930
-6.49657;47.6336116666667;5.51090730330186;9.17168995402091;9938
-6.49616333333333;47.6341783333333;5.40789978655557;9.00025665737218;9949
-6.49602833333333;47.6343483333333;5.56415227444865;8.90450500964247;9954
-6.49578333333333;47.6346416666667;5.45940379051801;9.08597371442577;9962
-6.4956;47.6349;5.30489226980927;8.82882336072345;9969
-6.49538666666667;47.6352016666667;5.45940379051801;9.08597371442577;9975
-6.495075;47.6356266666667;5.51116014587717;8.81969987652215;9982
-6.494515;47.636345;5.56415227444865;8.90450500964247;9997
-6.49432333333333;47.6366;5.72312815479269;9.15891960024174;10006
-6.4942;47.6367133333333;5.51116014587717;8.81969987652215;10011
-6.49378333333333;47.6372633333333;5.72312815479269;9.15891960024174;10021
-6.49354833333333;47.637555;5.66424575639298;8.72217358670498;10027
-6.4933;47.637845;5.55531805327162;8.55443963307961;10035
-6.49317;47.638015;5.66424575639298;8.72217358670498;10040
-6.49275833333333;47.6385166666667;5.56415227444865;8.90450500964247;10050
-6.49237666666667;47.6389816666667;5.77317397892259;8.88990834014893;10060
-6.49229;47.639105;5.40517639410461;8.65009041904321;10065
-6.49204166666667;47.6393966666667;5.56415227444865;8.90450500964247;10074
-6.4918;47.6396883333333;5.45940379051801;9.08597371442577;10081
-6.49103333333333;47.6406483333333;5.20188475306298;8.65739006407471;10102
-6.49060166666667;47.6411883333333;5.40789978655557;9.00025665737218;10113
-6.49038666666667;47.6414883333333;5.5624113072643;9.2574070110745;10123
-6.49028166666667;47.64161;5.51116014587717;8.81969987652215;10128
-6.48984;47.6422066666667;5.20188475306298;8.65739006407471;10137
-6.48813333333333;47.6444483333333;5.61714440302013;8.98931014276279;10191
-6.487125;47.6457133333333;5.93656527390049;9.14150887067769;10222
-6.48642166666667;47.6465483333333;5.51116014587717;8.81969987652215;10243
-6.48610833333333;47.64698;5.55531805327162;8.55443963307961;10254
-6.48573666666667;47.64739;5.71870986765778;8.80604096342695;10264
-6.48434166666667;47.6490666666667;5.56415227444865;8.90450500964247;10300
-6.48291166666667;47.650725;5.56415227444865;8.90450500964247;10345
-6.48131666666667;47.6526516666667;5.25338826584684;8.74310630366986;10387
-6.47883166666667;47.6557316666667;5.15038074910054;8.57167300702112;10463
-6.47840333333333;47.6562783333333;5.35639578259313;8.91453960031859;10474
-6.47821;47.6565333333333;5.45816852267609;8.73489555216353;10480
-6.478065;47.6567;5.40789978655557;9.00025665737218;10488
-6.47774;47.6571216666667;5.35218477090353;8.56528609468458;10493
-6.47732833333333;47.65768;5.35639578259313;8.91453960031859;10511
-6.47709833333333;47.65798;5.35218477090353;8.56528609468458;10517
-6.476415;47.6588133333333;5.5624113072643;9.2574070110745;10536
-6.47624833333333;47.6590766666667;5.77317397892259;8.88990834014893;10541
-6.47578166666667;47.6596633333333;5.44639035015027;8.38670567945424;10558
-6.47533333333333;47.6602083333333;5.75968701240627;8.5390871554433;10566
-6.47472833333333;47.6609133333333;5.51116014587717;8.81969987652215;10586
-6.47461166666667;47.661035;5.40517639410461;8.65009041904321;10591
-6.474025;47.6617516666667;5.45816852267609;8.73489555216353;10604
-6.47392;47.6618783333333;5.51116014587717;8.81969987652215;10609
-6.473775;47.6620466666667;5.72312815479269;9.15891960024174;10615
-6.47353666666667;47.6623416666667;5.66424575639298;8.72217358670498;10621
-6.472705;47.6633066666667;5.77317397892259;8.88990834014893;10646
-6.47166;47.6645866666667;5.67013602622121;9.07411446712142;10672
-6.465065;47.67239;5.51090730330186;9.17168995402091;10857
-6.46452166666667;47.6730716666667;5.34999990463257;9.26647165531226;10879
-6.46372166666667;47.6740983333333;5.40789978655557;9.00025665737218;10901
-6.46352;47.6743583333333;5.40789978655557;9.00025665737218;10908
-6.46332833333333;47.67462;5.40789978655557;9.00025665737218;10916
-6.462955;47.6750966666667;5.61714440302013;8.98931014276279;10926
-6.46265;47.6754783333333;5.72312815479269;9.15891960024174;10931
-6.462265;47.6759466666667;5.45940379051801;9.08597371442577;10943
-6.46205;47.6762033333333;5.35639578259313;8.91453960031859;10948
-6.46181;47.6765016666667;5.25;9.09326673973661;10958
-6.46158166666667;47.6768083333333;5.40000009536743;9.35307452605318;10966
-6.46113833333333;47.67736;5.19999980926514;9.00666386899569;10977
-6.46083333333333;47.6777983333333;4.99353918100737;9.00858315035625;10986
-6.4606;47.6780983333333;5.13898215955137;9.27096922931853;10994
-6.46028166666667;47.6785316666667;4.99353918100737;9.00858315035625;11006
-6.46009166666667;47.6787916666667;5.13898215955137;9.27096922931853;11013
-6.45970833333333;47.679255;5.04201986562171;9.09604462060878;11019
-6.45966333333333;47.6793466666667;5.19999980926514;9.00666386899569;11025
-6.45943666666667;47.6796483333333;5.34999990463257;9.26647165531226;11032
-6.45902333333333;47.6802083333333;5.18746284416571;9.35843069957106;11044
-6.45881833333333;47.6805183333333;5.09050101258654;9.18350692496366;11050
-6.45837333333333;47.68112;5.19999980926514;9.00666386899569;11062
-6.458175;47.6813766666667;5.19999980926514;9.00666386899569;11069
-6.45795333333333;47.6816783333333;5.05000019073486;8.7468569085853;11074
-6.45785;47.6818616666667;5.59999990463257;9.69948435720448;11081
-6.45756;47.682245;5.04201986562171;9.09604462060878;11089
-6.45734;47.6825433333333;5.15000009536743;8.92006182416096;11095
-6.45711666666667;47.6828433333333;5.19999980926514;9.00666386899569;11100
-6.45681333333333;47.68322;5.09999990463257;8.83345895342004;11113
-6.45656333333333;47.6835616666667;5.09999990463257;8.83345895342004;11120
-6.45627833333333;47.6839466666667;5.25;9.09326673973661;11129
-6.45605166666667;47.6842416666667;5.15000009536743;8.92006182416096;11134
-6.45583166666667;47.68454;5.15000009536743;8.92006182416096;11143
-6.45564166666667;47.684795;5.30000019073486;9.17986961047752;11148
-6.45520666666667;47.6853933333333;5.51116014587717;8.81969987652215;11161
-6.45499166666667;47.6856366666667;5;8.66025403784439;11168
-6.45457166666667;47.6861866666667;5.19999980926514;9.00666386899569;11185
-6.454335;47.6864766666667;5.19999980926514;9.00666386899569;11190
-6.45409333333333;47.6867583333333;4.90000009536743;8.48704912226874;11196
-6.45368833333333;47.6873083333333;4.94505803404254;8.92112084600137;11209
-6.45353833333333;47.6874666666667;5;8.66025403784439;11214
-6.45324;47.6878916666667;4.8965773494282;8.83365937574884;11219
-6.453145;47.68802;5.30000019073486;9.17986961047752;11226
-6.45281833333333;47.6884383333333;4.94999980926514;8.57365116710347;11238
-6.452635;47.688695;5.25;9.09326673973661;11243
-6.45249333333333;47.6888616666667;5.19999980926514;9.00666386899569;11248
-6.45217333333333;47.68929;5.40000009536743;9.35307452605318;11259
-6.45173166666667;47.6898383333333;5.19999980926514;9.00666386899569;11267
-6.45162166666667;47.6900133333333;5.19999980926514;9.00666386899569;11273
-6.45127333333333;47.6904383333333;5.34999990463257;9.26647165531226;11281
-6.451085;47.6907016666667;5.30000019073486;9.17986961047752;11291
-6.45084;47.691;5.25;9.09326673973661;11299
-6.45026833333333;47.6917333333333;5.25;9.09326673973661;11311
-6.45015666666667;47.6918583333333;5.44999980926514;9.43967657088791;11316
-6.45005;47.69204;5.30000019073486;9.17986961047752;11321
-6.449345;47.692895;4.99353918100737;9.00858315035625;11340
-6.44905833333333;47.693285;5.09050101258654;9.18350692496366;11350
-6.44870166666667;47.6937633333333;5.18746284416571;9.35843069957106;11357
-6.44831833333333;47.6943316666667;5.09050101258654;9.18350692496366;11375
-6.44809166666667;47.6946333333333;5.19999980926514;9.00666386899569;11381
-6.44781166666667;47.6950216666667;5.25;9.09326673973661;11390
-6.44738666666667;47.6955766666667;5.18746284416571;9.35843069957106;11401
-6.44781166666667;47.6950216666667;5.25;9.09326673973661;11406
-6.44693333333333;47.6961716666667;5.23594399113054;9.44589300392594;11413
-6.44679666666667;47.6963383333333;5.40000009536743;9.35307452605318;11419
-6.44649666666667;47.6967183333333;5.19999980926514;9.00666386899569;11430
-6.44597166666667;47.6974516666667;5.45940379051801;9.08597371442577;11447
-6.44521666666667;47.6984366666667;5.19999980926514;9.00666386899569;11468
-6.44463833333333;47.6991583333333;5.19999980926514;9.00666386899569;11485
-6.444185;47.6997633333333;5.28442467574488;9.53335447417847;11497
-6.44409166666667;47.69989;5.13898215955137;9.27096922931853;11503
-6.44390166666667;47.7001483333333;5.04201986562171;9.09604462060878;11508
-6.44381666666667;47.700285;5.09050101258654;9.18350692496366;11513
-6.44356833333333;47.7006266666667;5.19999980926514;9.00666386899569;11518
-6.44348666666667;47.70071;5.09050101258654;9.18350692496366;11523
-6.44326333333333;47.7010083333333;5.15000009536743;8.92006182416096;11528
-6.44304833333333;47.701315;5.09050101258654;9.18350692496366;11536
-6.44263666666667;47.7018766666667;5.04201986562171;9.09604462060878;11547
-6.44251;47.70205;5.09999990463257;8.83345895342004;11553
-6.44219;47.7024833333333;5.15000009536743;8.92006182416096;11561
-6.44199166666667;47.7027433333333;5.35639578259313;8.91453960031859;11567
-6.44188166666667;47.7029233333333;5.15000009536743;8.92006182416096;11572
-6.441655;47.703225;5.51090730330186;9.17168995402091;11577
-6.44144666666667;47.70348;5.30000019073486;9.17986961047752;11587
-6.44069666666667;47.704465;5.04201986562171;9.09604462060878;11608
-6.44056833333333;47.7046383333333;5.18746284416571;9.35843069957106;11613
-6.44047166666667;47.704765;5.09050101258654;9.18350692496366;11618
-6.44018166666667;47.7052066666667;5.04201986562171;9.09604462060878;11627
-6.43997833333333;47.7054616666667;5.34999990463257;9.26647165531226;11632
-6.43972166666667;47.70581;5.09050101258654;9.18350692496366;11638
-6.43964333333333;47.7059416666667;5.13898215955137;9.27096922931853;11643
-6.439235;47.706505;5.5;9.52627944162883;11656
-6.43908833333333;47.7066733333333;5.09999990463257;8.83345895342004;11664
-6.43879833333333;47.7070616666667;5.30000019073486;9.17986961047752;11669
-6.43841;47.707635;5.34999990463257;9.26647165531226;11682
-6.43803;47.7081;5.25;9.09326673973661;11694
-6.43779833333333;47.7084033333333;5.44999980926514;9.43967657088791;11700
-6.437515;47.7087916666667;5.34999990463257;9.26647165531226;11711
-6.43728166666667;47.709095;5.5624113072643;9.2574070110745;11716
-6.43663;47.709955;5.25;9.09326673973661;11733
-6.43583333333333;47.7109833333333;5.40789978655557;9.00025665737218;11762
-6.43562833333333;47.71124;5.35639578259313;8.91453960031859;11767
-6.43540166666667;47.7115416666667;5.45940379051801;9.08597371442577;11773
-6.43516;47.7118433333333;5.51090730330186;9.17168995402091;11782
-6.43540166666667;47.7115416666667;5.45940379051801;9.08597371442577;11791
-6.43440333333333;47.7126766666667;5.30000019073486;9.17986961047752;11797
-6.43433166666667;47.7128166666667;5.34999990463257;9.26647165531226;11803
-6.43400166666667;47.7132533333333;5.44999980926514;9.43967657088791;11810
-6.43386333333333;47.7133733333333;5.19999980926514;9.00666386899569;11815
-6.43369166666667;47.7136416666667;5.09999990463257;8.83345895342004;11821
-6.43354;47.71381;5.34999990463257;9.26647165531226;11827
-6.43322333333333;47.714245;5.04201986562171;9.09604462060878;11835
-6.43308;47.7144133333333;5.5;9.52627944162883;11841
-6.432885;47.7146716666667;4.84999990463257;8.40044625152782;11846
-6.432785;47.7148016666667;5.44999980926514;9.43967657088791;11851
-6.43242666666667;47.7152716666667;5.34999990463257;9.26647165531226;11859
-6.43231833333333;47.715395;5.40789978655557;9.00025665737218;11865
-6.43199333333333;47.7158266666667;5.15000009536743;8.92006182416096;11871
-6.43189833333333;47.7159533333333;5.35639578259313;8.91453960031859;11878
-6.43165833333333;47.7162516666667;5.19999980926514;9.00666386899569;11883
-6.431465;47.716505;5.05000019073486;8.7468569085853;11889
-6.43122;47.7168033333333;5.51090730330186;9.17168995402091;11899
-6.43064166666667;47.71753;5.51090730330186;9.17168995402091;11915
-6.430395;47.71783;5.45940379051801;9.08597371442577;11921
-6.42995;47.7183866666667;5.34999990463257;9.26647165531226;11932
-6.42970833333333;47.7186866666667;5.30489226980927;8.82882336072345;11938
-6.429395;47.719075;5.51090730330186;9.17168995402091;11951
-6.42902166666667;47.7195516666667;5.28442467574488;9.53335447417847;11960
-6.42873666666667;47.7199383333333;5.25;9.09326673973661;11972
-6.42824;47.7205316666667;4.99353918100737;9.00858315035625;11984
-6.427625;47.7213533333333;5.09050101258654;9.18350692496366;12002
-6.42748666666667;47.721525;5.34999990463257;9.26647165531226;12009
-6.42729;47.7217866666667;5.25;9.09326673973661;12014
-6.426915;47.72226;5.67013602622121;9.07411446712142;12020
-6.426695;47.7225133333333;5.5624113072643;9.2574070110745;12030
-6.42620666666667;47.7231;5.13898215955137;9.27096922931853;12041
-6.42556166666667;47.72395;5.09999990463257;8.83345895342004;12063
-6.42534666666667;47.7242016666667;5.35639578259313;8.91453960031859;12069
-6.425115;47.7245;5.19999980926514;9.00666386899569;12074
-6.42491833333333;47.7247533333333;5.15000009536743;8.92006182416096;12081
-6.42477833333333;47.7249233333333;5.19999980926514;9.00666386899569;12087
-6.42454166666667;47.7252166666667;5.25;9.09326673973661;12092
-6.42444333333333;47.7253483333333;5.19999980926514;9.00666386899569;12098
-6.42411333333333;47.7257766666667;5.19999980926514;9.00666386899569;12105
-6.42401;47.7259016666667;5.25;9.09326673973661;12112
-6.423595;47.726465;5.19999980926514;9.00666386899569;12125
-6.423355;47.7267633333333;5.30000019073486;9.17986961047752;12131
-6.42311666666667;47.7270616666667;5.30000019073486;9.17986961047752;12136
-6.422305;47.72809;5.25;9.09326673973661;12159
-6.42156666666667;47.7290283333333;5.34999990463257;9.26647165531226;12180
-6.42133;47.7293266666667;5.30000019073486;9.17986961047752;12186
-6.42111333333333;47.7296316666667;5.40000009536743;9.35307452605318;12196
-6.42003666666667;47.7310533333333;5.40789978655557;9.00025665737218;12230
-6.41978666666667;47.73135;5.19999980926514;9.00666386899569;12237
-6.41948333333333;47.7317933333333;5.55000019073486;9.61288231236974;12249
-6.41892666666667;47.7325316666667;5.40000009536743;9.35307452605318;12262
-6.417845;47.7339633333333;5.04201986562171;9.09604462060878;12295
-5.707355;48.6354883333333;6.23196090288309;10.3717246654789;32288
-5.6312;48.7220983333333;7.281962009714;9.66348997622751;34078
-5.626635;48.7265133333333;7.46250605751119;9.90308001993116;34175
-5.624505;48.7285183333333;7.22178027782458;9.58362612056751;34220
-5.53164333333333;48.77719;10.6854063350756;6.67698293148654;35631
-5.512385;48.7851666666667;10.3205127110653;5.72075361137687;35895
-5.50877333333333;48.7866533333333;10.4789077161542;6.05000019073487;35948
-5.49886666666667;48.790835;10.8253175473055;6.25;36081
-5.49556;48.792285;10.7145912587764;6.43797593637568;36129
-5.49293333333333;48.7935083333333;10.362969656938;6.98991129338433;36166
-5.44054166666667;48.82035;9.79203941081549;7.92943716729463;36929
-5.435225;48.82302;9.8697535622747;7.9923688462996;37008
-5.43386666666667;48.8237266666667;9.85013442008403;7.69576844157073;37025
-5.43160333333333;48.824875;10.222534680933;7.70323241113333;37058
-5.430435;48.82547;10.0077364205042;7.81890061920775;37075
-5.43160333333333;48.824875;10.222534680933;7.70323241113333;37084
-5.42045;48.83062;10.0077364205042;7.81890061920775;37219
-5.41792333333333;48.8319033333333;10.142670825273;7.64305067924391;37258
-5.41704666666667;48.8323866666667;10.1653384209245;7.94203279684478;37269
-5.41615333333333;48.8328583333333;9.98294387559116;7.5226877894006;37281
-5.41339166666667;48.8343233333333;10.0628077312512;7.58286952129002;37322
-5.41309833333333;48.8344583333333;10.222534680933;7.70323241113333;37328
-5.41059833333333;48.835795;9.98294387559116;7.5226877894006;37361
-5.40850333333333;48.8368966666667;9.98294387559116;7.5226877894006;37392
-5.40632;48.8380216666667;10.222534680933;7.70323241113333;37422
-5.40372333333333;48.839375;10.2441397968874;8.00359917923356;37459
-5.40282333333333;48.8398516666667;10.222534680933;7.70323241113333;37471
-5.399825;48.841415;10.4621254862748;7.88377703286605;37518
-5.39912666666667;48.8417716666667;10.1653384209245;7.94203279684478;37525
-5.399825;48.841415;10.4621254862748;7.88377703286605;37530
-5.39564166666667;48.8435916666667;10.2745156742541;7.46487259200327;37580
-5.39426;48.844325;9.90308001993116;7.46250605751119;37595
-5.39395833333333;48.8444533333333;10.222534680933;7.70323241113333;37602
-5.38955333333333;48.8467133333333;9.85013442008403;7.69576844157073;37662
-5.38688333333333;48.8481366666667;10.0628077312512;7.58286952129002;37705
-5.38408333333333;48.8496416666667;9.55889547414957;7.74064092994634;37740
-5.38349833333333;48.8499783333333;9.92893579604694;7.75733482395951;37750
-5.38233;48.8505883333333;9.88197302401205;8.29195991975234;37769
-5.38185666666667;48.85085;9.61373104370089;7.51106988154492;37777
-5.38071166666667;48.8514733333333;9.94746845487805;8.05530112547126;37792
-5.38051666666667;48.851585;9.53493041924358;7.44950408629668;37799
-5.38011666666667;48.8518116666667;9.85013442008403;7.69576844157073;37807
-5.37828833333333;48.8528033333333;9.92893579604694;7.75733482395951;37829
-5.37713;48.8534266666667;9.92893579604694;7.75733482395951;37845
-5.37604333333333;48.8540133333333;10.0077364205042;7.81890061920775;37861
-5.374395;48.854885;10.0077364205042;7.81890061920775;37889
-5.37344666666667;48.8554066666667;10.0628077312512;7.58286952129002;37903
-5.372815;48.8557216666667;10.142670825273;7.64305067924391;37911
-5.37164166666667;48.856335;10.2394005536124;7.16970545438808;37927
-5.37046333333333;48.85694;10.2745156742541;7.46487259200327;37942
-5.37004833333333;48.85715;10.0865377964672;7.88046700159653;37949
-5.36956833333333;48.85741;10.321316070523;7.22706331682523;37958
-5.36846166666667;48.8579783333333;10.1127124296868;7.34731565365591;37971
-5.36818333333333;48.8581216666667;10.1127124296868;7.34731565365591;37979
-5.36768833333333;48.8583666666667;10.1127124296868;7.34731565365591;37987
-5.36677666666667;48.8588233333333;10.3023977749548;7.76341356908721;37996
-5.36588666666667;48.8592916666667;10.0865377964672;7.88046700159653;38008
-5.36511833333333;48.8596766666667;10.0865377964672;7.88046700159653;38023
-5.36403833333333;48.8602666666667;10.321316070523;7.22706331682523;38041
-5.36193833333333;48.8613066666667;10.1142582270451;6.82215331568553;38069
-5.35982333333333;48.862335;10.2745156742541;7.46487259200327;38095
-5.357015;48.8636933333333;10.1127124296868;7.34731565365591;38135
-5.356715;48.8638166666667;10.1127124296868;7.34731565365591;38143
-5.35611166666667;48.8641466666667;10.362969656938;6.98991129338433;38148
-5.35583166666667;48.8642833333333;10.1127124296868;7.34731565365591;38153
-5.35513666666667;48.8646283333333;10.2394005536124;7.16970545438808;38162
-5.35188666666667;48.8661683333333;10.6489765757569;7.4564936725636;38206
-5.349995;48.86707;10.1574850367018;7.11234759195093;38237
-5.34908166666667;48.8675;10.5287770133227;7.1017497674209;38250
-5.34717666666667;48.8683916666667;10.2800655834298;6.9339917897221;38275
-5.34363;48.8700416666667;10.0755703009955;7.05499027651889;38327
-5.34292833333333;48.870375;10.5287770133227;7.1017497674209;38335
-5.34363;48.8700416666667;10.0755703009955;7.05499027651889;38345
-5.34204166666667;48.87083;10.4833820993178;6.80798793768784;38350
-5.33815666666667;48.8725416666667;10.515796068835;6.57099867434358;38402
-5.327;48.877265;10.6006012019553;6.62399080291506;38559
-5.32480166666667;48.8781916666667;10.4309917444764;6.5180070511425;38586
-5.32357666666667;48.8787283333333;10.0640468153451;6.53566842018033;38601
-5.32312833333333;48.87891;10.1142582270451;6.82215331568553;38608
-5.32234833333333;48.8792733333333;10.2394005536124;7.16970545438808;38621
-5.32213666666667;48.8793733333333;10.4833820993178;6.80798793768784;38629
-5.32092833333333;48.8799333333333;10.2800655834298;6.9339917897221;38642
-5.31978833333333;48.8804683333333;10.4032308062293;7.28442063225726;38657
-5.31930166666667;48.8807083333333;10.1142582270451;6.82215331568553;38662
-5.319085;48.8808033333333;10.6116810868309;7.15766927108314;38668
-5.31866;48.8810066666667;10.4833820993178;6.80798793768784;38676
-5.31809333333333;48.88127;10.4032308062293;7.28442063225726;38683
-5.31665333333333;48.8819233333333;10.4458737304463;7.04583079704657;38699
-5.31623;48.8821333333333;10.4833820993178;6.80798793768784;38709
-5.31379;48.883245;10.1971623005534;6.87807281934777;38739
-5.31139833333333;48.8843166666667;10.1971623005534;6.87807281934777;38773
-5.31069;48.884655;10.4458737304463;7.04583079704657;38782
-5.31024333333333;48.8848383333333;10.0755703009955;7.05499027651889;38788
-5.309335;48.8852833333333;10.4032308062293;7.28442063225726;38806
-5.30884666666667;48.885515;10.0755703009955;7.05499027651889;38812
-5.30787;48.88599;10.1142582270451;6.82215331568553;38821
-5.30695;48.8864216666667;10.362969656938;6.98991129338433;38838
-5.30359;48.887965;10.321316070523;7.22706331682523;38881
-5.30173166666667;48.8888166666667;10.2394005536124;7.16970545438808;38908
-5.30075;48.889295;10.1142582270451;6.82215331568553;38922
-5.30010166666667;48.8895866666667;10.4458737304463;7.04583079704657;38931
-5.29953833333333;48.8898516666667;10.321316070523;7.22706331682523;38939
-5.29910666666667;48.89005;10.362969656938;6.98991129338433;38944
-5.30010166666667;48.8895866666667;10.4458737304463;7.04583079704657;38961
-5.29602;48.89146;10.0313549441687;6.7662343453112;38988
-5.29457833333333;48.892115;10.1574850367018;7.11234759195093;39013
-5.29264166666667;48.893;10.362969656938;6.98991129338433;39036
-5.29092666666667;48.8937833333333;9.9509091851196;7.22975871530856;39059
-5.28510166666667;48.8964583333333;10.321316070523;7.22706331682523;39140
-5.280305;48.8986116666667;10.0640468153451;6.53566842018033;39212
-5.279065;48.89914;10.2800655834298;6.9339917897221;39228
-5.27833833333333;48.8994533333333;10.1971623005534;6.87807281934777;39237
-5.27762333333333;48.89978;10.4458737304463;7.04583079704657;39250
-5.27689666666667;48.900095;10.4833820993178;6.80798793768784;39257
-5.27646166666667;48.9002883333333;10.8188500065685;7.02584334393055;39263
-5.27543666666667;48.90073;10.8550157925546;6.7829666832591;39280
-5.274475;48.90113;10.80030831583;6.48947994033812;39287
-5.27122666666667;48.90239;10.8253175473055;6.25;39330
-5.27018;48.9028033333333;10.8253175473055;6.25;39347
-5.26890833333333;48.9033066666667;10.3995147225958;6.75352382642303;39362
-5.26794;48.9036933333333;10.4309917444764;6.5180070511425;39378
-5.26697166666667;48.9040866666667;10.6006012019553;6.62399080291506;39392
-5.26592666666667;48.9045033333333;10.6288742017228;6.38647193241324;39402
-5.26496166666667;48.9049;10.7145912587764;6.43797593637568;39418
-5.26442166666667;48.9051;10.8860245554251;6.54098345312197;39425
-5.263995;48.9052966666667;10.6521126317298;6.15000009536743;39432
-5.26294333333333;48.905705;10.4954364856727;5.81771544295604;39442
-5.26246333333333;48.905855;11.0704513369159;7.18923515831671;39452
-5.261945;48.9060733333333;10.4954364856727;5.81771544295604;39459
-5.260975;48.9064533333333;10.4954364856727;5.81771544295604;39468
-5.25999166666667;48.9068133333333;10.7387146765646;6.19999980926514;39481
-5.25916833333333;48.90713;10.6703602602802;5.91467727453522;39490
-5.25796166666667;48.9075783333333;10.6288742017228;6.38647193241324;39508
-5.25744333333333;48.9077866666667;10.9119204180464;6.30000019073487;39516
-5.25592166666667;48.9083466666667;10.6703602602802;5.91467727453522;39539
