"x";"y";"vx";"vy";"t"
-5.87631166666667;48.37407;5.72999964264035;16.6411272912347;0
-5.8655;48.3918733333333;5.72999964264035;16.6411272912347;231
-5.85471;48.40529;9.53118311276297;14.6767349390449;426
-5.84565166666667;48.4142816666667;9.27358712408109;14.8408416827375;575
-5.83574666666667;48.4241;9.32657925265256;14.9256468158578;698
-5.82368833333333;48.43604;9.32657925265256;14.9256468158578;881
-5.81443666666667;48.4449766666667;9.32657925265256;14.9256468158578;1016
-5.80379333333333;48.4572583333333;7.1178912538265;15.9870455087455;1195
-5.79771833333333;48.4662133333333;5.9853525081992;16.4446208637534;1295
-5.79147166666667;48.476205;5.72999964264035;16.6411272912347;1426
-5.78510833333333;48.4863083333333;6.0195546530021;16.5385904842963;1556
-5.779305;48.4954616666667;5.76255658228046;16.7356795094813;1688
-5.77337;48.5050183333333;6.053756797805;16.6325601048392;1800
-5.76759666666667;48.514195;5.76255658228046;16.7356795094813;1934
-5.76153166666667;48.52381;5.76255658228046;16.7356795094813;2058
-5.75511333333333;48.5327683333333;6.91594127236434;16.2929366083977;2179
-5.74842;48.5416616666667;6.95501378900488;16.384985689164;2291
-5.74147166666667;48.5510483333333;6.95501378900488;16.384985689164;2419
-5.73448;48.5605933333333;6.9940870509059;16.4770365256539;2553
-5.72651166666667;48.5714183333333;7.03316031280693;16.5690873621439;2715
-5.719295;48.5814533333333;7.03316031280693;16.5690873621439;2832
-5.71186;48.5913716666667;7.60712871133259;16.3135401666597;2972
-5.704525;48.60073;7.56486672394245;16.2229090422271;3094
-5.69759666666667;48.6095466666667;7.56486672394245;16.2229090422271;3192
-5.69100833333333;48.6180016666667;7.56486672394245;16.2229090422271;3323
-5.68326166666667;48.6278366666667;7.56486672394245;16.2229090422271;3455
-5.676225;48.636695;7.56486672394245;16.2229090422271;3585
-5.66878333333333;48.645995;7.56486672394245;16.2229090422271;3699
-5.6662;48.6491566666667;7.56486672394245;16.2229090422271;3752
-5.65880333333333;48.6583183333333;7.56486672394245;16.2229090422271;3859
-5.65089833333333;48.6680683333333;7.56486672394245;16.2229090422271;4008
-5.642505;48.678355;7.64939069872273;16.4041712910923;4179
-5.63451666666667;48.68804;7.60712871133259;16.3135401666597;4268
-5.62817666666667;48.6956616666667;7.3619333948297;16.535173131821;4386
-5.61922166666667;48.7068683333333;7.56486672394245;16.2229090422271;4541
-5.61215333333333;48.715735;7.56486672394245;16.2229090422271;4647
-5.60475166666667;48.7249566666667;7.56486672394245;16.2229090422271;4791
-5.59725;48.7341583333333;7.56486672394245;16.2229090422271;4899
-5.58958833333333;48.7435066666667;7.56486672394245;16.2229090422271;5006
-5.58120833333333;48.7536166666667;7.5226047365523;16.1322779177944;5165
-5.5739;48.7624066666667;7.56486672394245;16.2229090422271;5298
-5.566155;48.7716133333333;7.56486672394245;16.2229090422271;5419
-5.55695666666667;48.78258;7.56486672394245;16.2229090422271;5552
-5.54890833333333;48.7922366666667;7.56486672394245;16.2229090422271;5679
-5.54085;48.80191;7.56486672394245;16.2229090422271;5810
-5.53301;48.8112233333333;7.60712871133259;16.3135401666597;5933
-5.52526833333333;48.82041;7.60712871133259;16.3135401666597;6060
-5.51728;48.8290333333333;9.32218935234341;15.5147284696916;6204
-5.50440666666667;48.83907;12.573316770299;13.0200506605359;6344
-5.49265;48.8452933333333;14.7447367972019;10.3243758543188;6458
-5.478705;48.850875;15.5147284696916;9.32218935234342;6591
-5.46477666666667;48.8561883333333;15.429011412638;9.27068534838098;6712
-5.45093166666667;48.8614783333333;15.429011412638;9.27068534838098;6848
-5.43504833333333;48.8675166666667;15.429011412638;9.27068534838098;6971
-5.42124166666667;48.8726933333333;15.1718618763941;9.11617431885083;7114
-5.40746166666667;48.8778033333333;15.1718618763941;9.11617431885083;7250
-5.39761666666667;48.8814766666667;15.2575772985308;9.1676773404561;7323
-5.37792333333333;48.8887766666667;15.1718618763941;9.11617431885083;7509
-5.36411666666667;48.8939633333333;15.0861448193406;9.06467031488839;7638
-5.350555;48.8990833333333;15.1718618763941;9.11617431885083;7768
-5.33562833333333;48.9046783333333;15.1718618763941;9.11617431885083;7914
-5.32123333333333;48.9100516666667;14.9256468158578;9.32657925265256;8048
-5.30817;48.9148866666667;15.0861448193406;9.06467031488839;8138
-5.291715;48.9208733333333;15.1718618763941;9.11617431885083;8308
-5.27789;48.9259633333333;15.2575772985308;9.1676773404561;8428
-5.264025;48.9310183333333;15.1718618763941;9.11617431885083;8558
-5.25019333333333;48.93608;15.0104519489781;9.37957138122404;8671
-5.23571666666667;48.9414333333333;15.2575772985308;9.1676773404561;8802
-5.216745;48.948565;15.1718618763941;9.11617431885083;9008
-5.18436333333333;48.960605;14.5016227677796;9.06161962053596;9282
-5.17041166666667;48.96573;14.4004099978287;8.65263926554605;9401
-5.15040166666667;48.9729816666667;14.4004099978287;8.65263926554605;9639
-5.13660333333333;48.9779916666667;14.4004099978287;8.65263926554605;9765
-5.12392;48.982455;14.4861270548823;8.70414326950849;9871
-5.11062666666667;48.9871666666667;14.2472073684186;8.90264323482153;9999
-5.09447166666667;48.99335;14.0896649016283;9.14993537272585;10139
-5.007195;49.0272966666667;14.3412670317942;9.31332770652027;11016
-4.93860333333333;49.0534683333333;14.3412670317942;9.31332770652027;11643
