"x";"y";"vx";"vy";"t"
-5.90389666666667;48.4155233333333;10.5;18.1865334794732;0
-5.90348333333333;48.416035;10.5;18.1865334794732;9
-5.893895;48.42783;10.5;18.1865334794732;147
-5.88678333333333;48.4365516666667;10.5500001907349;18.2731363502141;248
-5.883425;48.4406583333333;10.5500001907349;18.2731363502141;298
-5.88307333333333;48.4410883333333;10.5500001907349;18.2731363502141;304
-5.88216;48.442195;10.5;18.1865334794732;315
-5.88174;48.44271;10.5;18.1865334794732;321
-5.880895;48.4437383333333;10.5500001907349;18.2731363502141;331
-5.87921;48.4457933333333;10.5500001907349;18.2731363502141;361
-5.87683166666667;48.448815;10.2294831721379;18.4544761542822;391
-5.87643166666667;48.4493333333333;10.1810020251731;18.3670138499273;397
-5.87602333333333;48.4498516666667;10.5;18.1865334794732;405
-5.8735;48.453045;10.2294831721379;18.4544761542822;441
-5.87194666666667;48.4550366666667;10.2294831721379;18.4544761542822;461
-5.87107666666667;48.4561616666667;10.2294831721379;18.4544761542822;475
-5.870745;48.456595;10.1810020251731;18.3670138499273;481
-5.87027333333333;48.4572016666667;10.1810020251731;18.3670138499273;487
-5.86993833333333;48.4576366666667;10.2294831721379;18.4544761542822;494
-5.86953166666667;48.4581566666667;10.2294831721379;18.4544761542822;501
-5.86912833333333;48.4586766666667;10.2294831721379;18.4544761542822;509
-5.868255;48.459805;10.2779643191027;18.5419384586371;516
-5.86705833333333;48.4613716666667;10.2294831721379;18.4544761542822;535
-5.864305;48.464935;10.2294831721379;18.4544761542822;577
-5.86349166666667;48.4659733333333;10.2294831721379;18.4544761542822;588
-5.86308666666667;48.466495;10.2294831721379;18.4544761542822;593
-5.86102166666667;48.4691916666667;10.2294831721379;18.4544761542822;624
-5.86062833333333;48.4697166666667;10.2294831721379;18.4544761542822;630
-5.8603;48.4701516666667;10.1810020251731;18.3670138499273;637
-5.85983166666667;48.4707616666667;10.2294831721379;18.4544761542822;643
-5.857885;48.47328;10.2294831721379;18.4544761542822;672
-5.85741;48.4738866666667;10.2294831721379;18.4544761542822;681
-5.85701;48.47441;10.2294831721379;18.4544761542822;688
-5.85667;48.4748416666667;10.2294831721379;18.4544761542822;701
-5.85546166666667;48.476405;10.2294831721379;18.4544761542822;711
-5.85459166666667;48.4775333333333;10.2294831721379;18.4544761542822;722
-5.85377833333333;48.4785716666667;10.2294831721379;18.4544761542822;732
-5.85337;48.479095;10.2294831721379;18.4544761542822;743
-5.852555;48.480135;10.2294831721379;18.4544761542822;751
-5.85222;48.4805733333333;10.2779643191027;18.5419384586371;756
-5.85175666666667;48.48118;10.2294831721379;18.4544761542822;763
-5.85135;48.4817016666667;10.2294831721379;18.4544761542822;771
-5.851035;48.4821416666667;10.2294831721379;18.4544761542822;778
-5.85057666666667;48.482755;10.2294831721379;18.4544761542822;784
-5.84986166666667;48.4837183333333;10.2294831721379;18.4544761542822;794
-5.849405;48.48433;10.1810020251731;18.3670138499273;799
-5.84860833333333;48.4853766666667;10.5500001907349;18.2731363502141;811
-5.84827;48.4858116666667;10.6000003814697;18.359739220955;816
-5.84744666666667;48.4868483333333;10.6000003814697;18.359739220955;828
-5.847035;48.4873716666667;10.2294831721379;18.4544761542822;835
-5.84657166666667;48.4879816666667;10.2294831721379;18.4544761542822;840
-5.846165;48.4884966666667;10.2779643191027;18.5419384586371;846
-5.844595;48.4906016666667;10.2294831721379;18.4544761542822;871
-5.844265;48.4910383333333;10.2294831721379;18.4544761542822;876
-5.844595;48.4906016666667;10.2294831721379;18.4544761542822;884
-5.843075;48.4926083333333;10.6000003814697;18.359739220955;893
-5.84267833333333;48.49313;10.5;18.1865334794732;900
-5.84226333333333;48.493645;10.5500001907349;18.2731363502141;911
-5.840555;48.49581;10.2294831721379;18.4544761542822;934
-5.83975166666667;48.4968533333333;10.2294831721379;18.4544761542822;949
-5.83896166666667;48.4979;10.2294831721379;18.4544761542822;956
-5.83784;48.4993816666667;10.2294831721379;18.4544761542822;975
-5.837035;48.500425;10.2294831721379;18.4544761542822;984
-5.83622833333333;48.5014683333333;10.2294831721379;18.4544761542822;999
-5.83541666666667;48.50251;10.2294831721379;18.4544761542822;1009
-5.83377;48.5046883333333;10.2294831721379;18.4544761542822;1033
-5.83339333333333;48.50522;10.1810020251731;18.3670138499273;1041
-5.83306166666667;48.5056533333333;10.2294831721379;18.4544761542822;1050
-5.83260166666667;48.5062666666667;10.1810020251731;18.3670138499273;1058
-5.83189166666667;48.5072266666667;10.1810020251731;18.3670138499273;1065
-5.83149333333333;48.5077516666667;10.2294831721379;18.4544761542822;1073
-5.83103;48.5083616666667;10.5500001907349;18.2731363502141;1080
-5.83023333333333;48.5094066666667;10.5;18.1865334794732;1090
-5.82943666666667;48.51045;10.2294831721379;18.4544761542822;1101
-5.82862666666667;48.511485;10.2294831721379;18.4544761542822;1110
-5.827045;48.513575;10.2294831721379;18.4544761542822;1140
-5.82625;48.514615;10.1810020251731;18.3670138499273;1147
-5.82585833333333;48.5151383333333;10.2294831721379;18.4544761542822;1152
-5.82546166666667;48.5156583333333;10.2294831721379;18.4544761542822;1158
-5.82434833333333;48.5171383333333;10.1810020251731;18.3670138499273;1178
-5.82348833333333;48.5182666666667;10.1325208782083;18.2795515455724;1195
-5.82270833333333;48.5193133333333;10.1810020251731;18.3670138499273;1200
-5.821995;48.520265;10.1810020251731;18.3670138499273;1212
-5.82157666666667;48.5207816666667;10.1810020251731;18.3670138499273;1218
-5.8208;48.5218283333333;10.1325208782083;18.2795515455724;1230
-5.819535;48.52347;10.1325208782083;18.2795515455724;1251
-5.81912166666667;48.5239866666667;10.1810020251731;18.3670138499273;1261
-5.81832833333333;48.5250266666667;10.1810020251731;18.3670138499273;1268
-5.81721833333333;48.5265;10.1325208782083;18.2795515455724;1285
-5.81682833333333;48.5270216666667;10.1325208782083;18.2795515455724;1291
-5.81558666666667;48.5286683333333;10.1810020251731;18.3670138499273;1309
-5.81445333333333;48.530135;10.1810020251731;18.3670138499273;1331
-5.81359333333333;48.5312566666667;10.1325208782083;18.2795515455724;1340
-5.81321333333333;48.5317783333333;10.1325208782083;18.2795515455724;1345
-5.81287166666667;48.5322066666667;10.1810020251731;18.3670138499273;1350
-5.81240166666667;48.532805;10.1810020251731;18.3670138499273;1358
-5.81120833333333;48.5343566666667;10.1810020251731;18.3670138499273;1375
-5.810825;48.53488;10.1810020251731;18.3670138499273;1381
-5.81048166666667;48.535305;10.0840397312434;18.1920892412176;1388
-5.808895;48.537375;10.0840397312434;18.1920892412176;1410
-5.80811;48.5384083333333;10.0840397312434;18.1920892412176;1425
-5.80732666666667;48.539445;10.0840397312434;18.1920892412176;1435
-5.80686833333333;48.5400483333333;10.0840397312434;18.1920892412176;1441
-5.80648333333333;48.5405683333333;10.1325208782083;18.2795515455724;1448
-5.80607833333333;48.5410816666667;10.0840397312434;18.1920892412176;1456
-5.80496333333333;48.5425483333333;10.0840397312434;18.1920892412176;1470
-5.80409166666667;48.5436616666667;10.1325208782083;18.2795515455724;1482
-5.8037;48.5441783333333;10.0840397312434;18.1920892412176;1489
-5.80336833333333;48.5446083333333;10.0840397312434;18.1920892412176;1498
-5.80290333333333;48.54521;10.0840397312434;18.1920892412176;1504
-5.80218333333333;48.5461583333333;10.0840397312434;18.1920892412176;1512
-5.801785;48.546675;10.0840397312434;18.1920892412176;1522
-5.800665;48.54814;10.1325208782083;18.2795515455724;1537
-5.80013333333333;48.5488266666667;10.0840397312434;18.1920892412176;1544
-5.79973833333333;48.5493433333333;10.4499998092651;18.0999306087323;1552
-5.79933333333333;48.5498566666667;10.4499998092651;18.0999306087323;1558
-5.79858833333333;48.5507983333333;10.1325208782083;18.2795515455724;1566
-5.79818166666667;48.5513133333333;10.1325208782083;18.2795515455724;1575
-5.79499166666667;48.5554466666667;10.0840397312434;18.1920892412176;1621
-5.79458166666667;48.5559616666667;10.1325208782083;18.2795515455724;1628
-5.79377166666667;48.55699;10.4499998092651;18.0999306087323;1642
-5.79330166666667;48.5575916666667;10.4499998092651;18.0999306087323;1647
-5.79208333333333;48.559135;10.1325208782083;18.2795515455724;1662
-5.789395;48.5626766666667;10.0840397312434;18.1920892412176;1706
-5.78899833333333;48.5631933333333;10.1325208782083;18.2795515455724;1711
-5.78786666666667;48.564655;10.4499998092651;18.0999306087323;1728
-5.78740333333333;48.565255;10.3999996185303;18.0133277379914;1734
-5.78650666666667;48.566365;10.5;18.1865334794732;1747
-5.78616833333333;48.5667933333333;10.4499998092651;18.0999306087323;1752
-5.78575666666667;48.567305;10.1325208782083;18.2795515455724;1759
-5.78494333333333;48.5683316666667;10.1325208782083;18.2795515455724;1770
-5.784075;48.56945;10.1325208782083;18.2795515455724;1782
-5.78287666666667;48.570995;10.4499998092651;18.0999306087323;1802
-5.782115;48.5719383333333;10.5;18.1865334794732;1812
-5.78054333333333;48.5738983333333;10.4499998092651;18.0999306087323;1835
-5.78006333333333;48.5745;10.4499998092651;18.0999306087323;1843
-5.779725;48.57493;10.4499998092651;18.0999306087323;1848
-5.78006333333333;48.5745;10.4499998092651;18.0999306087323;1858
-5.778355;48.57664;10.4499998092651;18.0999306087323;1872
-5.77760833333333;48.5775816666667;10.5500001907349;18.2731363502141;1883
-5.77719166666667;48.5780916666667;10.4499998092651;18.0999306087323;1893
-5.77636166666667;48.5791166666667;10.7642955691487;17.9147962576908;1899
-5.775865;48.57971;10.8157995731111;18.0005133147444;1904
-5.77502333333333;48.58073;10.4499998092651;18.0999306087323;1917
-5.774245;48.5816633333333;10.4499998092651;18.0999306087323;1926
-5.77389833333333;48.5820916666667;10.5;18.1865334794732;1933
-5.77347666666667;48.5826016666667;10.4499998092651;18.0999306087323;1938
-5.77298333333333;48.583195;10.4499998092651;18.0999306087323;1947
-5.77256833333333;48.5837033333333;10.4499998092651;18.0999306087323;1958
-5.77129666666667;48.58524;10.5;18.1865334794732;1971
-5.77039;48.58635;10.5;18.1865334794732;1982
-5.76920833333333;48.5878016666667;10.5;18.1865334794732;1999
-5.767535;48.5898516666667;10.4499998092651;18.0999306087323;2024
-5.766695;48.590875;10.8673035770736;18.0862303717979;2042
-5.76584666666667;48.5918983333333;10.5;18.1865334794732;2047
-5.7655;48.592325;10.5;18.1865334794732;2052
-5.76501166666667;48.5929233333333;10.5;18.1865334794732;2061
-5.76418833333333;48.5939533333333;10.5;18.1865334794732;2071
-5.76295333333333;48.5955016666667;10.5500001907349;18.2731363502141;2088
-5.76245833333333;48.596095;10.8157995731111;18.0005133147444;2094
-5.76210666666667;48.5965233333333;10.8157995731111;18.0005133147444;2101
-5.761255;48.5975483333333;10.8673035770736;18.0862303717979;2114
-5.76082833333333;48.5980633333333;10.5;18.1865334794732;2120
-5.75998333333333;48.5990883333333;10.5;18.1865334794732;2131
-5.75831333333333;48.60115;10.5500001907349;18.2731363502141;2157
-5.75743166666667;48.6022716666667;10.5;18.1865334794732;2168
-5.75709333333333;48.6027033333333;10.5;18.1865334794732;2173
-5.75662166666667;48.6033083333333;10.5;18.1865334794732;2180
-5.756215;48.6038283333333;10.4499998092651;18.0999306087323;2185
-5.75587666666667;48.6042566666667;10.5;18.1865334794732;2191
-5.75545666666667;48.60477;10.8157995731111;18.0005133147444;2198
-5.75412666666667;48.6063966666667;10.8157995731111;18.0005133147444;2217
-5.753355;48.6073366666667;10.5;18.1865334794732;2228
-5.75252166666667;48.608365;10.4499998092651;18.0999306087323;2241
-5.75169833333333;48.609395;10.5;18.1865334794732;2250
-5.75128666666667;48.6099116666667;10.5;18.1865334794732;2261
-5.75046166666667;48.6109416666667;10.5;18.1865334794732;2268
-5.74997833333333;48.6115433333333;10.4499998092651;18.0999306087323;2274
-5.74956333333333;48.6120566666667;10.5500001907349;18.2731363502141;2280
-5.74922333333333;48.6124866666667;10.5;18.1865334794732;2289
-5.74839;48.6135116666667;10.5;18.1865334794732;2301
-5.74756166666667;48.6145416666667;10.5;18.1865334794732;2311
-5.74591333333333;48.6165983333333;10.5;18.1865334794732;2334
-5.74550166666667;48.6171133333333;10.5;18.1865334794732;2340
-5.74509333333333;48.6176283333333;10.5;18.1865334794732;2350
-5.74475;48.6180583333333;10.5;18.1865334794732;2356
-5.743775;48.619255;10.7642955691487;17.9147962576908;2371
-5.74293833333333;48.62028;10.8157995731111;18.0005133147444;2377
-5.742595;48.6207083333333;10.5;18.1865334794732;2382
-5.74217666666667;48.621225;10.5;18.1865334794732;2390
-5.74128;48.6223366666667;10.5;18.1865334794732;2401
-5.74093666666667;48.622765;10.4499998092651;18.0999306087323;2409
-5.74011166666667;48.6237916666667;10.5;18.1865334794732;2422
-5.73928833333333;48.6248183333333;10.4499998092651;18.0999306087323;2430
-5.73764;48.6268733333333;10.4499998092651;18.0999306087323;2455
-5.73687666666667;48.6278116666667;10.7642955691487;17.9147962576908;2466
-5.7359;48.629;10.4499998092651;18.0999306087323;2479
-5.73472666666667;48.6304566666667;10.5;18.1865334794732;2499
-5.734315;48.6309683333333;10.5;18.1865334794732;2504
-5.7335;48.6319983333333;10.4499998092651;18.0999306087323;2515
-5.73302166666667;48.6325966666667;10.4499998092651;18.0999306087323;2521
-5.73261333333333;48.633115;10.4499998092651;18.0999306087323;2527
-5.73103333333333;48.6350866666667;10.8157995731111;18.0005133147444;2550
-5.730265;48.636025;10.8157995731111;18.0005133147444;2564
-5.72977833333333;48.63662;10.4499998092651;18.0999306087323;2584
-5.72845333333333;48.6382433333333;10.4499998092651;18.0999306087323;2591
-5.72762666666667;48.6392683333333;10.5;18.1865334794732;2601
-5.72646666666667;48.6407216666667;10.4499998092651;18.0999306087323;2618
-5.72604666666667;48.6412316666667;10.4499998092651;18.0999306087323;2624
-5.72522666666667;48.64226;10.7127915651863;17.8290792006372;2635
-5.72480666666667;48.64277;10.4499998092651;18.0999306087323;2640
-5.72438833333333;48.6432833333333;10.4499998092651;18.0999306087323;2649
-5.72231666666667;48.6458466666667;10.4499998092651;18.0999306087323;2679
-5.72106;48.64738;10.4499998092651;18.0999306087323;2694
-5.71938333333333;48.6494233333333;10.4499998092651;18.0999306087323;2718
-5.70495833333333;48.66805;10.2294831721379;18.4544761542822;2934
-5.70379833333333;48.6696183333333;9.90585015387149;18.6301945461411;2956
-5.702725;48.67111;9.85890281850371;18.5418994500375;2970
-5.70234833333333;48.6716333333333;9.85890281850371;18.5418994500375;2978
-5.70151666666667;48.6727716666667;10.1810020251731;18.3670138499273;2991
-5.70113;48.6732966666667;10.1810020251731;18.3670138499273;2998
-5.70036;48.6743483333333;9.85890281850371;18.5418994500375;3007
-5.699965;48.67487;9.90585015387149;18.6301945461411;3012
-5.69926666666667;48.6758366666667;9.85890281850371;18.5418994500375;3024
-5.69888333333333;48.6763633333333;9.85890281850371;18.5418994500375;3030
-5.698065;48.6775066666667;9.85890281850371;18.5418994500375;3054
-5.69655833333333;48.6796166666667;9.85890281850371;18.5418994500375;3067
-5.695045;48.681725;10.1810020251731;18.3670138499273;3090
-5.694665;48.6822533333333;10.1810020251731;18.3670138499273;3101
-5.69388;48.6832983333333;10.2294831721379;18.4544761542822;3110
-5.69349;48.6838216666667;10.1810020251731;18.3670138499273;3118
-5.69233333333333;48.6854016666667;9.85890281850371;18.5418994500375;3138
-5.69126833333333;48.6869016666667;9.85890281850371;18.5418994500375;3150
-5.69083166666667;48.6875183333333;9.85890281850371;18.5418994500375;3161
-5.69014;48.6884883333333;9.85890281850371;18.5418994500375;3168
-5.6897;48.6891083333333;9.85890281850371;18.5418994500375;3178
-5.689;48.6900733333333;9.90585015387149;18.6301945461411;3186
-5.68855333333333;48.6906883333333;9.90585015387149;18.6301945461411;3192
-5.68817;48.6912166666667;9.90585015387149;18.6301945461411;3200
-5.68740833333333;48.6922733333333;9.90585015387149;18.6301945461411;3210
-5.68703;48.6928;9.90585015387149;18.6301945461411;3217
-5.68665166666667;48.6933266666667;9.90585015387149;18.6301945461411;3222
-5.68478666666667;48.6958716666667;9.90585015387149;18.6301945461411;3252
-5.68362;48.6974483333333;9.90585015387149;18.6301945461411;3270
-5.682855;48.6985083333333;9.90585015387149;18.6301945461411;3282
-5.68240833333333;48.6991216666667;9.90585015387149;18.6301945461411;3288
-5.68202666666667;48.69965;9.90585015387149;18.6301945461411;3294
-5.68164666666667;48.7001783333333;9.90585015387149;18.6301945461411;3301
-5.68087833333333;48.70123;10.2294831721379;18.4544761542822;3312
-5.68049166666667;48.7017583333333;10.2294831721379;18.4544761542822;3318
-5.68003666666667;48.702365;10.1810020251731;18.3670138499273;3325
-5.679705;48.702805;10.5500001907349;18.2731363502141;3336
-5.67931;48.703325;10.5;18.1865334794732;3341
-5.67850333333333;48.70437;10.5500001907349;18.2731363502141;3350
-5.67736166666667;48.7058483333333;10.5500001907349;18.2731363502141;3365
-5.67696666666667;48.7063716666667;10.5500001907349;18.2731363502141;3371
-5.67656333333333;48.7068916666667;10.5;18.1865334794732;3379
-5.675215;48.7086266666667;10.5500001907349;18.2731363502141;3397
-5.67439666666667;48.7096666666667;10.5500001907349;18.2731363502141;3410
-5.67405333333333;48.7100966666667;10.5;18.1865334794732;3419
-5.673225;48.71113;10.5500001907349;18.2731363502141;3428
-5.67239666666667;48.7121633333333;10.5;18.1865334794732;3438
-5.67081;48.714145;10.5500001907349;18.2731363502141;3462
-5.66916;48.7162183333333;10.5500001907349;18.2731363502141;3486
-5.668325;48.7172483333333;10.5500001907349;18.2731363502141;3503
-5.66699666666667;48.7188766666667;10.6000003814697;18.359739220955;3516
-5.666155;48.71991;10.5500001907349;18.2731363502141;3529
-5.66490333333333;48.72146;10.5500001907349;18.2731363502141;3546
-5.663735;48.7229266666667;10.5500001907349;18.2731363502141;3563
-5.66325666666667;48.7235283333333;10.5500001907349;18.2731363502141;3571
-5.66285;48.7240533333333;10.5500001907349;18.2731363502141;3577
-5.66250666666667;48.7244783333333;10.5;18.1865334794732;3582
-5.66167833333333;48.7255166666667;10.5;18.1865334794732;3601
-5.66036;48.7271533333333;10.6000003814697;18.359739220955;3612
-5.65951833333333;48.728185;10.5500001907349;18.2731363502141;3623
-5.65910666666667;48.7287033333333;10.5500001907349;18.2731363502141;3633
-5.65951833333333;48.728185;10.5500001907349;18.2731363502141;3642
-5.65793;48.7301733333333;10.5500001907349;18.2731363502141;3651
-5.65751666666667;48.7306916666667;10.6000003814697;18.359739220955;3659
-5.65663;48.73182;10.5500001907349;18.2731363502141;3670
-5.65621833333333;48.73234;10.5500001907349;18.2731363502141;3676
-5.655465;48.73329;10.5500001907349;18.2731363502141;3683
-5.654985;48.7338966666667;10.5500001907349;18.2731363502141;3690
-5.65414333333333;48.7349266666667;10.5500001907349;18.2731363502141;3709
-5.654985;48.7338966666667;10.5500001907349;18.2731363502141;3714
-5.652895;48.7364766666667;10.6000003814697;18.359739220955;3726
-5.65206166666667;48.737515;10.5500001907349;18.2731363502141;3733
-5.65164;48.73803;10.6000003814697;18.359739220955;3750
-5.64872333333333;48.741655;10.918807581036;18.1719474288515;3784
-5.64754833333333;48.7431233333333;10.8673035770736;18.0862303717979;3799
-5.64704166666667;48.7437166666667;10.8673035770736;18.0862303717979;3804
-5.64656;48.744325;10.8673035770736;18.0862303717979;3811
-5.646205;48.7447516666667;10.8673035770736;18.0862303717979;3819
-5.64535666666667;48.7457783333333;10.8673035770736;18.0862303717979;3829
-5.64499166666667;48.7462066666667;10.5500001907349;18.2731363502141;3835
-5.64450666666667;48.74681;10.6000003814697;18.359739220955;3844
-5.64325;48.74836;10.6000003814697;18.359739220955;3859
-5.642425;48.749395;10.5500001907349;18.2731363502141;3871
-5.642085;48.7498283333333;10.5500001907349;18.2731363502141;3876
-5.64166666666667;48.7503416666667;10.5500001907349;18.2731363502141;3882
-5.64125333333333;48.75086;10.8673035770736;18.0862303717979;3889
-5.64166666666667;48.7503416666667;10.5500001907349;18.2731363502141;3895
-5.64033666666667;48.751975;10.8673035770736;18.0862303717979;3900
-5.63992;48.7524883333333;10.5500001907349;18.2731363502141;3907
-5.63823333333333;48.7545516666667;10.5500001907349;18.2731363502141;3931
-5.63788833333333;48.7549833333333;10.5500001907349;18.2731363502141;3936
-5.63706;48.7560166666667;10.5;18.1865334794732;3949
-5.63623833333333;48.757055;10.5500001907349;18.2731363502141;3960
-5.63499;48.7586016666667;10.5;18.1865334794732;3983
-5.63409;48.7597216666667;10.8673035770736;18.0862303717979;3991
-5.631555;48.7628016666667;11.1283045488973;17.8090100192849;4027
-5.629785;48.7648316666667;11.7989704765479;17.4926930971641;4051
-5.62639833333333;48.7682683333333;13.4045238492282;16.5532083861182;4096
-5.62544666666667;48.769145;13.6270978157627;16.2401427785679;4103
-5.62483;48.7696966666667;13.6270978157627;16.2401427785679;4111
-5.62429166666667;48.7701666666667;13.9084519151321;15.9998436765205;4118
-5.62272333333333;48.771475;14.4583657536484;15.504699032305;4140
-5.61853333333333;48.7745416666667;16.2401427785679;13.6270978157627;4182
-5.61589666666667;48.776125;17.2320613629554;12.5198254253851;4200
-5.61520166666667;48.7764966666667;17.0702588899269;12.4022690475935;4207
-5.61296333333333;48.7776433333333;17.6584996629169;11.9108084172966;4223
-5.61079666666667;48.7787;17.6584996629169;11.9108084172966;4244
-5.60933166666667;48.779385;17.9475498341046;11.6552751415583;4254
-5.60799;48.7800116666667;18.0634238011225;11.287279923871;4273
-5.60650666666667;48.7806816666667;18.1482289342428;11.3402720524424;4279
-5.60576;48.7810116666667;18.2576628509882;10.9703106026413;4291
-5.60413;48.7817133333333;18.5329433106245;10.6999998092651;4296
-5.603485;48.7819683333333;18.7168613991421;10.3749256883314;4302
-5.60272166666667;48.7822816666667;18.7168613991421;10.3749256883314;4311
-5.60104666666667;48.7829316666667;18.7168613991421;10.3749256883314;4320
-5.60026833333333;48.783235;18.8950781503633;10.0466912645289;4330
-5.59883833333333;48.783775;18.8950781503633;10.0466912645289;4339
-5.59792666666667;48.7841183333333;18.8950781503633;10.0466912645289;4346
-5.59636333333333;48.7847033333333;18.8950781503633;10.0466912645289;4356
-5.59715166666667;48.7844166666667;18.8950781503633;10.0466912645289;4361
-5.59257666666667;48.786105;19.0675392777391;9.71539652124267;4393
-5.59100333333333;48.7866766666667;19.0675392777391;9.71539652124267;4399
-5.59021;48.7869583333333;19.0675392777391;9.71539652124267;4404
-5.58941833333333;48.7872416666667;19.0675392777391;9.71539652124267;4411
-5.58862666666667;48.787525;19.0675392777391;9.71539652124267;4421
-5.58691333333333;48.7881333333333;18.9784382854282;9.66999729808508;4428
-5.58612333333333;48.788415;19.0675392777391;9.71539652124267;4434
-5.58454;48.788975;19.0675392777391;9.71539652124267;4447
-5.58230333333333;48.7897716666667;19.0675392777391;9.71539652124267;4464
-5.58151666666667;48.790055;18.9784382854282;9.66999729808508;4470
-5.57980666666667;48.790655;19.1443125004468;9.33730509215671;4482
-5.57834;48.7911483333333;19.1443125004468;9.33730509215671;4494
-5.57755;48.7914266666667;19.2341922479395;9.38114237406094;4501
-5.57675666666667;48.7917;19.0544344672678;9.29346864637908;4507
-5.57595833333333;48.7919683333333;18.9784382854282;9.66999729808508;4513
-5.57503166666667;48.7922883333333;18.9784382854282;9.66999729808508;4519
-5.57424166666667;48.7925666666667;18.9784382854282;9.66999729808508;4524
-5.57345166666667;48.7928416666667;18.9784382854282;9.66999729808508;4531
-5.57266333333333;48.7931216666667;18.9784382854282;9.66999729808508;4537
-5.57187333333333;48.7934016666667;18.9784382854282;9.66999729808508;4542
-5.57345166666667;48.7928416666667;18.9784382854282;9.66999729808508;4551
-5.5703;48.7939666666667;18.9784382854282;9.66999729808508;4561
-5.567275;48.7950383333333;19.1443125004468;9.33730509215671;4579
-5.56636333333333;48.795365;19.1443125004468;9.33730509215671;4591
-5.56477;48.7959133333333;19.1443125004468;9.33730509215671;4596
-5.56411333333333;48.7961416666667;19.1443125004468;9.33730509215671;4602
-5.56332;48.7964216666667;19.1443125004468;9.33730509215671;4610
-5.560815;48.797295;18.9784382854282;9.66999729808508;4627
-5.560025;48.79757;18.9784382854282;9.66999729808508;4633
-5.55937;48.7978033333333;18.9784382854282;9.66999729808508;4638
-5.55765833333333;48.798415;18.9784382854282;9.66999729808508;4651
-5.55687333333333;48.7987;18.9784382854282;9.66999729808508;4657
-5.55608833333333;48.79898;18.9784382854282;9.66999729808508;4663
-5.55543166666667;48.7992116666667;18.9784382854282;9.66999729808508;4668
-5.55451833333333;48.79954;18.8893389925774;9.62459894084566;4677
-5.55308;48.8000583333333;18.9784382854282;9.66999729808508;4692
-5.551515;48.80063;18.8893389925774;9.62459894084566;4699
-5.54995166666667;48.8012066666667;18.9784382854282;9.66999729808508;4712
-5.54839166666667;48.8017883333333;18.8893389925774;9.62459894084566;4722
-5.54748333333333;48.8021266666667;18.8893389925774;9.62459894084566;4728
-5.546705;48.8024183333333;18.9784382854282;9.66999729808508;4735
-5.54591833333333;48.8027;18.8893389925774;9.62459894084566;4740
-5.54513333333333;48.80298;18.8893389925774;9.62459894084566;4751
-5.54435;48.8032666666667;18.9784382854282;9.66999729808508;4757
-5.54277833333333;48.803835;18.8067830542596;9.9997439291611;4765
-5.54213;48.8040783333333;18.8067830542596;9.9997439291611;4772
-5.54058666666667;48.8046766666667;18.6293990947872;10.3264445413666;4782
-5.539055;48.8052816666667;18.5419384586371;10.2779643191027;4798
-5.53828166666667;48.805585;18.6293990947872;10.3264445413666;4803
-5.53752333333333;48.80589;18.6293990947872;10.3264445413666;4811
-5.53598833333333;48.806495;18.5419384586371;10.2779643191027;4820
-5.53445833333333;48.8071116666667;18.6293990947872;10.3264445413666;4834
-5.5328;48.8077783333333;18.7168613991421;10.3749256883314;4842
-5.53139666666667;48.8083416666667;18.4463404398836;10.6499996185303;4853
-5.52988666666667;48.8089783333333;18.4463404398836;10.6499996185303;4866
-5.529005;48.809345;18.359739220955;10.6000003814697;4873
-5.52824833333333;48.8096666666667;18.4463404398836;10.6499996185303;4880
-5.52686;48.8102466666667;18.6293990947872;10.3264445413666;4889
-5.52762333333333;48.8099333333333;18.359739220955;10.6000003814697;4897
-5.52535;48.81088;18.6293990947872;10.3264445413666;4903
-5.52459166666667;48.8111933333333;18.5419384586371;10.2779643191027;4911
-5.52294666666667;48.81188;18.5419384586371;10.2779643191027;4921
-5.522315;48.8121433333333;18.6293990947872;10.3264445413666;4926
-5.52142833333333;48.8125116666667;18.4463404398836;10.6499996185303;4933
-5.51928666666667;48.81341;18.4463404398836;10.6499996185303;4952
-5.51777833333333;48.8140483333333;18.4463404398836;10.6499996185303;4962
-5.51689833333333;48.8144216666667;18.4463404398836;10.6499996185303;4970
-5.51538833333333;48.8150616666667;18.4463404398836;10.6499996185303;4980
-5.51401666666667;48.815645;18.4463404398836;10.6499996185303;5004
-5.51174833333333;48.8166016666667;18.4463404398836;10.6499996185303;5019
-5.510365;48.8171816666667;18.359739220955;10.6000003814697;5025
-5.50948166666667;48.8175566666667;18.4463404398836;10.6499996185303;5030
-5.50722333333333;48.81851;18.359739220955;10.6000003814697;5046
-5.50646666666667;48.8188266666667;18.4463404398836;10.6499996185303;5052
-5.50559166666667;48.8192016666667;18.359739220955;10.6000003814697;5060
-5.50271333333333;48.8204266666667;18.359739220955;10.6000003814697;5081
-5.50196166666667;48.8207466666667;18.359739220955;10.6000003814697;5090
-5.50033333333333;48.8214366666667;18.359739220955;10.6000003814697;5101
-5.49971;48.8217;18.359739220955;10.6000003814697;5106
-5.49895666666667;48.8220116666667;18.2731363502141;10.5500001907349;5113
-5.49820666666667;48.8223333333333;18.2731363502141;10.5500001907349;5118
-5.49745;48.82265;18.2731363502141;10.5500001907349;5124
-5.4937;48.8242366666667;18.2731363502141;10.5500001907349;5153
-5.49282;48.8246033333333;18.359739220955;10.6000003814697;5161
-5.49219333333333;48.8248666666667;18.4544761542822;10.2294831721379;5166
-5.49282;48.8246033333333;18.359739220955;10.6000003814697;5171
-5.49068833333333;48.8254983333333;18.359739220955;10.6000003814697;5178
-5.48692333333333;48.8270666666667;18.4544761542822;10.2294831721379;5210
-5.48617333333333;48.8273833333333;18.4544761542822;10.2294831721379;5215
-5.48465333333333;48.8279966666667;18.6301945461411;9.90585015387149;5226
-5.48312833333333;48.828605;18.6301945461411;9.90585015387149;5244
-5.47918;48.8301683333333;18.7184896422448;9.95279748923926;5268
-5.477775;48.8307216666667;18.7184896422448;9.95279748923926;5280
-5.47624166666667;48.831325;18.7184896422448;9.95279748923926;5294
-5.475475;48.8316283333333;18.7184896422448;9.95279748923926;5299
-5.47470333333333;48.8319233333333;18.7184896422448;9.95279748923926;5306
-5.475475;48.8316283333333;18.7184896422448;9.95279748923926;5311
-5.470205;48.833655;18.7184896422448;9.95279748923926;5340
-5.46;48.837515;18.7184896422448;9.95279748923926;5419
-5.43036;48.848585;18.8067830542596;9.9997439291611;5647
-5.42866333333333;48.8492133333333;18.8067830542596;9.9997439291611;5659
-5.42644666666667;48.8500416666667;18.8067830542596;9.9997439291611;5677
-5.42566333333333;48.8503266666667;18.8950781503633;10.0466912645289;5682
-5.42397166666667;48.8509616666667;18.8950781503633;10.0466912645289;5694
-5.423185;48.8512433333333;18.8067830542596;9.9997439291611;5701
-5.42397166666667;48.8509616666667;18.8950781503633;10.0466912645289;5706
-5.42019666666667;48.85237;18.8067830542596;9.9997439291611;5723
-5.41863666666667;48.8529533333333;18.8067830542596;9.9997439291611;5736
-5.41785166666667;48.85324;18.8067830542596;9.9997439291611;5746
-5.41629166666667;48.8538216666667;18.8067830542596;9.9997439291611;5761
-5.41395;48.8546983333333;18.8067830542596;9.9997439291611;5773
-5.41238833333333;48.8552816666667;18.8067830542596;9.9997439291611;5784
-5.41149333333333;48.855635;18.8067830542596;9.9997439291611;5791
-5.41084333333333;48.8558816666667;18.7184896422448;9.95279748923926;5797
-5.40929;48.8564716666667;18.8067830542596;9.9997439291611;5811
-5.40696166666667;48.85736;18.8067830542596;9.9997439291611;5827
-5.404755;48.85819;18.8067830542596;9.9997439291611;5845
-5.403065;48.858825;18.8067830542596;9.9997439291611;5856
-5.40215333333333;48.8591616666667;18.8067830542596;9.9997439291611;5865
-5.400605;48.859755;18.8067830542596;9.9997439291611;5874
-5.39594333333333;48.8615216666667;18.9784382854282;9.66999729808508;5911
-5.39529666666667;48.8617633333333;18.8893389925774;9.62459894084566;5916
-5.39438;48.8620983333333;18.8893389925774;9.62459894084566;5925
-5.39373;48.8623383333333;18.8893389925774;9.62459894084566;5931
-5.38983833333333;48.8637933333333;18.8067830542596;9.9997439291611;5958
-5.38738;48.86472;18.7184896422448;9.95279748923926;5977
-5.3866;48.86501;18.7184896422448;9.95279748923926;5985
-5.38439;48.8658316666667;18.8067830542596;9.9997439291611;6003
-5.382705;48.86646;18.7184896422448;9.95279748923926;6014
-5.382055;48.8667016666667;18.7184896422448;9.95279748923926;6020
-5.38361166666667;48.8661233333333;18.8067830542596;9.9997439291611;6029
-5.378935;48.8678566666667;18.8067830542596;9.9997439291611;6043
-5.37828166666667;48.868095;18.7184896422448;9.95279748923926;6051
-5.37659666666667;48.8687233333333;18.7184896422448;9.95279748923926;6062
-5.375945;48.8689616666667;18.7184896422448;9.95279748923926;6067
-5.37490833333333;48.8693483333333;18.7184896422448;9.95279748923926;6075
-5.37426166666667;48.86959;18.7184896422448;9.95279748923926;6081
-5.37257666666667;48.87022;18.8067830542596;9.9997439291611;6091
-5.370365;48.8710383333333;18.7184896422448;9.95279748923926;6111
-5.36815666666667;48.8718533333333;18.7184896422448;9.95279748923926;6127
-5.36725;48.8721966666667;18.8067830542596;9.9997439291611;6140
-5.364915;48.8730633333333;18.8067830542596;9.9997439291611;6151
-5.36413333333333;48.8733516666667;18.7184896422448;9.95279748923926;6156
-5.36335;48.8736383333333;18.7184896422448;9.95279748923926;6163
-5.36271;48.8738833333333;18.7184896422448;9.95279748923926;6168
-5.36024166666667;48.8748016666667;18.7184896422448;9.95279748923926;6187
-5.35933666666667;48.8751383333333;18.6301945461411;9.90585015387149;6194
-5.357005;48.8760016666667;18.7184896422448;9.95279748923926;6211
-5.35622833333333;48.876295;18.6301945461411;9.90585015387149;6220
-5.35493166666667;48.8767666666667;18.6301945461411;9.90585015387149;6230
-5.35403;48.877105;18.6301945461411;9.90585015387149;6237
-5.35260333333333;48.8776266666667;18.6301945461411;9.90585015387149;6247
-5.35170166666667;48.8779666666667;18.6301945461411;9.90585015387149;6254
-5.35028333333333;48.8784883333333;18.6301945461411;9.90585015387149;6267
-5.34938;48.87883;18.6301945461411;9.90585015387149;6273
-5.34770833333333;48.8794583333333;18.6301945461411;9.90585015387149;6286
-5.34551666666667;48.880275;18.6301945461411;9.90585015387149;6302
-5.34474166666667;48.8805583333333;18.8002380002666;9.57919971768807;6307
-5.34241333333333;48.8814116666667;18.6301945461411;9.90585015387149;6324
-5.34164333333333;48.8816966666667;18.6301945461411;9.90585015387149;6331
-5.33854166666667;48.882845;18.6301945461411;9.90585015387149;6354
-5.3379;48.8830866666667;18.5418994500375;9.85890281850371;6360
-5.33713166666667;48.8833783333333;18.6301945461411;9.90585015387149;6366
-5.33469333333333;48.8842983333333;18.6301945461411;9.90585015387149;6383
-5.333785;48.8846283333333;18.5418994500375;9.85890281850371;6393
-5.33082;48.8857283333333;18.6301945461411;9.90585015387149;6414
-5.329405;48.8862516666667;18.6301945461411;9.90585015387149;6426
-5.32863;48.88654;18.6301945461411;9.90585015387149;6434
-5.32695833333333;48.8871666666667;18.6301945461411;9.90585015387149;6445
-5.32618666666667;48.887455;18.6301945461411;9.90585015387149;6451
-5.32387666666667;48.8883266666667;18.6301945461411;9.90585015387149;6472
-5.32078;48.8894733333333;18.6301945461411;9.90585015387149;6495
-5.32001;48.8897616666667;18.6301945461411;9.90585015387149;6505
-5.31846666666667;48.89034;18.6301945461411;9.90585015387149;6511
-5.31692833333333;48.8909233333333;18.6301945461411;9.90585015387149;6522
-5.310015;48.8935416666667;18.5418994500375;9.85890281850371;6580
-5.30847666666667;48.8941216666667;18.5418994500375;9.85890281850371;6591
-5.30757666666667;48.89446;18.5418994500375;9.85890281850371;6597
-5.30451833333333;48.895635;18.5418994500375;9.85890281850371;6621
-5.30324166666667;48.8961216666667;18.5418994500375;9.85890281850371;6629
-5.30234666666667;48.8964616666667;18.4536043539338;9.81195548313593;6637
-5.30158;48.896755;18.5418994500375;9.85890281850371;6644
-5.30081333333333;48.8970433333333;18.5418994500375;9.85890281850371;6651
-5.30017333333333;48.8972866666667;18.5418994500375;9.85890281850371;6657
-5.297875;48.8981566666667;18.5418994500375;9.85890281850371;6672
-5.29698;48.8984916666667;18.5418994500375;9.85890281850371;6682
-5.29634166666667;48.8987333333333;18.4536043539338;9.81195548313593;6687
-5.29468333333333;48.8993633333333;18.5418994500375;9.85890281850371;6697
-5.29391666666667;48.8996516666667;18.5418994500375;9.85890281850371;6705
-5.29468333333333;48.8993633333333;18.5418994500375;9.85890281850371;6711
-5.29008833333333;48.9011033333333;18.5418994500375;9.85890281850371;6734
-5.28931833333333;48.9013916666667;18.4536043539338;9.81195548313593;6742
-5.28702833333333;48.9022616666667;18.4536043539338;9.81195548313593;6759
-5.284105;48.90338;18.4536043539338;9.81195548313593;6781
-5.28321333333333;48.9037233333333;18.4536043539338;9.81195548313593;6787
-5.28156;48.904355;18.4536043539338;9.81195548313593;6801
-5.28092;48.9045933333333;18.7111370079557;9.53380049453048;6807
-5.27938666666667;48.9051716666667;18.7111370079557;9.53380049453048;6817
-5.27862166666667;48.9054583333333;18.7111370079557;9.53380049453048;6823
-5.27938666666667;48.9051716666667;18.7111370079557;9.53380049453048;6828
-5.277215;48.9059783333333;18.4536043539338;9.81195548313593;6835
-5.27645;48.9062683333333;18.4536043539338;9.81195548313593;6842
-5.27478166666667;48.9068883333333;18.4536043539338;9.81195548313593;6852
-5.27401666666667;48.9071783333333;18.4536043539338;9.81195548313593;6858
-5.27325;48.9074666666667;18.4536043539338;9.81195548313593;6867
-5.26941833333333;48.9089083333333;18.4536043539338;9.81195548313593;6895
-5.26711666666667;48.90977;18.4536043539338;9.81195548313593;6916
-5.26557666666667;48.9103366666667;18.5418994500375;9.85890281850371;6924
-5.26404666666667;48.9109166666667;18.4536043539338;9.81195548313593;6937
-5.26327833333333;48.9112033333333;18.4536043539338;9.81195548313593;6944
-5.26187166666667;48.9117316666667;18.5418994500375;9.85890281850371;6953
-5.26111;48.912025;18.5418994500375;9.85890281850371;6960
-5.25868666666667;48.9129383333333;18.5418994500375;9.85890281850371;6978
-5.25727666666667;48.913465;18.4536043539338;9.81195548313593;6991
-5.25638333333333;48.9138;18.6220360156449;9.4884012713729;6999
-5.25561333333333;48.914085;18.6220360156449;9.4884012713729;7004
-5.25407166666667;48.9146483333333;18.7111370079557;9.53380049453048;7014
-5.253305;48.914935;18.4536043539338;9.81195548313593;7021
-5.252535;48.915215;18.4536043539338;9.81195548313593;7027
-5.251765;48.9154966666667;18.5418994500375;9.85890281850371;7033
-5.251;48.91579;18.4536043539338;9.81195548313593;7041
-5.248695;48.9166416666667;18.4536043539338;9.81195548313593;7057
-5.24805666666667;48.91688;18.5418994500375;9.85890281850371;7064
-5.24638833333333;48.9174916666667;18.6220360156449;9.4884012713729;7074
-5.2442;48.9182916666667;18.5418994500375;9.85890281850371;7095
-5.2433;48.91862;18.5418994500375;9.85890281850371;7101
-5.24240666666667;48.918955;18.4536043539338;9.81195548313593;7112
-5.23407333333333;48.922035;18.4536043539338;9.81195548313593;7171
-5.23035333333333;48.923405;18.4536043539338;9.81195548313593;7201
-5.22946166666667;48.92374;18.4536043539338;9.81195548313593;7207
-5.227925;48.9243133333333;18.5418994500375;9.85890281850371;7218
-5.22639333333333;48.9248883333333;18.4536043539338;9.81195548313593;7231
-5.22563;48.9251783333333;18.4536043539338;9.81195548313593;7236
-5.22639333333333;48.9248883333333;18.4536043539338;9.81195548313593;7245
-5.22410333333333;48.9257616666667;18.4536043539338;9.81195548313593;7250
-5.22333833333333;48.9260466666667;18.4536043539338;9.81195548313593;7255
-5.22104666666667;48.926915;18.3670138499273;10.1810020251731;7273
-5.22027833333333;48.9272033333333;18.2795515455724;10.1325208782083;7282
-5.21646666666667;48.9286683333333;18.3670138499273;10.1810020251731;7310
-5.214185;48.9295516666667;18.3670138499273;10.1810020251731;7329
-5.21267166666667;48.930145;18.2795515455724;10.1325208782083;7338
-5.211905;48.9304366666667;18.3670138499273;10.1810020251731;7347
-5.210515;48.93098;18.2795515455724;10.1325208782083;7356
-5.20963;48.9313233333333;18.2795515455724;10.1325208782083;7363
-5.20886666666667;48.931615;18.2795515455724;10.1325208782083;7371
-5.20734333333333;48.9322083333333;18.3670138499273;10.1810020251731;7380
-5.20582333333333;48.9328;18.2795515455724;10.1325208782083;7401
-5.20202666666667;48.9342833333333;18.2795515455724;10.1325208782083;7423
-5.20127;48.93458;18.2795515455724;10.1325208782083;7431
-5.19975166666667;48.9351733333333;18.2795515455724;10.1325208782083;7440
-5.20051166666667;48.9348783333333;18.2795515455724;10.1325208782083;7450
-5.196085;48.936605;18.2795515455724;10.1325208782083;7474
-5.19455833333333;48.9371933333333;18.2795515455724;10.1325208782083;7482
-5.192925;48.9378416666667;18.2795515455724;10.1325208782083;7494
-5.19228666666667;48.9380833333333;18.2795515455724;10.1325208782083;7501
-5.19139833333333;48.9384333333333;18.2795515455724;10.1325208782083;7506
-5.18987666666667;48.9390183333333;18.3670138499273;10.1810020251731;7518
-5.18899166666667;48.9393616666667;18.2795515455724;10.1325208782083;7526
-5.18759666666667;48.939905;18.3670138499273;10.1810020251731;7539
-5.18531333333333;48.940795;18.2795515455724;10.1325208782083;7554
-5.182275;48.9419783333333;18.2795515455724;10.1325208782083;7578
-5.18164166666667;48.942225;18.2795515455724;10.1325208782083;7586
-5.180885;48.942525;18.3670138499273;10.1810020251731;7591
-5.18012333333333;48.9428216666667;18.2795515455724;10.1325208782083;7598
-5.17936666666667;48.9431166666667;18.2795515455724;10.1325208782083;7606
-5.176965;48.9440583333333;18.2795515455724;10.1325208782083;7621
-5.17620666666667;48.94436;18.2795515455724;10.1325208782083;7630
-5.17467833333333;48.94494;18.3670138499273;10.1810020251731;7638
-5.17392833333333;48.945245;18.2795515455724;10.1325208782083;7645
-5.17328666666667;48.945485;18.2795515455724;10.1325208782083;7650
-5.17165166666667;48.946135;18.2795515455724;10.1325208782083;7663
-5.17089333333333;48.9464333333333;18.2795515455724;10.1325208782083;7670
-5.17013;48.946725;18.2795515455724;10.1325208782083;7676
-5.16950666666667;48.9469833333333;18.2795515455724;10.1325208782083;7681
-5.16862333333333;48.9473333333333;18.3670138499273;10.1810020251731;7686
-5.16785833333333;48.9476266666667;18.2795515455724;10.1325208782083;7692
-5.166475;48.9481783333333;18.2795515455724;10.1325208782083;7706
-5.16482666666667;48.9488166666667;18.2795515455724;10.1325208782083;7717
-5.16406666666667;48.94912;18.3670138499273;10.1810020251731;7722
-5.16330833333333;48.94941;18.3670138499273;10.1810020251731;7728
-5.16254;48.9497033333333;18.2795515455724;10.1325208782083;7734
-5.16191;48.9499533333333;18.2795515455724;10.1325208782083;7741
-5.16102166666667;48.9503;18.3670138499273;10.1810020251731;7752
-5.16026;48.950595;18.3670138499273;10.1810020251731;7758
-5.15874666666667;48.9511916666667;18.3670138499273;10.1810020251731;7772
-5.15646333333333;48.9520883333333;18.3670138499273;10.1810020251731;7789
-5.15494;48.95268;18.3670138499273;10.1810020251731;7794
-5.15430666666667;48.9529283333333;18.3670138499273;10.1810020251731;7800
-5.153415;48.953275;18.3670138499273;10.1810020251731;7807
-5.15201333333333;48.9538133333333;18.3670138499273;10.1810020251731;7820
-5.15112333333333;48.954165;18.3670138499273;10.1810020251731;7825
-5.14959333333333;48.9547516666667;18.3670138499273;10.1810020251731;7837
-5.14883166666667;48.9550566666667;18.4544761542822;10.2294831721379;7842
-5.14807666666667;48.9553583333333;18.3670138499273;10.1810020251731;7852
-5.14730333333333;48.9556516666667;18.3670138499273;10.1810020251731;7861
-5.14578166666667;48.9562533333333;18.3670138499273;10.1810020251731;7867
-5.14667166666667;48.9559016666667;18.3670138499273;10.1810020251731;7874
-5.14272666666667;48.9574466666667;18.3670138499273;10.1810020251731;7892
-5.14196;48.9577466666667;18.4544761542822;10.2294831721379;7897
-5.14119833333333;48.9580466666667;18.4544761542822;10.2294831721379;7902
-5.13902833333333;48.9588966666667;18.4544761542822;10.2294831721379;7920
-5.13814;48.9592466666667;18.4544761542822;10.2294831721379;7926
-5.13736833333333;48.9595433333333;18.4544761542822;10.2294831721379;7932
-5.13583333333333;48.9601433333333;18.6301945461411;9.90585015387149;7945
-5.13506833333333;48.9604383333333;18.6301945461411;9.90585015387149;7951
-5.13429166666667;48.960725;18.6301945461411;9.90585015387149;7960
-5.13275;48.9613216666667;18.7184896422448;9.95279748923926;7968
-5.13196833333333;48.9616066666667;18.7184896422448;9.95279748923926;7981
-5.12820666666667;48.9630183333333;18.7184896422448;9.95279748923926;8005
-5.12651;48.9636416666667;18.7184896422448;9.95279748923926;8016
-5.12586666666667;48.9638916666667;18.8067830542596;9.9997439291611;8024
-5.12339333333333;48.9648133333333;18.8067830542596;9.9997439291611;8040
-5.12261666666667;48.9651033333333;18.8067830542596;9.9997439291611;8046
-5.121965;48.965345;18.7184896422448;9.95279748923926;8051
-5.12027;48.9659766666667;18.7184896422448;9.95279748923926;8064
-5.11948833333333;48.966265;18.8067830542596;9.9997439291611;8072
-5.11870333333333;48.9665583333333;18.8067830542596;9.9997439291611;8078
-5.11713;48.96713;18.8067830542596;9.9997439291611;8089
-5.116355;48.96742;18.8067830542596;9.9997439291611;8101
-5.11477666666667;48.9679916666667;18.8067830542596;9.9997439291611;8106
-5.114125;48.9682366666667;18.8067830542596;9.9997439291611;8113
-5.11255666666667;48.9688083333333;18.8067830542596;9.9997439291611;8124
-5.1085;48.9703016666667;18.8067830542596;9.9997439291611;8160
-5.10549666666667;48.9714083333333;18.8067830542596;9.9997439291611;8178
-5.104585;48.9717466666667;18.8067830542596;9.9997439291611;8191
-5.10301666666667;48.9723233333333;18.8067830542596;9.9997439291611;8198
-5.10236333333333;48.9725633333333;18.8067830542596;9.9997439291611;8204
-5.10001166666667;48.97343;18.7184896422448;9.95279748923926;8222
-5.09831666666667;48.9740533333333;18.8067830542596;9.9997439291611;8232
-5.09675;48.974635;18.8067830542596;9.9997439291611;8254
-5.09517833333333;48.9752066666667;18.8067830542596;9.9997439291611;8259
-5.092175;48.97631;18.8067830542596;9.9997439291611;8280
-5.09126166666667;48.9766533333333;18.8067830542596;9.9997439291611;8286
-5.090605;48.9768933333333;18.8067830542596;9.9997439291611;8292
-5.08668666666667;48.9783433333333;18.8067830542596;9.9997439291611;8330
-5.08498833333333;48.9789716666667;18.8950781503633;10.0466912645289;8340
-5.08183333333333;48.9801233333333;18.8067830542596;9.9997439291611;8359
-5.08118166666667;48.9803616666667;18.8950781503633;10.0466912645289;8378
-5.07554833333333;48.9824433333333;18.8067830542596;9.9997439291611;8407
-5.06771833333333;48.9853533333333;18.8067830542596;9.9997439291611;8470
-5.065515;48.9861883333333;18.8067830542596;9.9997439291611;8483
-5.06473166666667;48.98648;18.8067830542596;9.9997439291611;8493
-5.06395333333333;48.986775;18.8067830542596;9.9997439291611;8498
-5.06318166666667;48.98707;18.8067830542596;9.9997439291611;8505
-5.06161166666667;48.98765;18.8067830542596;9.9997439291611;8520
-5.06005;48.9882316666667;18.8067830542596;9.9997439291611;8528
-5.05771;48.9891083333333;18.7184896422448;9.95279748923926;8543
-5.05603166666667;48.9897483333333;18.7184896422448;9.95279748923926;8556
-5.05383666666667;48.99059;18.7184896422448;9.95279748923926;8573
-5.05293333333333;48.9909333333333;18.7184896422448;9.95279748923926;8580
-5.05228833333333;48.99118;18.7184896422448;9.95279748923926;8590
-5.05151833333333;48.9914783333333;18.7184896422448;9.95279748923926;8595
-5.049965;48.99206;18.7184896422448;9.95279748923926;8603
-5.04840833333333;48.9926433333333;18.7184896422448;9.95279748923926;8617
-5.04763166666667;48.9929366666667;18.7184896422448;9.95279748923926;8628
-5.04840833333333;48.9926433333333;18.7184896422448;9.95279748923926;8638
-5.04440166666667;48.99416;18.7184896422448;9.95279748923926;8650
-5.04685833333333;48.9932333333333;18.7184896422448;9.95279748923926;8660
-5.04220166666667;48.9949933333333;18.7184896422448;9.95279748923926;8668
-5.04051666666667;48.995625;18.7184896422448;9.95279748923926;8677
-5.04142833333333;48.9952866666667;18.7184896422448;9.95279748923926;8683
-5.03754833333333;48.9967483333333;18.6301945461411;9.90585015387149;8700
-5.03677;48.9970366666667;18.6301945461411;9.90585015387149;8710
-5.03599666666667;48.9973316666667;18.7184896422448;9.95279748923926;8717
-5.034445;48.997915;18.6301945461411;9.90585015387149;8730
-5.03122166666667;48.9991383333333;18.7184896422448;9.95279748923926;8751
-5.02812166666667;49.0003066666667;18.7184896422448;9.95279748923926;8772
-5.02592;49.0011266666667;18.6301945461411;9.90585015387149;8791
-5.02514666666667;49.00142;18.6301945461411;9.90585015387149;8799
-5.02423;49.0017483333333;18.6301945461411;9.90585015387149;8804
-5.02359;49.0019983333333;18.7184896422448;9.95279748923926;8810
-5.01727333333333;49.00439;18.8002380002666;9.57919971768807;8857
-5.01648833333333;49.0046683333333;18.6301945461411;9.90585015387149;8863
-5.01571;49.00496;18.6301945461411;9.90585015387149;8870
-5.01493666666667;49.0052483333333;18.6301945461411;9.90585015387149;8877
-5.01428166666667;49.0054816666667;18.7184896422448;9.95279748923926;8897
-5.00968833333333;49.00729;18.2731363502141;10.5500001907349;8916
-5.008185;49.0079183333333;18.1865334794732;10.5;8928
-5.00743333333333;49.0082333333333;18.0862303717979;10.8673035770736;8934
-5.00668;49.008545;18.0862303717979;10.8673035770736;8940
-5.00592833333333;49.0088566666667;18.2731363502141;10.5500001907349;8946
-5.00517833333333;49.009175;18.0862303717979;10.8673035770736;8951
-5.00354333333333;49.00985;18.0862303717979;10.8673035770736;8965
-5.00292833333333;49.0101183333333;18.0862303717979;10.8673035770736;8970
-5.00130333333333;49.0108016666667;17.8938151524053;11.1812966774688;8983
-5.00056;49.0111233333333;17.8938151524053;11.1812966774688;8990
-4.99982333333333;49.0114533333333;17.8938151524053;11.1812966774688;8995
-4.998465;49.0120466666667;17.6959493035759;11.4918838465804;9011
-4.99554333333333;49.0133833333333;17.8090100192849;11.1283045488973;9030
-4.99408333333333;49.0140483333333;17.8938151524053;11.1812966774688;9045
-4.990415;49.0157083333333;17.8938151524053;11.1812966774688;9076
-4.98955833333333;49.016095;17.6959493035759;11.4918838465804;9086
-4.987485;49.0170533333333;17.6959493035759;11.4918838465804;9096
-4.98663;49.0174433333333;17.7798166802979;11.5463479578452;9104
-4.985305;49.018075;17.6959493035759;11.4918838465804;9114
-4.98457333333333;49.0184133333333;17.6959493035759;11.4918838465804;9120
-4.98384333333333;49.0187516666667;17.6959493035759;11.4918838465804;9126
-4.98311666666667;49.0190966666667;17.6959493035759;11.4918838465804;9133
-4.98238833333333;49.0194366666667;17.7798166802979;11.5463479578452;9138
-4.981655;49.0197733333333;17.7798166802979;11.5463479578452;9146
-4.9802;49.02046;17.7798166802979;11.5463479578452;9159
-4.97789;49.0215416666667;17.7798166802979;11.5463479578452;9178
-4.97497333333333;49.022915;17.7798166802979;11.5463479578452;9201
-4.973515;49.0236016666667;17.7798166802979;11.5463479578452;9211
-4.97144166666667;49.02457;17.8636824573827;11.6008110302935;9228
-4.969975;49.025255;17.8636824573827;11.6008110302935;9240
-4.96923833333333;49.0255933333333;17.8636824573827;11.6008110302935;9252
-4.96850833333333;49.0259383333333;17.8636824573827;11.6008110302935;9264
-4.96619;49.0270233333333;17.8636824573827;11.6008110302935;9272
-4.96484166666667;49.0276533333333;17.8636824573827;11.6008110302935;9284
-4.96326166666667;49.028405;17.8636824573827;11.6008110302935;9294
-4.96264666666667;49.0286883333333;17.8636824573827;11.6008110302935;9301
-4.96191333333333;49.029035;17.8636824573827;11.6008110302935;9313
-4.96045;49.0297233333333;17.8636824573827;11.6008110302935;9318
-4.95676666666667;49.0314366666667;17.8636824573827;11.6008110302935;9348
-4.95456166666667;49.0324633333333;17.9475498341046;11.6552751415583;9366
-4.95297;49.03321;17.8636824573827;11.6008110302935;9380
-4.94942;49.0348716666667;18.1482289342428;11.3402720524424;9408
-4.948555;49.0352666666667;17.9475498341046;11.6552751415583;9421
-4.93379333333333;49.0421066666667;17.9475498341046;11.6552751415583;9537
-4.93096166666667;49.0434183333333;17.9475498341046;11.6552751415583;9565
-4.928615;49.0444983333333;17.9475498341046;11.6552751415583;9577
-4.926395;49.0455266666667;17.9475498341046;11.6552751415583;9597
-4.92578166666667;49.045815;17.8636824573827;11.6008110302935;9603
-4.92430333333333;49.0465033333333;17.9475498341046;11.6552751415583;9612
-4.92208333333333;49.04753;17.9475498341046;11.6552751415583;9631
-4.92133833333333;49.0478666666667;17.9475498341046;11.6552751415583;9637
-4.92059333333333;49.0482083333333;17.9475498341046;11.6552751415583;9646
-4.918365;49.049225;17.9475498341046;11.6552751415583;9667
-4.91701166666667;49.04986;17.9475498341046;11.6552751415583;9673
-4.91615;49.0502566666667;17.9475498341046;11.6552751415583;9679
-4.91701166666667;49.04986;17.9475498341046;11.6552751415583;9684
-4.913805;49.0513483333333;17.9475498341046;11.6552751415583;9697
-4.91170666666667;49.0523133333333;17.9475498341046;11.6552751415583;9713
-4.91020833333333;49.0529883333333;18.0314172108266;11.7097392528231;9726
-4.90947166666667;49.0533316666667;18.0314172108266;11.7097392528231;9732
-4.90884833333333;49.0536116666667;17.9475498341046;11.6552751415583;9739
-4.90947166666667;49.0533316666667;18.0314172108266;11.7097392528231;9747
-4.90724666666667;49.054355;18.0314172108266;11.7097392528231;9756
-4.90576166666667;49.0550383333333;18.0314172108266;11.7097392528231;9762
-4.90514166666667;49.05532;17.9475498341046;11.6552751415583;9769
-4.9044;49.0556666666667;17.9475498341046;11.6552751415583;9785
-4.90204833333333;49.0567516666667;17.9475498341046;11.6552751415583;9793
-4.901315;49.0570983333333;17.9475498341046;11.6552751415583;9801
-4.88500166666667;49.06465;18.0314172108266;11.7097392528231;9930
-4.88426333333333;49.0649966666667;17.9475498341046;11.6552751415583;9937
-4.88215666666667;49.0659666666667;18.0314172108266;11.7097392528231;9953
-4.88054;49.0667066666667;18.0314172108266;11.7097392528231;9966
-4.87992166666667;49.066995;18.0314172108266;11.7097392528231;9973
-4.85345833333333;49.0786466666667;18.6195461813654;10.75;10181
-4.85099;49.0796383333333;18.804323703497;10.4234068352962;10201
-4.830565;49.0873383333333;19.1566402700499;9.76079574440026;10357
-4.82883166666667;49.0879633333333;19.2457412623608;9.80619496755784;10371
-4.82803166666667;49.0882533333333;19.1566402700499;9.76079574440026;10377
-4.82484833333333;49.0894116666667;19.1566402700499;9.76079574440026;10403
-4.81039333333333;49.0946683333333;19.1566402700499;9.76079574440026;10507
