"x";"y";"vx";"vy";"t"
-5.90748666666667;48.4084966666667;7.18291500016872;13.5090983391505;0
-5.85461666666667;48.4725833333333;7.46459766920648;14.0388663896392;1012
-5.84754;48.48166;6.99145352280539;13.7215001326089;1145
-5.841025;48.489945;7.21844877267516;14.167003394703;1286
-5.83491;48.4977;7.41765078156167;13.9505721355799;1415
-5.828815;48.5053833333333;7.6115109453974;13.731529235268;1545
-5.82110333333333;48.5151416666667;7.51154500457425;14.1271614857428;1665
-5.81391833333333;48.5241183333333;7.32375655854909;13.773982785417;1835
-5.80711833333333;48.5324416666667;7.17304998247665;14.0779032521222;1975
-5.80018;48.5409316666667;7.51154500457425;14.1271614857428;2063
-5.79298666666667;48.5499666666667;7.17304998247665;14.0779032521222;2240
-5.78461833333333;48.56029;7.46459766920648;14.0388663896392;2358
-5.77765833333333;48.5688216666667;7.32375655854909;13.773982785417;2491
-5.770165;48.57768;7.21844877267516;14.167003394703;2685
-5.763395;48.5859283333333;7.32375655854909;13.773982785417;2806
-5.75654333333333;48.5940933333333;7.12765075931907;13.9888022598114;2892
-5.75004333333333;48.6017683333333;7.46459766920648;14.0388663896392;3046
-5.74341666666667;48.609615;7.95087758709973;14.3437628634451;3135
-5.73698166666667;48.61742;7.60543967530981;14.3037516779502;3285
-5.72984;48.6260116666667;7.26384799583275;14.2561043870139;3386
-5.72272666666667;48.6346066666667;7.26384799583275;14.2561043870139;3543
-5.715825;48.643015;7.05777563052947;14.4705844882793;3653
-5.70868833333333;48.6515716666667;7.35464644214792;14.4343063716356;3772
-5.70218333333333;48.6593633333333;7.35464644214792;14.4343063716356;3898
-5.69453833333333;48.668515;7.80543507090622;14.0813776185852;4090
-5.68698166666667;48.6775683333333;7.6115109453974;13.731529235268;4227
-5.68048333333333;48.6853983333333;7.55849233994203;14.2154565818465;4356
-5.67322833333333;48.693895;6.5077862892128;14.6167273222816;4455
-5.66567333333333;48.70311;7.46459766920648;14.0388663896392;4561
-5.65804333333333;48.7122216666667;7.32375655854909;13.773982785417;4721
-5.65108333333333;48.72064;6.92626420288008;14.2009461029582;4885
-5.64251333333333;48.7311366666667;7.90239644013491;14.2563005590903;5052
-5.63447333333333;48.7379916666667;11.5930595609346;10.4384377144513;5135
-5.62352833333333;48.74426;11.6673736182515;10.5053503922075;5245
-5.61375;48.7499983333333;12.2567110899036;10.2846017549846;5391
-5.602215;48.7567366666667;11.7734697393741;10.2345211025186;5505
-5.59137;48.7630966666667;11.3701159715478;10.2376984049171;5632
-5.581375;48.768895;11.7204801258317;9.83465055080606;5755
-5.57049333333333;48.775125;11.7734697393741;10.2345211025186;5905
-5.56042333333333;48.78094;12.045762402583;9.75446606127248;6027
-5.55185333333333;48.785845;12.3333158264383;10.3488807611573;6100
-5.54094;48.7920333333333;12.113260088307;10.9068283731433;6275
-5.53053;48.79764;12.8633699019462;9.34578528722804;6372
-5.51957166666667;48.8029683333333;13.1816970873724;8.89116695186971;6501
-5.506645;48.8090183333333;13.5025964638488;8.76868867150524;6645
-5.494365;48.8145716666667;13.5133118001417;9.11484389994284;6765
-5.48317833333333;48.8195933333333;12.8903308998253;8.05477271527064;6885
-5.47076166666667;48.8249033333333;13.4839644053825;8.4257160991598;7037
-5.45802;48.83038;14.2289775186384;8.54963223997834;7155
-5.44569666666667;48.83567;13.7541969943775;8.93207996648314;7250
-5.43416;48.8406583333333;13.7383798047435;8.58469248487423;7405
-5.42167;48.8459766666667;13.7146768112338;8.24060919856087;7505
-5.40921;48.8511366666667;14.0575434045313;8.44662423205346;7645
-5.39673166666667;48.85625;14.0575434045313;8.44662423205346;7765
-5.38297666666667;48.8617233333333;13.5432435145851;8.13760168181458;7911
-5.370045;48.8668833333333;14.1432604615849;8.4981282360159;8031
-5.35679833333333;48.8721066666667;14.1432604615849;8.4981282360159;8215
-5.34491;48.87683;14.314694575692;8.60113624394078;8279
-5.3307;48.8824716666667;14.5492261228536;8.39999961853028;8422
-5.31783333333333;48.8876316666667;14.5492261228536;8.39999961853028;8555
-5.30479166666667;48.8927933333333;14.4168176346592;9.00862749196448;8685
-5.29148;48.8981016666667;14.8090347350764;8.55000019073487;8818
-5.2783;48.9031;14.4312251678;7.99935873406456;8969
-5.26503666666667;48.9081033333333;13.9939153142303;7.75695392394139;9125
-5.25179;48.9129733333333;14.656930378276;7.79322812133498;9205
-5.23960666666667;48.917365;14.7452254743796;7.84017545670276;9323
-5.22407166666667;48.9228733333333;14.5186874721549;8.04783988102939;9500
-5.21159333333333;48.9272583333333;14.3037516779502;7.60543967530981;9611
-5.19921833333333;48.9316633333333;14.7016076491081;7.49084324570252;9741
-5.18246333333333;48.9376333333333;14.0768953935086;10.2274631656668;9925
-5.17041833333333;48.9430083333333;13.8341909124271;10.0511280384236;10025
-5.15282333333333;48.95068;13.9150929204801;10.1099067878751;10200
-5.13909;48.9566216666667;13.0976220601203;9.86976615011938;10338
-5.12724666666667;48.9617266666667;13.3487804071866;9.69845666282581;10465
-5.09660166666667;48.9747766666667;14.425253446205;9.72995630707583;10765
-5.07102;48.9852216666667;13.856406460551;8;11000
-5.05372333333333;48.9917816666667;13.6703296176555;8.87761585521834;11221
-5.017045;49.0052016666667;14.3760220331842;8.30000019073487;11549
-4.97930333333333;49.01863;14.1432604615849;8.4981282360159;11907
-4.939175;49.0327966666667;13.9430093312919;8.05000019073487;12330
