"x";"y";"vx";"vy";"t"
-10.8342433333333;49.37489;13.797898383864;-0.240843212163294;0
-10.8024166666667;49.3745566666667;13.9978677321895;-0.244333690121969;319
-10.7887133333333;49.3745066666667;13.9978677321895;-0.244333690121969;467
-10.6838733333333;49.3768766666667;13.9914715782673;0.488592953835015;1518
-10.66075;49.3772833333333;13.9914715782673;0.488592953835015;1762
-10.642585;49.3776683333333;14.0978528831167;0.24607893742326;1937
-10.62597;49.3780616666667;14.0978528831167;0.24607893742326;2096
-10.6138483333333;49.3783633333333;13.9914715782673;0.488592953835015;2220
-10.59896;49.378615;13.980813486564;-0.732703387401211;2372
-10.58584;49.3783966666667;13.8915321143281;-0.485102990851659;2497
-10.572705;49.3783816666667;13.980813486564;-0.732703387401211;2629
-10.55771;49.3782366666667;14.0806768209864;-0.737937002990088;2793
-10.541985;49.3779966666667;14.0914110422066;-0.492082916818362;2936
-10.527525;49.37777;14.0806768209864;-0.737937002990088;3090
-10.5155183333333;49.377535;14.1913495530525;-0.49557284651896;3206
-10.5028516666667;49.377345;14.2804025374639;-0.748404184256385;3328
-10.4881733333333;49.3770633333333;14.2978222314422;-0.249569415381936;3472
-10.4752616666667;49.37694;14.2978222314422;-0.249569415381936;3597
-10.460705;49.3767833333333;14.2978222314422;-0.249569415381936;3743
-10.44672;49.3766233333333;14.2978222314422;-0.249569415381936;3879
-10.43083;49.3764216666667;14.3999996185303;8.8174567202781e-16;4037
-10.4126066666667;49.3767733333333;14.2804025374639;0.74840418425639;4224
-10.3963983333333;49.3772;14.2804025374639;0.74840418425639;4375
-10.3822816666667;49.3774816666667;14.2912890169917;0.499062809502316;4523
-10.3633333333333;49.3779033333333;14.3912275278376;0.502552739202914;4703
-10.3481733333333;49.3781433333333;14.2804025374639;0.74840418425639;4860
-10.3290733333333;49.37841;14.3802649195189;0.75363774993381;5053
-10.31644;49.3786683333333;14.3802649195189;0.75363774993381;5166
-10.303575;49.3789083333333;14.3912275278376;0.502552739202914;5303
-10.2850716666667;49.38014;13.3615372068504;3.83135914070898;5476
-10.2725016666667;49.3824016666667;13.4263686169466;3.59758462819341;5616
-10.26024;49.3844533333333;13.4263686169466;3.59758462819341;5731
-10.2450066666667;49.386925;13.3297765870249;3.5717028717806;5902
-10.233615;49.3887733333333;13.1692850510089;3.77623172211924;6015
-10.16454;49.3900733333333;13.7474870236751;-1.20274926654132;6729
-10.1411233333333;49.3883466666667;13.7474870236751;-1.20274926654132;6984
-10.076535;49.3837216666667;13.8661399180711;-0.969614958433359;7642
-10.0394516666667;49.3810883333333;14.0227591040726;-1.47385137194836;8013
-9.99074666666667;49.3800066666667;14.0463456231117;1.22889600598926;8515
-9.84159833333333;49.38587;13.863752962382;1.94842341344092;9998
-9.81672;49.3874133333333;13.7647257777505;1.93450605025459;10239
-9.80496166666667;49.38826;13.7288675574992;2.1744390043842;10361
-9.7555;49.39147;13.4676461126426;1.89275422614722;10877
-9.74223166666667;49.392245;13.4325618088671;2.12750878422215;11007
-9.73075333333333;49.393035;13.5254981563885;1.42158714031453;11135
-9.71918;49.3935066666667;13.3993730471578;1.64523613596949;11256
-9.663555;49.3963366666667;13.2350233872016;2.09622177186408;11835
-9.65105666666667;49.397065;13.2350233872016;2.09622177186408;11971
-9.61473666666667;49.3991333333333;13.4676461126426;1.89275422614722;12345
-9.49404333333333;49.4051566666667;13.6300992885995;2.15879564739269;13603
