"x";"y";"vx";"vy";"t"
-6.37042333333333;47.7844416666667;6.37227660579417;9.81244548499775;0
-6.348545;47.811955;6.42674071705897;9.89631286171972;567
-5.935245;48.334385;5.55000019073486;9.61288231236974;11700
-5.92834333333333;48.3424083333333;5.1641871906448;9.7124235214482;11877
-5.90061833333333;48.3766016666667;5.0392947202926;9.8901727583829;12638
-5.89879666666667;48.3788666666667;5.1641871906448;9.7124235214482;12688
-5.89327166666667;48.38567;5.21113452601258;9.80071861755187;12838
-5.87058333333333;48.4136266666667;5.1641871906448;9.7124235214482;13458
-5.86908666666667;48.4154566666667;5.1641871906448;9.7124235214482;13501
-5.86610833333333;48.4191083333333;4.94849627397743;9.71197077376119;13578
-5.85956;48.4272283333333;5.0392947202926;9.8901727583829;13757
-5.85851666666667;48.42851;4.90975676042501;10.0664931471193;13790
-5.857755;48.42946;4.69106286653784;10.0600167818358;13811
-5.84717166666667;48.443075;4.99389549713501;9.80107176607205;14108
-5.84466;48.446325;4.64880087914769;9.96938565740315;14184
-5.84256166666667;48.4490666666667;4.77824533277562;9.7968547617982;14238
-5.84228166666667;48.4494383333333;4.99389549713501;9.80107176607205;14246
-5.83938833333333;48.4530916666667;4.82208261467985;9.88673450929084;14333
-5.837605;48.455405;4.99389549713501;9.80107176607205;14380
-5.83659333333333;48.4567083333333;4.94849627397743;9.71197077376119;14409
-5.83625166666667;48.457165;4.82208261467985;9.88673450929084;14417
-5.83519;48.4585266666667;4.94849627397743;9.71197077376119;14449
-5.82287333333333;48.4743433333333;4.86591989658408;9.97661425678347;14800
-5.82220166666667;48.4752216666667;4.86591989658408;9.97661425678347;14818
-5.82147;48.476165;4.86591989658408;9.97661425678347;14837
-5.81872333333333;48.4797933333333;4.82208261467985;9.88673450929084;14919
-5.81703833333333;48.482025;5.0392947202926;9.8901727583829;14968
-5.81354833333333;48.48662;4.86591989658408;9.97661425678347;15070
-5.80978833333333;48.4916783333333;4.94849627397743;9.71197077376119;15179
-5.80805;48.4939316666667;4.82208261467985;9.88673450929084;15231
-5.80297666666667;48.500825;4.86591989658408;9.97661425678347;15381
-5.80264666666667;48.501235;4.90975676042501;10.0664931471193;15388
-5.80297666666667;48.500825;4.86591989658408;9.97661425678347;15395
-5.79652166666667;48.509525;4.82208261467985;9.88673450929084;15567
-5.79615666666667;48.5100316666667;4.82208261467985;9.88673450929084;15581
-5.79455166666667;48.5122716666667;4.77824533277562;9.7968547617982;15629
-5.79055666666667;48.5177266666667;4.77824533277562;9.7968547617982;15746
-5.787475;48.5218566666667;4.7344084689347;9.70697587146236;15839
-5.77058833333333;48.5443683333333;4.99389549713501;9.80107176607205;16339
-5.76910666666667;48.54623;4.82208261467985;9.88673450929084;16379
-5.76765333333333;48.5480966666667;5.1641871906448;9.7124235214482;16418
-5.76588166666667;48.5502883333333;5.1641871906448;9.7124235214482;16467
-5.76478333333333;48.5516316666667;5.1641871906448;9.7124235214482;16498
-5.763715;48.5529316666667;4.99389549713501;9.80107176607205;16526
-5.75932666666667;48.5582483333333;5.07029296763222;9.5358341712853;16647
-5.75711166666667;48.5608916666667;5.11723985527702;9.62412842534453;16709
-5.75271333333333;48.5662183333333;5.11723985527702;9.62412842534453;16828
-5.751185;48.5680516666667;5.33290582270971;9.62081677853335;16869
-5.746735;48.5733633333333;5.11723985527702;9.62412842534453;16990
-5.74310666666667;48.5778416666667;5.34999990463257;9.26647165531226;17091
-5.74235;48.5786516666667;4.94849627397743;9.71197077376119;17111
-5.74059333333333;48.58084;5.02334563226444;9.44753907518163;17158
-5.739495;48.5821983333333;5.13898215955137;9.27096922931853;17188
-5.73841;48.5834483333333;5.02334563226444;9.44753907518163;17217
-5.73513;48.5874083333333;5.18746284416571;9.35843069957106;17309
-5.73473666666667;48.5878283333333;5.02334563226444;9.44753907518163;17321
-5.73408166666667;48.5886433333333;4.81229947042283;9.44466949628871;17341
-5.73297166666667;48.58998;4.92945140925185;9.27094972501873;17368
-5.73128333333333;48.5920583333333;4.92945140925185;9.27094972501873;17419
-5.73016;48.5933866666667;5.13898215955137;9.27096922931853;17449
-5.72273166666667;48.6023666666667;4.92945140925185;9.27094972501873;17661
-5.72203833333333;48.6032216666667;5.13898215955137;9.27096922931853;17680
-5.72169;48.6036483333333;5.09050101258654;9.18350692496366;17688
-5.72059166666667;48.60493;4.92945140925185;9.27094972501873;17720
-5.72020333333333;48.605395;4.76690024726524;9.35556850397786;17728
-5.71956;48.6062266666667;4.92945140925185;9.27094972501873;17751
-5.71458333333333;48.6121383333333;4.92945140925185;9.27094972501873;17891
-5.70722333333333;48.6210866666667;5.04201986562171;9.09604462060878;18099
-5.70650666666667;48.6220116666667;5.04201986562171;9.09604462060878;18120
-5.70376166666667;48.6253416666667;4.88250407388408;9.18265462891506;18198
-5.70271166666667;48.6266616666667;5.04201986562171;9.09604462060878;18229
-5.69987166666667;48.63005;4.72150102410765;9.26646751166701;18308
-5.69243;48.6390116666667;4.72150102410765;9.26646751166701;18520
-5.68603;48.6465266666667;4.92945140925185;9.27094972501873;18700
-5.68184666666667;48.65153;4.99353918100737;9.00858315035625;18821
-5.68039833333333;48.6531733333333;4.51522289554016;9.25757884831278;18860
-5.67938666666667;48.65443;4.83555718623927;9.09436037485584;18889
-5.677965;48.6561;4.67610223390915;9.1773673690862;18933
-5.67659;48.6577366666667;4.83555718623927;9.09436037485584;18969
-5.67514833333333;48.6594;4.88250407388408;9.18265462891506;19009
-5.67439833333333;48.660285;4.88250407388408;9.18265462891506;19030
-5.67338833333333;48.6615216666667;4.88250407388408;9.18265462891506;19060
-5.67192166666667;48.66324;5.04201986562171;9.09604462060878;19100
-5.67151333333333;48.6637033333333;4.88250407388408;9.18265462891506;19111
-5.668775;48.6670133333333;4.92945140925185;9.27094972501873;19188
-5.66557666666667;48.6708483333333;4.88250407388408;9.18265462891506;19284
-5.66479666666667;48.671735;4.88250407388408;9.18265462891506;19300
-5.66446;48.6721066666667;4.72150102410765;9.26646751166701;19309
-5.66379166666667;48.6729583333333;4.88250407388408;9.18265462891506;19328
-5.66344333333333;48.673375;4.88250407388408;9.18265462891506;19338
-5.65463666666667;48.68373;4.83555718623927;9.09436037485584;19589
-5.65261;48.6862533333333;5.04201986562171;9.09604462060878;19649
-5.64907;48.6904483333333;5.15000009536743;8.92006182416096;19748
-5.645845;48.6943033333333;4.92945140925185;9.27094972501873;19841
-5.63714666666667;48.70452;4.97639874461963;9.3592448211224;20079
-5.62819333333333;48.7151316666667;4.97639874461963;9.3592448211224;20330
-5.614445;48.7319966666667;5.09050101258654;9.18350692496366;20719
-5.61308666666667;48.7336633333333;4.92945140925185;9.27094972501873;20760
-5.61203833333333;48.73495;4.97639874461963;9.3592448211224;20788
-5.610005;48.7375283333333;5.35639578259313;8.91453960031859;20853
-5.60854;48.739155;5.56415227444865;8.90450500964247;20888
-5.60659833333333;48.7412866666667;5.61714440302013;8.98931014276279;20940
-5.60198333333333;48.7463216666667;5.40789978655557;9.00025665737218;21058
-5.59624833333333;48.752605;5.56415227444865;8.90450500964247;21213
-5.59237666666667;48.7567316666667;5.25;9.09326673973661;21309
-5.59053166666667;48.7587433333333;6.40287910853063;8.19531153690766;21359
-5.58823833333333;48.7607;6.02255258168598;8.60109646503441;21412
-5.58566833333333;48.7631;6.11296639961944;8.41377643288396;21469
-5.58131166666667;48.7669766666667;5.96519471924883;8.51918094812381;21572
-5.57877833333333;48.7692916666667;5.85047954137965;8.35535069550686;21627
-5.56759666666667;48.775885;8.83365937574884;4.8965773494282;21851
-5.546325;48.7831883333333;8.72217358670498;5.66424575639298;22181
-5.54318166666667;48.7844166666667;9.09436037485584;4.83555718623927;22232
-5.530605;48.7890766666667;8.73489555216353;5.45816852267609;22428
-5.52751833333333;48.7902883333333;8.83345895342004;5.09999990463257;22480
-5.52689166666667;48.7905316666667;8.92006182416096;5.15000009536743;22488
-5.52443666666667;48.7915466666667;9.00666386899569;5.19999980926514;22531
-5.52068333333333;48.7928866666667;8.83345895342004;5.09999990463257;22588
-5.51938666666667;48.79338;8.65009041904321;5.40517639410461;22607
-5.51074833333333;48.7967166666667;8.56528609468458;5.35218477090353;22753
-5.50032166666667;48.800675;8.74310630366986;5.25338826584684;22923
-5.491755;48.80395;8.57167300702112;5.15038074910054;23058
-5.48931166666667;48.8049066666667;8.83345895342004;5.09999990463257;23097
-5.48556833333333;48.806295;8.82882336072344;5.30489226980928;23159
-5.475775;48.80993;8.57167300702112;5.15038074910054;23320
-5.47452;48.8104383333333;8.7468569085853;5.05000019073486;23338
-5.47326833333333;48.8108916666667;8.74619707139396;4.84809620246337;23357
-5.464075;48.814245;8.48704912226873;4.90000009536743;23509
-5.46338666666667;48.8144783333333;8.57365116710347;4.94999980926514;23524
-5.461025;48.8153066666667;8.48595594996753;5.0988767451381;23560
-5.44568666666667;48.8208633333333;8.48595594996753;5.0988767451381;23809
-5.440785;48.8226566666667;8.48595594996753;5.0988767451381;23888
-5.43583666666667;48.8244216666667;8.48048096156426;5.29919264233205;23966
-5.42685833333333;48.8277316666667;8.3145226533188;4.99586922839181;24119
-5.424415;48.8286066666667;8.48595594996753;5.0988767451381;24160
-5.42202;48.82951;8.48048096156426;5.29919264233205;24198
-5.41533333333333;48.8320333333333;8.57167300702112;5.15038074910054;24311
-5.41280333333333;48.832985;8.48595594996753;5.0988767451381;24351
-5.40564833333333;48.835675;8.40044625152782;4.84999990463257;24471
-5.39135;48.8412;8.48704912226873;4.90000009536743;24708
-5.38718166666667;48.842785;8.48595594996753;5.0988767451381;24779
-5.38177;48.8448566666667;8.57365116710347;4.94999980926514;24870
-5.380545;48.8453216666667;8.57167300702112;5.15038074910054;24890
-5.37925666666667;48.8458083333333;8.48048096156426;5.29919264233205;24910
-5.37751;48.8464816666667;8.48048096156426;5.29919264233205;24941
-5.37215;48.8485666666667;8.57365116710347;4.94999980926514;25027
-5.362655;48.85233;8.48595594996753;5.0988767451381;25189
-5.35669333333333;48.8546433333333;8.48704912226873;4.90000009536743;25292
-5.35427333333333;48.8555616666667;8.57365116710347;4.94999980926514;25330
-5.34236833333333;48.860175;8.48704912226873;4.90000009536743;25531
-5.33520166666667;48.8629083333333;8.66025403784439;5;25647
-5.33281;48.86383;8.48595594996753;5.0988767451381;25689
-5.32984666666667;48.8649983333333;8.48704912226873;4.90000009536743;25741
-5.3191;48.86902;8.22606637096499;5.14021676198801;25919
-5.318565;48.8692133333333;8.22606637096499;5.14021676198801;25931
-5.31730333333333;48.8697;8.40023971037239;5.04737323235425;25948
-5.29998833333333;48.8762916666667;8.40023971037239;5.04737323235425;26237
-5.29867666666667;48.876805;8.57365116710347;4.94999980926514;26258
-5.298135;48.877015;8.48704912226873;4.90000009536743;26269
-5.29867666666667;48.876805;8.57365116710347;4.94999980926514;26278
-5.29147833333333;48.8795916666667;8.40023971037239;5.04737323235425;26379
-5.28849166666667;48.880755;8.48595594996753;5.0988767451381;26428
-5.28195;48.8832483333333;8.74619707139396;4.84809620246337;26537
-5.26547166666667;48.8895466666667;8.48595594996753;5.0988767451381;26813
-5.26301333333333;48.8904866666667;8.57365116710347;4.94999980926514;26852
-5.25598666666667;48.8932933333333;8.57127329678655;4.7511343708842;26968
-5.24943833333333;48.8958366666667;8.48704912226873;4.90000009536743;27078
-5.24877666666667;48.8960983333333;8.48595594996753;5.0988767451381;27088
-5.24825166666667;48.896315;8.40023971037239;5.04737323235425;27096
-5.24693833333333;48.8968383333333;8.57365116710347;4.94999980926514;27119
-5.24399333333333;48.8979883333333;8.48595594996753;5.0988767451381;27169
-5.23687333333333;48.9008533333333;8.57365116710347;4.94999980926514;27293
-5.22790833333333;48.90434;8.40044625152782;4.84999990463257;27443
-5.22614333333333;48.9050083333333;8.40023971037239;5.04737323235425;27468
-5.22376833333333;48.905935;8.48048096156426;5.29919264233205;27508
-5.22015666666667;48.9073933333333;8.57365116710347;4.94999980926514;27573
-5.21837666666667;48.90811;8.48704912226873;4.90000009536743;27598
-5.21584666666667;48.9090666666667;8.66025403784439;5;27639
-5.214685;48.9094933333333;8.31087150408531;5.19320889055949;27658
-5.21168833333333;48.9106983333333;8.57365116710347;4.94999980926514;27708
-5.20505833333333;48.913265;8.39567582844394;5.24620051376057;27821
-5.199725;48.9153466666667;8.39567582844394;5.24620051376057;27910
-5.184175;48.9212733333333;8.40044625152782;4.84999990463257;28170
-5.18298333333333;48.9217133333333;8.40023971037239;5.04737323235425;28189
-5.179375;48.92309;8.40023971037239;5.04737323235425;28249
-5.170955;48.9263133333333;8.48704912226873;4.90000009536743;28388
-5.16081;48.9301666666667;8.3145226533188;4.99586922839181;28559
-5.15968333333333;48.9306;8.31087150408531;5.19320889055949;28577
-5.13885833333333;48.9398166666667;7.48610215926386;5.84878401559375;28947
-5.13617333333333;48.94122;7.58703734544928;5.71724271994446;28998
-5.12547666666667;48.9466983333333;7.56490353522678;5.91035039798253;29198
-5.12336666666667;48.9478183333333;7.76656345461499;5.64273864623002;29239
-5.12021833333333;48.9494816666667;7.76656345461499;5.64273864623002;29299
-5.119695;48.9497516666667;7.58703734544928;5.71724271994446;29312
-5.113475;48.9531533333333;7.56490353522678;5.91035039798253;29430
-5.11080833333333;48.9545383333333;7.94577467336237;5.56369132320412;29478
-5.10861333333333;48.9556366666667;7.90649124481293;5.95796849963107;29520
-5.10754666666667;48.9562133333333;7.8266281507911;5.89778734167718;29539
-5.10421666666667;48.957955;8.09016994374947;5.87785252292473;29597
-5.090775;48.9650166666667;8.65009041904321;5.40517639410461;29839
-5.08968333333333;48.9655316666667;8.83345895342004;5.09999990463257;29857
-5.04271;48.98614;8.63830700980158;5.60978216453643;30638
-5.01536666666667;48.9980233333333;8.70489451182794;5.87152548644284;31089
-5.01358666666667;48.9988133333333;8.72217358670498;5.66424575639298;31119
-5.00477833333333;49.0025533333333;8.88990834014893;5.77317397892259;31257
-4.967265;49.01916;8.73489555216353;5.45816852267609;31879
-4.966655;49.019425;8.72217358670498;5.66424575639298;31889
-4.96429833333333;49.0205866666667;8.72217358670498;5.66424575639298;31931
-4.96071833333333;49.0222483333333;8.72217358670498;5.66424575639298;31988
-4.953655;49.025545;8.5390871554433;5.75968701240627;32108
-4.95060333333333;49.0270116666667;8.45618308193506;5.70376750874404;32160
-4.92127833333333;49.0408033333333;8.29037572555042;5.59192903470747;32668
-4.92070333333333;49.041065;8.38670567945424;5.44639035015027;32681
-4.91957666666667;49.0415766666667;8.55443963307961;5.55531805327163;32700
-4.90296;49.0490183333333;8.5390871554433;5.75968701240627;32977
-4.84926333333333;49.0683983333333;9.0630778703665;4.22618261740699;33838
-4.81697833333333;49.079775;9.40951838796376;4.1893875012596;34348
-4.81175333333333;49.0816;9.25757884831278;4.51522289554016;34429
-4.78939333333333;49.0894083333333;9.25757884831278;4.51522289554016;34779
-4.78617833333333;49.090505;9.26646751166701;4.72150102410766;34832
-4.7161;49.11439;9.33497037934199;4.35296817653724;35920
-4.69817166666667;49.120515;9.24433925490934;4.3107061891471;36202
-4.68602;49.1246816666667;9.0630778703665;4.22618261740699;36389
-4.645645;49.138505;9.25757884831278;4.51522289554016;37020
-4.62898666666667;49.144335;9.25757884831278;4.51522289554016;37284
-4.58910833333333;49.15887;8.74310630366986;5.25338826584684;37907
-4.56493;49.1686266666667;9.00858315035625;4.99353918100737;38300
-4.54715;49.1757016666667;9.18350692496366;5.09050101258654;38583
-4.537;49.1797216666667;9.27096922931853;5.13898215955137;38740
-4.53250833333333;49.181545;9.27096922931853;5.13898215955137;38808
-4.53187333333333;49.181815;9.27096922931853;5.13898215955137;38818
-4.53250833333333;49.181545;9.27096922931853;5.13898215955137;38832
-4.53187333333333;49.181815;9.27096922931853;5.13898215955137;38841
-4.53003666666667;49.1825716666667;9.08597371442577;5.45940379051801;38848
-4.52624166666667;49.184145;9.09326673973661;5.25;38907
-4.52493;49.1847033333333;9.3592448211224;4.97639874461963;38933
-4.53003666666667;49.1825716666667;9.08597371442577;5.45940379051801;38946
-4.52364333333333;49.1852233333333;9.3592448211224;4.97639874461963;38953
-4.51983;49.1868083333333;9.35843069957106;5.18746284416571;39012
-4.52624166666667;49.184145;9.09326673973661;5.25;39048
-4.52493;49.1847033333333;9.3592448211224;4.97639874461963;39064
-4.52364333333333;49.1852233333333;9.3592448211224;4.97639874461963;39070
-4.51983;49.1868083333333;9.35843069957106;5.18746284416571;39089
-4.5128;49.1897066666667;9.27096922931853;5.13898215955137;39118
-4.50896;49.1912983333333;9.27094972501873;4.92945140925185;39179
-4.442445;49.21229;10.1063036610854;4.08321172533237;40149
-4.43892166666667;49.2133883333333;9.86629111678506;4.3927558227975;40202
-4.35931;49.23812;9.96938565740315;4.64880087914769;41350
-4.35190333333333;49.2409083333333;9.70697587146236;4.7344084689347;41457
-4.34856666666667;49.2421533333333;9.53376963886953;4.85769826062134;41506
-4.34730166666667;49.2426283333333;9.53376963886953;4.85769826062134;41527
-4.33245666666667;49.2480983333333;9.88673450929084;4.82208261467985;41747
-4.32435666666667;49.25107;9.97661425678347;4.86591989658408;41868
-4.31622833333333;49.25405;9.62287063118038;4.90309748377892;41987
-4.31353666666667;49.255045;9.88673450929084;4.82208261467985;42029
-4.312175;49.2555283333333;9.88673450929084;4.82208261467985;42049
-4.29939166666667;49.26053;9.62081677853335;5.33290582270971;42238
-4.271875;49.271375;9.7124235214482;5.1641871906448;42648
-4.26783;49.2729616666667;9.62081677853335;5.33290582270971;42708
-4.26722333333333;49.2732;9.80071861755187;5.21113452601258;42717
-4.26519833333333;49.2739883333333;9.70827908288823;5.38138696967454;42749
-4.257585;49.2769733333333;9.79574055314076;5.42986765428888;42859
-4.24678;49.28122;9.79574055314076;5.42986765428888;43018
-4.24537166666667;49.2817966666667;9.80071861755187;5.21113452601258;43038
-4.24337666666667;49.2825566666667;9.8901727583829;5.0392947202926;43070
-4.23591333333333;49.28548;9.79574055314076;5.42986765428888;43180
-4.22785333333333;49.2886783333333;9.61288231236974;5.55000019073486;43300
-4.22657666666667;49.28918;9.79574055314076;5.42986765428888;43323
-4.21181;49.2950383333333;9.69948435720448;5.59999990463257;43537
-4.20641833333333;49.297125;9.70827908288823;5.38138696967454;43617
-4.20434166666667;49.2979316666667;9.70827908288823;5.38138696967454;43647
-4.200365;49.299555;9.7124235214482;5.1641871906448;43709
-4.19908166666667;49.3000516666667;9.7124235214482;5.1641871906448;43731
-4.18112666666667;49.3071716666667;9.70827908288823;5.38138696967454;43996
-4.17839333333333;49.308265;9.71197077376119;4.94849627397743;44038
-4.17702166666667;49.30878;9.70827908288823;5.38138696967454;44062
-4.1737;49.3101066666667;9.70827908288823;5.38138696967454;44110
-4.16966666666667;49.31171;9.79574055314076;5.42986765428888;44168
-4.16840166666667;49.312205;9.80071861755187;5.21113452601258;44190
-4.154855;49.3176933333333;9.70827908288823;5.38138696967454;44392
-4.14392333333333;49.3219333333333;10.2412781663786;4.77558643827794;44547
-4.14173666666667;49.3227116666667;10.150647041946;4.7333244508878;44582
-4.13689666666667;49.3244216666667;10.2462517849478;4.99743090617016;44648
-4.12687333333333;49.3280416666667;10.2462517849478;4.99743090617016;44787
-4.12262;49.32954;10.4144178686357;4.63679757590641;44848
-4.11960666666667;49.33054;10.5131706753541;4.90237199740819;44890
-4.118875;49.3307733333333;10.2462517849478;4.99743090617016;44902
-4.11823;49.330995;10.3361315324404;5.04126818807439;44909
-4.110905;49.333495;10.4144178686357;4.63679757590641;45010
-4.10217833333333;49.336345;10.4144178686357;4.63679757590641;45132
-4.10145;49.336585;10.4937549782131;4.45433471572563;45137
-4.10217833333333;49.336345;10.4144178686357;4.63679757590641;45196
-4.10145;49.336585;10.4937549782131;4.45433471572563;45202
-4.09486666666667;49.338735;10.677856651193;4.53248123952767;45228
-4.087455;49.3411066666667;10.5057727628899;4.6774713953717;45331
-4.068325;49.34736;10.5858058147031;4.49340797762665;45591
-4.06685333333333;49.3478383333333;10.5971276571441;4.718145214837;45607
-4.06546833333333;49.3483083333333;10.6884816801735;4.758818646408;45631
-4.05948;49.35032;10.7699066098212;4.57155412879846;45712
-4.058645;49.3505966666667;10.7798365744277;4.7994924658733;45722
-4.05948;49.35032;10.7699066098212;4.57155412879846;45730
-4.058645;49.3505966666667;10.7798365744277;4.7994924658733;45737
-4.05722;49.35103;10.8619574463112;4.61062739069948;45742
-4.04160833333333;49.35608;10.677856651193;4.53248123952767;45952
-4.03943;49.35675;10.8619574463112;4.61062739069948;45976
-4.04160833333333;49.35608;10.677856651193;4.53248123952767;46076
-4.03943;49.35675;10.8619574463112;4.61062739069948;46097
-4.02971333333333;49.35988;10.6884816801735;4.758818646408;46110
-3.94594666666667;49.3899233333333;10.4260112799331;5.08510546997862;47262
-3.93939;49.39219;10.5138771553687;5.35708798351847;47350
-3.93565333333333;49.3935216666667;10.5138771553687;5.35708798351847;47402
-3.93499333333333;49.3937533333333;10.4247761630579;5.31168876036088;47407
-3.91441;49.40098;10.5158901702689;5.12894233381955;47688
-3.90548666666667;49.4040516666667;9.7479090145573;6.8255593737754;47807
-3.89902833333333;49.4073333333333;9.29852704286044;7.26480552627087;47907
-3.89706;49.4083633333333;9.2480366448803;7.48891241342639;47938
-3.89570166666667;49.409095;9.09260760081773;7.36304845524976;47960
-3.895115;49.409405;9.11592858089307;7.64917231006581;47969
-3.89570166666667;49.409095;9.09260760081773;7.36304845524976;47988
-3.895115;49.409405;9.11592858089307;7.64917231006581;47996
-3.89184666666667;49.4111866666667;9.29852704286044;7.26480552627087;48023
-3.88677833333333;49.4140033333333;9.01489344935852;7.30011677624479;48099
-3.88226666666667;49.4165033333333;9.29852704286044;7.26480552627087;48168
-3.87913;49.4182016666667;9.09260760081773;7.36304845524976;48219
-3.87406833333333;49.420965;9.29852704286044;7.26480552627087;48300
-3.87139833333333;49.4223983333333;9.17032249342108;7.42598073442142;48339
-3.86496833333333;49.4258916666667;9.2480366448803;7.48891241342639;48436
-3.86427833333333;49.4262833333333;9.2480366448803;7.48891241342639;48450
-3.85785833333333;49.429745;9.11592858089307;7.64917231006581;48547
-3.85715333333333;49.4301483333333;9.2480366448803;7.48891241342639;48558
-3.85785833333333;49.429745;9.11592858089307;7.64917231006581;48593
-3.85715333333333;49.4301483333333;9.2480366448803;7.48891241342639;48599
-3.85267;49.4325783333333;9.2480366448803;7.48891241342639;48630
-3.84562666666667;49.4361216666667;10.4937549782131;4.45433471572563;48735
-3.84096;49.4375833333333;10.4247761630579;5.31168876036088;48798
-3.83350833333333;49.44001;10.3304866680406;5.49281719505033;48899
-3.832025;49.44051;10.694432059897;4.98689556914829;48920
-3.831125;49.4408;10.5158901702689;5.12894233381955;48930
-3.81700166666667;49.4453666666667;10.6956488080974;5.2166164795647;49118
-3.80279833333333;49.450205;10.6029772979496;5.40248677371698;49308
-3.78863666666667;49.45513;10.78552855559;5.26045376146893;49501
-3.78640666666667;49.4558883333333;10.6920782902604;5.44788599687456;49527
-3.784895;49.4564483333333;10.5070760182035;5.58671141806291;49550
-3.78347166666667;49.456955;10.6956488080974;5.2166164795647;49573
-3.78109166666667;49.4577616666667;10.78552855559;5.26045376146893;49599
-3.77958333333333;49.4582733333333;10.6029772979496;5.40248677371698;49622
-3.77593833333333;49.4596583333333;10.1324970590967;5.84999990463257;49672
-3.77443333333333;49.4602516666667;10.3205127110653;5.72075361137687;49693
-3.76510666666667;49.463795;10.2330504067105;5.67227246441205;49821
-3.76295166666667;49.464595;10.3205127110653;5.72075361137687;49847
-3.76232333333333;49.4648366666667;10.2330504067105;5.67227246441205;49859
-3.76081666666667;49.4654083333333;10.4079741813179;5.76923429599122;49882
-3.75074666666667;49.469255;10.4187817641442;5.53976453041811;50015
-3.74486833333333;49.4714866666667;10.5070760182035;5.58671141806291;50099
-3.73462333333333;49.4753433333333;10.4954364856727;5.81771544295604;50238
-3.73389333333333;49.4756133333333;10.3205127110653;5.72075361137687;50250
-3.73167666666667;49.4764483333333;10.5070760182035;5.58671141806291;50276
-3.67792333333333;49.49615;10.4954364856727;5.81771544295604;50999
-3.17603666666667;49.6810733333333;10.5655097609889;6.09999990463257;57740
-3.11043666666667;49.7057866666667;10.6288742017228;6.38647193241324;58604
-3.078675;49.7182166666667;10.7145912587764;6.43797593637568;59016
-3.06649;49.7230216666667;10.6006012019553;6.62399080291506;59178
-3.04967166666667;49.7296333333333;10.6288742017228;6.38647193241324;59397
-3.03897;49.7338583333333;10.6288742017228;6.38647193241324;59541
-3.02378166666667;49.7398333333333;10.7145912587764;6.43797593637568;59740
-3.01918166666667;49.7416283333333;10.6288742017228;6.38647193241324;59797
-3.00606;49.7467883333333;10.6006012019553;6.62399080291506;59971
-3.00234;49.74829;10.8253175473055;6.25;60018
-2.99470166666667;49.7513216666667;10.8253175473055;6.25;60119
-2.99087333333333;49.752845;10.7145912587764;6.43797593637568;60168
-2.97945333333333;49.757445;10.6854063350756;6.67698293148654;60317
-2.97784;49.7581;10.80030831583;6.48947994033812;60337
-2.92608833333333;49.7793633333333;10.8253175473055;6.25;61019
-2.89571333333333;49.7920733333333;10.7702106594343;6.72997455468762;61419
