"x";"y";"vx";"vy";"t"
-4.117895;49.5391916666667;-12.0860592668832;-7.2620370527032;0
-4.13959;49.5313016666667;-12.0860592668832;-7.2620370527032;250
-4.18282166666667;49.5155833333333;-12.1270879367892;-7.57784557960891;739
-4.21513833333333;49.50386;-10.3584928504702;-10.0030802696184;1102
-4.31291166666667;49.4684033333333;-10.3584928504702;-10.0030802696184;2194
-4.635595;49.3443833333333;-10.5023613593507;-10.1420124736925;5778
-4.64651166666667;49.3404;-10.3237592750634;-10.3237592750634;5904
-4.74006;49.3061383333333;-10.3584928504702;-10.0030802696184;6942
-4.953255;49.2513083333333;-10.4182047186409;-8.74191173694095;9256
-5.07233166666667;49.206555;-8.24409736281955;-10.180612391544;10701
-5.11916333333333;49.1861666666667;-8.05530112547126;-9.94746845487805;11313
-5.25446166666667;49.1285333333333;-7.97056611490907;-9.49895080245256;13146
-5.31761;49.1028516666667;-7.5206149107305;-8.96271983838066;14020
-5.34318833333333;49.0924666666667;-7.3920575113952;-8.80951109586825;14395
-5.35137;49.0890016666667;-7.54467883339083;-8.67916017256188;14520
-5.47570333333333;49.0380016666667;-6.87782730104396;-8.19667539526168;16351
-5.48420833333333;49.0344333333333;-6.87782730104396;-8.19667539526168;16479
-5.50738;49.0245633333333;-8.65648168550419;-6.28930208741832;16844
-5.541695;49.0097266666667;-6.87782730104396;-8.19667539526168;17397
-5.54910666666667;49.0064766666667;-8.46553671115657;-6.37923947498592;17508
-5.56470166666667;48.9997466666667;-8.49467844093695;-6.17174514907097;17771
-5.57333833333333;48.996075;-6.6078641060233;-8.16003259529819;17902
-5.61901333333333;48.9762466666667;-6.74926990170866;-8.04346665274927;18640
-5.64239166666667;48.9659966666667;-8.57558044898993;-6.2305238985225;19017
-5.64994666666667;48.962755;-6.68499089553599;-7.96686191621461;19147
-5.69710833333333;48.9451633333333;-7.0855152461862;-7.33726582625106;19894
-5.72671166666667;48.9331816666667;-6.4293786092403;-7.39615403013259;20390
-5.81804166666667;48.8789916666667;-2.03753460967005;-9.58584667375814;22239
-5.82179666666667;48.8741683333333;-5.22853494390756;-8.0512377722035;22363
-5.82629166666667;48.8685633333333;-2.07911690817759;-9.78147600733806;22501
-5.830475;48.8633133333333;-2.01674336127626;-9.48803154055107;22634
-5.83454166666667;48.85819;-2.18202518422948;-9.45138944257044;22759
-5.846945;48.8423133333333;-2.0583256597838;-9.68366087413098;23149
-5.85592;48.8312366666667;-2.70124613958024;-9.42036480354164;23434
-5.86137833333333;48.82521;-3.0283666038148;-9.32035404109214;23583
-5.86657833333333;48.8198333333333;-2.89447976522414;-9.46741671923274;23720
-5.87123833333333;48.8150433333333;-3.09016994374948;-9.51056516295153;23851
-5.90396666666667;48.7822;-3.38599928845379;-9.30295658731621;24709
-5.913075;48.7727983333333;-3.06034052770288;-8.88787424994687;24967
-5.95045;48.7344733333333;-3.28339350639675;-9.02104951800901;25973
-5.95928666666667;48.725245;-3.19056797577733;-9.26608222121666;26216
-5.96354;48.7205316666667;-3.42020143325669;-9.39692620785909;26334
-5.97285333333333;48.7108216666667;-6.2797469308936;-8.03770953648744;26593
-5.98190333333333;48.7008233333333;-3.55700936011662;-9.77280289770916;26828
-5.98661333333333;48.6956083333333;-3.61951642711406;-9.42916266375441;26962
-5.99110333333333;48.6907816666667;-3.35335205300591;-9.73884150901632;27082
-6.02799666666667;48.6497466666667;-6.40287910853063;-8.19531153690767;28083
-6.03772833333333;48.6394783333333;-4.2300609328306;-9.50087241099312;28334
-6.05391333333333;48.6251566666667;-5.25;-9.09326673973661;28701
-6.07081666666667;48.6115766666667;-4.99353918100737;-9.00858315035625;29077
-6.07626166666667;48.607215;-5.09999990463257;-8.83345895342004;29191
-6.08711833333333;48.5980283333333;-4.2300609328306;-9.50087241099312;29431
-6.112115;48.5714283333333;-3.06990289958873;-10.0411999376119;30104
-6.11811333333333;48.5646266666667;-2.94931965466824;-10.2854999631939;30240
-6.12726333333333;48.5541483333333;-3.15761446677103;-10.3280915468014;30484
-6.13184166666667;48.5486216666667;-3.18685146994687;-10.4237214751958;30615
-6.15502833333333;48.5213316666667;-3.64636326782296;-10.589807866369;31231
-6.159315;48.5163816666667;-6.74032814451583;-8.94471756020205;31341
-6.16907666666667;48.50513;-3.2160887519501;-10.5193523155934;31595
-6.17341333333333;48.5002083333333;-3.61380663866884;-10.4952565498391;31710
-6.179805;48.4930616666667;-3.3915118863147;-11.0931355339725;31859
-6.18479666666667;48.4873716666667;-3.44998617149377;-11.2843963027645;31988
-6.18969;48.4818333333333;-3.6464005925647;-11.2224670736824;32108
-6.19616166666667;48.4746183333333;-3.6464005925647;-11.2224670736824;32268
-6.20232166666667;48.4676033333333;-3.33303732230824;-10.9018738531773;32415
-6.20887;48.460055;-6.98105449813797;-9.26417222120387;32570
-6.21428833333333;48.4539316666667;-3.67730211518125;-11.3175721811131;32702
-6.22133666666667;48.4459266666667;-3.77659071589741;-10.9680158376388;32871
-6.22815;48.438435;-3.6464005925647;-11.2224670736824;33039
-6.23484166666667;48.43098;-3.61549877524657;-11.1273610592537;33190
-6.24047166666667;48.42463;-3.67730211518125;-11.3175721811131;33319
-6.24628166666667;48.4179616666667;-3.70820393249937;-11.4126781955418;33472
-6.25164833333333;48.4117166666667;-3.47922317466961;-11.3800262311588;33587
-6.25651833333333;48.405875;-3.80090908975217;-11.69799533183;33714
-6.26310166666667;48.3979483333333;-3.59617202385513;-11.762548680746;33883
-6.27042666666667;48.3889466666667;-3.97193142228011;-11.5353264419683;34055
-6.27548;48.3827466666667;-3.80090908975217;-11.69799533183;34175
-6.279775;48.3776;-3.6464005925647;-11.2224670736824;34305
-6.28614333333333;48.3698066666667;-3.77000727243405;-11.6028893174012;34441
-6.29191666666667;48.3629083333333;-3.77000727243405;-11.6028893174012;34583
-6.29713666666667;48.3567316666667;-3.89361424700497;-11.9833124681182;34711
-6.30275333333333;48.350055;-4.24104964676796;-11.652188139281;34843
-6.30480666666667;48.3476466666667;-4.3720889160994;-11.3896810251995;34919
-6.31151666666667;48.3403733333333;-5.0028607874112;-11.236609303249;35057
-6.31851666666667;48.333535;-8.20073786238134;-9.43386975278465;35183
-6.33661666666667;48.3154466666667;-8.5287673768766;-9.81122454289603;35554
-6.342435;48.3095483333333;-8.09912412725441;-9.65216027552189;35684
-6.34832;48.3035166666667;-5.0435342189822;-11.3279633262783;35793
-6.35511666666667;48.2967916666667;-5.2469025405201;-11.7847360550996;35934
-6.36357666666667;48.28907;-5.3689236110217;-12.0587998666374;36103
-6.37221166666667;48.2812516666667;-5.19672408343339;-12.2427147264898;36261
-6.37925333333333;48.274925;-5.04043140845953;-11.8745122583917;36389
-6.38669;48.2683183333333;-5.1655552894838;-11.6020271378161;36521
-6.39348833333333;48.2622033333333;-4.98226776388217;-12.3315454425846;36639
-6.40371;48.2528783333333;-4.079024266809;-12.5539458336964;36846
-6.40984666666667;48.24685;-4.04812274419244;-12.4588407262658;36960
-6.41786333333333;48.2387866666667;-6.83595830646018;-10.9398201169132;37113
-6.42385;48.2319966666667;-3.24175330874967;-13.0019623619599;37239
-6.42974333333333;48.2251416666667;-2.94685889771665;-12.7642482203793;37374
-6.435655;48.2183483333333;-2.78601657764596;-13.1071774766993;37502
-6.44273333333333;48.2101116666667;-2.68206073223708;-12.6181036763324;37660
-6.450925;48.20078;-6.95301401128573;-11.5717585594785;37841
-6.45963833333333;48.1908233333333;-6.34999990463257;-10.9985224628811;38041
-6.47177166666667;48.17681;-6.38647193241324;-10.6288742017228;38309
-6.48501666666667;48.1609533333333;-3.04821597684169;-12.225726521216;38645
-6.49245833333333;48.152415;-6.57099867434358;-10.515796068835;38805
-6.49723;48.1469133333333;-3.04821597684169;-12.225726521216;38921
-6.50382;48.1395316666667;-2.87887046535016;-11.5465187725459;39064
-6.508835;48.1335566666667;-6.67698293148654;-10.6854063350756;39191
-6.51524833333333;48.1257616666667;-6.59013253144513;-10.1479141920671;39341
-6.52808166666667;48.1115716666667;-6.59013253144513;-10.1479141920671;39638
-6.53347666666667;48.1057933333333;-2.99983141315;-12.0316666356839;39758
-6.53961833333333;48.0991933333333;-2.76689801133555;-11.9847519827047;39895
-6.55135333333333;48.086635;-2.83438337054472;-12.2770631879866;40152
-6.556495;48.0808083333333;-6.28346441566694;-10.4574409050741;40275
-6.56382833333333;48.07257;-6.42674071705897;-9.89631286171972;40442
-6.57460166666667;48.0606533333333;-2.5157315382069;-11.8355863420127;40692
-6.58012;48.0544483333333;-2.5157315382069;-11.8355863420127;40837
-6.58607666666667;48.04759;-6.62399080291506;-10.6006012019553;40971
-6.59217;48.040555;-2.74440282008914;-11.8873146045335;41101
-6.59744166666667;48.0345916666667;-3.31288382667808;-12.3638507607358;41229
-6.60263333333333;48.0287266666667;-2.92725502904186;-11.740578658078;41339
-6.60954;48.02091;-3.04821597684169;-12.225726521216;41498
-6.614965;48.0148566666667;-3.04821597684169;-12.225726521216;41622
-6.62242333333333;48.0067833333333;-3.50059436630223;-12.2080233550705;41790
-6.62896333333333;47.999755;-6.94194256360314;-11.1094303831539;41923
-6.63450833333333;47.9936916666667;-6.971379752074;-10.7349834296651;42050
-6.637895;47.9901666666667;-3.19336897577267;-12.8079034017739;42109
-6.64399666666667;47.9834816666667;-2.92436370647024;-12.6668108422081;42246
-6.64960166666667;47.976815;-3.33876558309088;-12.4604427906575;42375
-6.65498833333333;47.9706516666667;-2.99184906567941;-12.95912204749;42488
-6.66048833333333;47.9645133333333;-3.14498464279568;-12.613844441588;42615
-6.66636833333333;47.9578766666667;-3.02402369499584;-12.12869657845;42748
-6.67212166666667;47.9510816666667;-3.44229334922934;-12.8468136738803;42873
-6.678185;47.944585;-4.83242491216419;-11.960671370219;42999
-6.68485166666667;47.9389783333333;-8.76561119855411;-9.73519749724112;43122
-6.691835;47.9335483333333;-8.96634986995563;-9.95814037790983;43249
-6.69933166666667;47.92765;-5.698824908258;-11.6843226018892;43365
-6.70667166666667;47.9219066666667;-5.9926745099702;-11.7612859493405;43494
-6.71474666666667;47.9159266666667;-6.08347252332629;-11.9394870842321;43622
-6.72232666666667;47.9104433333333;-6.12887174648387;-12.028588076543;43742
-6.73016833333333;47.90466;-5.87417319974831;-12.0438398775461;43871
-6.73779666666667;47.8993066666667;-5.74266219016223;-11.7742023493818;43995
-6.74521166666667;47.89399;-5.9018764966141;-11.5830848144488;44109
-6.75400833333333;47.8878016666667;-5.450270862058;-12.2415087839209;44254
-6.76161666666667;47.88209;-7.88377703286604;-10.4621254862748;44380
-6.76798833333333;47.8769066666667;-3.92451576962152;-12.0784175755488;44503
-6.77490833333333;47.87071;-2.4423551772137;-12.5648281353606;44628
-6.78186666666667;47.8639066666667;-6.20556323162321;-11.1951324182047;44767
-6.78803333333333;47.8575183333333;-5.81107848325801;-11.4048836795571;44895
-6.79390333333333;47.8508133333333;-1.90850044365331;-12.0497975668741;45028
-6.79940833333333;47.8443733333333;-1.72574639881449;-12.2793236746382;45160
-6.80443833333333;47.838615;-5.77450031181105;-10.8602555605737;45279
-6.81087166666667;47.831335;-1.67007721152079;-11.8832168248988;45433
-6.81602666666667;47.825045;-1.8928570866618;-11.9510292979744;45568
-6.82084;47.819315;-5.49281719505033;-10.3304866680406;45686
-6.82159666666667;47.8184083333333;-5.58671141806291;-10.5070760182035;45700
-6.82672666666667;47.8122233333333;-2.04904852959054;-11.6207316733812;45831
-6.83119166666667;47.8064733333333;-1.78335284178362;-11.2596467060114;45948
-6.836905;47.7992816666667;-1.81463985414169;-11.4571851276768;46103
-6.84331333333333;47.7912966666667;-2.21338441915577;-11.386875702454;46275
-6.84846166666667;47.78516;-2.04904852959054;-11.6207316733812;46403
-6.85413166666667;47.778685;-5.63365875343069;-10.5953711143071;46541
-6.85910166666667;47.7726983333333;-5.1754915238472;-10.1574740358554;46670
-6.86388;47.766455;-1.79899634796265;-11.3584159168441;46796
-6.87093;47.7580216666667;-2.04904852959054;-11.6207316733812;46978
-6.87541666666667;47.7527683333333;-2.01431892717792;-11.423770310616;47093
-6.88078;47.7461033333333;-5.26628997016237;-10.3356760204771;47221
-6.885915;47.7397466666667;-2.03168364558233;-11.5222505224057;47352
-6.89091833333333;47.7340566666667;-2.10114301601138;-11.9161741871221;47472
-6.89662166666667;47.727545;-2.06641324799495;-11.7192118851709;47617
-6.90161166666667;47.7218566666667;-1.9969540431697;-11.3252891596404;47735
-6.907685;47.7146116666667;-1.79899634796265;-11.3584159168441;47879
-6.91304166666667;47.7085083333333;-2.01431892717792;-11.423770310616;48021
-6.91861833333333;47.7023683333333;-2.27062697219303;-11.6813631085661;48144
-6.92378166666667;47.6966916666667;-5.35197563666997;-10.065602221774;48273
-6.92927333333333;47.69083;-1.49899294712805;-12.2083178545014;48403
-6.93429;47.6849816666667;-1.61440802422708;-11.4871099751595;48532
-6.93927;47.6793083333333;-1.55873870420757;-11.0910021810269;48664
-6.94462166666667;47.6736283333333;-5.57531063283287;-10.0581266321031;48802
-6.95337166666667;47.6646233333333;-1.67384874609296;-10.5682650559814;49004
-6.95965833333333;47.6583283333333;-1.76770948479211;-11.1608784371117;49161
-6.96556666666667;47.6526;-1.94485955674886;-11.0298466458996;49287
-6.96717166666667;47.6511066666667;-5.49281719505033;-10.3304866680406;49320
-6.97305333333333;47.6453533333333;-1.65820538910146;-10.4694967870817;49489
-6.98040833333333;47.638015;-1.94485955674886;-11.0298466458996;49647
-6.986025;47.632865;-2.0416562141351;-10.5034106756595;49785
-6.99164;47.6279716666667;-1.65820538910146;-10.4694967870817;49909
-6.99704666666667;47.6228716666667;-1.03483174647532;-9.84576638476591;50048
-7.00244;47.617485;-1.80594098149455;-10.2420002556526;50174
-7.00735666666667;47.6127216666667;-4.55905975938108;-9.34745773864862;50303
-7.01225666666667;47.6078366666667;-1.04528463267653;-9.94521895368273;50423
-7.01701;47.6030216666667;-1.25525426031775;-10.2232255512188;50551
-7.021245;47.5984433333333;-0.972114728326396;-9.24905381661494;50674
-7.02568333333333;47.5934816666667;-1.28039250228744;-9.1104660435438;50805
-7.02942166666667;47.5891733333333;-1.28039250228744;-9.1104660435438;50940
-7.03461666666667;47.5832966666667;-3.9726114991465;-8.51929285241553;51083
-7.03983666666667;47.57751;-1.54870114422327;-9.77811419511866;51237
-7.04871166666667;47.5675916666667;-1.06619030539284;-10.1441231430664;51474
-7.05353666666667;47.5620216666667;-1.55873870420757;-11.0910021810269;51619
-7.057935;47.556875;-1.32837579662665;-10.8187526742641;51742
-7.06261166666667;47.55111;-1.48915215372754;-10.5958681466562;51866
-7.06695;47.54601;-4.67610223390914;-9.1773673690862;51997
-7.07574666666667;47.5358933333333;-1.50306951691387;-10.6948953312876;52249
-7.079975;47.53087;-1.39173100960066;-9.9026806874157;52350
-7.08481666666667;47.5252016666667;-1.24306727948777;-10.1239705574283;52480
-7.09269166666667;47.515225;-1.00347328724391;-9.54741057491542;52743
-7.10983833333333;47.4903316666667;-0.923850906372452;-10.5596641797906;53318
-7.124685;47.4679733333333;-1.27962810575405;-10.4217345922339;53828
-7.13632333333333;47.45021;-1.36493662289292;-11.1165167090697;54235
-7.14050666666667;47.4437533333333;-0.767321211185373;-10.9732045528581;54370
-7.16039833333333;47.4136066666667;-0.802199448057436;-11.471986577988;55009
-7.18202333333333;47.3830216666667;-1.55873870420757;-11.0910021810269;55660
-7.31123666666667;47.2294616666667;-2.38448126185699;-10.3283230584162;59186
-7.33233833333333;47.206885;-2.6369485697505;-10.5762230462699;59715
-7.36715333333333;47.168185;-2.63995421067989;-9.85244324391277;60608
-7.37173833333333;47.1630733333333;-2.42947142981975;-10.5231968855269;60733
-7.390185;47.1417616666667;-2.46760328897367;-9.89701622294594;61261
-7.41723;47.1108566666667;-2.83906481748874;-9.9009956515108;62027
-7.53687666666667;46.973905;-2.97688349539724;-10.38162649948;65380
-7.684065;46.82476;-5.40789978655557;-9.00025665737218;69094
-7.68823166666667;46.8195016666667;-2.20386400198026;-10.368364940912;69225
-7.69479833333333;46.8119766666667;-2.42947142981975;-10.5231968855269;69406
-7.70271166666667;46.8024466666667;-2.45196640653611;-10.6206333344664;69619
-7.715105;46.7875383333333;-2.24544630048781;-10.563994274492;69980
-8.01930333333333;46.426885;-3.3038003191324;-10.806243924783;78229
-8.10396166666667;46.3344633333333;-3.42074888949054;-11.1887654623669;80271
-8.168785;46.26438;-3.39918693812443;-10.4616216792467;81873
-8.36271166666667;46.04176;-2.15614168414888;-11.0923873601891;86917
-8.38012;46.020985;-2.51945176574528;-10.9129445397483;87376
-8.40091666666667;45.9966233333333;-2.37019319601044;-11.1508822752317;87916
-8.41311;45.9819716666667;-2.54194695699168;-11.0103819179195;88235
