"x";"y";"vx";"vy";"t"
-6.463;47.688715;6.31046777319607;12.3849903463263;0
-6.46244333333333;47.6893966666667;6.35586699635365;12.4740913386371;12
-6.463;47.688715;6.31046777319607;12.3849903463263;21
-6.46107333333333;47.6910916666667;6.13719605504708;12.5831166481883;42
-6.45969;47.692805;6.35586699635365;12.4740913386371;72
-6.45724666666667;47.6958633333333;6.31046777319607;12.3849903463263;128
-6.45696666666667;47.6961916666667;6.09335877314285;12.4932369006957;134
-6.45724666666667;47.6958633333333;6.31046777319607;12.3849903463263;150
-6.45473333333333;47.69892;6.09335877314285;12.4932369006957;180
-6.45446166666667;47.69926;6.31046777319607;12.3849903463263;190
-6.454145;47.699655;6.09335877314285;12.4932369006957;200
-6.45147;47.7030016666667;6.31046777319607;12.3849903463263;252
-6.441825;47.7150083333333;6.35586699635365;12.4740913386371;463
-6.41597666666667;47.7473733333333;6.21966975983997;12.2067892114346;1037
-6.41549666666667;47.747995;6.21966975983997;12.2067892114346;1046
-6.41418833333333;47.74962;6.26506898299756;12.2958902037455;1077
-6.36531666666667;47.80973;6.12887174648388;12.028588076543;2164
-6.36395166666667;47.811345;5.96184776355677;12.2235993725314;2195
-6.363495;47.81189;5.96184776355677;12.2235993725314;2203
-6.362155;47.81347;6.12887174648388;12.028588076543;2239
-6.352145;47.8255533333333;5.96184776355677;12.2235993725314;2453
-6.351695;47.8260966666667;6.17427096964147;12.1176890688538;2463
-6.30011666666667;47.8913866666667;4.83796731886155;12.6033357577122;3643
-6.27657833333333;47.9279983333333;4.6856758983265;12.8737887255348;4275
-6.27355666666667;47.9327316666667;4.6856758983265;12.8737887255348;4355
-6.26687333333333;47.9431966666667;4.6856758983265;12.8737887255348;4534
-6.263175;47.9490283333333;4.6856758983265;12.8737887255348;4636
-6.26244666666667;47.9501983333333;4.65147407969943;12.7798200011526;4655
-6.26204833333333;47.9508366666667;4.6856758983265;12.8737887255348;4663
-6.26171833333333;47.9513616666667;4.6856758983265;12.8737887255348;4675
-6.261305;47.9519966666667;4.6856758983265;12.8737887255348;4685
-6.25987333333333;47.9543266666667;4.6856758983265;12.8737887255348;4723
-6.25955;47.9548416666667;4.65147407969943;12.7798200011526;4736
-6.25918666666667;47.95543;4.65147407969943;12.7798200011526;4745
-6.25880333333333;47.95602;4.6856758983265;12.8737887255348;4762
-6.25767166666667;47.9578316666667;4.87380425052261;12.6966941564946;4783
-6.253655;47.96415;4.65147407969943;12.7798200011526;4897
-6.25075833333333;47.968775;4.65147407969943;12.7798200011526;4973
-6.23964166666667;47.9852483333333;5.409597430487;12.1501547608916;5265
-6.23876666666667;47.9864083333333;5.62082296175934;12.0538937404519;5284
-6.23797833333333;47.98747;5.409597430487;12.1501547608916;5303
-6.23715333333333;47.98857;5.6630845461093;12.1445240005621;5326
-6.23675;47.9891233333333;5.45027086205801;12.2415087839209;5336
-6.23588833333333;47.9902916666667;5.6630845461093;12.1445240005621;5357
-6.23551666666667;47.9907866666667;5.45027086205801;12.2415087839209;5364
-6.23512333333333;47.9913416666667;5.6630845461093;12.1445240005621;5371
-6.23385666666667;47.99307;5.6630845461093;12.1445240005621;5407
-6.22642833333333;48.00313;5.6630845461093;12.1445240005621;5585
-6.22107333333333;48.0103916666667;5.6630845461093;12.1445240005621;5715
-6.2174;48.0153366666667;5.6630845461093;12.1445240005621;5803
-6.21570166666667;48.0175733333333;5.6630845461093;12.1445240005621;5842
-6.19494;48.0446833333333;5.83033633590739;11.9539609872103;6335
-6.19237166666667;48.0479883333333;5.62082296175934;12.0538937404519;6395
-6.0845;48.1840316666667;5.62082296175934;12.0538937404519;8911
-6.04440166666667;48.2340683333333;5.62082296175934;12.0538937404519;9833
-6.04351166666667;48.235175;5.78649905400316;11.8640812397176;9854
-6.03405333333333;48.247;5.5785609743692;11.9632626160193;10073
-6.03145333333333;48.2503016666667;5.53629939001924;11.8726323559091;10132
-6.02682833333333;48.2561833333333;5.5785609743692;11.9632626160193;10242
-6.0255;48.257845;5.53629939001924;11.8726323559091;10275
-6.01037833333333;48.27709;5.49403740262909;11.7820012314764;10635
-6.00360833333333;48.2856866666667;5.69882490825801;11.6843226018892;10796
-5.99901333333333;48.2915283333333;5.49403740262909;11.7820012314764;10906
-5.953055;48.350035;5.36725184349885;11.510108722501;12016
-5.95144;48.3521183333333;5.5234766167677;11.3248053262322;12057
-5.95107666666667;48.35259;5.5234766167677;11.3248053262322;12065
-5.949445;48.354685;5.36725184349885;11.510108722501;12106
-5.94898666666667;48.3552666666667;5.36725184349885;11.510108722501;12115
-5.94861;48.3557383333333;5.36725184349885;11.510108722501;12123
-5.948165;48.35632;5.36725184349885;11.510108722501;12134
-5.94779833333333;48.35679;5.36725184349885;11.510108722501;12144
-5.94733;48.35737;5.36725184349885;11.510108722501;12151
-5.94694833333333;48.357845;5.36725184349885;11.510108722501;12166
-5.94535833333333;48.3599533333333;5.36725184349885;11.510108722501;12205
-5.94454166666667;48.36101;5.56731348060862;11.4146842165681;12226
-5.94369;48.36212;5.56731348060862;11.4146842165681;12243
-5.94327833333333;48.3626383333333;5.56731348060862;11.4146842165681;12253
-5.94008833333333;48.3667916666667;5.36725184349885;11.510108722501;12336
-5.93934166666667;48.3677983333333;5.36725184349885;11.510108722501;12353
-5.938865;48.368425;5.56731348060862;11.4146842165681;12365
-5.93849333333333;48.368895;5.56731348060862;11.4146842165681;12377
-5.93692333333333;48.370935;5.32499025914889;11.4194784623908;12413
-5.93609833333333;48.3720283333333;5.36725184349885;11.510108722501;12438
-5.93407833333333;48.374675;5.5234766167677;11.3248053262322;12486
-5.93214;48.3771783333333;5.36725184349885;11.510108722501;12531
-5.93165833333333;48.3778116666667;5.56731348060862;11.4146842165681;12546
-5.931255;48.3783233333333;5.36725184349885;11.510108722501;12554
-5.93085666666667;48.3788483333333;5.36725184349885;11.510108722501;12566
-5.93009333333333;48.379845;5.36725184349885;11.510108722501;12584
-5.92763;48.3829633333333;5.5234766167677;11.3248053262322;12642
-5.92635;48.3845683333333;5.32499025914889;11.4194784623908;12674
-5.92555666666667;48.3856083333333;5.32499025914889;11.4194784623908;12698
-5.92473666666667;48.3866383333333;5.32499025914889;11.4194784623908;12716
-5.92436166666667;48.387145;5.32499025914889;11.4194784623908;12723
-5.923955;48.3876683333333;5.36725184349885;11.510108722501;12737
-5.92352;48.3881916666667;5.32499025914889;11.4194784623908;12743
-5.92310666666667;48.3887216666667;5.5234766167677;11.3248053262322;12755
-5.92275;48.3891916666667;5.32499025914889;11.4194784623908;12762
-5.921895;48.3902733333333;5.32499025914889;11.4194784623908;12785
-5.92149333333333;48.3908;5.32499025914889;11.4194784623908;12796
-5.92067666666667;48.3918483333333;5.32499025914889;11.4194784623908;12815
-5.918655;48.3944483333333;5.32499025914889;11.4194784623908;12867
-5.91825;48.3949733333333;5.32499025914889;11.4194784623908;12876
-5.91742;48.3960133333333;5.5234766167677;11.3248053262322;12897
-5.91661833333333;48.3970433333333;5.32499025914889;11.4194784623908;12916
-5.915795;48.39808;5.32499025914889;11.4194784623908;12933
-5.915;48.3991266666667;5.5234766167677;11.3248053262322;12957
-5.91419666666667;48.400115;5.32499025914889;11.4194784623908;12975
-5.91378333333333;48.4006383333333;5.32499025914889;11.4194784623908;12984
-5.913325;48.401205;5.32499025914889;11.4194784623908;12996
-5.91252333333333;48.40224;5.32499025914889;11.4194784623908;13016
-5.912155;48.4027033333333;5.32499025914889;11.4194784623908;13024
-5.91090833333333;48.4042633333333;5.5234766167677;11.3248053262322;13052
-5.91004833333333;48.40534;5.36725184349885;11.510108722501;13076
-5.90929833333333;48.4063166666667;5.32499025914889;11.4194784623908;13093
-5.908855;48.4068833333333;5.32499025914889;11.4194784623908;13108
-5.90765166666667;48.4084516666667;5.32499025914889;11.4194784623908;13134
-5.90689833333333;48.40944;5.32499025914889;11.4194784623908;13153
-5.90646;48.41002;5.32499025914889;11.4194784623908;13166
-5.906095;48.41049;5.32499025914889;11.4194784623908;13176
-5.905735;48.4109633333333;5.56731348060862;11.4146842165681;13187
-5.90448666666667;48.4125816666667;5.32499025914889;11.4194784623908;13212
-5.903675;48.413625;5.32499025914889;11.4194784623908;13234
-5.90331166666667;48.41409;5.5234766167677;11.3248053262322;13246
-5.90208333333333;48.41571;5.32499025914889;11.4194784623908;13273
-5.90163;48.4162816666667;5.32499025914889;11.4194784623908;13284
-5.901265;48.4167566666667;5.32499025914889;11.4194784623908;13294
-5.90090666666667;48.4172333333333;5.32499025914889;11.4194784623908;13306
-5.90044333333333;48.4178683333333;5.32499025914889;11.4194784623908;13317
-5.89923833333333;48.41943;5.28272827175874;11.3288473379581;13347
-5.89887333333333;48.4198983333333;5.32499025914889;11.4194784623908;13353
-5.89847666666667;48.4204166666667;5.32499025914889;11.4194784623908;13363
-5.89806;48.4209933333333;5.32499025914889;11.4194784623908;13375
-5.89766333333333;48.4215183333333;5.32499025914889;11.4194784623908;13386
-5.89731166666667;48.4219866666667;5.28272827175874;11.3288473379581;13396
-5.89652166666667;48.423035;5.32499025914889;11.4194784623908;13413
-5.89612333333333;48.423555;5.32499025914889;11.4194784623908;13426
-5.89531833333333;48.42465;5.5234766167677;11.3248053262322;13443
-5.89496;48.425115;5.32499025914889;11.4194784623908;13452
-5.894515;48.42568;5.5234766167677;11.3248053262322;13466
-5.89257666666667;48.428215;5.32499025914889;11.4194784623908;13515
-5.89212333333333;48.4287816666667;5.5234766167677;11.3248053262322;13525
-5.89135666666667;48.4297683333333;5.32499025914889;11.4194784623908;13545
-5.89094333333333;48.43028;5.5234766167677;11.3248053262322;13554
-5.89007833333333;48.431365;5.32499025914889;11.4194784623908;13577
-5.88931333333333;48.43235;5.32499025914889;11.4194784623908;13594
-5.88850333333333;48.43338;5.28272827175874;11.3288473379581;13616
-5.88806333333333;48.4339483333333;5.28272827175874;11.3288473379581;13626
-5.88528833333333;48.4376116666667;5.5234766167677;11.3248053262322;13698
-5.88487666666667;48.438125;5.32499025914889;11.4194784623908;13705
-5.88376;48.4396383333333;5.32499025914889;11.4194784623908;13737
-5.88291333333333;48.4407333333333;5.32499025914889;11.4194784623908;13754
-5.88251;48.4412433333333;5.32499025914889;11.4194784623908;13767
-5.88214333333333;48.4417116666667;5.5234766167677;11.3248053262322;13774
-5.88173;48.4422383333333;5.56731348060862;11.4146842165681;13784
-5.88132833333333;48.4427533333333;5.32499025914889;11.4194784623908;13792
-5.88049333333333;48.443845;5.32499025914889;11.4194784623908;13816
-5.8797;48.4448766666667;5.32499025914889;11.4194784623908;13834
-5.87934333333333;48.445345;5.32499025914889;11.4194784623908;13844
-5.87894666666667;48.4458683333333;5.5234766167677;11.3248053262322;13854
-5.87656166666667;48.44898;5.32499025914889;11.4194784623908;13917
-5.87415666666667;48.4520933333333;5.32499025914889;11.4194784623908;13976
-5.87181166666667;48.4552333333333;5.32499025914889;11.4194784623908;14038
-5.87058833333333;48.456865;5.5234766167677;11.3248053262322;14066
-5.87017833333333;48.4573883333333;5.5234766167677;11.3248053262322;14075
-5.86978;48.4579116666667;5.5234766167677;11.3248053262322;14083
-5.869425;48.458385;5.32499025914889;11.4194784623908;14094
-5.86782;48.46052;5.32499025914889;11.4194784623908;14134
-5.86468;48.4646566666667;5.32499025914889;11.4194784623908;14214
-5.86145166666667;48.46887;5.32499025914889;11.4194784623908;14294
-5.85908166666667;48.47199;5.32499025914889;11.4194784623908;14356
-5.857525;48.4740283333333;5.32499025914889;11.4194784623908;14392
-5.85712666666667;48.4745516666667;5.32499025914889;11.4194784623908;14404
-5.85440666666667;48.4781966666667;5.28272827175874;11.3288473379581;14474
-5.853615;48.4792333333333;5.32499025914889;11.4194784623908;14494
-5.85321166666667;48.4797516666667;5.32499025914889;11.4194784623908;14502
-5.852805;48.4802733333333;5.5234766167677;11.3248053262322;14512
-5.852425;48.4807866666667;5.5234766167677;11.3248053262322;14523
-5.85202666666667;48.4813083333333;5.47963933486347;11.2349255787396;14533
-5.85127;48.4823033333333;5.5234766167677;11.3248053262322;14554
-5.85084;48.48288;5.28272827175874;11.3288473379581;14565
-5.84962;48.4844516666667;5.5234766167677;11.3248053262322;14595
-5.84802666666667;48.4865433333333;5.32499025914889;11.4194784623908;14633
-5.84721333333333;48.487585;5.32499025914889;11.4194784623908;14652
-5.846015;48.4891566666667;5.32499025914889;11.4194784623908;14682
-5.84562666666667;48.4896833333333;5.32499025914889;11.4194784623908;14691
-5.84522333333333;48.4902033333333;5.32499025914889;11.4194784623908;14703
-5.84319333333333;48.4928466666667;5.28272827175874;11.3288473379581;14754
-5.84244;48.49384;5.47963933486347;11.2349255787396;14774
-5.84204166666667;48.4943583333333;5.5234766167677;11.3248053262322;14787
-5.84165666666667;48.494875;5.32499025914889;11.4194784623908;14793
-5.84006333333333;48.4969466666667;5.5234766167677;11.3248053262322;14832
-5.83967333333333;48.49747;5.5234766167677;11.3248053262322;14846
-5.83843;48.4990833333333;5.28272827175874;11.3288473379581;14873
-5.83769833333333;48.5000183333333;5.5234766167677;11.3248053262322;14895
-5.83684833333333;48.5011266666667;5.32499025914889;11.4194784623908;14912
-5.83643333333333;48.50165;5.32499025914889;11.4194784623908;14924
-5.83600333333333;48.5022266666667;5.5234766167677;11.3248053262322;14933
-5.83482333333333;48.5037383333333;5.5234766167677;11.3248053262322;14963
-5.83441;48.5042633333333;5.32499025914889;11.4194784623908;14974
-5.833995;48.504785;5.32499025914889;11.4194784623908;14984
-5.833555;48.5053533333333;5.5234766167677;11.3248053262322;14993
-5.83322;48.5057616666667;5.32499025914889;11.4194784623908;15003
-5.83237833333333;48.5068516666667;5.5234766167677;11.3248053262322;15026
-5.83192666666667;48.5074216666667;5.5234766167677;11.3248053262322;15032
-5.83156666666667;48.5078883333333;5.32499025914889;11.4194784623908;15044
-5.83113333333333;48.5084566666667;5.32499025914889;11.4194784623908;15052
-5.83033833333333;48.5094833333333;5.47963933486347;11.2349255787396;15073
-5.82917166666667;48.510975;5.32499025914889;11.4194784623908;15105
-5.82871;48.5115483333333;5.32499025914889;11.4194784623908;15112
-5.82752666666667;48.5130483333333;5.32499025914889;11.4194784623908;15143
-5.82708166666667;48.5136183333333;5.32499025914889;11.4194784623908;15155
-5.82548666666667;48.5156966666667;5.32499025914889;11.4194784623908;15194
-5.82469166666667;48.5167483333333;5.5234766167677;11.3248053262322;15213
-5.82432;48.5172133333333;5.32499025914889;11.4194784623908;15226
-5.82386666666667;48.5177866666667;5.32499025914889;11.4194784623908;15232
-5.82355166666667;48.5182016666667;5.5234766167677;11.3248053262322;15243
-5.82306166666667;48.5188216666667;5.32499025914889;11.4194784623908;15254
-5.822705;48.5192916666667;5.32499025914889;11.4194784623908;15264
-5.82228;48.51987;5.5234766167677;11.3248053262322;15274
-5.821515;48.520855;5.32499025914889;11.4194784623908;15295
-5.82115;48.5213216666667;5.5234766167677;11.3248053262322;15303
-5.820285;48.5224116666667;5.5234766167677;11.3248053262322;15321
-5.81984;48.5229866666667;5.32499025914889;11.4194784623908;15334
-5.81867;48.524435;5.36725184349885;11.510108722501;15363
-5.81818166666667;48.5250666666667;5.32499025914889;11.4194784623908;15374
-5.817815;48.525535;5.32499025914889;11.4194784623908;15385
-5.81736166666667;48.5261016666667;5.32499025914889;11.4194784623908;15394
-5.816255;48.5275683333333;5.32499025914889;11.4194784623908;15421
-5.815765;48.528195;5.36725184349885;11.510108722501;15434
-5.81495833333333;48.5292383333333;5.5234766167677;11.3248053262322;15452
-5.81421166666667;48.5302383333333;5.32499025914889;11.4194784623908;15473
-5.81337833333333;48.5313466666667;5.36725184349885;11.510108722501;15496
-5.81302333333333;48.5318216666667;5.36725184349885;11.510108722501;15504
-5.81262166666667;48.53235;5.36725184349885;11.510108722501;15512
-5.81226666666667;48.5328266666667;5.36725184349885;11.510108722501;15524
-5.81147333333333;48.5338616666667;5.36725184349885;11.510108722501;15544
-5.811025;48.53443;5.32499025914889;11.4194784623908;15552
-5.810625;48.5349516666667;5.32499025914889;11.4194784623908;15563
-5.80861833333333;48.5375583333333;5.32499025914889;11.4194784623908;15612
-5.80782333333333;48.5386116666667;5.32499025914889;11.4194784623908;15633
-5.80746;48.5390833333333;5.5234766167677;11.3248053262322;15644
-5.80700833333333;48.539655;5.5234766167677;11.3248053262322;15654
-5.80656;48.5402283333333;5.32499025914889;11.4194784623908;15665
-5.80621;48.5406983333333;5.32499025914889;11.4194784623908;15674
-5.80539666666667;48.5417433333333;5.32499025914889;11.4194784623908;15693
-5.804995;48.5422566666667;5.32499025914889;11.4194784623908;15703
-5.80460333333333;48.54278;5.32499025914889;11.4194784623908;15712
-5.80380666666667;48.5438216666667;5.32499025914889;11.4194784623908;15733
-5.80301166666667;48.5448633333333;5.5234766167677;11.3248053262322;15754
-5.80216;48.5459533333333;5.32499025914889;11.4194784623908;15773
-5.80141;48.5469466666667;5.5234766167677;11.3248053262322;15792
-5.80060833333333;48.5479833333333;5.5234766167677;11.3248053262322;15811
-5.80019333333333;48.548505;5.5234766167677;11.3248053262322;15822
-5.799765;48.5490733333333;5.32499025914889;11.4194784623908;15835
-5.79936333333333;48.54959;5.32499025914889;11.4194784623908;15842
-5.79821;48.5510966666667;5.5234766167677;11.3248053262322;15873
-5.79781833333333;48.55162;5.5234766167677;11.3248053262322;15883
-5.79737833333333;48.55219;5.5234766167677;11.3248053262322;15896
-5.79660666666667;48.5531733333333;5.32499025914889;11.4194784623908;15913
-5.79621166666667;48.553695;5.28272827175874;11.3288473379581;15924
-5.79580666666667;48.55422;5.32499025914889;11.4194784623908;15933
-5.795405;48.5547383333333;5.32499025914889;11.4194784623908;15943
-5.79497666666667;48.5553116666667;5.5234766167677;11.3248053262322;15952
-5.79386166666667;48.5567616666667;5.32499025914889;11.4194784623908;15985
-5.79343333333333;48.5573333333333;5.28272827175874;11.3288473379581;15993
-5.792595;48.5584183333333;5.28272827175874;11.3288473379581;16012
-5.79186;48.5593983333333;5.28272827175874;11.3288473379581;16034
-5.79152;48.5598633333333;5.28272827175874;11.3288473379581;16044
-5.79108;48.560435;5.32499025914889;11.4194784623908;16056
-5.790645;48.5610066666667;5.28272827175874;11.3288473379581;16063
-5.789895;48.561995;5.5234766167677;11.3248053262322;16083
-5.78953666666667;48.5624583333333;5.28272827175874;11.3288473379581;16093
-5.78827;48.56412;5.28272827175874;11.3288473379581;16123
-5.78751833333333;48.5651116666667;5.28272827175874;11.3288473379581;16143
-5.78717;48.565575;5.47963933486347;11.2349255787396;16155
-5.78677833333333;48.566095;5.28272827175874;11.3288473379581;16162
-5.78554;48.567755;5.28272827175874;11.3288473379581;16192
-5.785195;48.5682266666667;5.47963933486347;11.2349255787396;16202
-5.78402166666667;48.5697716666667;5.47963933486347;11.2349255787396;16233
-5.78358833333333;48.5703333333333;5.43580205295924;11.145045831247;16246
-5.783185;48.57085;5.47963933486347;11.2349255787396;16254
-5.78281833333333;48.5713083333333;5.47963933486347;11.2349255787396;16263
-5.78242166666667;48.571825;5.47963933486347;11.2349255787396;16272
-5.78202666666667;48.572345;5.43580205295924;11.145045831247;16284
-5.781625;48.5728633333333;5.43580205295924;11.145045831247;16296
-5.78116666666667;48.5734266666667;5.47963933486347;11.2349255787396;16304
-5.78000833333333;48.5749216666667;5.28272827175874;11.3288473379581;16332
-5.77958;48.5754933333333;5.2404662843686;11.2382162135255;16344
-5.779215;48.5759516666667;5.2404662843686;11.2382162135255;16356
-5.778395;48.577035;5.43580205295924;11.145045831247;16377
-5.778035;48.5774983333333;5.43580205295924;11.145045831247;16385
-5.77768;48.5779566666667;5.43580205295924;11.145045831247;16393
-5.775665;48.5805883333333;5.2404662843686;11.2382162135255;16445
-5.775305;48.5810516666667;5.2404662843686;11.2382162135255;16451
-5.77482666666667;48.5816716666667;5.28272827175874;11.3288473379581;16467
-5.77448333333333;48.582135;5.43580205295924;11.145045831247;16472
-5.77212833333333;48.5852;5.28272827175874;11.3288473379581;16534
-5.77174666666667;48.5857183333333;5.2404662843686;11.2382162135255;16542
-5.77132333333333;48.5862833333333;5.2404662843686;11.2382162135255;16556
-5.77174666666667;48.5857183333333;5.2404662843686;11.2382162135255;16568
-5.77057666666667;48.5872683333333;5.28272827175874;11.3288473379581;16573
-5.77016666666667;48.5878483333333;5.47963933486347;11.2349255787396;16588
-5.76981;48.58832;5.28272827175874;11.3288473379581;16594
-5.76861666666667;48.5899316666667;5.47963933486347;11.2349255787396;16623
-5.76748166666667;48.5914366666667;5.28272827175874;11.3288473379581;16651
-5.766245;48.5930316666667;5.28272827175874;11.3288473379581;16686
-5.76546666666667;48.59406;5.47963933486347;11.2349255787396;16703
-5.765105;48.5945183333333;5.2404662843686;11.2382162135255;16713
-5.764315;48.5955483333333;5.47963933486347;11.2349255787396;16734
-5.763885;48.5961166666667;5.28272827175874;11.3288473379581;16746
-5.7631;48.5971516666667;5.28272827175874;11.3288473379581;16766
-5.76151333333333;48.5992166666667;5.28272827175874;11.3288473379581;16805
-5.76037333333333;48.6007166666667;5.28272827175874;11.3288473379581;16833
-5.75954;48.601805;5.28272827175874;11.3288473379581;16853
-5.75880666666667;48.6027916666667;5.28272827175874;11.3288473379581;16873
-5.75837333333333;48.6033566666667;5.28272827175874;11.3288473379581;16885
-5.75802333333333;48.6038216666667;5.47963933486347;11.2349255787396;16893
-5.75759833333333;48.6043933333333;5.28272827175874;11.3288473379581;16904
-5.75683666666667;48.60544;5.47963933486347;11.2349255787396;16923
-5.75603833333333;48.6064733333333;5.47963933486347;11.2349255787396;16947
-5.75565666666667;48.6069966666667;5.47963933486347;11.2349255787396;16953
-5.75485666666667;48.6080316666667;5.47963933486347;11.2349255787396;16972
-5.75448166666667;48.6085683333333;5.28272827175874;11.3288473379581;16984
-5.75293;48.61064;5.47963933486347;11.2349255787396;17024
-5.752575;48.6111033333333;5.28272827175874;11.3288473379581;17033
-5.75175833333333;48.6121866666667;5.47963933486347;11.2349255787396;17054
-5.751375;48.612705;5.28272827175874;11.3288473379581;17062
-5.74982333333333;48.6148;5.47963933486347;11.2349255787396;17102
-5.749075;48.61577;5.43580205295924;11.145045831247;17127
-5.74865;48.61633;5.47963933486347;11.2349255787396;17133
-5.747885;48.6173533333333;5.43580205295924;11.145045831247;17153
-5.74709666666667;48.618375;5.43580205295924;11.145045831247;17178
-5.74630166666667;48.6194;5.43580205295924;11.145045831247;17195
-5.74473333333333;48.6214566666667;5.2404662843686;11.2382162135255;17233
-5.74399666666667;48.622435;5.28272827175874;11.3288473379581;17254
-5.74282833333333;48.6239766666667;5.2404662843686;11.2382162135255;17283
-5.74165;48.6255233333333;5.28272827175874;11.3288473379581;17314
-5.740835;48.6266066666667;5.2404662843686;11.2382162135255;17336
-5.74048666666667;48.627065;5.2404662843686;11.2382162135255;17346
-5.74007833333333;48.6276366666667;5.43580205295924;11.145045831247;17355
-5.73972;48.6280883333333;5.2404662843686;11.2382162135255;17366
-5.73932833333333;48.628595;5.2404662843686;11.2382162135255;17373
-5.73891;48.62916;5.43580205295924;11.145045831247;17382
-5.73852333333333;48.6296783333333;5.2404662843686;11.2382162135255;17397
-5.73818333333333;48.630145;5.2404662843686;11.2382162135255;17402
-5.736585;48.632265;5.2404662843686;11.2382162135255;17442
-5.73620166666667;48.6327833333333;5.2404662843686;11.2382162135255;17457
-5.73585666666667;48.6332483333333;5.2404662843686;11.2382162135255;17462
-5.73620166666667;48.6327833333333;5.2404662843686;11.2382162135255;17468
-5.73550333333333;48.6337133333333;5.2404662843686;11.2382162135255;17474
-5.73468333333333;48.6348083333333;5.47963933486347;11.2349255787396;17496
-5.733175;48.63682;5.2404662843686;11.2382162135255;17535
-5.73270333333333;48.6374366666667;5.28272827175874;11.3288473379581;17545
-5.73235833333333;48.6378983333333;5.47963933486347;11.2349255787396;17554
-5.73192833333333;48.63847;5.47963933486347;11.2349255787396;17563
-5.73154166666667;48.6389933333333;5.28272827175874;11.3288473379581;17573
-5.73117333333333;48.63951;5.28272827175874;11.3288473379581;17588
-5.73083666666667;48.6399733333333;5.28272827175874;11.3288473379581;17593
-5.73007166666667;48.641005;5.28272827175874;11.3288473379581;17611
-5.72966;48.64158;5.28272827175874;11.3288473379581;17622
-5.72701666666667;48.6451466666667;5.47963933486347;11.2349255787396;17695
-5.72659166666667;48.6457166666667;5.43580205295924;11.145045831247;17704
-5.72470333333333;48.6482666666667;5.47963933486347;11.2349255787396;17752
-5.72428833333333;48.648845;5.47963933486347;11.2349255787396;17765
-5.723505;48.6498866666667;5.2404662843686;11.2382162135255;17783
-5.72274666666667;48.6508783333333;5.28272827175874;11.3288473379581;17805
-5.72236166666667;48.6514033333333;5.28272827175874;11.3288473379581;17812
-5.72195166666667;48.65198;5.28272827175874;11.3288473379581;17825
-5.72164833333333;48.652395;5.28272827175874;11.3288473379581;17832
-5.720475;48.6539916666667;5.28272827175874;11.3288473379581;17863
-5.71932166666667;48.655545;5.28272827175874;11.3288473379581;17895
-5.71895;48.6560633333333;5.47963933486347;11.2349255787396;17903
-5.71780666666667;48.6576216666667;5.47963933486347;11.2349255787396;17933
-5.71697666666667;48.6587066666667;5.28272827175874;11.3288473379581;17953
-5.71621666666667;48.6597483333333;5.47963933486347;11.2349255787396;17973
-5.71586;48.660215;5.47963933486347;11.2349255787396;17985
-5.71548;48.6607283333333;5.47963933486347;11.2349255787396;17991
-5.71467166666667;48.661805;5.28272827175874;11.3288473379581;18015
-5.71433166666667;48.6622716666667;5.28272827175874;11.3288473379581;18023
-5.71358666666667;48.6633133333333;5.28272827175874;11.3288473379581;18046
-5.71280333333333;48.6644316666667;5.47963933486347;11.2349255787396;18063
-5.71205833333333;48.6654266666667;5.28272827175874;11.3288473379581;18083
-5.71161333333333;48.66599;5.28272827175874;11.3288473379581;18093
-5.71127333333333;48.66646;5.47963933486347;11.2349255787396;18103
-5.71085666666667;48.6670283333333;5.47963933486347;11.2349255787396;18115
-5.71045666666667;48.66754;5.28272827175874;11.3288473379581;18129
-5.70971166666667;48.66852;5.47963933486347;11.2349255787396;18142
-5.70929833333333;48.6691;5.28272827175874;11.3288473379581;18152
-5.708945;48.6695666666667;5.28272827175874;11.3288473379581;18162
-5.70851833333333;48.6701316666667;5.2404662843686;11.2382162135255;18176
-5.708135;48.6706516666667;5.28272827175874;11.3288473379581;18184
-5.70775;48.6711683333333;5.28272827175874;11.3288473379581;18192
-5.70739833333333;48.671635;5.28272827175874;11.3288473379581;18205
-5.70664;48.6726816666667;5.28272827175874;11.3288473379581;18226
-5.70545666666667;48.6742833333333;5.28272827175874;11.3288473379581;18255
-5.70509;48.6748066666667;5.28272827175874;11.3288473379581;18262
-5.70433833333333;48.6757933333333;5.28272827175874;11.3288473379581;18287
-5.7039;48.6763666666667;5.28272827175874;11.3288473379581;18293
-5.70354333333333;48.67689;5.28272827175874;11.3288473379581;18303
-5.70276666666667;48.677915;5.2404662843686;11.2382162135255;18323
-5.70238833333333;48.6784316666667;5.2404662843686;11.2382162135255;18334
-5.70204333333333;48.67889;5.2404662843686;11.2382162135255;18343
-5.70162833333333;48.6794566666667;5.28272827175874;11.3288473379581;18354
-5.70085166666667;48.6804916666667;5.2404662843686;11.2382162135255;18377
-5.700455;48.681;5.2404662843686;11.2382162135255;18384
-5.70011;48.6814716666667;5.2404662843686;11.2382162135255;18391
-5.69972833333333;48.6819966666667;5.2404662843686;11.2382162135255;18406
-5.6993;48.6825716666667;5.2404662843686;11.2382162135255;18413
-5.69892333333333;48.6830833333333;5.2404662843686;11.2382162135255;18426
-5.69853833333333;48.6836016666667;5.28272827175874;11.3288473379581;18437
-5.69743333333333;48.68508;5.43580205295924;11.145045831247;18463
-5.69699166666667;48.68565;5.47963933486347;11.2349255787396;18473
-5.69662166666667;48.6861683333333;5.2404662843686;11.2382162135255;18485
-5.69623333333333;48.68669;5.28272827175874;11.3288473379581;18494
-5.69550166666667;48.6876716666667;5.2404662843686;11.2382162135255;18513
-5.69510833333333;48.6881866666667;5.2404662843686;11.2382162135255;18525
-5.69354333333333;48.690315;5.28272827175874;11.3288473379581;18562
-5.69282333333333;48.691315;5.28272827175874;11.3288473379581;18584
-5.69201833333333;48.692405;5.28272827175874;11.3288473379581;18605
-5.69127;48.6934466666667;5.47963933486347;11.2349255787396;18625
-5.68938;48.6960016666667;5.47963933486347;11.2349255787396;18671
-5.68893333333333;48.696575;5.47963933486347;11.2349255787396;18686
-5.68857166666667;48.6970433333333;5.28272827175874;11.3288473379581;18691
-5.68814333333333;48.69762;5.47963933486347;11.2349255787396;18704
-5.68776;48.69814;5.28272827175874;11.3288473379581;18713
-5.68740666666667;48.6986066666667;5.28272827175874;11.3288473379581;18721
-5.686585;48.6996933333333;5.28272827175874;11.3288473379581;18743
-5.68623;48.7001566666667;5.28272827175874;11.3288473379581;18752
-5.68538166666667;48.7012516666667;5.28272827175874;11.3288473379581;18774
-5.684215;48.7028;5.28272827175874;11.3288473379581;18803
-5.683865;48.703275;5.28272827175874;11.3288473379581;18814
-5.68343;48.7038516666667;5.28272827175874;11.3288473379581;18824
-5.68304166666667;48.7043766666667;5.28272827175874;11.3288473379581;18835
-5.68153166666667;48.7063983333333;5.28272827175874;11.3288473379581;18872
-5.68070166666667;48.7074733333333;5.5234766167677;11.3248053262322;18896
-5.679145;48.709525;5.32499025914889;11.4194784623908;18935
-5.67871833333333;48.7100983333333;5.32499025914889;11.4194784623908;18943
-5.67639166666667;48.7132466666667;5.32499025914889;11.4194784623908;19006
-5.67562333333333;48.7143;5.32499025914889;11.4194784623908;19023
-5.674835;48.7153483333333;5.5234766167677;11.3248053262322;19043
-5.67447833333333;48.7158233333333;5.5234766167677;11.3248053262322;19051
-5.67403833333333;48.7164;5.56731348060862;11.4146842165681;19067
-5.67368833333333;48.7168716666667;5.32499025914889;11.4194784623908;19072
-5.67325166666667;48.717455;5.36725184349885;11.510108722501;19083
-5.672895;48.717935;5.56731348060862;11.4146842165681;19093
-5.67247833333333;48.7185183333333;5.56731348060862;11.4146842165681;19106
-5.67213333333333;48.7189966666667;5.56731348060862;11.4146842165681;19112
-5.671345;48.72005;5.56731348060862;11.4146842165681;19134
-5.67096166666667;48.7205866666667;5.36725184349885;11.510108722501;19147
-5.669365;48.7227833333333;5.36725184349885;11.510108722501;19183
-5.66902;48.72327;5.56731348060862;11.4146842165681;19194
-5.668625;48.7237966666667;5.36725184349885;11.510108722501;19206
-5.66821166666667;48.724325;5.36725184349885;11.510108722501;19211
-5.66744833333333;48.7254033333333;5.36725184349885;11.510108722501;19232
-5.66702666666667;48.7259933333333;5.36725184349885;11.510108722501;19249
-5.66550166666667;48.7281233333333;5.5234766167677;11.3248053262322;19282
-5.66400666666667;48.730185;5.5234766167677;11.3248053262322;19323
-5.66360833333333;48.730715;5.5234766167677;11.3248053262322;19334
-5.66283333333333;48.7317866666667;5.5234766167677;11.3248053262322;19353
-5.66240333333333;48.732375;5.56731348060862;11.4146842165681;19363
-5.662055;48.7328516666667;5.5234766167677;11.3248053262322;19376
-5.661665;48.7333816666667;5.56731348060862;11.4146842165681;19381
-5.66087666666667;48.73449;5.5234766167677;11.3248053262322;19404
-5.66051666666667;48.7349583333333;5.32499025914889;11.4194784623908;19413
-5.6601;48.7355416666667;5.36725184349885;11.510108722501;19423
-5.65979166666667;48.7359683333333;5.36725184349885;11.510108722501;19431
-5.6601;48.7355416666667;5.36725184349885;11.510108722501;19436
-5.65979166666667;48.7359683333333;5.36725184349885;11.510108722501;19442
-5.658565;48.73768;5.36725184349885;11.510108722501;19465
-5.65712;48.7397433333333;5.36725184349885;11.510108722501;19504
-5.65670666666667;48.74033;5.36725184349885;11.510108722501;19516
-5.65641666666667;48.7407633333333;5.36725184349885;11.510108722501;19522
-5.65601666666667;48.7413516666667;5.56731348060862;11.4146842165681;19532
-5.65491833333333;48.7429583333333;5.36725184349885;11.510108722501;19562
-5.653815;48.74456;5.36725184349885;11.510108722501;19593
-5.653135;48.74558;5.56731348060862;11.4146842165681;19612
-5.65231333333333;48.74676;5.36725184349885;11.510108722501;19636
-5.65162;48.7477633333333;5.5234766167677;11.3248053262322;19652
-5.65088333333333;48.748765;5.5234766167677;11.3248053262322;19670
-5.65009333333333;48.749945;5.5234766167677;11.3248053262322;19698
-5.64981833333333;48.7503733333333;5.72028046990192;11.2266825446655;19703
-5.64941;48.7509516666667;6.10860140004404;11.0202086435973;19715
-5.64866333333333;48.7519366666667;6.48947994033812;10.80030831583;19730
-5.648145;48.7525283333333;6.43797593637568;10.7145912587764;19747
-5.64771833333333;48.75304;6.48947994033812;10.80030831583;19753
-5.64737;48.7534433333333;6.80798793768784;10.4833820993178;19763
-5.64689;48.7540083333333;6.98991129338434;10.362969656938;19773
-5.64591333333333;48.755055;7.16970545438808;10.2394005536124;19792
-5.64543666666667;48.7555266666667;7.16970545438808;10.2394005536124;19803
-5.64499;48.7559666666667;7.16970545438808;10.2394005536124;19812
-5.644035;48.7569183333333;7.46250605751119;9.90308001993116;19831
-5.64298;48.7578883333333;7.80357260895131;9.63660962560878;19856
-5.64147166666667;48.7591433333333;8.36413257948573;9.28931031846743;19882
-5.64030166666667;48.7600666666667;8.61376352870043;8.91981324979292;19903
-5.63964166666667;48.7605366666667;8.83883476483184;8.83883476483184;19914
-5.63902166666667;48.7609616666667;8.99174750423314;8.68322963073747;19924
-5.638465;48.76135;9.28931031846743;8.36413257948573;19933
-5.63719166666667;48.762145;9.57555553898723;8.03484512108174;19951
-5.63653166666667;48.76251;9.98294387559116;7.5226877894006;19969
-5.63505833333333;48.7632166666667;10.1574850367018;7.11234759195093;19986
-5.63440333333333;48.7635;10.1574850367018;7.11234759195093;19992
-5.63361166666667;48.763855;10.2800655834298;6.9339917897221;20003
-5.63294666666667;48.7641433333333;10.4833820993178;6.80798793768784;20013
-5.63143;48.764825;10.6006012019553;6.62399080291506;20035
-5.62999666666667;48.7653833333333;10.6006012019553;6.62399080291506;20053
-5.62918;48.76572;10.4833820993178;6.80798793768784;20065
-5.62850166666667;48.76599;10.6006012019553;6.62399080291506;20072
-5.62774833333333;48.7662866666667;10.4833820993178;6.80798793768784;20084
-5.62692166666667;48.7666416666667;10.4833820993178;6.80798793768784;20094
-5.62616666666667;48.7669316666667;10.4833820993178;6.80798793768784;20105
-5.62471833333333;48.7675516666667;10.4833820993178;6.80798793768784;20123
-5.62243833333333;48.7684183333333;10.6006012019553;6.62399080291506;20152
-5.62091666666667;48.769;10.4833820993178;6.80798793768784;20176
-5.62016166666667;48.7692866666667;10.4833820993178;6.80798793768784;20183
-5.61948166666667;48.769545;10.3995147225958;6.75352382642303;20196
-5.61873666666667;48.76984;10.515796068835;6.57099867434358;20204
-5.61717166666667;48.7704583333333;10.3995147225958;6.75352382642303;20222
-5.613565;48.77197;10.2800655834298;6.9339917897221;20274
-5.61276666666667;48.7723116666667;10.1971623005534;6.87807281934777;20286
-5.61202833333333;48.7726166666667;10.1574850367018;7.11234759195093;20293
-5.61136;48.7728983333333;10.1574850367018;7.11234759195093;20303
-5.61062666666667;48.7732233333333;10.0755703009955;7.05499027651889;20315
-5.60917333333333;48.7738566666667;10.0755703009955;7.05499027651889;20331
-5.60765666666667;48.7745283333333;10.1574850367018;7.11234759195093;20355
-5.604905;48.775715;10.0755703009955;7.05499027651889;20394
-5.60202166666667;48.7769783333333;10.0755703009955;7.05499027651889;20431
-5.60129166666667;48.7773;10.1971623005534;6.87807281934777;20443
-5.60056166666667;48.777625;10.1971623005534;6.87807281934777;20451
-5.59976833333333;48.7779683333333;10.0755703009955;7.05499027651889;20464
-5.59767333333333;48.7788583333333;10.0755703009955;7.05499027651889;20492
-5.59695;48.7791616666667;10.1971623005534;6.87807281934777;20502
-5.59622833333333;48.779455;10.1971623005534;6.87807281934777;20513
-5.595425;48.7797866666667;10.0755703009955;7.05499027651889;20524
-5.594705;48.7800916666667;10.1971623005534;6.87807281934777;20534
-5.59326166666667;48.7806966666667;10.0755703009955;7.05499027651889;20553
-5.59261833333333;48.7809716666667;9.99365478408485;6.99763241408174;20563
-5.5919;48.781275;10.1142582270451;6.82215331568553;20573
-5.59111333333333;48.78161;9.99365478408485;6.99763241408174;20582
-5.59047166666667;48.7818866666667;10.0755703009955;7.05499027651889;20595
-5.58831333333333;48.7828266666667;9.91174004837851;6.94027509864971;20622
-5.58759166666667;48.783135;10.0313549441687;6.7662343453112;20634
-5.58680833333333;48.7834833333333;9.91174004837851;6.94027509864971;20642
-5.58544833333333;48.78408;10.0313549441687;6.7662343453112;20666
-5.583285;48.7850183333333;10.0313549441687;6.7662343453112;20692
-5.58184;48.785645;10.0313549441687;6.7662343453112;20715
-5.57531;48.7883783333333;10.1142582270451;6.82215331568553;20802
-5.572365;48.7896366666667;9.91174004837851;6.94027509864971;20845
-5.57163666666667;48.7899333333333;10.0313549441687;6.7662343453112;20855
-5.57091333333333;48.7902383333333;10.1142582270451;6.82215331568553;20868
-5.57026166666667;48.79051;10.0313549441687;6.7662343453112;20873
-5.56803166666667;48.79146;9.99365478408485;6.99763241408174;20905
-5.56731166666667;48.7917683333333;10.0313549441687;6.7662343453112;20912
-5.56594166666667;48.792335;9.91174004837851;6.94027509864971;20934
-5.56445833333333;48.792905;10.0313549441687;6.7662343453112;20954
-5.56381833333333;48.7931416666667;9.99365478408485;6.99763241408174;20964
-5.56234833333333;48.793765;10.1142582270451;6.82215331568553;20987
-5.561695;48.794015;10.1142582270451;6.82215331568553;20993
-5.56090333333333;48.7943583333333;9.99365478408485;6.99763241408174;21006
-5.56018666666667;48.7946633333333;9.99365478408485;6.99763241408174;21014
-5.55953333333333;48.79494;10.1142582270451;6.82215331568553;21025
-5.55799833333333;48.7955916666667;10.1142582270451;6.82215331568553;21044
-5.55660833333333;48.7961883333333;9.91174004837851;6.94027509864971;21064
-5.55436333333333;48.7971333333333;9.99365478408485;6.99763241408174;21095
-5.553635;48.797435;9.99365478408485;6.99763241408174;21106
-5.552975;48.797715;9.99365478408485;6.99763241408174;21112
-5.55225;48.7980233333333;9.99365478408485;6.99763241408174;21124
-5.55001833333333;48.7989466666667;9.99365478408485;6.99763241408174;21154
-5.54864333333333;48.799525;9.99365478408485;6.99763241408174;21172
-5.54647166666667;48.80044;9.99365478408485;6.99763241408174;21203
-5.54567;48.8007816666667;10.1971623005534;6.87807281934777;21215
-5.54493666666667;48.801105;9.99365478408485;6.99763241408174;21222
-5.54428;48.8013916666667;10.0755703009955;7.05499027651889;21236
-5.54355666666667;48.8017033333333;9.99365478408485;6.99763241408174;21246
-5.542765;48.802035;9.99365478408485;6.99763241408174;21255
-5.542115;48.8023116666667;10.0755703009955;7.05499027651889;21266
-5.54132;48.8026483333333;10.1142582270451;6.82215331568553;21274
-5.53992666666667;48.8032316666667;10.0755703009955;7.05499027651889;21295
-5.53701166666667;48.804455;10.0755703009955;7.05499027651889;21335
-5.536215;48.804785;10.0755703009955;7.05499027651889;21342
-5.53189;48.806635;10.0755703009955;7.05499027651889;21402
-5.53042166666667;48.80726;10.1971623005534;6.87807281934777;21426
-5.52969333333333;48.8075616666667;10.1971623005534;6.87807281934777;21432
-5.52896666666667;48.8078683333333;10.1971623005534;6.87807281934777;21444
-5.528295;48.8081616666667;10.0755703009955;7.05499027651889;21451
-5.52603;48.8091216666667;10.0755703009955;7.05499027651889;21484
-5.52458333333333;48.8097433333333;10.0755703009955;7.05499027651889;21504
-5.52393333333333;48.81002;10.1971623005534;6.87807281934777;21512
-5.52248;48.8106316666667;10.0755703009955;7.05499027651889;21533
-5.52168666666667;48.8109866666667;10.0755703009955;7.05499027651889;21546
-5.519585;48.8119166666667;10.1971623005534;6.87807281934777;21575
-5.51878;48.81227;10.0755703009955;7.05499027651889;21583
-5.51737333333333;48.8128466666667;10.1971623005534;6.87807281934777;21603
-5.51666666666667;48.8131333333333;10.1971623005534;6.87807281934777;21616
-5.51598166666667;48.8134083333333;10.1971623005534;6.87807281934777;21626
-5.51300166666667;48.8147166666667;10.1971623005534;6.87807281934777;21663
-5.51228833333333;48.8150166666667;10.0755703009955;7.05499027651889;21673
-5.51157833333333;48.8153333333333;10.1971623005534;6.87807281934777;21686
-5.51094666666667;48.815595;10.0755703009955;7.05499027651889;21695
-5.51018333333333;48.8159133333333;10.0755703009955;7.05499027651889;21707
-5.507325;48.8171883333333;10.0755703009955;7.05499027651889;21747
-5.5052;48.8181633333333;10.1971623005534;6.87807281934777;21774
-5.50307;48.8191116666667;10.1971623005534;6.87807281934777;21803
-5.502425;48.8193983333333;10.1971623005534;6.87807281934777;21813
-5.498775;48.82103;10.1971623005534;6.87807281934777;21864
-5.49310833333333;48.8235316666667;10.0755703009955;7.05499027651889;21946
-5.49232333333333;48.823885;10.1142582270451;6.82215331568553;21953
-5.49088;48.8245066666667;9.99365478408485;6.99763241408174;21972
-5.48879333333333;48.8254283333333;10.0755703009955;7.05499027651889;22005
-5.48800666666667;48.8257766666667;10.1142582270451;6.82215331568553;22016
-5.48729166666667;48.8260883333333;10.1971623005534;6.87807281934777;22023
-5.48658;48.8263966666667;9.99365478408485;6.99763241408174;22032
-5.48375;48.8276433333333;10.0755703009955;7.05499027651889;22074
-5.48169666666667;48.8285516666667;10.0755703009955;7.05499027651889;22102
-5.48026333333333;48.829185;10.1142582270451;6.82215331568553;22124
-5.478125;48.83013;9.99365478408485;6.99763241408174;22154
-5.47597833333333;48.83107;10.1142582270451;6.82215331568553;22183
-5.473125;48.8323383333333;10.0313549441687;6.7662343453112;22224
-5.472335;48.832695;10.1142582270451;6.82215331568553;22238
-5.47019166666667;48.83364;10.1142582270451;6.82215331568553;22263
-5.469535;48.8339116666667;10.1142582270451;6.82215331568553;22277
-5.46802666666667;48.8345683333333;10.1971623005534;6.87807281934777;22294
-5.46736666666667;48.8348483333333;10.2317807689705;6.64459612330168;22304
-5.46656;48.8351916666667;10.1142582270451;6.82215331568553;22318
-5.46304333333333;48.8366816666667;10.1142582270451;6.82215331568553;22368
-5.46225666666667;48.8370166666667;10.2317807689705;6.64459612330168;22374
-5.46152166666667;48.8373283333333;10.3156481456924;6.69906023456649;22383
-5.46087166666667;48.8376083333333;10.1971623005534;6.87807281934777;22395
-5.46014833333333;48.837915;10.3156481456924;6.69906023456649;22405
-5.45934166666667;48.8382533333333;10.1971623005534;6.87807281934777;22414
-5.45719833333333;48.839155;10.1971623005534;6.87807281934777;22443
-5.45655333333333;48.8394316666667;10.3156481456924;6.69906023456649;22454
-5.45719833333333;48.839155;10.1971623005534;6.87807281934777;22459
-5.45575666666667;48.83977;10.2317807689705;6.64459612330168;22466
-5.45437;48.8403533333333;10.1971623005534;6.87807281934777;22483
-5.453645;48.8406666666667;10.1971623005534;6.87807281934777;22495
-5.45284833333333;48.8410083333333;10.1971623005534;6.87807281934777;22503
-5.452195;48.8412866666667;10.3156481456924;6.69906023456649;22516
-5.45066333333333;48.8419383333333;10.1971623005534;6.87807281934777;22534
-5.45000666666667;48.84222;10.3156481456924;6.69906023456649;22542
-5.449275;48.8425316666667;10.3156481456924;6.69906023456649;22554
-5.448475;48.842865;10.3156481456924;6.69906023456649;22564
-5.44782333333333;48.8431416666667;10.1971623005534;6.87807281934777;22572
-5.44631;48.8437916666667;10.3156481456924;6.69906023456649;22597
-5.4441;48.84472;10.3156481456924;6.69906023456649;22623
-5.442645;48.8453283333333;10.1971623005534;6.87807281934777;22643
-5.44191166666667;48.845635;10.1971623005534;6.87807281934777;22656
-5.44053666666667;48.8462116666667;10.1971623005534;6.87807281934777;22673
-5.43908166666667;48.8468266666667;10.1971623005534;6.87807281934777;22693
-5.43619166666667;48.8480733333333;10.3156481456924;6.69906023456649;22733
-5.43392;48.8490366666667;10.1971623005534;6.87807281934777;22763
-5.43319666666667;48.8493533333333;10.3156481456924;6.69906023456649;22776
-5.43246166666667;48.8496633333333;10.3156481456924;6.69906023456649;22784
-5.43181833333333;48.84995;10.1971623005534;6.87807281934777;22794
-5.429575;48.850915;10.1971623005534;6.87807281934777;22823
-5.42886;48.8512266666667;10.1971623005534;6.87807281934777;22834
-5.42669;48.8521116666667;10.3156481456924;6.69906023456649;22863
-5.42597166666667;48.8524116666667;10.1971623005534;6.87807281934777;22874
-5.42316166666667;48.853605;10.3156481456924;6.69906023456649;22916
-5.42236833333333;48.8539433333333;10.1971623005534;6.87807281934777;22923
-5.42020666666667;48.8548633333333;10.3156481456924;6.69906023456649;22955
-5.418825;48.8554583333333;10.3156481456924;6.69906023456649;22973
-5.4173;48.856105;10.3156481456924;6.69906023456649;22996
-5.415165;48.856995;10.3156481456924;6.69906023456649;23023
-5.41442833333333;48.8572966666667;10.4309917444764;6.5180070511425;23031
-5.412885;48.8579216666667;10.3156481456924;6.69906023456649;23054
-5.41215333333333;48.858225;10.3156481456924;6.69906023456649;23066
-5.40922666666667;48.85942;10.4309917444764;6.5180070511425;23105
-5.40849833333333;48.8597166666667;10.515796068835;6.57099867434358;23112
-5.407835;48.8599766666667;10.3156481456924;6.69906023456649;23123
-5.40638;48.8605783333333;10.3995147225958;6.75352382642303;23145
-5.40484166666667;48.8612083333333;10.3995147225958;6.75352382642303;23163
-5.404105;48.86151;10.515796068835;6.57099867434358;23174
-5.40344333333333;48.8617833333333;10.4309917444764;6.5180070511425;23185
-5.40120666666667;48.8627083333333;10.3995147225958;6.75352382642303;23216
-5.40038333333333;48.8630416666667;10.515796068835;6.57099867434358;23223
-5.39896333333333;48.86363;10.3995147225958;6.75352382642303;23243
-5.39666;48.86459;10.515796068835;6.57099867434358;23273
-5.39517166666667;48.8651966666667;10.515796068835;6.57099867434358;23297
-5.39308333333333;48.86604;10.515796068835;6.57099867434358;23326
-5.39219666666667;48.866405;10.3995147225958;6.75352382642303;23333
-5.390065;48.8672933333333;10.3995147225958;6.75352382642303;23363
-5.38483166666667;48.8694433333333;10.515796068835;6.57099867434358;23432
-5.38425;48.8696766666667;10.515796068835;6.57099867434358;23443
-5.38042333333333;48.8712366666667;10.515796068835;6.57099867434358;23492
-5.37894333333333;48.87183;10.515796068835;6.57099867434358;23517
-5.37533333333333;48.8732783333333;10.515796068835;6.57099867434358;23563
-5.37302833333333;48.87421;10.3995147225958;6.75352382642303;23593
-5.37007;48.8754083333333;10.515796068835;6.57099867434358;23638
-5.36783833333333;48.8763066666667;10.515796068835;6.57099867434358;23665
-5.36717333333333;48.8765716666667;10.515796068835;6.57099867434358;23672
-5.36651166666667;48.876835;10.515796068835;6.57099867434358;23682
-5.36493666666667;48.8774666666667;10.515796068835;6.57099867434358;23711
-5.362;48.8786366666667;10.6288742017228;6.38647193241324;23743
-5.36109;48.878985;10.6288742017228;6.38647193241324;23753
-5.359745;48.8794916666667;10.515796068835;6.57099867434358;23771
-5.35524833333333;48.8812183333333;10.515796068835;6.57099867434358;23832
-5.35434833333333;48.88158;10.515796068835;6.57099867434358;23844
-5.35366666666667;48.8818516666667;10.515796068835;6.57099867434358;23852
-5.352985;48.8821233333333;10.6288742017228;6.38647193241324;23872
-5.35072666666667;48.883005;10.6288742017228;6.38647193241324;23895
-5.34983166666667;48.883345;10.6288742017228;6.38647193241324;23903
-5.34847166666667;48.8838483333333;10.515796068835;6.57099867434358;23923
-5.347575;48.8841883333333;10.6288742017228;6.38647193241324;23933
-5.34532;48.8850716666667;10.515796068835;6.57099867434358;23966
-5.34463833333333;48.8853383333333;10.7145912587764;6.43797593637568;23973
-5.343025;48.8859516666667;10.6006012019553;6.62399080291506;23998
-5.34532;48.8850716666667;10.515796068835;6.57099867434358;24010
-5.34148166666667;48.886525;10.6288742017228;6.38647193241324;24015
-5.33926166666667;48.88735;10.7145912587764;6.43797593637568;24044
-5.33841833333333;48.8876566666667;10.6288742017228;6.38647193241324;24053
-5.33689166666667;48.8882316666667;10.6288742017228;6.38647193241324;24077
-5.33613;48.8885166666667;10.6288742017228;6.38647193241324;24083
-5.33468166666667;48.889075;10.7145912587764;6.43797593637568;24105
-5.333915;48.8893733333333;10.6288742017228;6.38647193241324;24111
-5.33231333333333;48.8899733333333;10.7145912587764;6.43797593637568;24135
-5.33088333333333;48.8904916666667;10.7145912587764;6.43797593637568;24152
-5.330135;48.89077;10.7145912587764;6.43797593637568;24164
-5.32937833333333;48.8910566666667;10.7145912587764;6.43797593637568;24172
-5.328615;48.8913466666667;10.7145912587764;6.43797593637568;24183
-5.32699833333333;48.8919566666667;10.7145912587764;6.43797593637568;24202
-5.3248;48.8927933333333;10.7145912587764;6.43797593637568;24231
-5.32320166666667;48.8933833333333;10.6288742017228;6.38647193241324;24257
-5.321775;48.893925;10.6288742017228;6.38647193241324;24273
-5.32101333333333;48.8942016666667;10.6288742017228;6.38647193241324;24285
-5.32025833333333;48.8944883333333;10.6288742017228;6.38647193241324;24293
-5.31949833333333;48.8947666666667;10.6288742017228;6.38647193241324;24304
-5.31722833333333;48.895635;10.515796068835;6.57099867434358;24332
-5.31647666666667;48.89593;10.7145912587764;6.43797593637568;24347
-5.31494166666667;48.8965016666667;10.515796068835;6.57099867434358;24362
-5.31417166666667;48.896785;10.6288742017228;6.38647193241324;24374
-5.31333666666667;48.8970916666667;10.7145912587764;6.43797593637568;24383
-5.310375;48.89821;10.7145912587764;6.43797593637568;24424
-5.30961833333333;48.8985;10.6288742017228;6.38647193241324;24433
-5.30878833333333;48.898825;10.6288742017228;6.38647193241324;24443
-5.30810666666667;48.8990783333333;10.7145912587764;6.43797593637568;24453
-5.30735166666667;48.8993683333333;10.6288742017228;6.38647193241324;24464
-5.30581166666667;48.89994;10.7145912587764;6.43797593637568;24481
-5.30504833333333;48.9002333333333;10.515796068835;6.57099867434358;24491
-5.30420833333333;48.900555;10.6288742017228;6.38647193241324;24503
-5.30344166666667;48.9008366666667;10.6288742017228;6.38647193241324;24513
-5.301985;48.9013733333333;10.515796068835;6.57099867434358;24532
-5.30122333333333;48.901655;10.6288742017228;6.38647193241324;24546
-5.300455;48.9019383333333;10.6288742017228;6.38647193241324;24553
-5.298855;48.9025383333333;10.515796068835;6.57099867434358;24576
-5.29740333333333;48.9030983333333;10.6288742017228;6.38647193241324;24591
-5.29664833333333;48.9033883333333;10.6288742017228;6.38647193241324;24604
-5.29505666666667;48.9039866666667;10.6288742017228;6.38647193241324;24626
-5.29430666666667;48.9042683333333;10.6288742017228;6.38647193241324;24632
-5.29203833333333;48.9051183333333;10.6288742017228;6.38647193241324;24663
-5.29136166666667;48.9053766666667;10.6288742017228;6.38647193241324;24671
-5.28976;48.9059733333333;10.6288742017228;6.38647193241324;24693
-5.28677666666667;48.9070983333333;10.6006012019553;6.62399080291506;24731
-5.28594666666667;48.9074183333333;10.6006012019553;6.62399080291506;24743
-5.285275;48.9076833333333;10.7145912587764;6.43797593637568;24755
-5.28293166666667;48.9085666666667;10.7145912587764;6.43797593637568;24785
-5.28141;48.9091383333333;10.7145912587764;6.43797593637568;24804
-5.28072166666667;48.9093933333333;10.7145912587764;6.43797593637568;24812
-5.27988333333333;48.9097116666667;10.6006012019553;6.62399080291506;24824
-5.27920166666667;48.9099766666667;10.7145912587764;6.43797593637568;24834
-5.2776;48.91058;10.6006012019553;6.62399080291506;24856
-5.27684333333333;48.9108683333333;10.6006012019553;6.62399080291506;24862
-5.27615833333333;48.911125;10.7145912587764;6.43797593637568;24874
-5.27532333333333;48.911435;10.7145912587764;6.43797593637568;24884
-5.27456333333333;48.9117216666667;10.6288742017228;6.38647193241324;24895
-5.27304166666667;48.9122933333333;10.7145912587764;6.43797593637568;24917
-5.272275;48.9125833333333;10.7145912587764;6.43797593637568;24924
-5.271585;48.9128433333333;10.7145912587764;6.43797593637568;24934
-5.27074333333333;48.9131633333333;10.6006012019553;6.62399080291506;24945
-5.26997666666667;48.9134516666667;10.6006012019553;6.62399080291506;24953
-5.269215;48.913745;10.6006012019553;6.62399080291506;24963
-5.26537166666667;48.9151966666667;10.7145912587764;6.43797593637568;25013
-5.26468333333333;48.915455;10.7145912587764;6.43797593637568;25025
-5.26383333333333;48.915775;10.7145912587764;6.43797593637568;25037
-5.26155166666667;48.916625;10.6006012019553;6.62399080291506;25066
-5.260795;48.9169083333333;10.6006012019553;6.62399080291506;25073
-5.26011166666667;48.9171533333333;10.7145912587764;6.43797593637568;25083
-5.25785166666667;48.9180133333333;10.7145912587764;6.43797593637568;25112
-5.253225;48.9197583333333;10.7145912587764;6.43797593637568;25177
-5.25245833333333;48.9200383333333;10.6006012019553;6.62399080291506;25183
-5.25169833333333;48.920315;10.7145912587764;6.43797593637568;25192
-5.25100833333333;48.9205633333333;10.7145912587764;6.43797593637568;25202
-5.250175;48.9208783333333;10.6006012019553;6.62399080291506;25217
-5.24865;48.921465;10.6006012019553;6.62399080291506;25233
-5.24788166666667;48.9217516666667;10.6006012019553;6.62399080291506;25244
-5.24710666666667;48.9220366666667;10.7145912587764;6.43797593637568;25253
-5.24641666666667;48.9222883333333;10.6006012019553;6.62399080291506;25265
-5.24248666666667;48.923795;10.7145912587764;6.43797593637568;25313
-5.24179833333333;48.92406;10.6006012019553;6.62399080291506;25322
-5.24095666666667;48.9243833333333;10.6006012019553;6.62399080291506;25332
-5.24019833333333;48.9246783333333;10.6006012019553;6.62399080291506;25342
-5.24095666666667;48.9243833333333;10.6006012019553;6.62399080291506;25350
-5.23867666666667;48.92525;10.7145912587764;6.43797593637568;25363
-5.237915;48.9255333333333;10.7145912587764;6.43797593637568;25373
-5.23562;48.9264066666667;10.7145912587764;6.43797593637568;25403
-5.23485833333333;48.92669;10.7145912587764;6.43797593637568;25412
-5.233365;48.9272583333333;10.6006012019553;6.62399080291506;25433
-5.23187;48.92783;10.6006012019553;6.62399080291506;25453
-5.229705;48.9286833333333;10.6006012019553;6.62399080291506;25482
-5.22821833333333;48.9292783333333;10.6006012019553;6.62399080291506;25503
-5.22739;48.9296066666667;10.6006012019553;6.62399080291506;25513
-5.225855;48.9301966666667;10.6006012019553;6.62399080291506;25533
-5.22365333333333;48.9310866666667;10.7145912587764;6.43797593637568;25562
-5.22289166666667;48.9313916666667;10.6006012019553;6.62399080291506;25574
-5.22131666666667;48.9320366666667;10.7145912587764;6.43797593637568;25595
-5.22064166666667;48.93231;10.515796068835;6.57099867434358;25602
-5.21765666666667;48.9335083333333;10.6006012019553;6.62399080291506;25641
-5.21684833333333;48.9338366666667;10.6006012019553;6.62399080291506;25655
-5.21544833333333;48.9344083333333;10.6006012019553;6.62399080291506;25678
-5.21239833333333;48.9356733333333;10.7145912587764;6.43797593637568;25715
-5.21014;48.9365966666667;10.7145912587764;6.43797593637568;25743
-5.20947;48.9368833333333;10.6006012019553;6.62399080291506;25754
-5.20647833333333;48.9381083333333;10.7145912587764;6.43797593637568;25793
-5.204985;48.9387216666667;10.515796068835;6.57099867434358;25814
-5.20424333333333;48.939035;10.7145912587764;6.43797593637568;25822
-5.20341833333333;48.9393783333333;10.7145912587764;6.43797593637568;25832
-5.20267333333333;48.93969;10.7145912587764;6.43797593637568;25845
-5.20200166666667;48.9399683333333;10.7145912587764;6.43797593637568;25853
-5.20117833333333;48.940305;10.7145912587764;6.43797593637568;25867
-5.20050333333333;48.9405766666667;10.7145912587764;6.43797593637568;25874
-5.19894;48.9412133333333;10.6006012019553;6.62399080291506;25894
-5.19600666666667;48.942365;10.7145912587764;6.43797593637568;25931
-5.195255;48.9426633333333;10.6288742017228;6.38647193241324;25944
-5.19444;48.9429916666667;10.7145912587764;6.43797593637568;25953
-5.193695;48.9432916666667;10.6288742017228;6.38647193241324;25969
-5.19219333333333;48.9439133333333;10.6006012019553;6.62399080291506;25983
-5.19152666666667;48.94419;10.7145912587764;6.43797593637568;25991
-5.18628;48.9463;10.6006012019553;6.62399080291506;26066
-5.18319;48.9475283333333;10.6006012019553;6.62399080291506;26104
-5.18175833333333;48.9480883333333;10.7145912587764;6.43797593637568;26123
-5.17568;48.9505183333333;10.7145912587764;6.43797593637568;26209
-5.175005;48.95078;10.8253175473055;6.25;26214
-5.17416833333333;48.9510966666667;10.8253175473055;6.25;26224
-5.17273;48.951655;10.7145912587764;6.43797593637568;26245
-5.17196166666667;48.9519383333333;10.7145912587764;6.43797593637568;26258
-5.17044333333333;48.95252;10.8253175473055;6.25;26277
-5.165795;48.9542666666667;10.9119204180464;6.30000019073487;26335
-5.16419666666667;48.9548833333333;10.8253175473055;6.25;26352
-5.16349166666667;48.9551416666667;10.9119204180464;6.30000019073487;26363
-5.16033666666667;48.9563516666667;10.9119204180464;6.30000019073487;26408
-5.15572166666667;48.95808;10.9119204180464;6.30000019073487;26468
-5.153515;48.9589233333333;10.80030831583;6.48947994033812;26492
-5.151125;48.9598216666667;10.80030831583;6.48947994033812;26527
-5.15043666666667;48.9600916666667;10.80030831583;6.48947994033812;26540
-5.14891166666667;48.960685;10.9119204180464;6.30000019073487;26552
-5.14822666666667;48.9609466666667;10.80030831583;6.48947994033812;26565
-5.14731;48.9612966666667;10.80030831583;6.48947994033812;26572
-5.14654666666667;48.961595;10.9119204180464;6.30000019073487;26583
-5.14433666666667;48.9624516666667;10.9119204180464;6.30000019073487;26611
-5.13663833333333;48.9654683333333;10.9119204180464;6.30000019073487;26712
-5.13513;48.966095;10.9119204180464;6.30000019073487;26746
-5.13284833333333;48.9669966666667;10.80030831583;6.48947994033812;26763
-5.13207666666667;48.96729;10.9119204180464;6.30000019073487;26774
-5.13138666666667;48.967555;10.9119204180464;6.30000019073487;26782
-5.128235;48.96879;10.9119204180464;6.30000019073487;26825
-5.12677833333333;48.9693583333333;10.80030831583;6.48947994033812;26845
-5.12134166666667;48.971475;10.9119204180464;6.30000019073487;26914
-5.11988333333333;48.9720383333333;10.80030831583;6.48947994033812;26936
-5.11912333333333;48.9723366666667;10.9119204180464;6.30000019073487;26943
-5.11828333333333;48.9726633333333;10.9119204180464;6.30000019073487;26955
-5.11599666666667;48.973565;10.9119204180464;6.30000019073487;26982
-5.11455666666667;48.9741366666667;10.80030831583;6.48947994033812;27000
-5.11302666666667;48.9747416666667;10.9119204180464;6.30000019073487;27023
-5.11217833333333;48.9750666666667;10.9119204180464;6.30000019073487;27036
-5.11071333333333;48.9756366666667;10.9119204180464;6.30000019073487;27052
-5.10916333333333;48.97624;10.9119204180464;6.30000019073487;27073
-5.10839333333333;48.976545;10.9119204180464;6.30000019073487;27083
-5.10754833333333;48.9768783333333;10.9119204180464;6.30000019073487;27096
-5.10612166666667;48.97745;10.9119204180464;6.30000019073487;27112
-5.10303;48.9786483333333;10.80030831583;6.48947994033812;27154
-5.10003666666667;48.979805;10.9119204180464;6.30000019073487;27198
-5.09692833333333;48.980985;10.9985224628811;6.34999990463257;27236
-5.06508166666667;48.992895;10.7145912587764;6.43797593637568;27643
-5.06125333333333;48.9943516666667;10.80030831583;6.48947994033812;27693
-5.06048333333333;48.9946466666667;10.9119204180464;6.30000019073487;27705
-4.98193166666667;49.02469;10.7387146765646;6.19999980926514;28736
-4.98041333333333;49.025265;10.8452840348876;6.01163910611439;28753
-4.97436666666667;49.0275716666667;10.7387146765646;6.19999980926514;28833
-4.96445166666667;49.0313683333333;10.8253175473055;6.25;28963
-4.96215833333333;49.0322533333333;10.8253175473055;6.25;28992
-4.95986;49.0331533333333;10.8253175473055;6.25;29027
-4.95831833333333;49.033725;10.9327463392424;6.06012025307921;29044
-4.95295833333333;49.035735;11.0202086435973;6.10860140004404;29112
