"x";"y";"vx";"vy";"t"
-5.92966;48.3682116666667;5.74266219016224;11.7742023493818;0
-5.92686666666667;48.371995;5.90187649661411;11.5830848144488;71
-5.92152833333333;48.37912;5.69882490825801;11.6843226018892;206
-5.92078333333333;48.38008;5.90187649661411;11.5830848144488;220
-5.91953333333333;48.38167;5.65498762635378;11.5944428543965;250
-5.91871666666667;48.382735;5.65498762635378;11.5944428543965;274
-5.91224333333333;48.39124;5.85647727345652;11.4939838221379;429
-5.89845666666667;48.4093466666667;5.56731348060862;11.4146842165681;770
-5.89804833333333;48.4098733333333;5.61115076251285;11.5045639640607;784
-5.895665;48.4130383333333;5.56731348060862;11.4146842165681;840
-5.894515;48.4145733333333;5.56731348060862;11.4146842165681;873
-5.892845;48.4167266666667;5.56731348060862;11.4146842165681;913
-5.89244833333333;48.4172566666667;5.56731348060862;11.4146842165681;920
-5.88771166666667;48.4236016666667;5.56731348060862;11.4146842165681;1040
-5.88692666666667;48.42466;5.56731348060862;11.4146842165681;1061
-5.87508333333333;48.440355;5.5234766167677;11.3248053262322;1360
-5.87422;48.4415133333333;5.5234766167677;11.3248053262322;1382
-5.873895;48.4419316666667;5.5234766167677;11.3248053262322;1391
-5.87350166666667;48.4424583333333;5.56731348060862;11.4146842165681;1402
-5.87114833333333;48.4456233333333;5.36725184349885;11.510108722501;1462
-5.86763333333333;48.45037;5.76567926010043;11.3157826872463;1552
-5.864095;48.4551116666667;5.76567926010043;11.3157826872463;1640
-5.86370333333333;48.4556383333333;5.76567926010043;11.3157826872463;1653
-5.86206666666667;48.4577316666667;5.76567926010043;11.3157826872463;1693
-5.86165166666667;48.4582533333333;5.76567926010043;11.3157826872463;1702
-5.86124333333333;48.4587766666667;5.76567926010043;11.3157826872463;1712
-5.86041666666667;48.4598183333333;5.76567926010043;11.3157826872463;1732
-5.859195;48.4613766666667;5.72028046990192;11.2266825446655;1761
-5.85716;48.4639716666667;5.91534187019141;11.1251400068403;1813
-5.85674166666667;48.46449;5.91534187019141;11.1251400068403;1821
-5.85632;48.4650083333333;5.96228875783622;11.2134342608995;1830
-5.854615;48.4670783333333;5.96228875783622;11.2134342608995;1872
-5.85414166666667;48.467645;5.96228875783622;11.2134342608995;1881
-5.85291166666667;48.4691433333333;6.15708208465838;11.1076701138499;1912
-5.85242833333333;48.4697066666667;6.15708208465838;11.1076701138499;1921
-5.85208833333333;48.47012;5.96228875783622;11.2134342608995;1936
-5.85117833333333;48.4711933333333;5.96228875783622;11.2134342608995;1950
-5.85071833333333;48.4717616666667;5.76567926010043;11.3157826872463;1967
-5.84949833333333;48.4732633333333;5.96228875783622;11.2134342608995;1990
-5.84864666666667;48.4742933333333;5.96228875783622;11.2134342608995;2010
-5.84606166666667;48.4773716666667;5.91534187019141;11.1251400068403;2070
-5.845635;48.4778833333333;5.91534187019141;11.1251400068403;2081
-5.84520666666667;48.4783966666667;5.91534187019141;11.1251400068403;2094
-5.844395;48.47937;5.72028046990192;11.2266825446655;2109
-5.84393333333333;48.4799366666667;5.72028046990192;11.2266825446655;2120
-5.84350833333333;48.4804516666667;5.72028046990192;11.2266825446655;2131
-5.84265833333333;48.4814833333333;5.76567926010043;11.3157826872463;2152
-5.84223166666667;48.4819966666667;5.76567926010043;11.3157826872463;2161
-5.84181166666667;48.4825116666667;5.72028046990192;11.2266825446655;2169
-5.84143333333333;48.4829733333333;5.72028046990192;11.2266825446655;2180
-5.84096;48.48354;5.91534187019141;11.1251400068403;2190
-5.840105;48.4845633333333;5.91534187019141;11.1251400068403;2216
-5.839675;48.4850766666667;5.91534187019141;11.1251400068403;2223
-5.83924;48.4855883333333;5.72028046990192;11.2266825446655;2230
-5.83881166666667;48.4861016666667;5.72028046990192;11.2266825446655;2240
-5.838385;48.486615;5.72028046990192;11.2266825446655;2256
-5.83795166666667;48.487125;5.72028046990192;11.2266825446655;2261
-5.83752666666667;48.48764;5.72028046990192;11.2266825446655;2271
-5.836725;48.488615;5.72028046990192;11.2266825446655;2290
-5.836255;48.48918;5.72028046990192;11.2266825446655;2300
-5.83583666666667;48.489695;5.91534187019141;11.1251400068403;2312
-5.83498333333333;48.4907233333333;6.10860140004404;11.0202086435973;2331
-5.83445833333333;48.4913383333333;6.10860140004404;11.0202086435973;2345
-5.83369333333333;48.4922033333333;5.76567926010043;11.3157826872463;2362
-5.83187333333333;48.4944183333333;5.76567926010043;11.3157826872463;2401
-5.831535;48.4948316666667;5.76567926010043;11.3157826872463;2412
-5.83111333333333;48.4953483333333;5.76567926010043;11.3157826872463;2422
-5.82900333333333;48.4979316666667;5.91534187019141;11.1251400068403;2478
-5.82857166666667;48.4984433333333;5.96228875783622;11.2134342608995;2485
-5.82766333333333;48.4995183333333;5.96228875783622;11.2134342608995;2502
-5.82719166666667;48.5000866666667;5.96228875783622;11.2134342608995;2511
-5.826415;48.501015;5.76567926010043;11.3157826872463;2533
-5.82417;48.5036883333333;5.96228875783622;11.2134342608995;2581
-5.82383;48.504105;5.96228875783622;11.2134342608995;2593
-5.82339666666667;48.50462;5.96228875783622;11.2134342608995;2602
-5.82202333333333;48.5062733333333;5.96228875783622;11.2134342608995;2633
-5.82076833333333;48.507695;5.96228875783622;11.2134342608995;2660
-5.81938;48.5093366666667;5.96228875783622;11.2134342608995;2692
-5.81894666666667;48.50985;5.96228875783622;11.2134342608995;2702
-5.81855166666667;48.51031;5.96228875783622;11.2134342608995;2711
-5.818155;48.51077;5.76567926010043;11.3157826872463;2720
-5.81763;48.5113883333333;5.96228875783622;11.2134342608995;2734
-5.81729;48.511805;5.76567926010043;11.3157826872463;2740
-5.81632333333333;48.51293;5.96228875783622;11.2134342608995;2762
-5.81598;48.51334;5.96228875783622;11.2134342608995;2780
-5.81503333333333;48.51447;5.96228875783622;11.2134342608995;2793
-5.813795;48.5158966666667;5.96228875783622;11.2134342608995;2827
-5.81335;48.5164033333333;5.96228875783622;11.2134342608995;2834
-5.81290333333333;48.5169133333333;5.96228875783622;11.2134342608995;2841
-5.81238833333333;48.5175283333333;5.96228875783622;11.2134342608995;2855
-5.81203833333333;48.517935;5.96228875783622;11.2134342608995;2860
-5.81159833333333;48.5184433333333;5.96228875783622;11.2134342608995;2871
-5.810705;48.5194583333333;5.76567926010043;11.3157826872463;2894
-5.81027333333333;48.5199716666667;5.76567926010043;11.3157826872463;2901
-5.80897;48.5215116666667;5.96228875783622;11.2134342608995;2931
-5.80809333333333;48.5225316666667;5.96228875783622;11.2134342608995;2950
-5.80713166666667;48.5236516666667;5.91534187019141;11.1251400068403;2971
-5.806775;48.52406;5.76567926010043;11.3157826872463;2980
-5.80713166666667;48.5236516666667;5.91534187019141;11.1251400068403;2989
-5.80633833333333;48.52457;5.72028046990192;11.2266825446655;2998
-5.80547666666667;48.5255933333333;5.72028046990192;11.2266825446655;3010
-5.805055;48.5261116666667;5.76567926010043;11.3157826872463;3021
-5.80454333333333;48.52673;5.76567926010043;11.3157826872463;3034
-5.80157833333333;48.530205;5.76567926010043;11.3157826872463;3100
-5.80029166666667;48.5317466666667;5.96228875783622;11.2134342608995;3130
-5.79898666666667;48.5332783333333;6.10860140004404;11.0202086435973;3162
-5.797205;48.5353016666667;5.91534187019141;11.1251400068403;3202
-5.796755;48.535805;5.91534187019141;11.1251400068403;3210
-5.79586166666667;48.5368166666667;5.91534187019141;11.1251400068403;3235
-5.795425;48.5373266666667;5.91534187019141;11.1251400068403;3243
-5.79361333333333;48.5394066666667;5.72028046990192;11.2266825446655;3282
-5.79313833333333;48.53997;5.72028046990192;11.2266825446655;3292
-5.79236666666667;48.5408966666667;5.96228875783622;11.2134342608995;3311
-5.79197166666667;48.5413566666667;5.96228875783622;11.2134342608995;3321
-5.79105333333333;48.5424366666667;5.96228875783622;11.2134342608995;3342
-5.789715;48.5439666666667;5.76567926010043;11.3157826872463;3370
-5.78926833333333;48.54448;5.76567926010043;11.3157826872463;3382
-5.78878833333333;48.5450466666667;5.76567926010043;11.3157826872463;3393
-5.78840333333333;48.5455133333333;5.76567926010043;11.3157826872463;3403
-5.78797666666667;48.5460316666667;5.76567926010043;11.3157826872463;3415
-5.78755166666667;48.5465516666667;5.76567926010043;11.3157826872463;3421
-5.78712833333333;48.5470716666667;5.76567926010043;11.3157826872463;3432
-5.785395;48.549145;6.009236093204;11.3017293570032;3472
-5.78495166666667;48.54966;5.81107848325801;11.4048836795571;3481
-5.78307833333333;48.5518083333333;5.76567926010043;11.3157826872463;3521
-5.782725;48.5522183333333;5.76567926010043;11.3157826872463;3538
-5.78228666666667;48.5527333333333;5.76567926010043;11.3157826872463;3547
-5.78185333333333;48.55325;5.76567926010043;11.3157826872463;3554
-5.78143833333333;48.5537683333333;5.76567926010043;11.3157826872463;3562
-5.77973;48.5558333333333;5.96228875783622;11.2134342608995;3601
-5.77929;48.55634;5.96228875783622;11.2134342608995;3614
-5.77884833333333;48.5568533333333;5.96228875783622;11.2134342608995;3622
-5.77707666666667;48.558905;5.96228875783622;11.2134342608995;3664
-5.77663833333333;48.5594183333333;5.76567926010043;11.3157826872463;3671
-5.7762;48.5599316666667;5.76567926010043;11.3157826872463;3684
-5.77525;48.5610733333333;5.76567926010043;11.3157826872463;3704
-5.77447833333333;48.561995;5.96228875783622;11.2134342608995;3721
-5.77403333333333;48.5624983333333;5.91534187019141;11.1251400068403;3731
-5.77315166666667;48.563515;5.91534187019141;11.1251400068403;3757
-5.77183666666667;48.5650466666667;5.91534187019141;11.1251400068403;3781
-5.77139333333333;48.5655533333333;5.72028046990192;11.2266825446655;3792
-5.77100333333333;48.5660133333333;5.76567926010043;11.3157826872463;3800
-5.77052166666667;48.5665733333333;5.76567926010043;11.3157826872463;3814
-5.770035;48.5671283333333;5.72028046990192;11.2266825446655;3822
-5.76963833333333;48.567585;5.91534187019141;11.1251400068403;3831
-5.7692;48.5680933333333;5.76567926010043;11.3157826872463;3840
-5.76963833333333;48.567585;5.91534187019141;11.1251400068403;3851
-5.76831666666667;48.5691083333333;5.91534187019141;11.1251400068403;3860
-5.76787666666667;48.5696183333333;5.91534187019141;11.1251400068403;3870
-5.76734;48.570225;5.91534187019141;11.1251400068403;3882
-5.76698833333333;48.5706316666667;5.72028046990192;11.2266825446655;3894
-5.76659;48.57109;5.72028046990192;11.2266825446655;3900
-5.76610333333333;48.57165;5.72028046990192;11.2266825446655;3910
-5.76566333333333;48.5721583333333;5.72028046990192;11.2266825446655;3922
-5.765225;48.5726666666667;5.72028046990192;11.2266825446655;3930
-5.76470333333333;48.5732783333333;5.72028046990192;11.2266825446655;3942
-5.76435166666667;48.573685;5.72028046990192;11.2266825446655;3952
-5.76347833333333;48.5747066666667;5.72028046990192;11.2266825446655;3973
-5.76260833333333;48.5757333333333;5.96228875783622;11.2134342608995;3994
-5.76173333333333;48.5767533333333;5.96228875783622;11.2134342608995;4010
-5.76132666666667;48.57721;5.96228875783622;11.2134342608995;4020
-5.76083666666667;48.5777666666667;5.91534187019141;11.1251400068403;4032
-5.759935;48.5787766666667;5.72028046990192;11.2266825446655;4050
-5.75815;48.58079;6.10860140004404;11.0202086435973;4092
-5.7577;48.5812933333333;5.91534187019141;11.1251400068403;4101
-5.75591166666667;48.5833;5.91534187019141;11.1251400068403;4140
-5.75541333333333;48.5838483333333;5.91534187019141;11.1251400068403;4156
-5.75455833333333;48.5848016666667;5.72028046990192;11.2266825446655;4170
-5.75368333333333;48.5858166666667;5.72028046990192;11.2266825446655;4192
-5.75325166666667;48.5863233333333;5.72028046990192;11.2266825446655;4201
-5.75368333333333;48.5858166666667;5.72028046990192;11.2266825446655;4209
-5.75281166666667;48.5868283333333;5.91534187019141;11.1251400068403;4219
-5.751385;48.588435;5.72028046990192;11.2266825446655;4242
-5.751035;48.58884;5.5234766167677;11.3248053262322;4255
-5.75060166666667;48.58935;5.5234766167677;11.3248053262322;4261
-5.75013;48.589915;5.72028046990192;11.2266825446655;4272
-5.74974666666667;48.590375;5.72028046990192;11.2266825446655;4281
-5.749325;48.59089;5.72028046990192;11.2266825446655;4293
-5.74848333333333;48.5919233333333;5.72028046990192;11.2266825446655;4314
-5.74805166666667;48.5924366666667;5.91534187019141;11.1251400068403;4321
-5.74757166666667;48.593;5.91534187019141;11.1251400068403;4332
-5.74717666666667;48.593455;5.91534187019141;11.1251400068403;4345
-5.74674333333333;48.5939633333333;5.91534187019141;11.1251400068403;4350
-5.74630333333333;48.59447;5.91534187019141;11.1251400068403;4361
-5.74580833333333;48.5950216666667;5.91534187019141;11.1251400068403;4377
-5.74541333333333;48.5954766666667;5.91534187019141;11.1251400068403;4384
-5.74452;48.5964766666667;5.91534187019141;11.1251400068403;4403
-5.74365;48.5974833333333;5.91534187019141;11.1251400068403;4425
-5.74321833333333;48.5979883333333;5.67488124674433;11.1375815523546;4433
-5.74279;48.5984966666667;5.72028046990192;11.2266825446655;4441
-5.742275;48.5991066666667;5.72028046990192;11.2266825446655;4451
-5.7415;48.6000216666667;5.86839453482364;11.0368449107366;4471
-5.74107166666667;48.6005333333333;5.91534187019141;11.1251400068403;4481
-5.73888666666667;48.60306;5.91534187019141;11.1251400068403;4531
-5.73799166666667;48.604065;5.91534187019141;11.1251400068403;4555
-5.73755333333333;48.60457;5.91534187019141;11.1251400068403;4561
-5.73658166666667;48.605675;5.91534187019141;11.1251400068403;4581
-5.736235;48.6060783333333;5.67488124674433;11.1375815523546;4597
-5.73579666666667;48.6065833333333;5.72028046990192;11.2266825446655;4606
-5.735285;48.6071883333333;5.67488124674433;11.1375815523546;4611
-5.73494666666667;48.607595;5.67488124674433;11.1375815523546;4629
-5.734525;48.6081016666667;5.86839453482364;11.0368449107366;4636
-5.73402166666667;48.60871;5.67488124674433;11.1375815523546;4642
-5.73368666666667;48.6091183333333;5.86839453482364;11.0368449107366;4651
-5.73322833333333;48.6096783333333;5.86839453482364;11.0368449107366;4661
-5.73276166666667;48.6102383333333;5.86839453482364;11.0368449107366;4672
-5.73241833333333;48.61064;5.86839453482364;11.0368449107366;4681
-5.73199333333333;48.6111433333333;5.86839453482364;11.0368449107366;4700
-5.731485;48.6117516666667;5.67488124674433;11.1375815523546;4707
-5.73071833333333;48.6126566666667;5.67488124674433;11.1375815523546;4721
-5.73026166666667;48.6132166666667;5.67488124674433;11.1375815523546;4733
-5.72988833333333;48.6136766666667;5.67488124674433;11.1375815523546;4741
-5.72900666666667;48.61474;5.86839453482364;11.0368449107366;4764
-5.72862166666667;48.6151933333333;5.86839453482364;11.0368449107366;4770
-5.72819166666667;48.615695;5.86839453482364;11.0368449107366;4781
-5.72771333333333;48.6162466666667;5.86839453482364;11.0368449107366;4792
-5.72731833333333;48.616695;5.86839453482364;11.0368449107366;4804
-5.72687666666667;48.6171933333333;5.82144719945586;10.9485498146329;4812
-5.72638333333333;48.61774;5.86839453482364;11.0368449107366;4821
-5.72598666666667;48.6181866666667;5.62948202358675;11.0484805600437;4830
-5.72507833333333;48.61924;5.67488124674433;11.1375815523546;4852
-5.72470166666667;48.619695;5.67488124674433;11.1375815523546;4861
-5.72428;48.6202033333333;5.67488124674433;11.1375815523546;4869
-5.72382166666667;48.6207583333333;5.62948202358675;11.0484805600437;4884
-5.72344333333333;48.621215;5.67488124674433;11.1375815523546;4897
-5.72260666666667;48.6222266666667;5.67488124674433;11.1375815523546;4912
-5.72218666666667;48.62273;5.86839453482364;11.0368449107366;4921
-5.72175833333333;48.6232283333333;5.82144719945586;10.9485498146329;4929
-5.72124333333333;48.6238233333333;5.82144719945586;10.9485498146329;4941
-5.72094;48.6241716666667;5.82144719945586;10.9485498146329;4954
-5.72047666666667;48.624725;5.82144719945586;10.9485498146329;4961
-5.720055;48.6252233333333;5.62948202358675;11.0484805600437;4972
-5.71963166666667;48.6257216666667;5.82144719945586;10.9485498146329;4981
-5.718795;48.6267266666667;5.82144719945586;10.9485498146329;5001
-5.717945;48.627725;5.82144719945586;10.9485498146329;5022
-5.71752166666667;48.6282216666667;5.82144719945586;10.9485498146329;5032
-5.71709;48.6287183333333;5.62948202358675;11.0484805600437;5040
-5.71657;48.6293133333333;5.82144719945586;10.9485498146329;5055
-5.71624;48.629715;5.82144719945586;10.9485498146329;5062
-5.715865;48.630165;5.82144719945586;10.9485498146329;5070
-5.71539166666667;48.6307116666667;5.82144719945586;10.9485498146329;5082
-5.71488;48.6313083333333;5.77450031181105;10.8602555605737;5096
-5.714025;48.632305;5.82144719945586;10.9485498146329;5112
-5.713295;48.6331483333333;5.82144719945586;10.9485498146329;5130
-5.712815;48.6336933333333;5.82144719945586;10.9485498146329;5142
-5.71228666666667;48.6342883333333;5.82144719945586;10.9485498146329;5152
-5.71102;48.6357866666667;5.82144719945586;10.9485498146329;5187
-5.710685;48.6361866666667;5.82144719945586;10.9485498146329;5197
-5.70973333333333;48.6372766666667;5.82144719945586;10.9485498146329;5211
-5.70939166666667;48.6376716666667;5.82144719945586;10.9485498146329;5221
-5.70887833333333;48.6382666666667;5.77450031181105;10.8602555605737;5232
-5.70973333333333;48.6372766666667;5.82144719945586;10.9485498146329;5238
-5.708445;48.6387616666667;5.58408323338824;10.9593804174629;5246
-5.70772166666667;48.6396083333333;5.58408323338824;10.9593804174629;5263
-5.70716;48.64025;5.62948202358675;11.0484805600437;5275
-5.70630666666667;48.6412416666667;5.77450031181105;10.8602555605737;5292
-5.70516333333333;48.642585;5.58408323338824;10.9593804174629;5319
-5.704625;48.6432316666667;5.58408323338824;10.9593804174629;5335
-5.70429833333333;48.6436316666667;5.58408323338824;10.9593804174629;5340
-5.70384333333333;48.64418;5.58408323338824;10.9593804174629;5352
-5.70338;48.644725;5.77450031181105;10.8602555605737;5361
-5.703055;48.6451266666667;5.77450031181105;10.8602555605737;5375
-5.70177;48.6466066666667;5.58408323338824;10.9593804174629;5401
-5.70092833333333;48.647595;5.58408323338824;10.9593804174629;5428
-5.70051333333333;48.6480883333333;5.72755297644327;10.77196046447;5437
-5.700095;48.6485816666667;5.72755297644327;10.77196046447;5443
-5.699675;48.649075;5.53868401023065;10.8702794251521;5450
-5.69885;48.6500633333333;5.72755297644327;10.77196046447;5476
-5.698;48.6510416666667;5.72755297644327;10.77196046447;5490
-5.697615;48.6514816666667;5.72755297644327;10.77196046447;5502
-5.69715;48.652025;5.72755297644327;10.77196046447;5517
-5.69627666666667;48.653;5.91467727453522;10.6703602602802;5530
-5.69575333333333;48.6535833333333;5.72755297644327;10.77196046447;5544
-5.69540833333333;48.653975;5.72755297644327;10.77196046447;5550
-5.695015;48.6544116666667;5.72755297644327;10.77196046447;5561
-5.69454333333333;48.6549483333333;5.72755297644327;10.77196046447;5573
-5.694115;48.6554383333333;5.72755297644327;10.77196046447;5587
-5.69318;48.65652;5.53868401023065;10.8702794251521;5601
-5.69285;48.6569166666667;5.53868401023065;10.8702794251521;5616
-5.69242833333333;48.6574083333333;5.72755297644327;10.77196046447;5623
-5.69201166666667;48.6579;5.72755297644327;10.77196046447;5630
-5.690675;48.6594216666667;5.91467727453522;10.6703602602802;5662
-5.690275;48.65986;5.96315842150004;10.757822564635;5670
-5.68983333333333;48.6603466666667;5.77450031181105;10.8602555605737;5681
-5.68938666666667;48.6608316666667;5.77450031181105;10.8602555605737;5695
-5.68851666666667;48.66181;5.58408323338824;10.9593804174629;5710
-5.688085;48.6622983333333;5.58408323338824;10.9593804174629;5721
-5.68765333333333;48.6627883333333;5.53868401023065;10.8702794251521;5730
-5.68723;48.66328;5.53868401023065;10.8702794251521;5742
-5.686815;48.6637733333333;5.53868401023065;10.8702794251521;5751
-5.68513833333333;48.66575;5.77450031181105;10.8602555605737;5793
-5.68470333333333;48.6662383333333;5.77450031181105;10.8602555605737;5807
-5.68382;48.6672166666667;5.58408323338824;10.9593804174629;5820
-5.68339166666667;48.667705;5.53868401023065;10.8702794251521;5830
-5.68300666666667;48.6681466666667;5.53868401023065;10.8702794251521;5844
-5.68255;48.6686916666667;5.53868401023065;10.8702794251521;5857
-5.682135;48.669185;5.53868401023065;10.8702794251521;5863
-5.68171833333333;48.6696766666667;5.53868401023065;10.8702794251521;5871
-5.68130666666667;48.6701683333333;5.53868401023065;10.8702794251521;5880
-5.680885;48.67066;5.53868401023065;10.8702794251521;5893
-5.68046333333333;48.67115;5.53868401023065;10.8702794251521;5907
-5.67961666666667;48.6721283333333;5.72755297644327;10.77196046447;5924
-5.68004333333333;48.6716383333333;5.68060608879847;10.6836662104108;5937
-5.67875166666667;48.6731;5.68060608879847;10.6836662104108;5947
-5.67831333333333;48.6735833333333;5.68060608879847;10.6836662104108;5956
-5.67788;48.6740666666667;5.49328522003215;10.7811792825713;5966
-5.67737833333333;48.6746516666667;5.49328522003215;10.7811792825713;5973
-5.677045;48.6750433333333;5.49328522003215;10.7811792825713;5985
-5.676215;48.6760266666667;5.49328522003215;10.7811792825713;6001
-5.67536833333333;48.6770033333333;5.49328522003215;10.7811792825713;6020
-5.67487166666667;48.6775883333333;5.49328522003215;10.7811792825713;6044
-5.67411333333333;48.67846;5.68060608879847;10.6836662104108;6054
-5.67364;48.6789916666667;5.68060608879847;10.6836662104108;6064
-5.67272166666667;48.68;5.68060608879847;10.6836662104108;6082
-5.672325;48.6804316666667;5.68060608879847;10.6836662104108;6092
-5.671935;48.680865;5.68060608879847;10.6836662104108;6102
-5.6715;48.6813483333333;5.49328522003215;10.7811792825713;6111
-5.67107166666667;48.6818333333333;5.49328522003215;10.7811792825713;6126
-5.67064;48.6823183333333;5.49328522003215;10.7811792825713;6134
-5.67013;48.6829033333333;5.49328522003215;10.7811792825713;6141
-5.66978666666667;48.6832916666667;5.49328522003215;10.7811792825713;6153
-5.66936333333333;48.68378;5.49328522003215;10.7811792825713;6162
-5.66894;48.6842683333333;5.49328522003215;10.7811792825713;6174
-5.66852;48.684755;5.49328522003215;10.7811792825713;6183
-5.66810166666667;48.6852416666667;5.49328522003215;10.7811792825713;6195
-5.66759833333333;48.6858283333333;5.49328522003215;10.7811792825713;6204
-5.66718666666667;48.6863216666667;5.49328522003215;10.7811792825713;6213
-5.66686166666667;48.6867166666667;5.49328522003215;10.7811792825713;6224
-5.66645333333333;48.6872116666667;5.68060608879847;10.6836662104108;6231
-5.66604666666667;48.6877066666667;5.68060608879847;10.6836662104108;6241
-5.66562666666667;48.688195;5.68060608879847;10.6836662104108;6250
-5.664705;48.6892666666667;5.49328522003215;10.7811792825713;6276
-5.66437666666667;48.68966;5.49328522003215;10.7811792825713;6286
-5.66397;48.69015;5.68060608879847;10.6836662104108;6291
-5.66347833333333;48.6907416666667;5.68060608879847;10.6836662104108;6306
-5.66313833333333;48.6911366666667;5.68060608879847;10.6836662104108;6318
-5.66270833333333;48.6916283333333;5.86619658992087;10.5828987900276;6326
-5.660875;48.693675;5.72755297644327;10.77196046447;6366
-5.66012166666667;48.6945666666667;5.58408323338824;10.9593804174629;6380
-5.65925333333333;48.6955433333333;5.53868401023065;10.8702794251521;6407
-5.657605;48.69753;5.77450031181105;10.8602555605737;6441
-5.65719333333333;48.6980283333333;5.77450031181105;10.8602555605737;6453
-5.65678166666667;48.6985283333333;5.77450031181105;10.8602555605737;6460
-5.65594833333333;48.6995216666667;5.96315842150004;10.757822564635;6481
-5.65548166666667;48.7000666666667;5.77450031181105;10.8602555605737;6493
-5.65594833333333;48.6995216666667;5.96315842150004;10.757822564635;6498
-5.655135;48.7004616666667;5.77450031181105;10.8602555605737;6508
-5.65423833333333;48.7015033333333;5.96315842150004;10.757822564635;6520
-5.65327166666667;48.7025783333333;5.96315842150004;10.757822564635;6543
-5.65283333333333;48.7030666666667;5.77450031181105;10.8602555605737;6557
-5.65211;48.7039033333333;5.53868401023065;10.8702794251521;6570
-5.65126333333333;48.70495;5.53868401023065;10.8702794251521;6596
-5.65078666666667;48.7055483333333;5.53868401023065;10.8702794251521;6601
-5.65038833333333;48.7060483333333;5.53868401023065;10.8702794251521;6612
-5.65006;48.7064433333333;5.72755297644327;10.77196046447;6621
-5.64925333333333;48.70744;5.72755297644327;10.77196046447;6640
-5.64884666666667;48.70794;5.72755297644327;10.77196046447;6656
-5.64839166666667;48.70849;5.72755297644327;10.77196046447;6662
-5.64794833333333;48.7090383333333;5.72755297644327;10.77196046447;6672
-5.64762166666667;48.7094333333333;5.72755297644327;10.77196046447;6680
-5.64724666666667;48.709875;5.72755297644327;10.77196046447;6690
-5.64678666666667;48.710415;5.72755297644327;10.77196046447;6700
-5.64635666666667;48.7109016666667;5.72755297644327;10.77196046447;6716
-5.64593833333333;48.7113933333333;5.72755297644327;10.77196046447;6721
-5.64544;48.711985;5.49328522003215;10.7811792825713;6732
-5.64470833333333;48.7128766666667;5.49328522003215;10.7811792825713;6751
-5.64347166666667;48.714355;5.68060608879847;10.6836662104108;6784
-5.64223;48.7158383333333;5.91467727453522;10.6703602602802;6811
-5.64138;48.7168216666667;5.91467727453522;10.6703602602802;6831
-5.64045333333333;48.7179066666667;5.72755297644327;10.77196046447;6852
-5.640115;48.7183;5.72755297644327;10.77196046447;6868
-5.638855;48.7197833333333;5.72755297644327;10.77196046447;6890
-5.63844166666667;48.72028;5.72755297644327;10.77196046447;6906
-5.63762666666667;48.7212766666667;5.72755297644327;10.77196046447;6924
-5.63719333333333;48.7217766666667;5.72755297644327;10.77196046447;6930
-5.63635166666667;48.722755;5.68060608879847;10.6836662104108;6956
-5.63587833333333;48.7232916666667;5.68060608879847;10.6836662104108;6964
-5.63541333333333;48.7238266666667;5.49328522003215;10.7811792825713;6975
-5.63467833333333;48.7247166666667;5.68060608879847;10.6836662104108;6991
-5.63295166666667;48.72679;5.68060608879847;10.6836662104108;7032
-5.63263166666667;48.7271866666667;5.68060608879847;10.6836662104108;7040
-5.63221666666667;48.72768;5.68060608879847;10.6836662104108;7053
-5.631365;48.7286566666667;5.49328522003215;10.7811792825713;7075
-5.63093666666667;48.7291483333333;5.53868401023065;10.8702794251521;7082
-5.63046666666667;48.72969;5.53868401023065;10.8702794251521;7097
-5.63013666666667;48.7300866666667;5.53868401023065;10.8702794251521;7102
-5.62967666666667;48.73063;5.72755297644327;10.77196046447;7112
-5.62884166666667;48.7316233333333;5.72755297644327;10.77196046447;7133
-5.628415;48.7321166666667;5.72755297644327;10.77196046447;7144
-5.62762833333333;48.7330616666667;5.58408323338824;10.9593804174629;7159
-5.62718166666667;48.73361;5.53868401023065;10.8702794251521;7171
-5.62677;48.7341066666667;5.53868401023065;10.8702794251521;7181
-5.626365;48.7346066666667;5.53868401023065;10.8702794251521;7193
-5.62467166666667;48.7367083333333;5.72755297644327;10.77196046447;7232
-5.62432166666667;48.7371;5.72755297644327;10.77196046447;7241
-5.62390666666667;48.7375983333333;5.53868401023065;10.8702794251521;7255
-5.62300333333333;48.738695;5.77450031181105;10.8602555605737;7271
-5.62267333333333;48.7390933333333;5.77450031181105;10.8602555605737;7279
-5.62185;48.7400883333333;5.77450031181105;10.8602555605737;7304
-5.620225;48.74203;5.58408323338824;10.9593804174629;7342
-5.61977;48.7425833333333;5.58408323338824;10.9593804174629;7351
-5.61936833333333;48.7430866666667;5.58408323338824;10.9593804174629;7363
-5.61901333333333;48.7435433333333;5.58408323338824;10.9593804174629;7370
-5.61936833333333;48.7430866666667;5.58408323338824;10.9593804174629;7377
-5.61819;48.7446066666667;5.77450031181105;10.8602555605737;7389
-5.61738166666667;48.7456183333333;5.77450031181105;10.8602555605737;7410
-5.616135;48.7471183333333;5.58408323338824;10.9593804174629;7441
-5.61571833333333;48.7476166666667;5.58408323338824;10.9593804174629;7450
-5.61527666666667;48.7481683333333;5.58408323338824;10.9593804174629;7462
-5.61491833333333;48.7486233333333;5.58408323338824;10.9593804174629;7472
-5.61452666666667;48.74913;5.77450031181105;10.8602555605737;7481
-5.61412666666667;48.7496333333333;5.77450031181105;10.8602555605737;7490
-5.61372333333333;48.7501366666667;5.77450031181105;10.8602555605737;7501
-5.61335333333333;48.7505883333333;5.77450031181105;10.8602555605737;7510
-5.61282333333333;48.75124;5.77450031181105;10.8602555605737;7522
-5.61249166666667;48.75164;5.77450031181105;10.8602555605737;7536
-5.61208;48.7521416666667;5.58408323338824;10.9593804174629;7543
-5.61167833333333;48.7526466666667;5.58408323338824;10.9593804174629;7551
-5.61127666666667;48.7531516666667;5.58408323338824;10.9593804174629;7561
-5.61038833333333;48.7542566666667;5.77450031181105;10.8602555605737;7582
-5.61007333333333;48.7546616666667;5.77450031181105;10.8602555605737;7590
-5.60967666666667;48.7551666666667;5.77450031181105;10.8602555605737;7602
-5.60926166666667;48.7556633333333;5.77450031181105;10.8602555605737;7610
-5.60884666666667;48.7561616666667;5.77450031181105;10.8602555605737;7628
-5.60843;48.7566566666667;5.77450031181105;10.8602555605737;7637
-5.60797833333333;48.7572083333333;5.77450031181105;10.8602555605737;7642
-5.60760166666667;48.7576566666667;5.77450031181105;10.8602555605737;7651
-5.607195;48.7581583333333;5.77450031181105;10.8602555605737;7661
-5.60679833333333;48.7586633333333;5.96315842150004;10.757822564635;7671
-5.606325;48.7592666666667;6.33496841962938;10.5431579621277;7688
-5.60551;48.7602;6.5180070511425;10.4309917444764;7702
-5.6042;48.7615983333333;6.5180070511425;10.4309917444764;7730
-5.60365666666667;48.7621783333333;6.87807281934777;10.1971623005534;7744
-5.603335;48.7625133333333;7.05499027651889;10.0755703009955;7750
-5.602815;48.7630366666667;7.22975871530856;9.9509091851196;7768
-5.60233;48.763505;7.4023248995573;9.82321692590934;7773
-5.60182666666667;48.7639666666667;7.4023248995573;9.82321692590934;7782
-5.60132333333333;48.76443;7.5726362639337;9.6925324196638;7796
-5.59963833333333;48.76587;8.23030658584049;9.14068149511558;7826
-5.59919333333333;48.7662166666667;8.54429808914124;8.84787968136859;7831
-5.59851333333333;48.76673;8.69741354346445;8.69741354346445;7847
-5.59745;48.7674766666667;9.14068149511557;8.23030658584049;7861
-5.59609;48.768355;9.55889547414957;7.74064092994634;7881
-5.59486;48.7690666666667;9.82321692590934;7.4023248995573;7905
-5.593575;48.7697283333333;10.1142582270451;6.82215331568553;7921
-5.59203;48.7704533333333;10.3156481456924;6.69906023456649;7943
-5.591455;48.7707033333333;10.3156481456924;6.69906023456649;7951
-5.59066;48.771045;10.4309917444764;6.5180070511425;7961
-5.58851666666667;48.7718966666667;10.5431579621277;6.33496841962939;7990
-5.58560333333333;48.7730266666667;10.5431579621277;6.33496841962939;8031
-5.58400833333333;48.7736133333333;10.7387146765646;6.19999980926514;8052
-5.58309666666667;48.7739483333333;10.7387146765646;6.19999980926514;8065
-5.58248833333333;48.7741733333333;10.7387146765646;6.19999980926514;8070
-5.580955;48.7747266666667;10.7387146765646;6.19999980926514;8090
-5.58019;48.7750066666667;10.6288742017228;6.38647193241324;8100
-5.57950333333333;48.7752616666667;10.6288742017228;6.38647193241324;8110
-5.57850166666667;48.7756183333333;10.7387146765646;6.19999980926514;8124
-5.57712166666667;48.7761216666667;10.8253175473055;6.25;8142
-5.57635166666667;48.7763983333333;10.8253175473055;6.25;8150
-5.574895;48.7769283333333;10.8253175473055;6.25;8178
-5.57389166666667;48.7772866666667;10.7145912587764;6.43797593637568;8187
-5.572505;48.77779;10.7145912587764;6.43797593637568;8203
-5.57173666666667;48.7780733333333;10.7145912587764;6.43797593637568;8210
-5.57097166666667;48.7783616666667;10.7145912587764;6.43797593637568;8227
-5.57028666666667;48.778625;10.7145912587764;6.43797593637568;8240
-5.56868833333333;48.7792366666667;10.7145912587764;6.43797593637568;8250
-5.56792666666667;48.7795283333333;10.7145912587764;6.43797593637568;8263
-5.56715833333333;48.7798116666667;10.8253175473055;6.25;8271
-5.56631166666667;48.780115;10.8253175473055;6.25;8281
-5.56569166666667;48.780335;10.8253175473055;6.25;8296
-5.564845;48.7806383333333;10.8253175473055;6.25;8302
-5.56407166666667;48.780915;10.8253175473055;6.25;8310
-5.56253166666667;48.78147;10.7145912587764;6.43797593637568;8330
-5.56161;48.7818066666667;10.7145912587764;6.43797593637568;8347
-5.55931666666667;48.78266;10.7145912587764;6.43797593637568;8372
-5.55794333333333;48.78318;10.8253175473055;6.25;8391
-5.55641333333333;48.7837466666667;10.7145912587764;6.43797593637568;8412
-5.55564333333333;48.7840283333333;10.7145912587764;6.43797593637568;8424
-5.55472833333333;48.78437;10.7145912587764;6.43797593637568;8431
-5.55411833333333;48.7846;10.7145912587764;6.43797593637568;8442
-5.552445;48.785235;10.7145912587764;6.43797593637568;8468
-5.55107166666667;48.7857533333333;10.7145912587764;6.43797593637568;8482
-5.54955333333333;48.78634;10.7145912587764;6.43797593637568;8502
-5.548795;48.78663;10.8253175473055;6.25;8510
-5.54787833333333;48.786975;10.8253175473055;6.25;8526
-5.54650833333333;48.7874933333333;10.8253175473055;6.25;8544
-5.54559166666667;48.787835;10.8253175473055;6.25;8554
-5.543295;48.7886866666667;10.9327463392424;6.06012025307921;8587
-5.54267333333333;48.788905;10.8253175473055;6.25;8597
-5.54190333333333;48.789185;10.8253175473055;6.25;8602
-5.54098666666667;48.7895216666667;10.7145912587764;6.43797593637568;8614
-5.54037833333333;48.7897516666667;10.8253175473055;6.25;8623
-5.54098666666667;48.7895216666667;10.7145912587764;6.43797593637568;8629
-5.53885166666667;48.7903183333333;10.8253175473055;6.25;8641
-5.538085;48.7905966666667;10.8253175473055;6.25;8650
-5.53732166666667;48.7908766666667;10.8253175473055;6.25;8661
-5.536395;48.79121;10.8253175473055;6.25;8675
-5.53579;48.79144;10.7145912587764;6.43797593637568;8681
-5.53426333333333;48.7920116666667;10.8253175473055;6.25;8702
-5.53357666666667;48.7922683333333;10.8253175473055;6.25;8710
-5.53273833333333;48.7925833333333;10.8253175473055;6.25;8721
-5.53182333333333;48.7929283333333;10.8253175473055;6.25;8731
-5.53121;48.793155;10.8253175473055;6.25;8741
-5.53044666666667;48.7934383333333;10.8253175473055;6.25;8752
-5.529685;48.7937266666667;10.8253175473055;6.25;8767
-5.529;48.793985;10.8253175473055;6.25;8773
-5.52823166666667;48.7942716666667;10.8253175473055;6.25;8787
-5.52662166666667;48.7948733333333;10.8253175473055;6.25;8801
-5.525855;48.79516;10.8253175473055;6.25;8810
-5.52508666666667;48.7954466666667;10.8253175473055;6.25;8821
-5.52432;48.7957366666667;10.8253175473055;6.25;8831
-5.52363;48.795995;10.8253175473055;6.25;8841
-5.522785;48.7963033333333;10.8253175473055;6.25;8850
-5.52125333333333;48.796875;10.7145912587764;6.43797593637568;8870
-5.51980666666667;48.7974266666667;10.8253175473055;6.25;8892
-5.51820166666667;48.7980316666667;10.9327463392424;6.06012025307921;8910
-5.517435;48.7983166666667;10.8253175473055;6.25;8927
-5.51666666666667;48.7985983333333;10.8253175473055;6.25;8937
-5.51589833333333;48.7988766666667;10.8253175473055;6.25;8946
-5.51521;48.7991333333333;10.8253175473055;6.25;8952
-5.514365;48.7994416666667;10.8253175473055;6.25;8964
-5.512055;48.800275;10.7145912587764;6.43797593637568;8991
-5.51060333333333;48.8007983333333;10.6288742017228;6.38647193241324;9010
-5.509015;48.801395;10.515796068835;6.57099867434358;9037
-5.507515;48.8019766666667;10.515796068835;6.57099867434358;9050
-5.50676833333333;48.8022716666667;10.3995147225958;6.75352382642303;9067
-5.5061;48.8025416666667;10.3995147225958;6.75352382642303;9078
-5.50528333333333;48.8028683333333;10.3995147225958;6.75352382642303;9090
-5.50380166666667;48.8034766666667;10.2800655834298;6.9339917897221;9100
-5.50306166666667;48.8037816666667;10.2800655834298;6.9339917897221;9110
-5.50157833333333;48.8043833333333;10.3995147225958;6.75352382642303;9132
-5.500845;48.8046883333333;10.2800655834298;6.9339917897221;9140
-5.49997166666667;48.8050616666667;10.2800655834298;6.9339917897221;9155
-5.49938833333333;48.8053116666667;10.2800655834298;6.9339917897221;9162
-5.49793;48.8059416666667;10.2800655834298;6.9339917897221;9181
-5.49645333333333;48.80656;10.3995147225958;6.75352382642303;9200
-5.49556833333333;48.8069283333333;10.2800655834298;6.9339917897221;9212
-5.494985;48.80718;10.2800655834298;6.9339917897221;9222
-5.494255;48.8074933333333;10.2800655834298;6.9339917897221;9229
-5.49352833333333;48.8078066666667;10.2800655834298;6.9339917897221;9242
-5.49279833333333;48.8081216666667;10.3995147225958;6.75352382642303;9250
-5.49132666666667;48.8087433333333;10.3995147225958;6.75352382642303;9273
-5.48983833333333;48.80935;10.4833820993178;6.80798793768784;9294
-5.48835;48.8099616666667;10.3995147225958;6.75352382642303;9310
-5.48760666666667;48.8102683333333;10.4833820993178;6.80798793768784;9320
-5.486865;48.8105766666667;10.4833820993178;6.80798793768784;9334
-5.48760666666667;48.8102683333333;10.4833820993178;6.80798793768784;9339
-5.48545;48.8111583333333;10.4833820993178;6.80798793768784;9355
-5.48240333333333;48.8124;10.2800655834298;6.9339917897221;9391
-5.48093166666667;48.813025;10.2800655834298;6.9339917897221;9410
-5.48020166666667;48.8133416666667;10.2800655834298;6.9339917897221;9421
-5.47947166666667;48.81366;10.2800655834298;6.9339917897221;9435
-5.47799166666667;48.8142733333333;10.3995147225958;6.75352382642303;9454
-5.477255;48.8145783333333;10.3995147225958;6.75352382642303;9462
-5.47563;48.8152533333333;10.2800655834298;6.9339917897221;9484
-5.47504166666667;48.8154983333333;10.2800655834298;6.9339917897221;9490
-5.47355666666667;48.8161066666667;10.3995147225958;6.75352382642303;9511
-5.47207666666667;48.816715;10.2800655834298;6.9339917897221;9530
-5.470605;48.8173316666667;10.2800655834298;6.9339917897221;9550
-5.46986833333333;48.8176416666667;10.2800655834298;6.9339917897221;9567
-5.469135;48.8179516666667;10.2800655834298;6.9339917897221;9574
-5.46766666666667;48.81857;10.2800655834298;6.9339917897221;9590
-5.46692833333333;48.8188733333333;10.3995147225958;6.75352382642303;9605
-5.46619833333333;48.81918;10.2800655834298;6.9339917897221;9613
-5.46547;48.8194933333333;10.2800655834298;6.9339917897221;9621
-5.46474166666667;48.8198016666667;10.2800655834298;6.9339917897221;9631
-5.46386166666667;48.8201683333333;10.3995147225958;6.75352382642303;9642
-5.46326666666667;48.820405;10.3995147225958;6.75352382642303;9650
-5.46104833333333;48.8213;10.3156481456924;6.69906023456649;9681
-5.46030666666667;48.8215983333333;10.3995147225958;6.75352382642303;9691
-5.45736333333333;48.8228;10.2800655834298;6.9339917897221;9737
-5.455815;48.8234383333333;10.3995147225958;6.75352382642303;9751
-5.45427666666667;48.8240816666667;10.2800655834298;6.9339917897221;9771
-5.45361833333333;48.8243566666667;10.3995147225958;6.75352382642303;9781
-5.45295333333333;48.8246316666667;10.3995147225958;6.75352382642303;9791
-5.45222;48.8249366666667;10.3995147225958;6.75352382642303;9801
-5.45148666666667;48.8252383333333;10.2800655834298;6.9339917897221;9811
-5.45082166666667;48.82551;10.2800655834298;6.9339917897221;9825
-5.44986166666667;48.8259;10.2800655834298;6.9339917897221;9831
-5.44920166666667;48.8261733333333;10.2800655834298;6.9339917897221;9841
-5.44854166666667;48.8264483333333;10.2800655834298;6.9339917897221;9851
-5.44781166666667;48.826755;10.2800655834298;6.9339917897221;9861
-5.44707666666667;48.82706;10.3995147225958;6.75352382642303;9872
-5.446415;48.8273333333333;10.3995147225958;6.75352382642303;9882
-5.44545833333333;48.82773;10.3995147225958;6.75352382642303;9895
-5.44338166666667;48.8285783333333;10.2800655834298;6.9339917897221;9924
-5.44264;48.8288816666667;10.3995147225958;6.75352382642303;9931
-5.4419;48.8291833333333;10.3995147225958;6.75352382642303;9942
-5.44116333333333;48.8294866666667;10.3995147225958;6.75352382642303;9953
-5.44042333333333;48.829785;10.3995147225958;6.75352382642303;9962
-5.43968166666667;48.830085;10.3995147225958;6.75352382642303;9977
-5.438195;48.830685;10.3995147225958;6.75352382642303;9992
-5.43449;48.832215;10.3995147225958;6.75352382642303;10043
-5.43375166666667;48.8325216666667;10.3995147225958;6.75352382642303;10051
-5.433085;48.8328;10.3995147225958;6.75352382642303;10070
-5.43079;48.8337433333333;10.3995147225958;6.75352382642303;10092
-5.43004833333333;48.834045;10.3995147225958;6.75352382642303;10101
-5.42931;48.8343433333333;10.3995147225958;6.75352382642303;10111
-5.42768833333333;48.83501;10.3995147225958;6.75352382642303;10135
-5.42562;48.8358616666667;10.3995147225958;6.75352382642303;10161
-5.42488166666667;48.8361666666667;10.3995147225958;6.75352382642303;10171
-5.424145;48.8364733333333;10.3995147225958;6.75352382642303;10181
-5.422665;48.837085;10.3995147225958;6.75352382642303;10200
-5.42192333333333;48.8373883333333;10.3995147225958;6.75352382642303;10210
-5.42036333333333;48.838025;10.3995147225958;6.75352382642303;10238
-5.41896;48.8386116666667;10.3995147225958;6.75352382642303;10251
-5.41822;48.838915;10.3995147225958;6.75352382642303;10260
-5.41748;48.8392183333333;10.3995147225958;6.75352382642303;10270
-5.41673833333333;48.839525;10.2800655834298;6.9339917897221;10281
-5.41526666666667;48.8401466666667;10.2800655834298;6.9339917897221;10301
-5.41453333333333;48.8404583333333;10.3995147225958;6.75352382642303;10310
-5.41379833333333;48.8407716666667;10.3995147225958;6.75352382642303;10322
-5.41306166666667;48.8410816666667;10.3995147225958;6.75352382642303;10330
-5.41232;48.8413816666667;10.3995147225958;6.75352382642303;10342
-5.41157666666667;48.8416816666667;10.3995147225958;6.75352382642303;10351
-5.41082333333333;48.8419783333333;10.2800655834298;6.9339917897221;10363
-5.41008;48.842285;10.3995147225958;6.75352382642303;10370
-5.40934166666667;48.8425883333333;10.2800655834298;6.9339917897221;10380
-5.408615;48.8429;10.2800655834298;6.9339917897221;10390
-5.40788666666667;48.8432133333333;10.2800655834298;6.9339917897221;10402
-5.40569833333333;48.844145;10.2800655834298;6.9339917897221;10434
-5.40275;48.8453683333333;10.3995147225958;6.75352382642303;10471
-5.40201166666667;48.84567;10.2800655834298;6.9339917897221;10485
-5.40127666666667;48.845975;10.2800655834298;6.9339917897221;10494
-5.3998;48.8465733333333;10.3156481456924;6.69906023456649;10510
-5.39906666666667;48.8468716666667;10.1971623005534;6.87807281934777;10520
-5.39613166666667;48.8480916666667;10.1971623005534;6.87807281934777;10561
-5.39539666666667;48.8483933333333;10.1971623005534;6.87807281934777;10573
-5.39392833333333;48.8490016666667;10.1971623005534;6.87807281934777;10590
-5.39245833333333;48.8496116666667;10.3156481456924;6.69906023456649;10611
-5.39171833333333;48.8499116666667;10.3156481456924;6.69906023456649;10620
-5.39098333333333;48.8502133333333;10.1971623005534;6.87807281934777;10638
-5.39009166666667;48.8505733333333;10.2800655834298;6.9339917897221;10643
-5.38875333333333;48.8511116666667;10.3995147225958;6.75352382642303;10660
-5.388015;48.8514133333333;10.3995147225958;6.75352382642303;10672
-5.38654;48.852015;10.2800655834298;6.9339917897221;10693
-5.38564833333333;48.8523716666667;10.2800655834298;6.9339917897221;10701
-5.385055;48.8526116666667;10.2800655834298;6.9339917897221;10710
-5.38431166666667;48.85291;10.2800655834298;6.9339917897221;10721
-5.38357;48.85321;10.2800655834298;6.9339917897221;10736
-5.38290166666667;48.8534816666667;10.3995147225958;6.75352382642303;10743
-5.38208666666667;48.8538133333333;10.2800655834298;6.9339917897221;10750
-5.381345;48.8541166666667;10.2800655834298;6.9339917897221;10761
-5.37985333333333;48.8547066666667;10.3995147225958;6.75352382642303;10781
-5.37760833333333;48.8555883333333;10.2800655834298;6.9339917897221;10810
-5.37678666666667;48.8559133333333;10.2800655834298;6.9339917897221;10823
-5.37612;48.8561816666667;10.2800655834298;6.9339917897221;10830
-5.37463166666667;48.85678;10.3995147225958;6.75352382642303;10854
-5.37388666666667;48.8570733333333;10.3995147225958;6.75352382642303;10863
-5.37314;48.85737;10.3995147225958;6.75352382642303;10871
-5.37231833333333;48.8576966666667;10.3995147225958;6.75352382642303;10881
-5.37090333333333;48.8582566666667;10.2800655834298;6.9339917897221;10901
-5.37015833333333;48.8585516666667;10.3995147225958;6.75352382642303;10912
-5.36940666666667;48.8588466666667;10.3995147225958;6.75352382642303;10921
-5.36865666666667;48.8591383333333;10.3995147225958;6.75352382642303;10932
-5.36775666666667;48.8594916666667;10.3995147225958;6.75352382642303;10945
-5.36700333333333;48.85978;10.3995147225958;6.75352382642303;10951
-5.36640166666667;48.86001;10.3995147225958;6.75352382642303;10967
-5.36550166666667;48.8603616666667;10.2800655834298;6.9339917897221;10973
-5.364905;48.8605966666667;10.3995147225958;6.75352382642303;10983
-5.36550166666667;48.8603616666667;10.2800655834298;6.9339917897221;10988
-5.36326333333333;48.8612366666667;10.3995147225958;6.75352382642303;11002
-5.36251833333333;48.8615283333333;10.3995147225958;6.75352382642303;11018
-5.36102833333333;48.8621066666667;10.3156481456924;6.69906023456649;11031
-5.36043;48.8623383333333;10.3156481456924;6.69906023456649;11043
-5.35877333333333;48.8629516666667;10.3156481456924;6.69906023456649;11063
-5.35741333333333;48.8634483333333;10.1971623005534;6.87807281934777;11081
-5.35592833333333;48.8640166666667;10.1142582270451;6.82215331568553;11104
-5.35511166666667;48.8643266666667;10.1142582270451;6.82215331568553;11114
-5.35151166666667;48.8657333333333;10.1479141920671;6.59013253144513;11163
-5.35070833333333;48.8660466666667;10.0313549441687;6.7662343453112;11172
-5.35012833333333;48.8662783333333;10.0313549441687;6.7662343453112;11180
-5.348605;48.8668666666667;9.9484508706605;6.71031484164896;11200
-5.34717333333333;48.8674433333333;9.9484508706605;6.71031484164896;11225
-5.34574333333333;48.86802;9.98017943862311;6.48120430891552;11240
-5.34501833333333;48.8683;9.98017943862311;6.48120430891552;11251
-5.344295;48.86858;9.98017943862311;6.48120430891552;11261
-5.34357;48.8688616666667;9.86554679715226;6.65439533798672;11271
-5.34285;48.869145;9.86554679715226;6.65439533798672;11282
-5.34198333333333;48.8694866666667;9.98017943862311;6.48120430891552;11292
-5.3414;48.8697066666667;9.98017943862311;6.48120430891552;11303
-5.34068;48.86999;9.86554679715226;6.65439533798672;11321
-5.33924666666667;48.87056;9.98017943862311;6.48120430891552;11332
-5.33853333333333;48.8708483333333;9.98017943862311;6.48120430891552;11343
-5.33767666666667;48.871195;9.86554679715226;6.65439533798672;11352
-5.33632;48.8717483333333;9.86554679715226;6.65439533798672;11376
-5.33575;48.8719816666667;9.86554679715226;6.65439533798672;11382
-5.33497;48.8723016666667;9.86554679715226;6.65439533798672;11391
-5.33426;48.87259;9.98017943862311;6.48120430891552;11401
-5.33340833333333;48.8729466666667;9.98017943862311;6.48120430891552;11413
-5.33284;48.8731833333333;9.98017943862311;6.48120430891552;11420
-5.33205666666667;48.8735116666667;9.98017943862311;6.48120430891552;11431
-5.33284;48.8731833333333;9.98017943862311;6.48120430891552;11445
-5.3307;48.8740683333333;9.98017943862311;6.48120430891552;11452
-5.33205666666667;48.8735116666667;9.98017943862311;6.48120430891552;11460
-5.32913;48.8747133333333;9.98017943862311;6.48120430891552;11472
-5.32856166666667;48.87495;9.98017943862311;6.48120430891552;11489
-5.327135;48.87553;9.98017943862311;6.48120430891552;11502
-5.326425;48.8758216666667;9.98017943862311;6.48120430891552;11512
-5.32564166666667;48.8761433333333;9.98017943862311;6.48120430891552;11523
-5.32428833333333;48.8766966666667;9.98017943862311;6.48120430891552;11541
-5.32350666666667;48.877025;9.98017943862311;6.48120430891552;11554
-5.32286666666667;48.8772933333333;9.98017943862311;6.48120430891552;11560
-5.32215833333333;48.877595;9.86554679715226;6.65439533798672;11572
-5.32145;48.8778966666667;9.98017943862311;6.48120430891552;11581
-5.32059666666667;48.8782516666667;9.98017943862311;6.48120430891552;11592
-5.32002666666667;48.8784833333333;9.98017943862311;6.48120430891552;11601
-5.31931833333333;48.8787783333333;9.98017943862311;6.48120430891552;11611
-5.31860833333333;48.8790716666667;9.98017943862311;6.48120430891552;11622
-5.31651166666667;48.8799833333333;9.86554679715226;6.65439533798672;11650
-5.31581166666667;48.8802816666667;9.86554679715226;6.65439533798672;11668
-5.314415;48.8808816666667;9.98017943862311;6.48120430891552;11682
-5.31371833333333;48.88118;9.86554679715226;6.65439533798672;11692
-5.31302833333333;48.8814866666667;9.78264351427586;6.59847636761239;11702
-5.312335;48.8817916666667;9.89631286171972;6.42674071705897;11717
-5.31094;48.8823983333333;9.89631286171972;6.42674071705897;11731
-5.31023666666667;48.8827;9.98017943862311;6.48120430891552;11742
-5.30938833333333;48.883055;9.98017943862311;6.48120430891552;11757
-5.30882666666667;48.8832966666667;9.98017943862311;6.48120430891552;11762
-5.306715;48.88419;9.98017943862311;6.48120430891552;11791
-5.30600833333333;48.8844883333333;9.98017943862311;6.48120430891552;11804
-5.30516166666667;48.8848433333333;10.0917720207568;6.30603904222698;11812
-5.30389;48.88537;9.98017943862311;6.48120430891552;11830
-5.30248166666667;48.8859566666667;9.98017943862311;6.48120430891552;11854
-5.30093333333333;48.8866066666667;9.98017943862311;6.48120430891552;11872
-5.30037166666667;48.8868466666667;9.98017943862311;6.48120430891552;11880
-5.29966333333333;48.8871433333333;9.98017943862311;6.48120430891552;11890
-5.29895;48.8874366666667;9.98017943862311;6.48120430891552;11900
-5.29824166666667;48.88773;9.98017943862311;6.48120430891552;11917
-5.29753666666667;48.8880266666667;9.98017943862311;6.48120430891552;11924
-5.29669833333333;48.888385;9.98017943862311;6.48120430891552;11932
-5.29474166666667;48.889225;9.89631286171972;6.42674071705897;11960
-5.294045;48.8895233333333;9.89631286171972;6.42674071705897;11970
-5.292575;48.8901416666667;9.89631286171972;6.42674071705897;11997
-5.29124333333333;48.8907;9.89631286171972;6.42674071705897;12010
-5.29054;48.890995;9.89631286171972;6.42674071705897;12020
-5.28834833333333;48.891905;9.86554679715226;6.65439533798672;12053
-5.28757166666667;48.8922266666667;9.98017943862311;6.48120430891552;12065
-5.28700666666667;48.8924616666667;9.86554679715226;6.65439533798672;12070
-5.28560333333333;48.893055;9.98017943862311;6.48120430891552;12090
-5.28413;48.8936766666667;9.98017943862311;6.48120430891552;12113
-5.28335166666667;48.894;9.98017943862311;6.48120430891552;12122
-5.282785;48.894235;9.98017943862311;6.48120430891552;12130
-5.28208;48.89453;9.98017943862311;6.48120430891552;12140
-5.28137333333333;48.8948233333333;9.98017943862311;6.48120430891552;12159
-5.279885;48.8954366666667;9.98017943862311;6.48120430891552;12172
-5.279105;48.8957566666667;9.98017943862311;6.48120430891552;12183
-5.27861;48.8959633333333;9.98017943862311;6.48120430891552;12190
-5.27711666666667;48.8965533333333;9.89631286171972;6.42674071705897;12212
-5.27641166666667;48.8968383333333;9.89631286171972;6.42674071705897;12222
-5.27571;48.89713;9.78264351427586;6.59847636761239;12233
-5.27486666666667;48.89748;9.78264351427586;6.59847636761239;12244
-5.27437333333333;48.8976866666667;9.78264351427586;6.59847636761239;12250
-5.2736;48.8980116666667;9.78264351427586;6.59847636761239;12260
-5.27289833333333;48.89831;9.78264351427586;6.59847636761239;12270
-5.27220166666667;48.898605;9.78264351427586;6.59847636761239;12282
-5.27150666666667;48.8989033333333;9.78264351427586;6.59847636761239;12291
-5.270185;48.8994783333333;9.78264351427586;6.59847636761239;12309
-5.26865;48.900125;9.78264351427586;6.59847636761239;12332
-5.26788666666667;48.90045;9.78264351427586;6.59847636761239;12342
-5.26733166666667;48.9006883333333;9.78264351427586;6.59847636761239;12351
-5.26657;48.9010083333333;9.78264351427586;6.59847636761239;12362
-5.26526333333333;48.90157;9.69973944076762;6.54255686395016;12380
-5.26374833333333;48.9022216666667;9.69973944076762;6.54255686395016;12402
-5.2632;48.9024583333333;9.69973944076762;6.54255686395016;12411
-5.26244333333333;48.902785;9.69973944076762;6.54255686395016;12422
-5.26189333333333;48.9030166666667;9.69973944076762;6.54255686395016;12432
-5.259145;48.9042016666667;9.81244548499774;6.37227660579417;12471
-5.25832166666667;48.9045583333333;9.69973944076762;6.54255686395016;12482
-5.25770666666667;48.9048266666667;9.69973944076762;6.54255686395016;12490
-5.25626;48.9054433333333;9.72857890809435;6.31781301393762;12511
-5.25564333333333;48.9057083333333;9.61683615789122;6.48663789357583;12520
-5.25502666666667;48.9059716666667;9.61683615789122;6.48663789357583;12535
-5.25426833333333;48.9062833333333;9.61683615789122;6.48663789357583;12540
-5.25358333333333;48.90657;9.61683615789122;6.48663789357583;12550
-5.25087833333333;48.9077416666667;9.53393208438298;6.43071838991359;12592
-5.25020333333333;48.908035;9.53393208438298;6.43071838991359;12601
-5.24952833333333;48.9083316666667;9.64471153137237;6.26334890267281;12612
-5.24818166666667;48.908915;9.5608441546504;6.20888479140801;12630
-5.24682;48.9094833333333;9.5608441546504;6.20888479140801;12650
-5.24478333333333;48.910335;9.5608441546504;6.20888479140801;12680
-5.24275333333333;48.9111866666667;9.45102801087474;6.37479888625135;12711
-5.24207666666667;48.91147;9.45102801087474;6.37479888625135;12721
-5.24073166666667;48.91205;9.5608441546504;6.20888479140801;12741
-5.24006166666667;48.9123416666667;9.5608441546504;6.20888479140801;12750
-5.23803;48.913205;9.5608441546504;6.20888479140801;12780
-5.23728333333333;48.9135233333333;9.5608441546504;6.20888479140801;12793
-5.23598833333333;48.914065;9.5608441546504;6.20888479140801;12810
-5.233955;48.9149266666667;9.5608441546504;6.20888479140801;12841
-5.23327666666667;48.9152166666667;9.45102801087474;6.37479888625135;12851
-5.23124166666667;48.9160733333333;9.5608441546504;6.20888479140801;12881
-5.23056666666667;48.91636;9.5608441546504;6.20888479140801;12890
-5.22988833333333;48.916645;9.5608441546504;6.20888479140801;12901
-5.22921;48.91694;9.5608441546504;6.20888479140801;12912
-5.22792333333333;48.9174883333333;9.5608441546504;6.20888479140801;12930
-5.22650166666667;48.9180916666667;9.45102801087474;6.37479888625135;12951
-5.22515333333333;48.9186716666667;9.45102801087474;6.37479888625135;12973
-5.22244333333333;48.919825;9.45102801087474;6.37479888625135;13016
-5.221635;48.9201783333333;9.45102801087474;6.37479888625135;13025
-5.21906333333333;48.921285;9.53393208438298;6.43071838991359;13063
-5.21838333333333;48.92157;9.45102801087474;6.37479888625135;13071
-5.21689333333333;48.922205;9.45102801087474;6.37479888625135;13092
-5.21635333333333;48.9224383333333;9.45102801087474;6.37479888625135;13100
-5.21574333333333;48.9227016666667;9.45102801087474;6.37479888625135;13110
-5.21500333333333;48.9230266666667;9.45102801087474;6.37479888625135;13123
-5.21433;48.9233216666667;9.45102801087474;6.37479888625135;13134
-5.21358833333333;48.9236416666667;9.64471153137237;6.26334890267281;13141
-5.21283833333333;48.9239583333333;9.45102801087474;6.37479888625135;13152
-5.212295;48.9241916666667;9.53393208438298;6.43071838991359;13162
-5.21161666666667;48.924485;9.53393208438298;6.43071838991359;13170
-5.20889;48.925645;9.64471153137237;6.26334890267281;13211
-5.20820333333333;48.9259316666667;9.64471153137237;6.26334890267281;13226
-5.207515;48.9262166666667;9.64471153137237;6.26334890267281;13236
-5.206825;48.9265;9.64471153137237;6.26334890267281;13243
-5.20613;48.92678;9.72857890809435;6.31781301393762;13254
-5.20537333333333;48.9270916666667;9.72857890809435;6.31781301393762;13261
-5.20123166666667;48.9287933333333;9.61683615789122;6.48663789357583;13327
-5.199175;48.9296616666667;9.61683615789122;6.48663789357583;13352
-5.19787;48.9302116666667;9.61683615789122;6.48663789357583;13370
-5.19642333333333;48.9308166666667;9.72857890809435;6.31781301393762;13392
-5.19580333333333;48.9310766666667;9.72857890809435;6.31781301393762;13401
-5.19373666666667;48.931945;9.72857890809435;6.31781301393762;13430
-5.19304166666667;48.93223;9.72857890809435;6.31781301393762;13442
-5.191655;48.9328066666667;9.72857890809435;6.31781301393762;13463
-5.19096666666667;48.9330966666667;9.72857890809435;6.31781301393762;13473
-5.190275;48.933385;9.72857890809435;6.31781301393762;13483
-5.189585;48.9336716666667;9.72857890809435;6.31781301393762;13490
-5.18875833333333;48.93402;9.72857890809435;6.31781301393762;13501
-5.18813333333333;48.934275;9.72857890809435;6.31781301393762;13517
-5.18750833333333;48.934535;9.72857890809435;6.31781301393762;13525
-5.18612666666667;48.9351133333333;9.72857890809435;6.31781301393762;13542
-5.18460666666667;48.9357483333333;9.72857890809435;6.31781301393762;13562
-5.18335666666667;48.936265;9.81244548499774;6.37227660579417;13583
-5.18252;48.93661;9.61683615789122;6.48663789357583;13594
-5.18196666666667;48.9368383333333;9.61683615789122;6.48663789357583;13602
-5.181275;48.93713;9.61683615789122;6.48663789357583;13612
-5.180455;48.9374833333333;9.61683615789122;6.48663789357583;13623
-5.17983666666667;48.937745;9.72857890809435;6.31781301393762;13631
-5.17922;48.9380133333333;9.61683615789122;6.48663789357583;13644
-5.17983666666667;48.937745;9.72857890809435;6.31781301393762;13656
-5.17715;48.9388783333333;9.72857890809435;6.31781301393762;13671
-5.17576333333333;48.93945;9.61683615789122;6.48663789357583;13691
-5.17493666666667;48.9397966666667;9.61683615789122;6.48663789357583;13701
-5.17445833333333;48.9400033333333;9.61683615789122;6.48663789357583;13710
-5.173705;48.9403283333333;9.61683615789122;6.48663789357583;13720
-5.17302333333333;48.9406233333333;9.61683615789122;6.48663789357583;13733
-5.17220166666667;48.9409766666667;9.61683615789122;6.48663789357583;13748
-5.17097;48.9415083333333;9.72857890809435;6.31781301393762;13761
-5.17034833333333;48.9417716666667;9.61683615789122;6.48663789357583;13771
-5.16959333333333;48.9420916666667;9.61683615789122;6.48663789357583;13782
-5.16891;48.9423883333333;9.61683615789122;6.48663789357583;13792
-5.16685;48.9432766666667;9.72857890809435;6.31781301393762;13824
-5.16622666666667;48.9435416666667;9.81244548499774;6.37227660579417;13830
-5.16546333333333;48.943865;9.81244548499774;6.37227660579417;13842
-5.16476666666667;48.944155;9.81244548499774;6.37227660579417;13850
-5.16393333333333;48.9445;9.81244548499774;6.37227660579417;13868
-5.16337666666667;48.94473;9.81244548499774;6.37227660579417;13874
-5.16206;48.94528;9.81244548499774;6.37227660579417;13890
-5.16129166666667;48.9455983333333;9.81244548499774;6.37227660579417;13902
-5.16059666666667;48.9458916666667;9.81244548499774;6.37227660579417;13913
-5.159765;48.946245;9.81244548499774;6.37227660579417;13921
-5.15711666666667;48.9473533333333;9.81244548499774;6.37227660579417;13962
-5.15641833333333;48.9476433333333;9.81244548499774;6.37227660579417;13977
-5.15564833333333;48.94796;9.81244548499774;6.37227660579417;13982
-5.15432166666667;48.948515;9.81244548499774;6.37227660579417;14000
-5.15362333333333;48.9488083333333;9.89631286171972;6.42674071705897;14010
-5.15292666666667;48.9491;9.81244548499774;6.37227660579417;14023
-5.15222666666667;48.94939;9.81244548499774;6.37227660579417;14031
-5.150135;48.95027;9.89631286171972;6.42674071705897;14060
-5.14873666666667;48.9508566666667;9.89631286171972;6.42674071705897;14082
-5.148035;48.9511466666667;9.89631286171972;6.42674071705897;14090
-5.14726666666667;48.9514716666667;9.78264351427586;6.59847636761239;14102
-5.14594666666667;48.952035;9.78264351427586;6.59847636761239;14120
-5.14518833333333;48.9523683333333;9.78264351427586;6.59847636761239;14133
-5.14373833333333;48.9530016666667;9.89631286171972;6.42674071705897;14152
-5.14311166666667;48.9532683333333;9.89631286171972;6.42674071705897;14162
-5.142485;48.9535383333333;9.89631286171972;6.42674071705897;14170
-5.14102166666667;48.9541633333333;9.89631286171972;6.42674071705897;14193
-5.14046333333333;48.9544;9.89631286171972;6.42674071705897;14204
-5.13955166666667;48.954785;9.89631286171972;6.42674071705897;14211
-5.13891833333333;48.95505;9.89631286171972;6.42674071705897;14223
-5.13828333333333;48.9553133333333;9.89631286171972;6.42674071705897;14232
-5.13758666666667;48.95561;9.78264351427586;6.59847636761239;14241
-5.13536166666667;48.9565666666667;9.89631286171972;6.42674071705897;14274
-5.13480833333333;48.9568033333333;9.78264351427586;6.59847636761239;14282
-5.13257666666667;48.9577533333333;9.89631286171972;6.42674071705897;14311
-5.13063333333333;48.9585883333333;9.89631286171972;6.42674071705897;14341
-5.12923666666667;48.9591733333333;9.89631286171972;6.42674071705897;14365
-5.128395;48.9595216666667;9.89631286171972;6.42674071705897;14372
-5.12790166666667;48.95972;9.81244548499774;6.37227660579417;14380
-5.12573666666667;48.96063;9.89631286171972;6.42674071705897;14412
-5.12503666666667;48.9609233333333;9.89631286171972;6.42674071705897;14421
-5.12357666666667;48.9615433333333;9.78264351427586;6.59847636761239;14442
-5.12003833333333;48.9630566666667;9.89631286171972;6.42674071705897;14493
-5.11585666666667;48.964835;9.89631286171972;6.42674071705897;14556
-5.11529333333333;48.965065;9.89631286171972;6.42674071705897;14563
-5.11444666666667;48.9654133333333;9.89631286171972;6.42674071705897;14574
-5.113885;48.9656433333333;9.89631286171972;6.42674071705897;14581
-5.11108333333333;48.9668183333333;9.89631286171972;6.42674071705897;14623
-5.10967666666667;48.967405;9.89631286171972;6.42674071705897;14641
-5.10686333333333;48.9685733333333;9.89631286171972;6.42674071705897;14680
-5.10609333333333;48.9688966666667;9.89631286171972;6.42674071705897;14697
-5.10546;48.9691583333333;9.89631286171972;6.42674071705897;14705
-5.10475166666667;48.9694466666667;9.89631286171972;6.42674071705897;14711
-5.103975;48.969765;9.78264351427586;6.59847636761239;14723
-5.10341;48.9699966666667;9.78264351427586;6.59847636761239;14736
-5.10264166666667;48.97032;9.78264351427586;6.59847636761239;14745
-5.10041;48.9712633333333;9.78264351427586;6.59847636761239;14773
-5.09712833333333;48.9726433333333;9.89631286171972;6.42674071705897;14819
-5.09622166666667;48.9730216666667;9.89631286171972;6.42674071705897;14833
-5.09426833333333;48.973845;9.89631286171972;6.42674071705897;14861
-5.09357166666667;48.9741383333333;9.81244548499774;6.37227660579417;14873
-5.09294333333333;48.9744;9.81244548499774;6.37227660579417;14885
-5.09202833333333;48.974775;9.81244548499774;6.37227660579417;14896
-5.091325;48.9750616666667;9.81244548499774;6.37227660579417;14904
-5.09083;48.97526;9.81244548499774;6.37227660579417;14909
-5.09005666666667;48.9755766666667;9.69973944076762;6.54255686395016;14921
-5.08710666666667;48.9767783333333;9.69973944076762;6.54255686395016;14962
-5.08662333333333;48.976985;9.69973944076762;6.54255686395016;14971
-5.085165;48.9775983333333;9.81244548499774;6.37227660579417;14991
-5.08363166666667;48.9782383333333;9.81244548499774;6.37227660579417;15012
-5.081665;48.97903;9.81244548499774;6.37227660579417;15040
-5.08096166666667;48.9793083333333;9.81244548499774;6.37227660579417;15055
-5.08025833333333;48.979585;9.81244548499774;6.37227660579417;15060
-5.07885333333333;48.9801416666667;9.81244548499774;6.37227660579417;15081
-5.07745666666667;48.980705;9.61683615789122;6.48663789357583;15103
-5.07606166666667;48.981275;9.72857890809435;6.31781301393762;15121
-5.07536333333333;48.9815583333333;9.72857890809435;6.31781301393762;15133
-5.07466333333333;48.98184;9.81244548499774;6.37227660579417;15145
-5.07326666666667;48.9824083333333;9.69973944076762;6.54255686395016;15160
-5.07186333333333;48.9829733333333;9.81244548499774;6.37227660579417;15180
-5.071165;48.98326;9.69973944076762;6.54255686395016;15190
-5.07040166666667;48.9835766666667;9.69973944076762;6.54255686395016;15204
-5.06907333333333;48.98412;9.69973944076762;6.54255686395016;15222
-5.068375;48.9844083333333;9.81244548499774;6.37227660579417;15230
-5.06697833333333;48.9849783333333;9.81244548499774;6.37227660579417;15252
-5.06627833333333;48.98526;9.81244548499774;6.37227660579417;15261
-5.06551166666667;48.9855716666667;9.72857890809435;6.31781301393762;15271
-5.06489;48.9858316666667;9.61683615789122;6.48663789357583;15288
-5.06419166666667;48.9861133333333;9.81244548499774;6.37227660579417;15293
-5.06349333333333;48.986395;9.72857890809435;6.31781301393762;15304
-5.062795;48.9866766666667;9.72857890809435;6.31781301393762;15311
-5.0614;48.9872466666667;9.61683615789122;6.48663789357583;15329
-5.06070333333333;48.9875316666667;9.72857890809435;6.31781301393762;15340
-5.060005;48.9878166666667;9.61683615789122;6.48663789357583;15359
-5.05930833333333;48.9881016666667;9.61683615789122;6.48663789357583;15367
-5.05861166666667;48.9883866666667;9.61683615789122;6.48663789357583;15373
-5.057915;48.9886683333333;9.61683615789122;6.48663789357583;15382
-5.05582666666667;48.9895233333333;9.81244548499774;6.37227660579417;15410
-5.05513333333333;48.9898133333333;9.81244548499774;6.37227660579417;15421
-5.05444;48.9901033333333;9.81244548499774;6.37227660579417;15433
-5.053745;48.99039;9.81244548499774;6.37227660579417;15442
-5.05311833333333;48.9906466666667;9.81244548499774;6.37227660579417;15451
-5.052215;48.991025;9.81244548499774;6.37227660579417;15461
-5.05095166666667;48.9915433333333;9.81244548499774;6.37227660579417;15481
-5.050255;48.9918316666667;9.81244548499774;6.37227660579417;15492
-5.04892833333333;48.9923766666667;9.81244548499774;6.37227660579417;15511
-5.04804;48.9927533333333;9.69973944076762;6.54255686395016;15522
-5.04333;48.9947183333333;9.72857890809435;6.31781301393762;15592
-5.04263666666667;48.9950066666667;9.72857890809435;6.31781301393762;15607
-5.04194;48.995295;9.72857890809435;6.31781301393762;15612
-5.04124166666667;48.99558;9.81244548499774;6.37227660579417;15620
-5.03915166666667;48.9964416666667;9.69973944076762;6.54255686395016;15652
-5.03846333333333;48.9967283333333;9.69973944076762;6.54255686395016;15662
-5.03784;48.9969916666667;9.69973944076762;6.54255686395016;15670
-5.03707833333333;48.9973083333333;9.69973944076762;6.54255686395016;15682
-5.03645333333333;48.9975666666667;9.81244548499774;6.37227660579417;15689
-5.035005;48.9981833333333;9.69973944076762;6.54255686395016;15712
-5.03294;48.9990616666667;9.69973944076762;6.54255686395016;15748
-5.03232;48.9993233333333;9.69973944076762;6.54255686395016;15757
-5.03089166666667;48.9999366666667;9.81244548499774;6.37227660579417;15774
-5.028815;49.0008166666667;9.69973944076762;6.54255686395016;15802
-5.02812;49.0011016666667;9.69973944076762;6.54255686395016;15812
-5.028815;49.0008166666667;9.69973944076762;6.54255686395016;15820
-5.02673;49.0016783333333;9.69973944076762;6.54255686395016;15832
-5.02604;49.0019733333333;9.69973944076762;6.54255686395016;15841
-5.02451666666667;49.0026216666667;9.81244548499774;6.37227660579417;15862
-5.023825;49.0029116666667;9.81244548499774;6.37227660579417;15877
-5.02327166666667;49.00314;9.69973944076762;6.54255686395016;15883
-5.02244666666667;49.00349;9.69973944076762;6.54255686395016;15892
-5.02189666666667;49.003725;9.69973944076762;6.54255686395016;15907
-5.02038166666667;49.00437;9.81244548499774;6.37227660579417;15922
-5.01914333333333;49.0049033333333;9.81244548499774;6.37227660579417;15942
-5.01838166666667;49.0052216666667;9.69973944076762;6.54255686395016;15952
-5.01499333333333;49.00666;9.81244548499774;6.37227660579417;16003
-5.01347166666667;49.0073033333333;9.81244548499774;6.37227660579417;16021
-5.01292;49.0075433333333;9.69973944076762;6.54255686395016;16037
-5.01017166666667;49.0087183333333;9.81244548499774;6.37227660579417;16073
-5.00520833333333;49.0108416666667;9.69973944076762;6.54255686395016;16144
-5.00458666666667;49.01111;9.81244548499774;6.37227660579417;16152
-5.003135;49.01173;9.69973944076762;6.54255686395016;16172
-5.00196333333333;49.0122333333333;9.81244548499774;6.37227660579417;16191
-5.001075;49.0126183333333;9.81244548499774;6.37227660579417;16208
-5.00052833333333;49.0128583333333;9.69973944076762;6.54255686395016;16214
-4.99977666666667;49.01319;9.69973944076762;6.54255686395016;16221
-4.99916333333333;49.0134583333333;9.72857890809435;6.31781301393762;16233
-4.99696666666667;49.0144;9.69973944076762;6.54255686395016;16261
-4.995045;49.015235;9.81244548499774;6.37227660579417;16291
-4.99367;49.01583;9.81244548499774;6.37227660579417;16312
-4.99291;49.0161516666667;9.81244548499774;6.37227660579417;16325
-4.99021333333333;49.017295;9.69973944076762;6.54255686395016;16360
-4.98884166666667;49.017895;9.81244548499774;6.37227660579417;16380
-4.98814;49.0181916666667;9.81244548499774;6.37227660579417;16392
-4.98675666666667;49.018785;9.92216256327785;6.20005529045442;16410
-4.98537333333333;49.0193716666667;9.81244548499774;6.37227660579417;16433
-4.98468166666667;49.0196666666667;9.81244548499774;6.37227660579417;16441
-4.983995;49.0199583333333;9.81244548499774;6.37227660579417;16452
-4.98338;49.0202266666667;9.81244548499774;6.37227660579417;16460
-4.98132166666667;49.0211316666667;9.81244548499774;6.37227660579417;16490
-4.97781166666667;49.0226483333333;9.81244548499774;6.37227660579417;16540
-4.97573;49.02354;9.81244548499774;6.37227660579417;16572
-4.97281166666667;49.0247733333333;9.81244548499774;6.37227660579417;16612
-4.97225833333333;49.0250083333333;9.81244548499774;6.37227660579417;16624
-4.97157166666667;49.025305;9.69973944076762;6.54255686395016;16630
-4.97095333333333;49.025575;9.69973944076762;6.54255686395016;16640
-4.96813;49.0268016666667;9.81244548499774;6.37227660579417;16683
-4.96521333333333;49.0280383333333;9.92216256327785;6.20005529045442;16723
-4.96458166666667;49.028305;9.92216256327785;6.20005529045442;16737
-4.96324666666667;49.028855;9.92216256327785;6.20005529045442;16750
-4.96183166666667;49.0294216666667;10.028857254723;6.02594537821192;16772
-4.958985;49.030525;10.028857254723;6.02594537821192;16810
-4.95827166666667;49.0308;10.028857254723;6.02594537821192;16828
-4.95756333333333;49.0310816666667;10.028857254723;6.02594537821192;16837
-4.954;49.0324666666667;10.028857254723;6.02594537821192;16885
-4.94464333333333;49.0360566666667;10.028857254723;6.02594537821192;17012
-4.94172833333333;49.0371933333333;9.92216256327785;6.20005529045442;17052
-4.94116;49.0374233333333;9.92216256327785;6.20005529045442;17062
-4.93272;49.0408566666667;10.028857254723;6.02594537821192;17182
-4.92358;49.0445333333333;10.028857254723;6.02594537821192;17311
-4.91728666666667;49.04707;9.94314101512788;5.97444186542806;17401
-4.87081;49.0661566666667;9.94314101512788;5.97444186542806;18072
-4.869275;49.06678;9.94314101512788;5.97444186542806;18093
-4.86802;49.06729;9.94314101512788;5.97444186542806;18112
-4.86732333333333;49.06757;9.94314101512788;5.97444186542806;18125
-4.86802;49.06729;9.94314101512788;5.97444186542806;18130
-4.86509;49.06847;9.94314101512788;5.97444186542806;18151
-4.86446333333333;49.06872;9.94314101512788;5.97444186542806;18161
-4.85339666666667;49.0732483333333;9.94314101512788;5.97444186542806;18321
-4.84918833333333;49.074955;9.94314101512788;5.97444186542806;18381
-4.84778666666667;49.07552;10.028857254723;6.02594537821192;18400
-4.83584666666667;49.0803866666667;9.92216256327785;6.20005529045442;18571
-4.83022833333333;49.082675;9.92216256327785;6.20005529045442;18650
-4.82952833333333;49.0829583333333;9.92216256327785;6.20005529045442;18661
-4.83022833333333;49.082675;9.92216256327785;6.20005529045442;18672
-4.82743333333333;49.0838233333333;10.028857254723;6.02594537821192;18690
-4.82673333333333;49.08411;9.92216256327785;6.20005529045442;18710
-4.82520166666667;49.08475;9.92216256327785;6.20005529045442;18726
-4.824575;49.0850116666667;9.92216256327785;6.20005529045442;18731
-4.82520166666667;49.08475;9.92216256327785;6.20005529045442;18737
-4.82401333333333;49.085245;9.92216256327785;6.20005529045442;18742
-4.823315;49.0855366666667;9.92216256327785;6.20005529045442;18750
-4.82254833333333;49.085855;10.028857254723;6.02594537821192;18760
-4.81976;49.087;9.83735823891922;6.14706366725333;18802
-4.81913333333333;49.0872616666667;10.028857254723;6.02594537821192;18810
-4.81836;49.08757;10.028857254723;6.02594537821192;18821
-4.81766;49.087855;10.028857254723;6.02594537821192;18830
-4.81913333333333;49.0872616666667;10.028857254723;6.02594537821192;18843
-4.81766;49.087855;10.028857254723;6.02594537821192;18848
-4.81626166666667;49.0884266666667;10.028857254723;6.02594537821192;18857
-4.81556166666667;49.0887133333333;10.028857254723;6.02594537821192;18862
-4.81492666666667;49.0889683333333;10.028857254723;6.02594537821192;18871
-4.81344833333333;49.0895633333333;10.028857254723;6.02594537821192;18893
-4.81267666666667;49.0898766666667;9.92216256327785;6.20005529045442;18901
-4.81205;49.090135;9.92216256327785;6.20005529045442;18911
-4.81135333333333;49.0904183333333;9.92216256327785;6.20005529045442;18922
-4.80584;49.0927633333333;9.83735823891922;6.14706366725333;19000
-4.80102166666667;49.094805;9.83735823891922;6.14706366725333;19073
-4.79828666666667;49.095975;9.83735823891922;6.14706366725333;19113
-4.79414;49.0977633333333;9.85742395807429;5.92293786146563;19171
-4.77643;49.105265;9.95929214352104;5.75;19432
-4.77365833333333;49.1063766666667;9.95929214352104;5.75;19470
-4.77296166666667;49.1066516666667;9.95929214352104;5.75;19482
-4.77074833333333;49.107545;9.95929214352104;5.75;19512
-4.75499333333333;49.1140316666667;9.95929214352104;5.75;19742
-4.59016166666667;49.176525;10.0581266321031;5.57531063283288;22082
-4.58945833333333;49.1767966666667;10.0581266321031;5.57531063283288;22092
-4.56482666666667;49.1862866666667;10.1455889364579;5.6237917797977;22441
-4.5563;49.189545;10.045895014262;5.80000019073486;22561
-4.555595;49.1898233333333;10.045895014262;5.80000019073486;22577
-4.55206666666667;49.1912033333333;10.045895014262;5.80000019073486;22622
-4.55128833333333;49.1915066666667;10.1455889364579;5.6237917797977;22632
-4.54860333333333;49.1925516666667;10.1455889364579;5.6237917797977;22670
-4.54712166666667;49.1931333333333;10.1455889364579;5.6237917797977;22692
-4.54426833333333;49.194225;10.2330504067105;5.67227246441205;22735
-4.53785;49.196675;10.1324970590967;5.84999990463257;22824
-4.53714;49.1969516666667;10.2330504067105;5.67227246441205;22832
-4.53572333333333;49.1975083333333;10.1324970590967;5.84999990463257;22851
-4.53415666666667;49.1981166666667;10.1324970590967;5.84999990463257;22874
-4.53145333333333;49.1991666666667;10.1324970590967;5.84999990463257;22914
-4.52931666666667;49.2000016666667;10.2330504067105;5.67227246441205;22941
-4.52853333333333;49.2003083333333;10.2330504067105;5.67227246441205;22953
-4.52717833333333;49.200835;10.2330504067105;5.67227246441205;22974
-4.524315;49.2019316666667;10.2330504067105;5.67227246441205;23012
-4.52367666666667;49.2021783333333;10.1324970590967;5.84999990463257;23024
-4.52289833333333;49.2024883333333;10.1324970590967;5.84999990463257;23032
-4.51655833333333;49.204925;10.2330504067105;5.67227246441205;23120
-4.47958833333333;49.2190966666667;10.045895014262;5.80000019073486;23641
-4.47889333333333;49.2193816666667;10.045895014262;5.80000019073486;23654
-4.478195;49.2196633333333;10.045895014262;5.80000019073486;23664
-4.46973666666667;49.2230083333333;10.1455889364579;5.6237917797977;23782
-4.46619;49.2243883333333;10.2330504067105;5.67227246441205;23832
-4.464775;49.2249483333333;10.1324970590967;5.84999990463257;23852
-4.44621333333333;49.2322833333333;10.2330504067105;5.67227246441205;24112
-4.44564666666667;49.2325116666667;10.2330504067105;5.67227246441205;24122
