"x";"y";"vx";"vy";"t"
-4.80734333333333;47.7863233333333;-9.73519749724112;8.76561119855411;0
-4.81533;47.791085;-9.88382632059298;8.89943719219934;135
-4.90098166666667;47.8430733333333;-9.73519749724112;8.76561119855411;1414
-4.91364833333333;47.850645;-9.87327497185881;9.20697786084372;1579
-4.92835666666667;47.8594266666667;-9.50759812104922;8.86597868081247;1797
-4.938575;47.8656116666667;-8.92251502025924;8.32037986268161;1961
-4.96521333333333;47.8818633333333;-10.019545572688;9.34337740277536;2361
-4.97768666666667;47.8893216666667;-9.95814037790983;8.96634986995562;2521
-4.98735666666667;47.8950266666667;-9.72700437102962;9.07057831891209;2673
-5.00287666666667;47.9044833333333;-9.1356153270977;8.82216117233369;2896
-5.01152333333333;47.9097683333333;-9.50759812104922;8.86597868081247;3029
-5.020085;47.91491;-9.58073377020044;8.93417877698045;3163
-5.03086166666667;47.9213616666667;-9.1356153270977;8.82216117233369;3316
-5.039605;47.9265716666667;-9.20754958153792;8.89162727437072;3449
-5.04792166666667;47.931635;-9.35141740440247;9.03055881596696;3579
-5.06637833333333;47.9431233333333;-9.72700437102962;9.07057831891209;3857
-5.07431333333333;47.9479033333333;-9.65386872187841;9.00237822274411;3992
-5.085335;47.954415;-9.28819187106882;8.66137904271286;4138
-5.09771166666667;47.9615583333333;-9.404520324651;9.404520324651;4314
-5.10829;47.9679933333333;-8.70401185850404;8.405366547545;4469
-5.11685166666667;47.972815;-8.8221611723337;9.13561532709769;4630
-5.12602166666667;47.9781983333333;-8.38857995884959;8.99565066941045;4739
-5.13452333333333;47.9835316666667;-8.6317845667762;9.58656796517113;4884
-5.14177666666667;47.98873;-7.82359530097663;10.3822616306148;4989
-5.14934833333333;47.9944666666667;-7.4023248995573;9.82321692590934;5123
-5.15697333333333;48.000275;-7.64305067924391;10.142670825273;5298
-5.16396;48.005795;-7.75876521814951;10.6790241714416;5376
-5.17138166666667;48.0120933333333;-7.4564936725636;10.6489765757569;5508
-5.17821333333333;48.0177566666667;-7.39913581012645;10.5670610588463;5619
-5.18543166666667;48.0237916666667;-7.34177849469442;10.4851463231399;5749
-5.19275166666667;48.0299316666667;-7.80063975317628;11.140468114812;5899
-5.19997166666667;48.0361683333333;-7.4564936725636;10.6489765757569;6019
-5.208795;48.0434983333333;-7.4564936725636;10.6489765757569;6174
-5.21692833333333;48.0507883333333;-7.68592402830198;10.9766370809908;6330
-5.22338;48.0567716666667;-7.74328189073913;11.0585525979014;6450
-5.23036333333333;48.063425;-7.66094267089166;11.3578145858777;6578
-5.23681833333333;48.0695516666667;-7.77278114492822;11.5236219422623;6723
-5.24425;48.0768333333333;-7.10174976742091;10.5287770133227;6840
-5.25127166666667;48.083675;-7.54910419685509;11.1920072294931;6974
-5.257595;48.0898383333333;-7.38134621915628;10.9432957996002;7098
-5.26427666666667;48.096515;-7.82870064859046;11.6065260157706;7233
-5.27189;48.1042883333333;-7.32542724878195;10.8603925167238;7400
-5.278085;48.1105016666667;-7.32542724878195;10.8603925167238;7488
-5.28523333333333;48.1176466666667;-7.66094267089166;11.3578145858777;7663
-5.291525;48.1239333333333;-7.43726572281852;11.0261998731084;7754
-5.29811166666667;48.13081;-7.80063975317628;11.140468114812;7894
-5.30478833333333;48.1369416666667;-7.81754396760104;10.7599261794945;8011
-5.31207833333333;48.1439366666667;-7.93510090594839;10.9217294240618;8140
-5.320315;48.1518266666667;-7.99387965539992;11.0026314321148;8318
-5.32729333333333;48.1584916666667;-7.74328189073913;11.0585525979014;8418
-5.333585;48.1644566666667;-7.91535493104546;11.3042983674289;8552
-5.34064333333333;48.1715216666667;-7.9727122464775;11.3862131031353;8675
-5.34679833333333;48.1773366666667;-8.14478528678384;11.6319588726628;8783
-5.35338333333333;48.1837716666667;-8.03007010891465;11.4681286200459;8904
-5.36025333333333;48.1904683333333;-7.68592402830198;10.9766370809908;9035
-5.36694333333333;48.1969916666667;-7.91535493104546;11.3042983674289;9163
-5.37373666666667;48.2036133333333;-7.4564936725636;10.6489765757569;9289
-5.38050333333333;48.2102083333333;-7.39913581012645;10.5670610588463;9422
-5.386995;48.216205;-7.4564936725636;10.6489765757569;9536
-5.39379833333333;48.22233;-7.11234759195093;10.1574850367018;9665
-5.400275;48.2278133333333;-7.22706331682523;10.321316070523;9799
-5.40712666666667;48.233785;-7.16970545438808;10.2394005536124;9928
-5.41572166666667;48.24124;-6.99763241408174;9.99365478408484;10116
-5.42378833333333;48.2481316666667;-7.34177849469442;10.4851463231399;10226
-5.43075666666667;48.253975;-6.82215331568554;10.1142582270451;10391
-5.43717833333333;48.25953;-7.11234759195093;10.1574850367018;10505
-5.444125;48.265485;-7.11234759195093;10.1574850367018;10616
-5.450455;48.2709933333333;-7.34177849469442;10.4851463231399;10736
-5.45696666666667;48.27729;-6.54098345312198;10.8860245554251;10873
-5.46280666666667;48.2835433333333;-6.34999990463257;10.9985224628811;10993
-5.46905833333333;48.2904483333333;-6.30000019073487;10.9119204180464;11135
-5.47500666666667;48.29691;-6.05000019073487;10.4789077161542;11254
-5.48102166666667;48.3034066666667;-6.19999980926514;10.7387146765646;11418
-5.48664666666667;48.309985;-5.58408323338824;10.9593804174629;11552
-5.492105;48.3167083333333;-5.76567926010043;11.3157826872463;11664
-5.4969;48.3228683333333;-5.72028046990192;11.2266825446654;11778
-5.502245;48.329725;-5.62948202358675;11.0484805600437;11903
-5.507515;48.3362933333333;-5.67488124674434;11.1375815523546;12029
-5.51267833333333;48.342655;-5.72028046990192;11.2266825446654;12191
-5.51801833333333;48.3486366666667;-5.81107848325802;11.4048836795571;12271
-5.52346833333333;48.354775;-5.85647727345652;11.4939838221379;12392
-5.52976666666667;48.3618966666667;-5.67488124674434;11.1375815523546;12546
-5.53577;48.3692283333333;-5.62948202358675;11.0484805600437;12666
-5.541725;48.3764383333333;-5.67488124674434;11.1375815523546;12835
-5.54721666666667;48.3833316666667;-5.90187649661411;11.5830848144488;12941
-5.55265833333333;48.389795;-5.90187649661411;11.5830848144488;13064
-5.55796833333333;48.396275;-5.90187649661411;11.5830848144488;13220
-5.56366333333333;48.4033033333333;-5.9472757197717;11.6721858067596;13351
-5.56942666666667;48.41022;-6.03807373312779;11.8503869416513;13483
-5.57607333333333;48.4182316666667;-6.12887174648388;12.028588076543;13657
-5.58193;48.4252166666667;-6.17427096964147;12.1176890688538;13742
-5.58741833333333;48.4317083333333;-6.12887174648388;12.028588076543;13878
-5.59405333333333;48.4398283333333;-5.76567926010043;11.3157826872463;14016
-5.59986;48.4466866666667;-5.90187649661411;11.5830848144488;14149
-5.605045;48.45318;-6.03807373312779;11.8503869416513;14269
-5.61088333333333;48.4602083333333;-5.90187649661411;11.5830848144488;14385
-5.61715166666667;48.4676233333333;-6.17427096964147;12.1176890688538;14556
-5.62383333333333;48.4758133333333;-5.9472757197717;11.6721858067596;14670
-5.62908666666667;48.482205;-5.81107848325802;11.4048836795571;14788
-5.635165;48.4896566666667;-6.12887174648388;12.028588076543;14925
-5.64064666666667;48.49645;-6.17427096964147;12.1176890688538;15049
-5.64640666666667;48.5030133333333;-5.9926745099702;11.7612859493404;15178
-5.65140333333333;48.509345;-6.12887174648388;12.028588076543;15305
-5.657295;48.5163716666667;-5.9926745099702;11.7612859493404;15422
-5.663285;48.5233183333333;-6.69999980926514;11.604740080349;15545
-5.66964;48.53;-6.59999990463257;11.4315351647733;15681
-5.67607166666667;48.5371066666667;-6.80000019073487;11.7779458218308;15835
-5.68278666666667;48.5444816666667;-6.65000009536744;11.5181380355143;15957
-5.684725;48.5464283333333;-6.59999990463257;11.4315351647733;15985
-5.69144333333333;48.5539433333333;-6.84999990463257;11.8645478666656;16133
-5.69747666666667;48.5606533333333;-6.75000000000001;11.6913429510899;16261
-5.70383166666667;48.567515;-6.44999980926514;11.1717273784568;16381
-5.70978333333333;48.5744183333333;-4.55127289087206;11.8564712384481;16542
-5.71232;48.5814816666667;-2.25742630967011;12.8025007891587;16652
-5.71315;48.5893183333333;2.4423551772137;12.5648281353606;16792
-5.70930833333333;48.595785;5.83033633590739;11.9539609872103;16894
-5.70435833333333;48.6035816666667;5.11857793226158;12.0586139313717;17030
-5.70005833333333;48.6103916666667;4.92321236801695;11.5983615046455;17153
-5.695295;48.6179066666667;5.2062291089491;11.6933820320703;17290
-5.69073833333333;48.6251783333333;5.2875763599854;11.8760909493538;17416
-5.68541666666667;48.63348;5.2875763599854;11.8760909493538;17578
-5.68073833333333;48.6415833333333;5.2875763599854;11.8760909493538;17745
-5.67659333333333;48.6487083333333;5.65363918359591;12.6982815127422;17849
-5.67197166666667;48.6560716666667;5.3282501794507;11.967445843608;17979
-5.66778333333333;48.6629216666667;5.409597430487;12.1501547608916;18103
-5.66364833333333;48.6697266666667;5.9383551440644;13.3377640300719;18216
-5.65924;48.6769616666667;5.409597430487;12.1501547608916;18366
-5.655085;48.683615;5.2062291089491;11.6933820320703;18461
-5.65015;48.6920533333333;5.409597430487;12.1501547608916;18641
-5.64570666666667;48.6994266666667;5.6630845461093;12.1445240005621;18761
-5.64172166666667;48.7056133333333;5.53629939001924;11.8726323559091;18865
-5.63630333333333;48.7139583333333;5.6630845461093;12.1445240005621;19021
-5.62968666666667;48.7241616666667;5.5785609743692;11.9632626160193;19185
-5.62500333333333;48.731395;5.5785609743692;11.9632626160193;19316
-5.61916166666667;48.74042;5.5785609743692;11.9632626160193;19484
-5.614395;48.7476533333333;5.5785609743692;11.9632626160193;19612
-5.60741166666667;48.7561333333333;8.35623892592501;9.95857776054671;19770
-5.59766833333333;48.7623866666667;10.8603925167238;7.32542724878195;19913
-5.58562;48.7670266666667;11.3146082057762;6.798502490577;20073
-5.57467666666667;48.7713216666667;11.4003252628298;6.85000649453944;20229
-5.56423;48.77563;11.4003252628298;6.85000649453944;20332
-5.55335666666667;48.7802366666667;11.228891966181;6.74699897779315;20469
-5.54392;48.7841133333333;11.228891966181;6.74699897779315;20596
-5.53409166666667;48.787565;11.5449799674196;6.39948689478155;20709
-5.52201333333333;48.7922366666667;11.3146082057762;6.798502490577;20894
-5.5118;48.7965583333333;11.3638441649914;7.10091793857679;21016
-5.50221166666667;48.8004133333333;11.4003252628298;6.85000649453944;21130
-5.49109;48.8048616666667;11.3146082057762;6.798502490577;21262
-5.48154;48.8086166666667;11.4003252628298;6.85000649453944;21381
-5.47028666666667;48.8129416666667;11.4003252628298;6.85000649453944;21533
-5.46074;48.8167616666667;11.3146082057762;6.798502490577;21634
-5.44947166666667;48.82109;11.5717585594785;6.95301401128573;21782
-5.43906666666667;48.8252633333333;11.4315351647734;6.59999990463257;21920
-5.42871;48.8293666666667;11.6913429510899;6.75;22043
-5.41826;48.8333583333333;11.5181380355143;6.65000009536743;22169
-5.40773833333333;48.83749;11.604740080349;6.69999980926514;22293
-5.39726;48.8416566666667;11.7779458218308;6.80000019073487;22428
-5.38656166666667;48.845655;11.6549080573289;6.19702453922917;22559
-5.37612333333333;48.8489433333333;12.1365455444636;4.6587833440889;22683
-5.365005;48.85212;12.4242632975024;5.01972820887215;22829
-5.35446666666667;48.855;12.3315454425846;4.98226776388217;22953
-5.34276833333333;48.8583066666667;12.3315454425846;4.98226776388217;23100
-5.33280666666667;48.86124;12.2388267034353;4.9448069616395;23190
-5.32253333333333;48.8642666666667;12.2415087839209;5.45027086205801;23320
-5.30946666666667;48.86902;11.1431749091275;6.69549497383071;23499
-5.29943666666667;48.873315;11.6913429510899;6.75;23604
-5.28757666666667;48.87834;11.604740080349;6.69999980926514;23770
-5.277325;48.8828316666667;11.604740080349;6.69999980926514;23891
-5.26715333333333;48.8871216666667;11.719903742027;6.49644872636072;24017
-5.25591166666667;48.8919583333333;11.6574756165321;7.00451801524817;24155
-5.24647166666667;48.8958733333333;11.8073660463818;6.54492987332555;24273
-5.23265;48.9015516666667;11.719903742027;6.49644872636072;24470
-5.22237833333333;48.9058783333333;11.4315351647734;6.59999990463257;24593
-5.21084333333333;48.9097783333333;12.0587998666374;5.3689236110217;24713
-5.20107;48.9131366666667;11.6721858067596;5.9472757197717;24839
-5.18975833333333;48.9173183333333;11.6549080573289;6.19702453922917;24972
-5.17964833333333;48.9214583333333;11.5449799674196;6.39948689478155;25108
-5.16812833333333;48.9264633333333;11.3700561928121;6.30252506320238;25266
-5.15827333333333;48.9309283333333;11.457518497167;6.35100621016721;25386
-5.14869;48.9340933333333;11.9498296372305;4.58710982253311;25522
-5.13819;48.9376766666667;11.8726323559091;5.53629939001924;25644
-5.12880666666667;48.940815;11.3700561928121;6.30252506320238;25756
-5.092215;48.9557583333333;11.5449799674196;6.39948689478155;26241
-5.079605;48.9609616666667;11.5449799674196;6.39948689478155;26369
-5.06780833333333;48.9657233333333;11.5181380355143;6.65000009536743;26535
-5.05833833333333;48.9695316666667;11.5449799674196;6.39948689478155;26652
-5.04554833333333;48.97476;11.6324422717744;6.44796804174638;26833
-5.034735;48.9790116666667;11.5449799674196;6.39948689478155;26950
-5.02097166666667;48.9845666666667;11.6913429510899;6.75;27129
-5.01149166666667;48.9882133333333;11.5449799674196;6.39948689478155;27252
-4.998875;48.99332;11.5449799674196;6.39948689478155;27400
-4.98771833333333;48.9976266666667;11.8314974074918;6.29091876224175;27544
-4.97729166666667;49.0019633333333;11.6324422717744;6.44796804174638;27670
-4.96165166666667;49.00843;11.5717585594785;6.95301401128573;27874
-4.95061333333333;49.0132666666667;11.4003252628298;6.85000649453944;28009
-4.938115;49.018695;11.4003252628298;6.85000649453944;28161
-4.927865;49.0230483333333;11.5181380355143;6.65000009536743;28306
-4.91835666666667;49.0268833333333;11.4315351647734;6.59999990463257;28432
-4.90874833333333;49.03086;11.604740080349;6.69999980926514;28535
-4.889185;49.039115;11.4315351647734;6.59999990463257;28790
-4.87581666666667;49.0447316666667;11.8073660463818;6.54492987332555;28969
-4.86542333333333;49.0490933333333;11.5181380355143;6.65000009536743;29093
-4.85517;49.05357;11.7779458218308;6.80000019073487;29225
-4.84494166666667;49.0578633333333;11.4860415024249;6.90151000732329;29343
-4.829895;49.06412;11.8503869416513;6.03807373312779;29549
-4.814175;49.070165;11.9394870842321;6.0834725233263;29735
-4.804375;49.0738233333333;11.9394870842321;6.0834725233263;29869
-4.78090666666667;49.08302;12.1337196250388;5.91801048165255;30134
-4.76617833333333;49.0886566666667;12.028588076543;6.12887174648388;30329
-4.75465;49.093165;12.4033580103599;6.04952190930193;30478
-4.73912333333333;49.0991716666667;12.028588076543;6.12887174648388;30659
-4.72036833333333;49.1064516666667;11.9394870842321;6.0834725233263;30875
-4.69677;49.1155933333333;11.3157826872463;5.76567926010043;31181
-4.65017;49.1338533333333;11.7432031534326;6.24397187459694;31769
-4.63704666666667;49.1389983333333;11.8314974074918;6.29091876224175;31928
-4.62237333333333;49.1446816666667;11.6324422717744;6.44796804174638;32110
-4.58743166666667;49.1584733333333;11.719903742027;6.49644872636072;32545
-4.57601;49.1629283333333;11.8073660463818;6.54492987332555;32688
-4.56047833333333;49.16889;11.6913429510899;6.75;32875
-4.54828833333333;49.1736833333333;11.5181380355143;6.65000009536743;33035
-4.53851833333333;49.17751;11.719903742027;6.49644872636072;33154
-4.525625;49.1826266666667;11.3449331199386;6.55000019073487;33297
-4.48315;49.1992966666667;11.6913429510899;6.75;33834
-4.43116166666667;49.2193816666667;11.604740080349;6.69999980926514;34465
-4.415555;49.2254966666667;11.8948283507367;6.59341102029038;34634
-4.395715;49.233075;11.8073660463818;6.54492987332555;34878
