"x";"y";"vx";"vy";"t"
-5.90752333333333;48.435345;8.33194954304611;9.58481152487978;0
-5.89887166666667;48.4414933333333;8.7977785846445;9.434462471898;140
-5.87896666666667;48.45517;8.7977785846445;9.434462471898;449
-5.86027333333333;48.4674383333333;8.49795857313097;9.43793914181928;761
-5.84292333333333;48.4785616666667;9.12167720756663;9.12167720756663;1043
-5.83506333333333;48.483415;9.42335165884269;9.100024918004;1155
-5.82704333333333;48.4883433333333;8.8221611723337;9.13561532709769;1250
-5.82264833333333;48.5085466666667;-1.8302832111332;11.5559533965765;1651
-5.82851333333333;48.5431216666667;-2.21338441915577;11.386875702454;2293
-5.82987;48.550105;-2.25154618183715;11.583200951913;2422
-5.83153666666667;48.5586666666667;-2.03168364558233;11.5222505224057;2584
-5.833225;48.5665783333333;-2.39098444440424;11.2486974084388;2727
-5.83562;48.5768483333333;-2.41177569279803;11.3465125416458;2926
-5.83637;48.583625;-1.37712360372291;11.2157717028601;3057
-5.81654;48.60927;8.24409736281955;10.180612391544;3583
-5.80047333333333;48.6212083333333;9.100024918004;9.42335165884269;3829
-5.78892666666667;48.62896;9.23895645960023;9.56721948170724;4014
-5.76903666666667;48.6415433333333;9.92688938187656;9.58628564482973;4328
-5.75816666666667;48.6485033333333;9.92688938187656;9.58628564482973;4461
-5.748675;48.6548116666667;9.68736276738579;9.68736276738579;4589
-5.70484166666667;48.6867566666667;7.43726572281852;11.0261998731084;5278
-5.69792666666667;48.6927466666667;7.46155467582422;11.4897866208886;5400
-5.69039166666667;48.6992716666667;7.80063975317627;11.140468114812;5540
-5.68352666666667;48.7052533333333;7.85799706860831;11.2223828505183;5644
-5.67422833333333;48.713075;7.68592402830197;10.9766370809908;5800
-5.66458;48.7214433333333;7.81754396760103;10.7599261794945;5978
-5.656635;48.7281166666667;7.4564936725636;10.6489765757569;6120
-5.64930833333333;48.7344016666667;7.38134621915628;10.9432957996002;6239
-5.64202833333333;48.7407416666667;7.87632215649686;10.8408274160088;6383
-5.62677333333333;48.7537833333333;8.00413992270935;10.6218524359566;6645
-5.604165;48.771975;8.80619013010358;10.4948087246186;7044
-5.58313166666667;48.7854866666667;9.99882295030089;9.65575108438892;7320
-5.56852333333333;48.7946183333333;9.97020588447015;9.97020588447015;7526
-5.53848333333333;48.8107366666667;11.5689431738695;8.40532921989351;7914
-5.52787166666667;48.8155616666667;11.7307464184367;8.52288615824086;8034
-5.51161166666667;48.8230033333333;11.7957891252798;8.25950046465302;8262
-5.49532833333333;48.8304316666667;12.1868521584327;8.2201355743624;8430
-5.45413;48.8505866666667;11.7349043144579;9.50273814491922;8916
-5.43908;48.8580983333333;11.5837579277177;9.05022356985907;9124
-5.42782333333333;48.8636016666667;11.9795326507094;9.02722534728073;9222
-5.41500333333333;48.8699566666667;11.6571894218546;9.43980586574756;9381
-5.40404833333333;48.8751666666667;12.3691961812455;8.66100440770284;9532
-5.39247833333333;48.8805533333333;12.5330264338624;8.77571958557203;9660
-5.38059833333333;48.8857333333333;13.0599403573043;8.1607564670432;9784
-5.36792333333333;48.8908616666667;12.8316598495287;8.33297733961157;9906
-5.35518666666667;48.8959716666667;13.2003761038292;7.9315861571434;10078
-5.34899833333333;48.8983516666667;12.9993938031541;8.44190504273292;10110
-5.33374;48.90442;12.8055265754667;8.00178109206955;10290
-5.32200666666667;48.9089266666667;13.1192956070909;7.27214430369506;10420
-5.31082833333333;48.913135;12.73057327045;7.34999990463257;10550
-5.29913166666667;48.91754;12.8171761411909;7.40000009536743;10659
-5.286195;48.92236;13.5099966293997;7.80000019073487;10801
-5.23278333333333;48.9425416666667;13.5965986742344;7.84999990463257;11340
-5.21910333333333;48.9477033333333;13.3991600810239;8.37272447595872;11482
-5.207725;48.9520983333333;13.083261179876;8.49636915399773;11598
-5.19632833333333;48.9563983333333;13.3718102179363;8.03459416506828;11740
-5.18490833333333;48.9607916666667;13.4691431563058;7.4660679668534;11839
-5.17234666666667;48.965435;13.0289428071804;7.82857864039711;11990
-5.14979;48.97392;13.0769839275075;7.55000019073487;12238
-5.03027666666667;49.019915;11.6182587555907;7.25989381892083;13518
-5.01939166666667;49.0241033333333;12.343208803127;7.41654808223335;13679
-5.01025833333333;49.0276533333333;12.3815025273885;7.73682145995295;13820
-4.99955333333333;49.0318016666667;11.9929892815833;7.78833830459654;13906
-4.98627833333333;49.03693;12.4663068517471;7.78981308315403;14022
-4.96641833333333;49.0444083333333;12.6003591568294;7.57105960294208;14263
