"x";"y";"vx";"vy";"t"
-4.94007666666667;49.1968633333333;-16.2812769304225;-9.39999961853028;0
-4.94635166666667;49.194585;-16.4428498269388;-9.11442049075075;50
-4.971465;49.185545;-16.3553891907886;-9.06594026848689;267
-4.98334166666667;49.1813716666667;-16.3553891907886;-9.06594026848689;371
-4.99255333333333;49.1781583333333;-16.1946757114939;-9.35000038146974;450
-5.005;49.1737366666667;-16.1946757114939;-9.35000038146974;556
-5.02457166666667;49.1668233333333;-16.1946757114939;-9.35000038146974;723
-5.28575333333333;49.07184;-16.1804645820788;-8.96897797455723;2986
-5.291365;49.0698433333333;-16.1804645820788;-8.96897797455723;3035
-5.29205166666667;49.069605;-16.1804645820788;-8.96897797455723;3040
-5.31188;49.0625066666667;-16.0930022777239;-8.92049682759241;3215
-5.31393333333333;49.0617666666667;-16.0930022777239;-8.92049682759241;3234
-5.32003833333333;49.0596466666667;-16.1804645820788;-8.96897797455723;3285
-5.322905;49.0586383333333;-16.1804645820788;-8.96897797455723;3310
-5.34620666666667;49.0502416666667;-16.0214699700121;-9.25000000000001;3513
-5.35229333333333;49.0480633333333;-16.2679268864337;-9.01745912152206;3566
-5.35655833333333;49.0465716666667;-16.2679268864337;-9.01745912152206;3605
-5.36141666666667;49.0448883333333;-16.1804645820788;-8.96897797455723;3645
-5.36611333333333;49.04325;-16.0214699700121;-9.25000000000001;3686
-5.36691666666667;49.0429616666667;-15.8575950629891;-9.52820438583601;3694
-5.370335;49.0417;-15.7718780059355;-9.47670038187357;3724
-5.37238;49.04094;-15.7718780059355;-9.47670038187357;3744
-5.373735;49.04044;-15.9348670992712;-9.19999980926515;3756
-5.38055666666667;49.03797;-16.0214699700121;-9.25000000000001;3815
-5.38259833333333;49.0372316666667;-16.0214699700121;-9.25000000000001;3841
-5.38328;49.036985;-16.0214699700121;-9.25000000000001;3846
-5.38668833333333;49.0357483333333;-15.8575950629891;-9.52820438583601;3874
-5.4031;49.0298116666667;-16.0214699700121;-9.25000000000001;4014
-5.42093833333333;49.0234083333333;-15.8575950629891;-9.52820438583601;4168
-5.42981166666667;49.0201433333333;-15.8575950629891;-9.52820438583601;4247
-5.44531666666667;49.0144383333333;-15.7718780059355;-9.47670038187357;4382
-5.44667;49.0139283333333;-15.7718780059355;-9.47670038187357;4395
-5.452095;49.01191;-15.7718780059355;-9.47670038187357;4446
-5.45764166666667;49.0098666666667;-15.7718780059355;-9.47670038187357;4494
-5.464375;49.0073833333333;-15.7718780059355;-9.47670038187357;4553
-5.48921666666667;48.9982666666667;-15.8482642285303;-9.14999961853028;4773
-5.49121666666667;48.9975433333333;-15.8482642285303;-9.14999961853028;4790
-5.4939;48.9965683333333;-15.8482642285303;-9.14999961853028;4814
-5.494685;48.996285;-15.8482642285303;-9.14999961853028;4824
-5.49664;48.9955716666667;-15.6861609488819;-9.42519637791113;4840
-5.49742833333333;48.9952883333333;-15.6861609488819;-9.42519637791113;4845
-5.49878333333333;48.9948216666667;-15.6861609488819;-9.42519637791113;4860
-5.500675;48.9941266666667;-15.6861609488819;-9.42519637791113;4874
-5.50414333333333;48.9928466666667;-15.8482642285303;-9.14999961853028;4910
-5.51086166666667;48.9903866666667;-15.8482642285303;-9.14999961853028;4965
-5.518335;48.987735;-15.8482642285303;-9.14999961853028;5033
-5.52237666666667;48.9862916666667;-15.6861609488819;-9.42519637791113;5070
-5.523615;48.985845;-15.6861609488819;-9.42519637791113;5079
-5.52765833333333;48.9843833333333;-15.8482642285303;-9.14999961853028;5114
-5.53114166666667;48.983135;-15.6861609488819;-9.42519637791113;5145
-5.53170166666667;48.9829316666667;-15.6861609488819;-9.42519637791113;5152
-5.53510333333333;48.9816783333333;-15.6861609488819;-9.42519637791113;5180
-5.53578333333333;48.9814283333333;-15.6861609488819;-9.42519637791113;5190
-5.53980666666667;48.9799616666667;-15.6861609488819;-9.42519637791113;5226
-5.54385166666667;48.9784566666667;-15.6861609488819;-9.42519637791113;5259
-5.54587;48.9777033333333;-15.6861609488819;-9.42519637791113;5280
-5.55330666666667;48.97493;-15.9348670992712;-9.19999980926515;5346
-5.55476833333333;48.9743866666667;-15.9348670992712;-9.19999980926515;5355
-5.55735833333333;48.9734283333333;-15.7718780059355;-9.47670038187357;5381
-5.56007;48.972425;-15.7718780059355;-9.47670038187357;5405
-5.56153833333333;48.9718883333333;-15.7718780059355;-9.47670038187357;5418
-5.56277833333333;48.97143;-15.7718780059355;-9.47670038187357;5430
-5.56356833333333;48.97114;-15.7718780059355;-9.47670038187357;5435
-5.56628166666667;48.9701316666667;-15.7718780059355;-9.47670038187357;5460
-5.56752166666667;48.969665;-15.7718780059355;-9.47670038187357;5471
-5.56887666666667;48.9691533333333;-15.7718780059355;-9.47670038187357;5480
-5.56955333333333;48.9689016666667;-15.7718780059355;-9.47670038187357;5490
-5.56887666666667;48.9691533333333;-15.7718780059355;-9.47670038187357;5501
-5.57304833333333;48.9676;-15.7718780059355;-9.47670038187357;5520
-5.57372333333333;48.96735;-15.9348670992712;-9.19999980926515;5526
-5.57563833333333;48.9666366666667;-15.9348670992712;-9.19999980926515;5540
-5.57631333333333;48.966385;-15.9348670992712;-9.19999980926515;5549
-5.57710166666667;48.9660916666667;-15.9348670992712;-9.19999980926515;5555
-5.57777833333333;48.9658433333333;-15.9348670992712;-9.19999980926515;5560
-5.57902166666667;48.965385;-15.9348670992712;-9.19999980926515;5571
-5.57980666666667;48.965095;-15.7718780059355;-9.47670038187357;5580
-5.58048;48.9648433333333;-15.8575950629891;-9.52820438583601;5585
-5.583845;48.96356;-15.8575950629891;-9.52820438583601;5614
-5.58451666666667;48.9633016666667;-15.8575950629891;-9.52820438583601;5621
-5.58653666666667;48.9625333333333;-16.0214699700121;-9.25000000000001;5640
-5.58721666666667;48.9622833333333;-16.0214699700121;-9.25000000000001;5645
-5.590625;48.96104;-16.0214699700121;-9.25000000000001;5675
-5.59130666666667;48.9607933333333;-16.1804645820788;-8.96897797455723;5684
-5.5967;48.958895;-16.0214699700121;-9.25000000000001;5729
-5.59749833333333;48.9586083333333;-16.0214699700121;-9.25000000000001;5734
-5.59818333333333;48.9583583333333;-16.0214699700121;-9.25000000000001;5743
-5.59943666666667;48.957905;-16.0214699700121;-9.25000000000001;5753
-5.60091;48.95737;-16.1804645820788;-8.96897797455723;5765
-5.60147666666667;48.957165;-16.0214699700121;-9.25000000000001;5770
-5.60284333333333;48.9566683333333;-16.0214699700121;-9.25000000000001;5781
-5.60354333333333;48.9564066666667;-16.1804645820788;-8.96897797455723;5789
-5.605045;48.9558566666667;-16.1804645820788;-8.96897797455723;5801
-5.60699666666667;48.9551483333333;-16.0214699700121;-9.25000000000001;5820
-5.61042166666667;48.953915;-16.1804645820788;-8.96897797455723;5846
-5.61190333333333;48.95339;-16.1804645820788;-8.96897797455723;5861
-5.61384833333333;48.9526983333333;-16.1804645820788;-8.96897797455723;5876
-5.61521833333333;48.9522133333333;-16.1804645820788;-8.96897797455723;5889
-5.61589833333333;48.9519766666667;-16.0214699700121;-9.25000000000001;5894
-5.61873833333333;48.9509716666667;-16.1804645820788;-8.96897797455723;5923
-5.62067333333333;48.9502783333333;-16.0214699700121;-9.25000000000001;5942
-5.622045;48.9497866666667;-16.108072840753;-9.30000019073487;5950
-5.62409833333333;48.9490516666667;-16.1804645820788;-8.96897797455723;5970
-5.62558333333333;48.94852;-16.0214699700121;-9.25000000000001;5983
-5.62752833333333;48.9478183333333;-16.2679268864337;-9.01745912152206;5999
-5.631655;48.9463283333333;-16.2679268864337;-9.01745912152206;6033
-5.63314166666667;48.9457916666667;-16.2679268864337;-9.01745912152206;6047
-5.63440833333333;48.945325;-16.2679268864337;-9.01745912152206;6059
-5.63787;48.944085;-16.2679268864337;-9.01745912152206;6086
-5.64338833333333;48.9420833333333;-16.2679268864337;-9.01745912152206;6138
-5.64545333333333;48.9413316666667;-16.2679268864337;-9.01745912152206;6153
-5.648195;48.940355;-16.2679268864337;-9.01745912152206;6180
-5.64956333333333;48.9398783333333;-16.2679268864337;-9.01745912152206;6190
-5.65025333333333;48.939635;-16.2679268864337;-9.01745912152206;6199
-5.65231833333333;48.9389033333333;-16.2679268864337;-9.01745912152206;6213
-5.65301;48.93865;-16.2679268864337;-9.01745912152206;6220
-5.653705;48.9383933333333;-16.2679268864337;-9.01745912152206;6233
-5.65658166666667;48.9373683333333;-16.2679268864337;-9.01745912152206;6253
-5.66681166666667;48.9338033333333;-16.0214699700121;-9.25000000000001;6340
-5.66899166666667;48.93302;-16.0214699700121;-9.25000000000001;6359
-5.66967666666667;48.93278;-16.0214699700121;-9.25000000000001;6364
-5.67229166666667;48.9318483333333;-16.0214699700121;-9.25000000000001;6389
-5.67365166666667;48.9313533333333;-16.0214699700121;-9.25000000000001;6401
-5.67433333333333;48.9311066666667;-16.0214699700121;-9.25000000000001;6406
-5.68338666666667;48.927905;-16.2679268864337;-9.01745912152206;6485
-5.69434;48.924055;-16.108072840753;-9.30000019073487;6578
-5.70463833333333;48.920345;-16.1804645820788;-8.96897797455723;6671
-5.710165;48.9183966666667;-16.2679268864337;-9.01745912152206;6719
-5.716365;48.9162233333333;-16.108072840753;-9.30000019073487;6772
-5.71843166666667;48.9154883333333;-16.108072840753;-9.30000019073487;6791
-5.71923833333333;48.9152033333333;-16.2679268864337;-9.01745912152206;6796
-5.72256666666667;48.9140166666667;-16.0214699700121;-9.25000000000001;6827
-5.72612;48.9127566666667;-16.108072840753;-9.30000019073487;6856
-5.73302666666667;48.9103166666667;-16.2679268864337;-9.01745912152206;6917
-5.74891666666667;48.90471;-16.108072840753;-9.30000019073487;7053
-5.751555;48.90377;-16.108072840753;-9.30000019073487;7081
-5.75373333333333;48.903;-16.0214699700121;-9.25000000000001;7095
-5.75636;48.9020683333333;-16.0214699700121;-9.25000000000001;7119
-5.80546166666667;48.88446;-14.4553030365113;-10.8928521486263;7553
-5.80734666666667;48.8836016666667;-14.0663421988288;-11.3906993180687;7571
-5.81150333333333;48.8814266666667;-12.6572111134994;-12.6572111134994;7610
-5.81206166666667;48.881095;-12.4343845662249;-12.8761821516555;7616
-5.81573333333333;48.87861;-11.6778502154977;-13.4338299521676;7661
-5.81681666666667;48.8778033333333;-11.7434563686634;-13.5093011980888;7670
-5.82167666666667;48.8740783333333;-11.5701769743577;-13.7887999761416;7733
-5.823145;48.8729383333333;-11.5701769743577;-13.7887999761416;7750
-5.82363333333333;48.8725566666667;-11.5701769743577;-13.7887999761416;7756
-5.82804333333333;48.8690966666667;-11.3906993180687;-14.0663421988288;7809
-5.82997666666667;48.8675466666667;-11.3906993180687;-14.0663421988288;7834
-5.85007833333333;48.8502233333333;-11.2666045287471;-14.4205961897985;8091
-5.85195333333333;48.848605;-11.2666045287471;-14.4205961897985;8117
-5.85421;48.8466466666667;-11.2666045287471;-14.4205961897985;8151
-5.85513833333333;48.84584;-11.2666045287471;-14.4205961897985;8159
-5.85607;48.8450333333333;-11.2666045287471;-14.4205961897985;8171
-5.85661666666667;48.84456;-11.2666045287471;-14.4205961897985;8181
-5.85708166666667;48.8441566666667;-11.2666045287471;-14.4205961897985;8190
-5.85793833333333;48.8434183333333;-11.3281709111359;-14.4993975657614;8202
-5.86543333333333;48.8369283333333;-11.3281709111359;-14.4993975657614;8291
-5.86636166666667;48.8361166666667;-11.3281709111359;-14.4993975657614;8302
-5.867365;48.83524;-11.3281709111359;-14.4993975657614;8313
-5.86821333333333;48.8344983333333;-11.3281709111359;-14.4993975657614;8330
-5.87440333333333;48.8291866666667;-11.3281709111359;-14.4993975657614;8405
-5.87526;48.82845;-11.2666045287471;-14.4205961897985;8414
-5.88081666666667;48.8235433333333;-11.3281709111359;-14.4993975657614;8486
-5.88315333333333;48.8215083333333;-11.3281709111359;-14.4993975657614;8518
-5.886055;48.8189783333333;-11.3281709111359;-14.4993975657614;8556
-5.89755666666667;48.8089116666667;-10.7564696685077;-14.8050103798306;8706
-5.90065666666667;48.8060033333333;-9.96689392524839;-15.3476707535464;8750
-5.90234166666667;48.8043116666667;-9.42519637791112;-15.6861609488819;8771
-5.90282;48.8038116666667;-9.42519637791112;-15.6861609488819;8779
-5.903955;48.80259;-8.77505431139889;-15.830617032864;8792
-5.91188;48.79208;-8.59132924080343;-16.1579402756828;8935
-5.912885;48.7907966666667;-8.59132924080343;-16.1579402756828;8954
-5.91783666666667;48.78446;-8.35342502202402;-16.394519705174;9032
-5.92347166666667;48.7770866666667;-8.6382765761712;-16.2462353717865;9129
-5.92418333333333;48.7761866666667;-8.6382765761712;-16.2462353717865;9141
-5.92596;48.7739183333333;-8.6382765761712;-16.2462353717865;9174
-5.92807833333333;48.7711883333333;-8.6382765761712;-16.2462353717865;9211
-5.92947666666667;48.76936;-8.39882424518161;-16.4836206974848;9232
-5.92982333333333;48.7689033333333;-8.39882424518161;-16.4836206974848;9240
-5.92947666666667;48.76936;-8.39882424518161;-16.4836206974848;9250
-5.93258666666667;48.7653133333333;-8.68522391153898;-16.3345304678901;9284
-5.93478333333333;48.76249;-8.39882424518161;-16.4836206974848;9321
-5.935835;48.7611066666667;-8.39882424518161;-16.4836206974848;9343
-5.93688;48.7597266666667;-8.39882424518161;-16.4836206974848;9360
-5.938265;48.7578933333333;-8.68522391153898;-16.3345304678901;9381
-5.93932;48.7565283333333;-8.68522391153898;-16.3345304678901;9399
-5.94002333333333;48.7556083333333;-8.68522391153898;-16.3345304678901;9413
-5.94602;48.7479183333333;-8.39882424518161;-16.4836206974848;9516
-5.94673;48.7470016666667;-8.39882424518161;-16.4836206974848;9524
-5.95058;48.74194;-8.39882424518161;-16.4836206974848;9590
-5.95127833333333;48.74102;-8.68522391153898;-16.3345304678901;9605
-5.95198166666667;48.7401066666667;-8.68522391153898;-16.3345304678901;9615
-5.95269166666667;48.739195;-8.68522391153898;-16.3345304678901;9630
-5.95447333333333;48.7369166666667;-8.68522391153898;-16.3345304678901;9656
-5.95661666666667;48.73418;-8.68522391153898;-16.3345304678901;9694
-5.96876833333333;48.7186116666667;-8.73217124690676;-16.4228255639938;9896
-5.969545;48.717625;-8.68522391153898;-16.3345304678901;9909
-5.96990166666667;48.7171683333333;-8.73217124690676;-16.4228255639938;9915
-5.97276;48.7135183333333;-8.68522391153898;-16.3345304678901;9963
-5.97311666666667;48.71306;-8.68522391153898;-16.3345304678901;9969
-5.97347666666667;48.7126016666667;-8.68522391153898;-16.3345304678901;9976
-5.97377666666667;48.7122166666667;-8.68522391153898;-16.3345304678901;9981
-5.974495;48.7112966666667;-8.68522391153898;-16.3345304678901;9992
-5.974855;48.7108383333333;-8.68522391153898;-16.3345304678901;10000
-5.97598833333333;48.7093833333333;-8.68522391153898;-16.3345304678901;10018
-5.97634833333333;48.7089266666667;-8.68522391153898;-16.3345304678901;10024
-5.97670333333333;48.7084716666667;-8.39882424518161;-16.4836206974848;10029
-5.977355;48.7076316666667;-8.39882424518161;-16.4836206974848;10041
-5.97777;48.7071;-8.39882424518161;-16.4836206974848;10050
-5.97841666666667;48.7062633333333;-8.39882424518161;-16.4836206974848;10059
-5.981335;48.7025583333333;-8.68522391153898;-16.3345304678901;10108
-5.98447333333333;48.698545;-8.68522391153898;-16.3345304678901;10161
-5.98518166666667;48.6976333333333;-8.68522391153898;-16.3345304678901;10174
-5.98553666666667;48.6971766666667;-8.68522391153898;-16.3345304678901;10180
-5.98738166666667;48.6948183333333;-8.68522391153898;-16.3345304678901;10209
-6.01141;48.6639483333333;-8.6382765761712;-16.2462353717865;10617
-6.01603;48.6580516666667;-8.35342502202402;-16.394519705174;10695
-6.01708833333333;48.65669;-8.35342502202402;-16.394519705174;10714
-6.05994833333333;48.6012283333333;-8.77911858227454;-16.5111206600975;11439
