"x";"y";"vx";"vy";"t"
-5.680335;48.358495;3.74222723164514;1.90676001231428;0
-5.69463;48.3729133333333;-2.97763845492397;0.365608030215443;1103
-5.69629;48.3677583333333;-2.38463668904942;-3.81621643270392;1421
-5.70789166666667;48.3551916666667;-3.21182703814905;-3.56709530403512;2108
-5.71428666666667;48.3473416666667;-2.71536081032461;-2.04617113611052;2662
-5.62877666666667;48.294785;9.14150887067769;-5.93656527390049;4458
-5.62525666666667;48.2928266666667;8.70512675486022;-6.55978352278311;4517
-5.62469666666667;48.2925033333333;8.92875697026831;-6.25198293742435;4527
-5.617735;48.28861;8.58931691371102;-6.71070984619346;4649
-5.614895;48.2869866666667;8.92875697026831;-6.25198293742435;4697
-5.59372833333333;48.27507;8.92875697026831;-6.25198293742435;5063
-5.59239833333333;48.2743433333333;8.58931691371102;-6.71070984619346;5092
-5.5915;48.27379;8.70512675486022;-6.55978352278311;5103
-5.58608333333333;48.2707516666667;8.81828493007144;-6.40685902576568;5198
-5.58513;48.270135;8.70512675486022;-6.55978352278311;5218
-5.57525666666667;48.2644433333333;9.24372392460037;-5.77611977799378;5388
-5.57411833333333;48.2637916666667;8.81828493007144;-6.40685902576568;5408
-5.57212666666667;48.262645;8.81828493007144;-6.40685902576568;5442
-5.57045666666667;48.2617;9.43967657088791;-5.44999980926513;5472
-5.56864;48.26064;9.53335447417847;-5.28442467574488;5502
-5.568155;48.2603966666667;8.81828493007144;-6.40685902576568;5511
-5.567775;48.2601483333333;8.70512675486022;-6.55978352278311;5522
-5.56606;48.2591566666667;8.70512675486022;-6.55978352278311;5547
-5.56550166666667;48.2588133333333;8.92875697026831;-6.25198293742435;5557
-5.561555;48.2564983333333;9.7124235214482;-5.1641871906448;5626
-5.55408833333333;48.2521333333333;9.03650922459722;-6.09520243451597;5763
-5.55167833333333;48.2507266666667;9.53335447417847;-5.28442467574488;5799
-5.551465;48.2506383333333;8.81828493007144;-6.40685902576568;5815
-5.55042833333333;48.2500183333333;8.84684223456197;-6.19462562199232;5822
-5.54916;48.2492183333333;8.76492671765136;-6.13726775955517;5846
-5.54806166666667;48.24856;8.87070186821258;-5.98336396047941;5873
-5.54025166666667;48.243855;9.35307452605318;-5.40000009536743;6007
-5.53961166666667;48.2434966666667;8.95360594172082;-6.03928346414165;6017
-5.53800666666667;48.2425883333333;8.27328013179634;-6.94210630721663;6048
-5.53679333333333;48.2418433333333;9.35307452605318;-5.40000009536743;6068
-5.53595166666667;48.2412733333333;8.27328013179634;-6.94210630721663;6083
-5.53407333333333;48.2401516666667;8.51051628925372;-6.64914405094522;6123
-5.530805;48.2381466666667;8.51051628925372;-6.64914405094522;6182
-5.53021333333333;48.2377533333333;9.2574070110745;-5.5624113072643;6189
-5.52678666666667;48.2357416666667;8.3498841377741;-7.00638470037927;6249
-5.52508666666667;48.2347416666667;9.03650922459722;-6.09520243451597;6278
-5.52454166666667;48.234395;9.03650922459722;-6.09520243451597;6288
-5.52231;48.23307;8.81828493007144;-6.40685902576568;6326
-5.51842833333333;48.230705;9.14150887067769;-5.93656527390049;6395
-5.517815;48.2303333333333;9.43967657088791;-5.44999980926513;6409
-5.51728666666667;48.2300466666667;8.22633413652935;-7.15104316572987;6419
-5.51693833333333;48.229785;8.22633413652935;-7.15104316572987;6429
-5.515965;48.2291466666667;9.03650922459722;-6.09520243451597;6443
-5.51511333333333;48.22866;9.34312325066965;-5.61391482004816;6456
-5.512805;48.22731;9.03650922459722;-6.09520243451597;6499
-5.51184166666667;48.226835;9.0576422937743;-5.88210168204394;6513
-5.51144833333333;48.2266016666667;9.44589300392595;-5.23594399113054;6523
-5.51184166666667;48.226835;9.0576422937743;-5.88210168204394;6532
-5.50510166666667;48.223325;9.0576422937743;-5.88210168204394;6627
-5.50270333333333;48.222115;9.35307452605318;-5.40000009536743;6669
-5.50121833333333;48.221335;9.14150887067769;-5.93656527390049;6692
-5.49560333333333;48.2185216666667;9.2574070110745;-5.5624113072643;6786
-5.49503166666667;48.21821;9.2574070110745;-5.5624113072643;6800
-5.49146;48.21641;9.5358341712853;-5.07029296763221;6860
-5.48920833333333;48.2153516666667;9.78812427286031;-4.56427730740759;6893
-5.48894666666667;48.2152433333333;9.35307452605318;-5.40000009536743;6900
-5.48664166666667;48.2140733333333;8.95360594172082;-6.03928346414165;6938
-5.484865;48.213175;9.26647165531226;-5.34999990463257;6966
-5.47861666666667;48.2099616666667;9.44753907518163;-5.02334563226443;7079
-5.46761166666667;48.2045266666667;9.07411446712142;-5.67013602622121;7261
-5.46651166666667;48.20392;8.65648168550419;-6.28930208741832;7282
-5.465885;48.203585;9.44753907518163;-5.02334563226443;7287
-5.46233833333333;48.20178;9.26647165531226;-5.34999990463257;7347
-5.46012166666667;48.2006033333333;9.35307452605318;-5.40000009536743;7386
-5.459475;48.2002716666667;9.53376963886953;-4.85769826062133;7402
-5.45886166666667;48.1999516666667;9.5358341712853;-5.07029296763221;7409
-5.45701666666667;48.199025;9.35307452605318;-5.40000009536743;7437
-5.45488666666667;48.1979766666667;9.07411446712142;-5.67013602622121;7472
-5.45447166666667;48.1977616666667;9.44753907518163;-5.02334563226443;7481
-5.45405166666667;48.1975566666667;8.76492671765136;-6.13726775955517;7489
-5.45345833333333;48.1972333333333;8.15086361035536;-7.08543763823081;7497
-5.4527;48.1968016666667;9.44589300392595;-5.23594399113054;7513
-5.45185;48.1963966666667;9.62287063118038;-4.90309748377892;7523
-5.45112333333333;48.19605;9.35307452605318;-5.40000009536743;7536
-5.44877333333333;48.194795;9.70697587146236;-4.7344084689347;7579
-5.44767;48.1942833333333;9.62287063118038;-4.90309748377892;7594
-5.44332166666667;48.1921133333333;9.0576422937743;-5.88210168204394;7669
-5.43978333333333;48.19013;8.87070186821258;-5.98336396047941;7729
-5.43842166666667;48.1894116666667;9.69749314842766;-4.52201532001745;7753
-5.437605;48.1890783333333;9.60686288831747;-4.47975373566749;7766
-5.42738;48.1839566666667;9.2574070110745;-5.5624113072643;7949
-5.42335666666667;48.18195;8.84684223456197;-6.19462562199232;8003
-5.422595;48.1815366666667;8.95360594172082;-6.03928346414165;8024
-5.41898666666667;48.1797083333333;9.03650922459722;-6.09520243451597;8080
-5.41413166666667;48.1774516666667;8.27328013179634;-6.94210630721663;8160
-5.413775;48.1772133333333;9.62287063118038;-4.90309748377892;8171
-5.412455;48.1765066666667;9.35843069957107;-5.18746284416571;8186
-5.41126833333333;48.1759233333333;8.97377491705232;-5.82763757077914;8206
-5.40657666666667;48.17365;9.35843069957107;-5.18746284416571;8284
-5.40577833333333;48.17328;8.65648168550419;-6.28930208741832;8297
-5.40484333333333;48.17276;9.70697587146236;-4.7344084689347;8313
-5.40434833333333;48.1725666666667;9.26647165531226;-5.34999990463257;8332
-5.40337333333333;48.1721033333333;9.35843069957107;-5.18746284416571;8337
-5.40275833333333;48.1718383333333;9.35843069957107;-5.18746284416571;8349
-5.40163666666667;48.1712783333333;8.4317149132908;-6.58757766855644;8366
-5.40067666666667;48.1707216666667;9.26647165531226;-5.34999990463257;8386
-5.40028;48.170515;8.76492671765136;-6.13726775955517;8393
-5.39986833333333;48.1702883333333;9.17168995402091;-5.51090730330186;8398
-5.39868333333333;48.1697066666667;9.35843069957107;-5.18746284416571;8418
-5.39814333333333;48.1694766666667;9.17986961047752;-5.30000019073486;8433
-5.39572666666667;48.1683516666667;9.3592448211224;-4.97639874461963;8468
-5.39393333333333;48.1674483333333;9.17986961047752;-5.30000019073486;8499
-5.39335333333333;48.167185;8.80604096342695;-5.71870986765778;8507
-5.39188333333333;48.166495;8.90450500964247;-5.56415227444865;8532
-5.39141666666667;48.16625;9.09326673973661;-5.25;8540
-5.39105666666667;48.166085;8.90450500964247;-5.56415227444865;8546
-5.39005833333333;48.1655666666667;9.08597371442577;-5.45940379051801;8562
-5.38942333333333;48.1652033333333;9.27096922931854;-5.13898215955137;8574
-5.38911333333333;48.1650616666667;8.46553671115657;-6.37923947498593;8580
-5.38807333333333;48.1645316666667;9.17986961047752;-5.30000019073486;8596
-5.385835;48.1634933333333;9.27096922931854;-5.13898215955137;8634
-5.38358833333333;48.16238;8.98931014276279;-5.61714440302013;8672
-5.38157;48.1614033333333;9.60686288831747;-4.47975373566749;8706
-5.38066;48.1610966666667;9.60686288831747;-4.47975373566749;8724
-5.38003833333333;48.1608516666667;9.27096922931854;-5.13898215955137;8733
-5.37950666666667;48.1606166666667;8.80604096342695;-5.71870986765778;8742
-5.37907166666667;48.1604033333333;8.88990834014893;-5.77317397892259;8750
-5.37846833333333;48.16005;8.23774748790155;-6.67079638519495;8760
-5.37798833333333;48.159735;7.7523495161525;-7.22918287682421;8769
-5.3776;48.1594416666667;7.7523495161525;-7.22918287682421;8774
-5.3773;48.1592133333333;7.09278468265697;-7.87733543354763;8781
-5.37703;48.158985;7.55306790355584;-7.29391288981947;8786
-5.37567666666667;48.1579483333333;8.27411291287058;-6.46444549091941;8816
-5.37526666666667;48.1576966666667;7.87733543354763;-7.09278468265697;8822
-5.373265;48.156635;8.90450500964247;-5.56415227444865;8856
-5.37160833333333;48.1558216666667;8.51918094812381;-5.96519471924883;8888
-5.370695;48.1552566666667;8.30580899983658;-6.25887601120709;8903
-5.36934666666667;48.15427;8.1600325952982;-6.60786410602329;8931
-5.36918333333333;48.154175;8.04346665274927;-6.74926990170866;8937
-5.36832;48.1536466666667;9.00025665737218;-5.40789978655557;8952
-5.36767833333333;48.153325;8.27411291287058;-6.46444549091941;8966
-5.366015;48.1523683333333;8.38567285549657;-6.31905774309651;8991
-5.36589833333333;48.1522966666667;8.27411291287058;-6.46444549091941;9003
-5.36512;48.1518566666667;8.38567285549657;-6.31905774309651;9010
-5.36460333333333;48.1515316666667;8.38567285549657;-6.31905774309651;9021
-5.363455;48.15082;8.04346665274927;-6.74926990170866;9037
-5.36279833333333;48.1504016666667;7.99992183826024;-6.95422595756604;9049
-5.362405;48.1501466666667;8.04346665274927;-6.74926990170866;9061
-5.361925;48.14983;9.3592448211224;-4.97639874461963;9071
-5.36157;48.1496816666667;8.04346665274927;-6.74926990170866;9084
-5.36019333333333;48.1489233333333;8.38567285549657;-6.31905774309651;9097
-5.35969833333333;48.148605;8.1600325952982;-6.60786410602329;9106
-5.35912166666667;48.1482216666667;8.27411291287058;-6.46444549091941;9119
-5.35806166666667;48.14757;8.27411291287058;-6.46444549091941;9138
-5.357045;48.1470016666667;7.7523495161525;-7.22918287682421;9156
-5.35677333333333;48.1468066666667;8.78779858533618;-5.92744499010508;9161
-5.35646166666667;48.1466416666667;8.49467844093695;-6.17174514907097;9169
-5.35586333333333;48.14629;8.49467844093695;-6.17174514907097;9178
-5.35551333333333;48.1461016666667;7.55306790355584;-7.29391288981947;9185
-5.35497833333333;48.14572;8.27411291287058;-6.46444549091941;9194
-5.35551333333333;48.1461016666667;7.55306790355584;-7.29391288981947;9200
-5.35434833333333;48.1453233333333;8.27411291287058;-6.46444549091941;9211
-5.352665;48.1443183333333;8.80604096342695;-5.71870986765778;9238
-5.35154166666667;48.1436983333333;8.80604096342695;-5.71870986765778;9261
-5.35097166666667;48.1433916666667;8.27411291287058;-6.46444549091941;9271
-5.34892;48.142055;8.49467844093695;-6.17174514907097;9309
-5.34832333333333;48.1416883333333;8.46553671115657;-6.37923947498593;9320
-5.34775;48.1413833333333;8.68301198194502;-6.07991044412313;9328
-5.34607666666667;48.1404216666667;8.57558044898994;-6.23052389852249;9358
-5.34557833333333;48.1401316666667;8.12007138928393;-6.81354890788133;9366
-5.34446333333333;48.1394366666667;8.3529142888335;-6.52601187330819;9388
-5.34286833333333;48.1384516666667;8.1600325952982;-6.60786410602329;9416
-5.34241666666667;48.1381233333333;8.1600325952982;-6.60786410602329;9426
-5.34078833333333;48.1371433333333;8.1600325952982;-6.60786410602329;9456
-5.340485;48.1369383333333;8.70489451182794;-5.87152548644284;9462
-5.34008166666667;48.1367133333333;8.12007138928393;-6.81354890788133;9469
-5.33967833333333;48.136455;9.27094972501873;-4.92945140925185;9478
-5.33928;48.1362966666667;7.99992183826024;-6.95422595756604;9483
-5.33876666666667;48.1359616666667;8.27411291287058;-6.46444549091941;9493
-5.33857;48.1358683333333;8.12007138928393;-6.81354890788133;9500
-5.33748;48.13521;8.68301198194502;-6.07991044412313;9516
-5.33419;48.1332066666667;8.57558044898994;-6.23052389852249;9576
-5.33269833333333;48.1322966666667;8.5453998051784;-6.43942063293981;9605
-5.33039166666667;48.131055;9.17168995402091;-5.51090730330186;9643
-5.32878333333333;48.1300866666667;8.19667539526168;-6.87782730104396;9674
-5.32830833333333;48.12976;8.87070186821258;-5.98336396047941;9680
-5.32749833333333;48.1292466666667;8.87070186821258;-5.98336396047941;9695
-5.32694;48.1289466666667;8.31546163936076;-6.73372806419992;9705
-5.32656833333333;48.1287033333333;9.17168995402091;-5.51090730330186;9713
-5.32633;48.1286016666667;8.3529142888335;-6.52601187330819;9719
-5.32656833333333;48.1287033333333;9.17168995402091;-5.51090730330186;9726
-5.32552333333333;48.12811;7.49533215031723;-7.49533215031723;9734
-5.32513;48.127815;9.08597371442577;-5.45940379051801;9740
-5.323745;48.1269633333333;8.46553671115657;-6.37923947498593;9766
-5.31938666666667;48.1242983333333;8.3529142888335;-6.52601187330819;9846
-5.31771166666667;48.1233066666667;8.5453998051784;-6.43942063293981;9876
-5.31729;48.12303;8.19667539526168;-6.87782730104396;9892
-5.31334666666667;48.1205583333333;8.4317149132908;-6.58757766855644;9959
-5.31295833333333;48.1203316666667;8.65648168550419;-6.28930208741832;9965
-5.31278833333333;48.1202316666667;8.5453998051784;-6.43942063293981;9973
-5.31223333333333;48.1198983333333;8.5453998051784;-6.43942063293981;9978
-5.30894333333333;48.1177683333333;8.46553671115657;-6.37923947498593;10043
-5.30772;48.1170783333333;8.57558044898994;-6.23052389852249;10062
-5.30637833333333;48.116245;8.57558044898994;-6.23052389852249;10086
-5.30583666666667;48.1159283333333;8.57558044898994;-6.23052389852249;10103
-5.30433333333333;48.1149483333333;8.49467844093695;-6.17174514907097;10125
-5.30316;48.11428;8.49467844093695;-6.17174514907097;10149
-5.30163833333333;48.1132933333333;7.87733543354763;-7.09278468265697;10177
-5.29969666666667;48.1120583333333;8.1600325952982;-6.60786410602329;10213
-5.29938833333333;48.1118466666667;7.9244505923391;-6.88861980440033;10220
-5.29868166666667;48.1113583333333;8.38567285549657;-6.31905774309651;10233
-5.29803;48.1108833333333;8.27411291287058;-6.46444549091941;10245
-5.29729;48.1105183333333;8.49467844093695;-6.17174514907097;10262
-5.295775;48.1096366666667;9.09326673973661;-5.25;10288
-5.29419333333333;48.108705;7.80302066751264;-7.02587136676801;10316
-5.29335;48.1081583333333;8.04346665274927;-6.74926990170866;10334
-5.292595;48.1076283333333;8.1600325952982;-6.60786410602329;10347
-5.291055;48.1066566666667;8.60109646503442;-6.02255258168598;10381
-5.28822833333333;48.104885;8.81969987652216;-5.51116014587717;10430
-5.28800833333333;48.1047533333333;8.1600325952982;-6.60786410602329;10436
-5.285675;48.10338;8.49467844093695;-6.17174514907097;10479
-5.28513666666667;48.1030583333333;8.19531153690766;-6.40287910853063;10489
-5.284655;48.10275;8.49467844093695;-6.17174514907097;10498
-5.283825;48.1022066666667;8.49467844093695;-6.17174514907097;10513
-5.28217833333333;48.1011816666667;8.27411291287058;-6.46444549091941;10543
-5.28044166666667;48.10006;8.70489451182794;-5.87152548644284;10577
-5.27985333333333;48.0997433333333;8.57558044898994;-6.23052389852249;10586
-5.27934;48.0994066666667;8.38567285549657;-6.31905774309651;10596
-5.275615;48.0970683333333;8.27411291287058;-6.46444549091941;10670
-5.27242;48.0950116666667;8.23774748790155;-6.67079638519495;10730
-5.27194333333333;48.0946966666667;8.46553671115657;-6.37923947498593;10736
-5.27043166666667;48.0937716666667;8.57558044898994;-6.23052389852249;10763
-5.26493833333333;48.0902683333333;8.87070186821258;-5.98336396047941;10869
-5.25745166666667;48.0854766666667;8.57558044898994;-6.23052389852249;11009
-5.24934833333333;48.0806266666667;9.18350692496366;-5.09050101258654;11160
-5.24823166666667;48.08008;9.35556850397786;-4.76690024726524;11183
-5.24679833333333;48.0792966666667;8.81969987652216;-5.51116014587717;11204
-5.24633166666667;48.079055;8.80604096342695;-5.71870986765778;11215
-5.24597166666667;48.078825;8.80604096342695;-5.71870986765778;11220
-5.24252666666667;48.0769883333333;9.00025665737218;-5.40789978655557;11279
-5.24198;48.0766766666667;8.70489451182794;-5.87152548644284;11287
-5.22379166666667;48.0674083333333;9.50087241099311;-4.2300609328306;11607
-5.22312;48.0670666666667;9.34745773864862;-4.55905975938108;11616
-5.22293;48.06699;8.72217358670498;-5.66424575639298;11621
-5.22178166666667;48.0664116666667;9.09604462060878;-5.04201986562171;11644
-5.20841;48.0603516666667;9.73884150901632;-3.35335205300591;11866
-5.17626;48.0490366666667;9.60567117738032;-3.1210717610676;12383
-5.17347;48.048375;9.77811419511866;-1.54870114422327;12429
-5.16009666666667;48.0450083333333;9.21780939962197;-2.29825800819684;12646
-5.12056333333333;48.0351533333333;8.83366037098146;-1.08463710981635;13317
-5.07560833333333;48.0264983333333;8.65135526344487;-2.48073620235299;14066
-5.05791166666667;48.0226716666667;8.13055422452921;-3.6199559682169;14369
-5.05650666666667;48.0222083333333;8.0661389588972;-3.76130236827615;14393
-5.05371666666667;48.02166;8.67189320489591;-2.00206429784838;14439
-5.053215;48.0215833333333;8.80332840660425;-1.87120521735983;14452
-5.05063333333333;48.0209283333333;7.62878864926542;-4.58383867022805;14496
-5.050315;48.0208;7.78411505989968;-4.31480543525221;14517
-5.030215;48.0158866666667;8.30886543969243;-3.18947461424665;14851
-4.92726333333333;47.9974016666667;8.58732695335051;-3.8233242897548;16534
-4.92649166666667;47.9971933333333;8.58732695335051;-3.8233242897548;16549
-4.92588666666667;47.9970633333333;8.93993089037517;-2.90475962924388;16564
-4.92460666666667;47.99686;8.88787424994687;-3.06034052770288;16577
-4.923985;47.9967516666667;8.93993089037517;-2.90475962924388;16586
-4.78699833333333;47.9736866666667;8.43737343025034;-3.40892014298587;18789
-4.77105333333333;47.9703333333333;8.13055422452921;-3.6199559682169;19056
-4.605605;47.935755;8.30888721782426;-4.6056913923402;21830
-4.60506666666667;47.9355583333333;8.05645691348605;-5.03423301021545;21837
-4.60341166666667;47.934935;8.14308935667007;-4.89286171164552;21868
-4.58843666666667;47.9274416666667;7.56490353522678;-5.91035039798253;22146
-4.55866666666667;47.908525;7.39615403013259;-6.4293786092403;22756
-4.55617833333333;47.9070683333333;7.16726641536252;-6.68358405869335;22809
-4.55513833333333;47.90644;7.04953018052196;-6.80765216299374;22828
-4.55464;47.906135;7.61603057050714;-6.16733995232174;22838
-4.55409333333333;47.9058416666667;7.39615403013259;-6.4293786092403;22846
-4.55206166666667;47.9046716666667;7.50723568867737;-6.29931869753009;22889
-4.55156;47.9043783333333;7.50723568867737;-6.29931869753009;22897
-4.548465;47.9025583333333;6.68358405869335;-7.16726641536252;22958
-4.53682666666667;47.895655;7.47162455630658;-6.49498413673937;23186
-4.53475;47.89447;7.58383969465512;-6.36359709069273;23226
-4.52659;47.888935;6.87711760255293;-7.12146374894629;23398
-4.504355;47.8735116666667;8.30283830273227;-5.39192623888546;23872
-4.50351166666667;47.8731933333333;8.48595594996754;-5.0988767451381;23885
-4.50309166666667;47.873035;8.48595594996754;-5.0988767451381;23895
-4.502505;47.87279;8.39567582844394;-5.24620051376057;23904
-4.50215833333333;47.8726483333333;8.48704912226874;-4.90000009536743;23909
-4.50154;47.8724183333333;8.82096424957283;-4.49450577423788;23919
-4.50099333333333;47.8722233333333;8.57365116710347;-4.94999980926513;23928
-4.49918;47.871535;8.40023971037239;-5.04737323235425;23959
-4.4284;47.82878;7.32068278421146;-6.36377245607459;25377
-4.41907833333333;47.8230483333333;7.92836669918223;-5.76029558457738;25566
-4.398475;47.8111333333333;7.68164388946378;-4.08440250669265;25988
-4.39776333333333;47.8107883333333;6.86826569106199;-5.17560942868183;26003
-4.38214833333333;47.8129783333333;0.232937134421542;-0.869333220630695;37978
-4.38217833333333;47.8126916666667;0.157602153069799;-0.123132296899946;38166
