"x";"y";"vx";"vy";"t"
-5.02297166666667;49.2034633333333;-12.5146429172342;-7.51955609015823;0
-5.17118833333333;49.14503;-12.1270879367892;-7.57784557960891;1685
-5.34826833333333;49.07376;-12.0860592668832;-7.2620370527032;3738
-5.35373333333333;49.0715883333333;-12.0860592668832;-7.2620370527032;3802
-5.35578666666667;49.0707866666667;-12.0860592668832;-7.2620370527032;3826
-5.356985;49.0703116666667;-12.0860592668832;-7.2620370527032;3840
-5.36363833333333;49.0676716666667;-12.0860592668832;-7.2620370527032;3918
-5.36601166666667;49.0667216666667;-11.9574784793103;-7.47186182783635;3946
-5.36871333333333;49.06561;-12.0860592668832;-7.2620370527032;3979
-5.37061;49.0648816666667;-11.9574784793103;-7.47186182783635;4002
-5.38026833333333;49.06098;-12.0860592668832;-7.2620370527032;4114
-5.38250833333333;49.060095;-11.9574784793103;-7.47186182783635;4139
-5.38285666666667;49.0599583333333;-11.9574784793103;-7.47186182783635;4144
-5.38405166666667;49.0594833333333;-11.9574784793103;-7.47186182783635;4158
-5.38456666666667;49.0592733333333;-12.0422828036689;-7.52485345103743;4165
-5.38541333333333;49.0589333333333;-11.9574784793103;-7.47186182783635;4175
-5.38609666666667;49.0586583333333;-12.0422828036689;-7.52485345103743;4182
-5.38968;49.0572066666667;-12.1717755064783;-7.31354056548706;4224
-5.39123333333333;49.0565816666667;-12.0422828036689;-7.52485345103743;4245
-5.39226333333333;49.0561666666667;-12.0422828036689;-7.52485345103743;4252
-5.39328666666667;49.055745;-12.0422828036689;-7.52485345103743;4267
-5.39379333333333;49.05554;-12.0422828036689;-7.52485345103743;4272
-5.39464166666667;49.055185;-12.0422828036689;-7.52485345103743;4284
-5.39531666666667;49.0549016666667;-12.0422828036689;-7.52485345103743;4289
-5.39667333333333;49.0543416666667;-12.0422828036689;-7.52485345103743;4306
-5.399375;49.0532333333333;-12.1717755064783;-7.31354056548706;4337
-5.40242333333333;49.05196;-12.1270879367892;-7.57784557960891;4374
-5.40327166666667;49.0516083333333;-12.2574925635319;-7.3650445694495;4385
-5.403955;49.051325;-12.2574925635319;-7.3650445694495;4398
-5.40585333333333;49.0505533333333;-12.1270879367892;-7.57784557960891;4416
-5.40758;49.0498383333333;-12.2574925635319;-7.3650445694495;4434
-5.40861833333333;49.0494066666667;-12.2574925635319;-7.3650445694495;4448
-5.41783166666667;49.0456366666667;-12.2118922611479;-7.63083720281;4553
-5.425915;49.0422933333333;-12.343208803127;-7.41654808223335;4648
-5.427115;49.0417966666667;-12.343208803127;-7.41654808223335;4664
-5.42916833333333;49.0409566666667;-12.343208803127;-7.41654808223335;4685
-5.43226666666667;49.0396833333333;-12.343208803127;-7.41654808223335;4722
-5.43365166666667;49.0391233333333;-12.343208803127;-7.41654808223335;4739
-5.43434;49.0388483333333;-12.343208803127;-7.41654808223335;4754
-5.437435;49.03757;-12.343208803127;-7.41654808223335;4782
-5.43830333333333;49.0372066666667;-12.343208803127;-7.41654808223335;4795
-5.44144;49.03594;-12.2118922611479;-7.63083720281;4829
-5.44195666666667;49.0357333333333;-12.2118922611479;-7.63083720281;4836
-5.44264166666667;49.0354566666667;-12.2118922611479;-7.63083720281;4844
-5.444015;49.0348933333333;-12.2118922611479;-7.63083720281;4858
-5.44453166666667;49.03468;-12.2966973942682;-7.68382933138147;4864
-5.44521833333333;49.0343966666667;-12.2966973942682;-7.68382933138147;4871
-5.44556166666667;49.0342583333333;-12.2966973942682;-7.68382933138147;4878
-5.44780166666667;49.0333283333333;-12.2966973942682;-7.68382933138147;4902
-5.44936666666667;49.0326916666667;-12.4289258601806;-7.46805208619579;4923
-5.45495;49.0303966666667;-12.5146429172342;-7.51955609015823;4983
-5.45565333333333;49.0301083333333;-12.5146429172342;-7.51955609015823;4994
-5.45830333333333;49.029035;-12.3815025273885;-7.73682145995295;5022
-5.45988166666667;49.02839;-12.3815025273885;-7.73682145995295;5040
-5.46181;49.027595;-12.3815025273885;-7.73682145995295;5063
-5.46233666666667;49.02738;-12.3815025273885;-7.73682145995295;5069
-5.46303;49.0270916666667;-12.3815025273885;-7.73682145995295;5079
-5.464065;49.0266583333333;-12.3815025273885;-7.73682145995295;5086
-5.46544666666667;49.02609;-12.5146429172342;-7.51955609015823;5106
-5.46666333333333;49.025605;-12.5146429172342;-7.51955609015823;5116
-5.468755;49.0247583333333;-12.3815025273885;-7.73682145995295;5146
-5.4719;49.0234466666667;-12.5146429172342;-7.51955609015823;5178
-5.472785;49.023075;-12.3815025273885;-7.73682145995295;5192
-5.474015;49.0225683333333;-12.3815025273885;-7.73682145995295;5207
-5.47453666666667;49.0223566666667;-12.3815025273885;-7.73682145995295;5213
-5.47609833333333;49.0217066666667;-12.5146429172342;-7.51955609015823;5225
-5.477145;49.021285;-12.5146429172342;-7.51955609015823;5236
-5.47925333333333;49.0204216666667;-12.5146429172342;-7.51955609015823;5266
-5.48134333333333;49.0195666666667;-12.5146429172342;-7.51955609015823;5285
-5.48186333333333;49.0193516666667;-12.5146429172342;-7.51955609015823;5292
-5.48812333333333;49.0167516666667;-12.6003591568294;-7.57105960294208;5364
-5.49022833333333;49.0158716666667;-12.5146429172342;-7.51955609015823;5387
-5.49128666666667;49.0154333333333;-12.5146429172342;-7.51955609015823;5399
-5.49709333333333;49.0130783333333;-12.6003591568294;-7.57105960294208;5465
-5.517455;49.00475;-12.6003591568294;-7.57105960294208;5699
-5.52129;49.0031733333333;-12.3815025273885;-7.73682145995295;5740
-5.52337333333333;49.0023183333333;-12.6003591568294;-7.57105960294208;5769
-5.52545666666667;49.0014783333333;-12.3815025273885;-7.73682145995295;5789
-5.52737166666667;49.0006916666667;-12.5146429172342;-7.51955609015823;5816
-5.538415;48.9962033333333;-12.3815025273885;-7.73682145995295;5939
-5.53893833333333;48.99599;-12.3815025273885;-7.73682145995295;5944
-5.53963833333333;48.9957133333333;-12.3815025273885;-7.73682145995295;5952
-5.54067333333333;48.995285;-12.3815025273885;-7.73682145995295;5963
-5.54205166666667;48.9947033333333;-12.3815025273885;-7.73682145995295;5981
-5.54482833333333;48.99356;-12.5146429172342;-7.51955609015823;6014
-5.54690666666667;48.99272;-12.3815025273885;-7.73682145995295;6036
-5.55369166666667;48.9899416666667;-12.3815025273885;-7.73682145995295;6113
-5.56248833333333;48.986305;-12.5146429172342;-7.51955609015823;6215
-5.56408;48.9856633333333;-12.3815025273885;-7.73682145995295;6233
-5.71505833333333;48.9213766666667;-12.0543529075712;-8.75800003493557;7962
-5.758125;48.8943116666667;-9.97209711552238;-11.4715854754367;8528
-5.87233833333333;48.79304;-11.03086605625;-11.03086605625;10276
-5.887145;48.7824133333333;-11.2217011596893;-10.8366708441515;10475
