"x";"y";"vx";"vy";"t"
-3.91575;49.6284166666667;-11.8073660463818;-6.54492987332555;0
-4.00001666666667;49.59765;-11.5717585594785;-6.95301401128574;1000
-4.05983333333333;49.57615;-11.5717585594785;-6.95301401128574;1712
-4.0607;49.57585;-11.5717585594785;-6.95301401128574;1719
-4.09136666666667;49.5648833333333;-11.6574756165321;-7.00451801524817;2080
-4.14653333333333;49.5446833333333;-11.6574756165321;-7.00451801524817;2732
-4.14823333333333;49.54405;-11.6574756165321;-7.00451801524817;2751
-4.149;49.5437833333333;-11.6574756165321;-7.00451801524817;2761
-4.14653333333333;49.5446833333333;-11.6574756165321;-7.00451801524817;2768
-4.1507;49.54315;-11.7431918561272;-7.05602152803203;2779
-4.15153333333333;49.54285;-11.6574756165321;-7.00451801524817;2792
-4.15238333333333;49.5425333333333;-11.6574756165321;-7.00451801524817;2799
-4.29775;49.4875666666667;-11.3638441649914;-7.10091793857679;4540
-4.29858333333333;49.48725;-11.3638441649914;-7.10091793857679;4552
-4.3108;49.4826333333333;-11.3638441649914;-7.10091793857679;4702
-4.32808333333333;49.4760333333333;-11.3638441649914;-7.10091793857679;4914
-4.3289;49.4757166666667;-11.3638441649914;-7.10091793857679;4922
-4.3822;49.4554;-11.2790398406328;-7.04792631537571;5571
-4.38366666666667;49.45485;-11.2790398406328;-7.04792631537571;5596
-4.42581666666667;49.4386166666667;-11.1094303831539;-6.94194256360314;6114
-4.42758333333333;49.4379333333333;-11.1094303831539;-6.94194256360314;6129
-4.42903333333333;49.4373666666667;-11.1094303831539;-6.94194256360314;6151
-4.43065;49.43675;-11.1094303831539;-6.94194256360314;6169
-4.43153333333333;49.4364166666667;-11.1094303831539;-6.94194256360314;6179
-4.43395;49.4354666666667;-11.1094303831539;-6.94194256360314;6215
-4.4354;49.4349166666667;-11.1094303831539;-6.94194256360314;6229
-4.43718333333333;49.4342166666667;-11.1094303831539;-6.94194256360314;6249
-4.43878333333333;49.4336;-11.1094303831539;-6.94194256360314;6271
-4.43958333333333;49.4332833333333;-11.1094303831539;-6.94194256360314;6282
-4.4403;49.433;-11.1094303831539;-6.94194256360314;6289
-4.4411;49.4326833333333;-11.1094303831539;-6.94194256360314;6299
-4.44351666666667;49.43175;-11.1094303831539;-6.94194256360314;6335
-4.44431666666667;49.4314333333333;-11.1094303831539;-6.94194256360314;6340
-4.44513333333333;49.4311333333333;-11.1094303831539;-6.94194256360314;6352
-4.44593333333333;49.4308166666667;-11.1094303831539;-6.94194256360314;6362
-4.4469;49.43045;-11.1094303831539;-6.94194256360314;6374
-4.44593333333333;49.4308166666667;-11.1094303831539;-6.94194256360314;6384
-4.4485;49.4298333333333;-11.1094303831539;-6.94194256360314;6391
-4.44986666666667;49.4293;-11.228891966181;-6.74699897779315;6412
-4.45068333333333;49.429;-11.1094303831539;-6.94194256360314;6420
-4.45325;49.4280166666667;-11.1094303831539;-6.94194256360314;6454
-4.45405;49.4277166666667;-11.1094303831539;-6.94194256360314;6462
-4.4555;49.4271666666667;-11.1431749091275;-6.69549497383071;6480
-4.45728333333333;49.4265;-11.1431749091275;-6.69549497383071;6501
-4.46123333333333;49.4250166666667;-11.0246252500335;-6.88895043503167;6552
-4.46203333333333;49.4247166666667;-11.0246252500335;-6.88895043503167;6559
-4.51996666666667;49.4028;-10.8550157925546;-6.7829666832591;7292
-4.52076666666667;49.4024666666667;-11.1094303831539;-6.94194256360314;7299
-4.52155;49.40215;-11.0246252500335;-6.88895043503167;7315
-4.52468333333333;49.4009333333333;-10.9398201169132;-6.83595830646019;7354
-4.64776666666667;49.3532;-10.4309917444764;-6.5180070511425;8951
-4.64851666666667;49.3529;-10.4309917444764;-6.5180070511425;8962
-4.64911666666667;49.3526666666667;-10.4309917444764;-6.5180070511425;8971
-4.64776666666667;49.3532;-10.4309917444764;-6.5180070511425;8982
-4.65145;49.3517666666667;-10.4309917444764;-6.5180070511425;9001
-4.6522;49.3514833333333;-10.4309917444764;-6.5180070511425;9013
-4.65426666666667;49.3505666666667;-10.4309917444764;-6.5180070511425;9042
-4.67666666666667;49.3417;-10.4574409050741;-6.28346441566695;9343
-4.68116666666667;49.34;-10.3461866113561;-6.46501492257102;9398
-4.69008333333333;49.3365333333333;-10.3461866113561;-6.46501492257102;9519
-4.69455;49.3347833333333;-10.3461866113561;-6.46501492257102;9579
-4.70638333333333;49.3301;-10.3461866113561;-6.46501492257102;9739
-4.76791666666667;49.3064333333333;-10.2613822869974;-6.41202329936994;10572
-4.76865;49.30615;-10.2613822869974;-6.41202329936994;10581
-4.77388333333333;49.30415;-10.1765771538771;-6.35903117079846;10651
-4.82841666666667;49.28165;-9.69973944076762;-6.54255686395016;11432
-4.9016;49.2507333333333;-9.28522065449009;-6.26296041221479;12492
-4.90418333333333;49.2496166666667;-9.28522065449009;-6.26296041221479;12534
-5.02178333333333;49.1991833333333;-9.22537624739966;-5.9910293851653;14329
-5.02256666666667;49.19885;-9.22537624739966;-5.9910293851653;14344
-5.03353333333333;49.19405;-9.03650922459721;-6.09520243451598;14510
-5.03418333333333;49.1937833333333;-9.03650922459721;-6.09520243451598;14522
-5.03481666666667;49.1935;-9.03650922459721;-6.09520243451598;14532
-5.03418333333333;49.1937833333333;-9.03650922459721;-6.09520243451598;14546
-5.03608333333333;49.1929166666667;-9.03650922459721;-6.09520243451598;14552
-5.04561666666667;49.1886833333333;-8.95360594172081;-6.03928346414165;14698
-5.08408333333333;49.1714833333333;-8.70489451182793;-5.87152548644285;15323
-5.08465;49.17125;-8.70489451182793;-5.87152548644285;15330
-5.09093333333333;49.1684833333333;-8.70489451182793;-5.87152548644285;15430
-5.0958;49.1663666666667;-8.62199043831969;-5.81560598278061;15514
-5.09643333333333;49.1661;-8.62199043831969;-5.81560598278061;15522
-5.09753333333333;49.1656166666667;-8.62199043831969;-5.81560598278061;15539
-5.1002;49.1644833333333;-8.62199043831969;-5.81560598278061;15585
-5.10205;49.1636833333333;-8.62199043831969;-5.81560598278061;15610
-5.11611666666667;49.1575666666667;-8.53908715544329;-5.75968701240628;15842
-5.1179;49.1568;-8.53908715544329;-5.75968701240628;15872
-5.11611666666667;49.1575666666667;-8.53908715544329;-5.75968701240628;15890
-5.1253;49.1536666666667;-8.53908715544329;-5.75968701240628;15989
-5.12591666666667;49.1534166666667;-8.53908715544329;-5.75968701240628;16000
-5.135;49.1495166666667;-8.53908715544329;-5.75968701240628;16149
-5.1375;49.1484333333333;-8.53908715544329;-5.75968701240628;16190
-5.13811666666667;49.1481666666667;-8.43726621241747;-5.9078374038168;16200
-5.1448;49.14555;-9.09436037485584;-4.83555718623927;16311
-5.14558333333333;49.1452833333333;-9.00858315035625;-4.99353918100737;16320
-5.15285;49.14285;-9.00666386899569;-5.19999980926514;16432
-5.1535;49.1426166666667;-9.00666386899569;-5.19999980926514;16442
-5.15401666666667;49.1424333333333;-9.00666386899569;-5.19999980926514;16450
-5.1535;49.1426166666667;-9.00666386899569;-5.19999980926514;16467
-5.15595;49.1417166666667;-9.00858315035625;-4.99353918100737;16483
-5.15673333333333;49.14145;-9.00858315035625;-4.99353918100737;16493
-5.16383333333333;49.1389833333333;-9.09604462060878;-5.04201986562171;16601
-5.16831666666667;49.1374333333333;-9.00858315035625;-4.99353918100737;16672
-5.2713;49.10155;-9.00666386899569;-5.19999980926514;18249
-5.3051;49.0888;-9.00858315035625;-4.99353918100737;18781
-5.37341666666667;49.0631333333333;-9.00606527875217;-4.78860985087149;19863
-5.37405;49.0629;-9.00606527875217;-4.78860985087149;19874
-5.37341666666667;49.0631333333333;-9.00606527875217;-4.78860985087149;19891
-5.37926666666667;49.061;-9.00606527875217;-4.78860985087149;19949
-5.3856;49.0587166666667;-9.00606527875217;-4.78860985087149;20049
-5.38618333333333;49.0585166666667;-9.09436037485584;-4.83555718623927;20060
-5.3856;49.0587166666667;-9.00606527875217;-4.78860985087149;20067
-5.38746666666667;49.05805;-9.09436037485584;-4.83555718623927;20081
-5.46795;49.0308833333333;-9.08826637677534;-4.63070301075156;21319
-5.5134;49.01315;-9.09604462060878;-5.04201986562171;22055
-5.56116666666667;48.9937833333333;-9.00666386899569;-5.19999980926514;22825
-5.57373333333333;48.9886;-9.00025665737218;-5.40789978655557;23021
-5.5756;48.9878;-9.00025665737218;-5.40789978655557;23051
-5.59001666666667;48.98175;-9.00025665737218;-5.40789978655557;23285
-5.59051666666667;48.9815333333333;-9.00025665737218;-5.40789978655557;23292
-5.60185;48.9768166666667;-9.17986961047752;-5.30000019073487;23472
-5.82853333333333;48.87265;-5.39892297203775;-10.1538973178777;27240
