"x";"y";"vx";"vy";"t"
-5.89022333333333;48.376705;1.95543081300289;12.3461042574392;0
-5.88814666666667;48.3858716666667;1.97107431918192;12.4448734682719;142
-5.879475;48.4132483333333;2.61968738361578;12.3246601423796;615
-5.87463333333333;48.4245883333333;3.04821597684169;12.225726521216;857
-5.86955166666667;48.43572;3.26112006702339;12.1706657797137;1038
-5.86605166666667;48.4429433333333;3.68388359103744;12.0494402899356;1153
-5.85860166666667;48.45668;3.89361424700497;11.9833124681182;1400
-5.85414666666667;48.4642183333333;3.86271242968684;11.8882064536894;1543
-5.84868166666667;48.4741366666667;3.89361424700497;11.9833124681182;1755
-5.84512833333333;48.4807116666667;4.10215887035457;11.9135344132381;1875
-5.83968666666667;48.4905916666667;3.89361424700497;11.9833124681182;2031
-5.83545666666667;48.4982566666667;3.89361424700497;11.9833124681182;2160
-5.83099166666667;48.5058733333333;4.47959936931625;11.669755331215;2295
-5.82641833333333;48.5135116666667;4.34365575500083;11.9340961047489;2476
-5.82228;48.5205033333333;4.6825824176989;11.5897981820848;2624
-5.81615333333333;48.52826;5.67488124674433;11.1375815523546;2763
-5.81121666666667;48.5344566666667;5.72028046990192;11.2266825446655;2867
-5.80522666666667;48.54159;5.67488124674433;11.1375815523546;2987
-5.79898;48.549245;5.91534187019141;11.1251400068403;3135
-5.79302666666667;48.556445;5.91534187019141;11.1251400068403;3265
-5.788015;48.562575;5.72028046990192;11.2266825446655;3391
-5.78252166666667;48.569235;5.86839453482364;11.0368449107366;3550
-5.77702666666667;48.5759766666667;5.86839453482364;11.0368449107366;3664
-5.77194166666667;48.5821066666667;5.72028046990192;11.2266825446655;3766
-5.76651666666667;48.5888133333333;5.76567926010043;11.3157826872463;3894
-5.76112333333333;48.5954383333333;5.91534187019141;11.1251400068403;4045
-5.75819166666667;48.59904;5.76567926010043;11.3157826872463;4095
-5.75189166666667;48.6068133333333;5.76567926010043;11.3157826872463;4267
-5.74652333333333;48.6135316666667;5.72028046990192;11.2266825446655;4391
-5.740745;48.6208183333333;5.91534187019141;11.1251400068403;4517
-5.73534333333333;48.62756;5.72028046990192;11.2266825446655;4665
-5.72916333333333;48.6353566666667;5.72028046990192;11.2266825446655;4831
-5.72376166666667;48.6421066666667;5.96228875783622;11.2134342608995;4966
-5.717095;48.6504116666667;5.76567926010043;11.3157826872463;5103
-5.71128833333333;48.65774;5.91534187019141;11.1251400068403;5251
-5.70317833333333;48.6680816666667;5.91534187019141;11.1251400068403;5435
-5.698315;48.6744016666667;5.96228875783622;11.2134342608995;5552
-5.69308833333333;48.6811566666667;5.96228875783622;11.2134342608995;5703
-5.687025;48.689115;5.96228875783622;11.2134342608995;5861
-5.682165;48.695455;5.81107848325801;11.4048836795571;5962
-5.676955;48.7022916666667;5.96228875783622;11.2134342608995;6105
-5.67220833333333;48.70856;5.96228875783622;11.2134342608995;6216
-5.66660666666667;48.71597;5.96228875783622;11.2134342608995;6340
-5.661825;48.7222366666667;5.76567926010043;11.3157826872463;6457
-5.65705;48.7285316666667;5.72028046990192;11.2266825446655;6606
-5.65173333333333;48.735395;5.81107848325801;11.4048836795571;6729
-5.64498;48.74431;5.76567926010043;11.3157826872463;6877
-5.64012;48.750675;5.72028046990192;11.2266825446655;7041
-5.63500333333333;48.7575116666667;5.76567926010043;11.3157826872463;7180
-5.630185;48.7638583333333;5.76567926010043;11.3157826872463;7256
-5.62505333333333;48.7707216666667;5.81107848325801;11.4048836795571;7394
-5.61935833333333;48.778225;5.81107848325801;11.4048836795571;7530
-5.61288166666667;48.7866716666667;7.92943716729463;9.79203941081549;7686
-5.61189166666667;48.7876333333333;9.06878562108842;8.45677940461325;7708
-5.601465;48.79256;10.1574850367018;7.11234759195093;7849
-5.59175333333333;48.7966733333333;10.321316070523;7.22706331682523;8006
-5.58193333333333;48.8008133333333;10.4032308062293;7.28442063225726;8153
-5.57224833333333;48.804965;10.2745156742541;7.46487259200327;8259
-5.56261333333333;48.8091183333333;10.2745156742541;7.46487259200327;8391
-5.55371333333333;48.8129916666667;10.2745156742541;7.46487259200327;8488
-5.54473333333333;48.8168783333333;10.2745156742541;7.46487259200327;8626
-5.53424166666667;48.82145;10.4032308062293;7.28442063225726;8761
-5.52535;48.8252983333333;10.4851463231399;7.34177849469441;8869
-5.515575;48.82938;11.0202086435973;6.10860140004404;9027
-5.50603166666667;48.832505;11.1076701138499;6.15708208465839;9140
-5.49563;48.8359183333333;11.2134342608995;5.96228875783622;9262
-5.48595333333333;48.8390266666667;11.1076701138499;6.15708208465839;9401
-5.47559;48.8424216666667;11.2134342608995;5.96228875783622;9511
-5.46589833333333;48.8455716666667;11.3017293570032;6.009236093204;9623
-5.45554833333333;48.8490033333333;11.1076701138499;6.15708208465839;9744
-5.44515833333333;48.8524816666667;11.2134342608995;5.96228875783622;9889
-5.43398833333333;48.8562466666667;11.2134342608995;5.96228875783622;10027
-5.42438166666667;48.859535;11.2825938884573;6.25404391623756;10160
-5.41468666666667;48.8627966666667;11.2825938884573;6.25404391623756;10278
-5.40360833333333;48.86667;11.3017293570032;6.009236093204;10402
-5.392475;48.8705266666667;11.3017293570032;6.009236093204;10547
-5.38286333333333;48.8740383333333;11.1717273784568;6.44999980926514;10654
-5.37017333333333;48.878745;11.0851253336221;6.40000009536743;10843
-5.35765833333333;48.88333;11.1717273784568;6.44999980926514;11003
-5.346455;48.887515;11.2825938884573;6.25404391623756;11154
-5.33707166666667;48.8909533333333;11.3700561928121;6.30252506320238;11251
-5.32921;48.893885;11.2583302491977;6.5;11380
-5.31956833333333;48.897365;11.2825938884573;6.25404391623756;11455
-5.30599666666667;48.902375;11.3700561928121;6.30252506320238;11641
-5.29636166666667;48.9058416666667;11.3700561928121;6.30252506320238;11747
-5.28591166666667;48.9096616666667;11.3449331199386;6.55000019073487;11909
-5.27636166666667;48.9132016666667;11.3700561928121;6.30252506320238;12005
-5.26603666666667;48.9170583333333;11.2825938884573;6.25404391623756;12151
-5.24677666666667;48.9242016666667;11.3449331199386;6.55000019073487;12393
-5.23718;48.92776;11.3449331199386;6.55000019073487;12501
-5.22505166666667;48.932305;11.5449799674196;6.39948689478155;12636
-5.21533833333333;48.935925;11.4315351647734;6.59999990463257;12762
-5.20487833333333;48.9398083333333;11.5181380355143;6.65000009536743;12913
-5.19515166666667;48.9434333333333;11.5449799674196;6.39948689478155;13014
-5.1805;48.9488566666667;11.6324422717744;6.44796804174638;13231
-5.16815666666667;48.9533383333333;11.719903742027;6.49644872636072;13372
-5.15511333333333;48.9581116666667;11.6324422717744;6.44796804174638;13514
-5.143795;48.9622183333333;11.4315351647734;6.59999990463257;13664
-5.13138666666667;48.966685;11.4315351647734;6.59999990463257;13784
-5.11897666666667;48.9711766666667;11.5181380355143;6.65000009536743;13943
-5.10673833333333;48.97563;11.719903742027;6.49644872636072;14089
-5.09612833333333;48.979495;11.6324422717744;6.44796804174638;14245
-5.07791;48.9860816666667;11.6324422717744;6.44796804174638;14474
-5.06478333333333;48.990905;11.8948283507367;6.59341102029038;14623
-5.05143;48.9957516666667;11.604740080349;6.69999980926514;14756
-5.03819166666667;49.00063;11.719903742027;6.49644872636072;14923
-5.02834333333333;49.0042766666667;11.719903742027;6.49644872636072;15061
-5.00940333333333;49.0113416666667;11.719903742027;6.49644872636072;15321
-4.99022666666667;49.0184616666667;11.8948283507367;6.59341102029038;15538
-4.96016;49.0297066666667;11.8645478666656;6.84999990463257;15874
-4.93998666666667;49.0371966666667;11.9822898209893;6.64189170490472;16130
