"x";"y";"vx";"vy";"t"
-5.79398333333333;48.4793616666667;4.53248123952767;10.677856651193;0
-5.78385333333333;48.4930616666667;3.97788437665936;10.3627430902516;270
-5.77961;48.49879;4.30797582428299;10.6626143275181;410
-5.775185;48.5048583333333;4.27051502204032;10.5698955883688;538
-5.76972;48.512485;4.49340797762665;10.5858058147031;663
-5.76548;48.51834;3.93323164824519;10.8064651390379;790
-5.76114333333333;48.5243833333333;4.37618856455382;10.309654183095;928
-5.7566;48.53024;4.37618856455382;10.309654183095;1030
-5.75200166666667;48.5361166666667;4.08321172533237;10.1063036610854;1185
-5.74772333333333;48.5417633333333;4.04575128034239;10.0135858061676;1275
-5.74280833333333;48.548035;4.12067252757503;10.1990224002347;1430
-5.73848166666667;48.5537416666667;3.97788437665936;10.3627430902516;1579
-5.73422;48.559335;4.37618856455382;10.309654183095;1714
-5.73002166666667;48.5646866666667;4.25896915148099;10.0335025514869;1790
-5.725405;48.5705866666667;4.2198962622102;9.94145259285872;1966
-5.72147333333333;48.5756883333333;4.04575128034239;10.0135858061676;2040
-5.7159;48.5828366666667;4.00829047809972;9.92086706701834;2210
-5.711645;48.5882666666667;4.3520820033322;9.77493622253086;2351
-5.70703166666667;48.594085;4.06360358723635;9.57325012476064;2467
-5.70283666666667;48.599395;3.52280754148955;9.678834173327;2577
-5.69858666666667;48.60454;3.74606593415912;9.27183854566787;2734
-5.69355833333333;48.61077;3.94638454679376;9.29709937101438;2846
-5.69348;48.610855;4.06360358723635;9.57325012476064;2873
-5.689405;48.6157833333333;3.78352673640179;9.36455728481712;2999
-5.68508;48.621115;3.78352673640179;9.36455728481712;3125
-5.68061;48.6265783333333;3.74606593415912;9.27183854566787;3229
-5.67654333333333;48.6317033333333;4.02453069796557;9.4812001661325;3351
-5.67207;48.6375383333333;4.23006093283061;9.50087241099311;3502
-5.66727666666667;48.64375;4.23006093283061;9.50087241099311;3646
-5.66330666666667;48.6488766666667;3.89590842862441;9.64271173380202;3755
-5.65850333333333;48.654945;3.90731128489274;9.2050485345244;3925
-5.65437833333333;48.6603233333333;4.02453069796557;9.4812001661325;4025
-5.65027333333333;48.6656;3.583679495453;9.33580426497202;4171
-5.64616166666667;48.6709983333333;3.7270265385646;9.70923607943823;4283
-5.64169;48.6770483333333;4.06360358723635;9.57325012476064;4431
-5.63613666666667;48.68426;4.10267684913737;9.66530096125062;4631
-5.632045;48.689745;3.85844798363443;9.5499938788842;4725
-5.627985;48.695075;3.89590842862441;9.64271173380202;4852
-5.62364833333333;48.7009933333333;4.02453069796557;9.4812001661325;4989
-5.619635;48.7059883333333;4.18082300030918;9.84940175636874;5109
-5.61550833333333;48.7114766666667;4.02453069796557;9.4812001661325;5249
-5.61153;48.7169066666667;4.02453069796557;9.4812001661325;5400
-5.60753333333333;48.72227;3.94638454679376;9.29709937101438;5509
-5.60273;48.7287566666667;3.82098718139177;9.45727513973495;5658
-5.59801833333333;48.7351716666667;3.9046719286854;8.7700367418589;5782
-5.59326666666667;48.74161;3.78352673640179;9.36455728481712;5941
-5.58946166666667;48.7469333333333;3.90731128489274;9.2050485345244;6089
-5.58368333333333;48.754755;4.22618261740699;9.0630778703665;6342
-5.57666833333333;48.7580883333333;9.5358341712853;5.07029296763222;6408
-5.57177333333333;48.7597416666667;9.2574070110745;5.5624113072643;6465
-5.56338666666667;48.7626516666667;8.91453960031859;5.35639578259313;6580
-5.55511833333333;48.7656;9.51455736477682;5.71692282797304;6708
-5.546305;48.7687333333333;9.43967657088791;5.44999980926514;6868
-5.53820833333333;48.7715683333333;9.2574070110745;5.5624113072643;6962
-5.529265;48.774905;9.7124235214482;5.1641871906448;7092
-5.52134166666667;48.777755;9.15891960024174;5.72312815479269;7210
-5.51308333333333;48.7808016666667;9.42884030772323;5.6654188240106;7346
-5.50525166666667;48.7836383333333;8.80604096342695;5.71870986765779;7471
-5.497195;48.78667;8.83345895342004;5.09999990463257;7579
-5.48909833333333;48.7896183333333;9.08597371442577;5.45940379051801;7697
-5.48104833333333;48.7925916666667;8.90450500964247;5.56415227444865;7869
-5.47219666666667;48.7958733333333;9.07411446712142;5.67013602622121;7968
-5.46392166666667;48.79902;9.07411446712142;5.67013602622121;8110
-5.45578333333333;48.8020283333333;9.07411446712142;5.67013602622121;8230
-5.44782333333333;48.8049916666667;8.98931014276279;5.61714440302013;8385
-5.43981333333333;48.8079866666667;9.17168995402091;5.51090730330186;8509
-5.431805;48.810975;8.88990834014893;5.77317397892259;8639
-5.42379666666667;48.8140016666667;8.83365937574884;4.8965773494282;8702
-5.415875;48.816925;8.91453960031859;5.35639578259313;8862
-5.40792666666667;48.8198533333333;8.65739006407471;5.20188475306298;8948
-5.39875;48.823245;8.82882336072344;5.30489226980928;9095
-5.38994666666667;48.8264266666667;8.14308935667007;4.89286171164552;9262
-5.38237333333333;48.82912;9.00025665737218;5.40789978655557;9384
-5.37478833333333;48.8319016666667;8.38670567945424;5.44639035015027;9510
-5.36715833333333;48.8346933333333;8.74310630366986;5.25338826584684;9639
-5.35958333333333;48.8374066666667;9.00666386899569;5.19999980926514;9727
-5.35200833333333;48.8401;8.47057305617621;5.50085446141508;9899
-5.34388166666667;48.8430966666667;8.65009041904321;5.40517639410461;9982
-5.33836333333333;48.8451033333333;8.74310630366986;5.25338826584684;10070
-5.32972833333333;48.84827;8.74310630366986;5.25338826584684;10200
-5.32223333333333;48.8510766666667;8.31087150408531;5.19320889055949;10349
-5.31467666666667;48.8538316666667;8.56528609468458;5.35218477090353;10443
-5.306755;48.8566366666667;8.72217358670498;5.66424575639298;10562
-5.29900166666667;48.859495;8.65739006407471;5.20188475306298;10721
-5.28802;48.86357;8.48048096156426;5.29919264233205;10861
-5.27856833333333;48.8670716666667;8.74619707139396;4.84809620246337;11069
-5.27047666666667;48.8700183333333;8.31087150408531;5.19320889055949;11161
-5.26275666666667;48.8729366666667;8.57365116710347;4.94999980926514;11299
-5.25526666666667;48.8757716666667;8.48595594996753;5.0988767451381;11422
-5.24694833333333;48.8788916666667;8.39567582844394;5.24620051376057;11535
-5.23764833333333;48.88237;8.14126204660636;5.08722513878692;11713
-5.22946333333333;48.8854916666667;8.14126204660636;5.08722513878692;11836
-5.22202;48.8882433333333;8.56528609468458;5.35218477090353;11979
-5.11955333333333;48.9352866666667;7.46060152644458;6.04147599414512;13819
-5.05927666666667;48.964565;7.79295286576466;5.25641307930986;14969
-5.05149;48.9680316666667;7.96737039548153;5.17407083264276;15097
