"x";"y";"vx";"vy";"t"
-5.96383333333333;48.3343333333333;7.62704004925712;14.9689089265805;0
-5.94633333333333;48.3555;7.58164169201769;14.8798096337298;336
-5.93766666666667;48.3661666666667;7.58164169201769;14.8798096337298;459
-5.92766666666667;48.378;7.58164169201769;14.8798096337298;630
-5.899;48.4133333333333;7.09998647481161;15.2259701307578;1158
-5.8915;48.4235;7.09998647481161;15.2259701307578;1310
-5.88433333333333;48.433;7.09998647481161;15.2259701307578;1470
-5.87666666666667;48.4431666666667;7.09998647481161;15.2259701307578;1603
-5.8695;48.4528333333333;6.83317529335801;15.3475629914158;1722
-5.86116666666667;48.4641666666667;6.87384911282331;15.43891788567;1870
-5.85466666666667;48.473;6.83317529335801;15.3475629914158;2031
-5.848;48.4823333333333;6.83317529335801;15.3475629914158;2141
-5.841;48.492;6.83317529335801;15.3475629914158;2267
-5.83416666666667;48.5013333333333;6.83317529335801;15.3475629914158;2407
-5.82833333333333;48.5093333333333;6.7925022496813;15.2562098396113;2531
-5.82133333333333;48.519;6.7925022496813;15.2562098396113;2650
-5.81516666666667;48.5275;6.7925022496813;15.2562098396113;2801
-5.80916666666667;48.5358333333333;6.7925022496813;15.2562098396113;2913
-5.803;48.5443333333333;6.7925022496813;15.2562098396113;3014
-5.79583333333333;48.5543333333333;6.7925022496813;15.2562098396113;3160
-5.78866666666667;48.564;6.751828430216;15.1648549453571;3297
-5.78266666666667;48.5723333333333;6.751828430216;15.1648549453571;3424
-5.776;48.5815;6.751828430216;15.1648549453571;3555
-5.76983333333333;48.5903333333333;7.01546330611168;15.0447096105374;3691
-5.76233333333333;48.6001666666667;7.23312392201978;14.8301017639363;3831
-5.75516666666667;48.6095;7.18928664011555;14.7402220164436;3958
-5.74683333333333;48.6205;7.18928664011555;14.7402220164436;4123
-5.7405;48.6286666666667;7.18928664011555;14.7402220164436;4253
-5.7335;48.6376666666667;7.18928664011555;14.7402220164436;4369
-5.72666666666667;48.6465;7.14544935821132;14.650342268951;4497
-5.71883333333333;48.6568333333333;7.44544402254493;14.6125066567972;4681
-5.71133333333333;48.666;7.7462807859672;14.5686352821723;4817
-5.70283333333333;48.6756666666667;8.79665998841936;14.0775987197013;4945
-5.695;48.6833333333333;8.74366785984788;13.992793586581;5110
-5.68616666666667;48.692;8.79665998841936;14.0775987197013;5196
-5.67833333333333;48.6996666666667;8.74366785984788;13.992793586581;5352
-5.66966666666667;48.7081666666667;8.79665998841936;14.0775987197013;5472
-5.66166666666667;48.7161666666667;8.84965211699084;14.1624038528217;5600
-5.65333333333333;48.7245;8.84965211699084;14.1624038528217;5713
-5.64566666666667;48.7321666666667;8.84965211699084;14.1624038528217;5815
-5.6375;48.7401666666667;8.79665998841936;14.0775987197013;5954
-5.6285;48.7486666666667;9.28260241092956;13.7620240206664;6072
-5.6195;48.7571666666667;9.11484389994285;13.5133118001417;6213
-5.6115;48.7645;9.00300595919419;13.3475052343889;6337
-5.60366666666667;48.7718333333333;8.71422456024043;13.4187290871268;6451
-5.59516666666667;48.7793333333333;10.911973761;11.7016592259067;6577
-5.58416666666667;48.7856666666667;13.0245171917133;9.11986511917959;6716
-5.57283333333333;48.7903333333333;13.4839644053825;8.4257160991598;6850
-5.56116666666667;48.7948333333333;13.3991600810239;8.37272447595872;6976
-5.548;48.8;13.3991600810239;8.37272447595872;7085
-5.5355;48.805;13.3991600810239;8.37272447595872;7260
-5.52216666666667;48.8103333333333;13.5432435145851;8.13760168181458;7374
-5.508;48.816;13.3991600810239;8.37272447595872;7531
-5.496;48.8206666666667;13.3143549479035;8.31973234738724;7632
-5.47666666666667;48.8283333333333;13.3991600810239;8.37272447595872;7880
-5.46133333333333;48.8346666666667;13.3991600810239;8.37272447595872;8030
-5.44866666666667;48.8398333333333;13.3991600810239;8.37272447595872;8151
-5.43683333333333;48.8446666666667;13.3991600810239;8.37272447595872;8286
-5.42366666666667;48.85;13.3991600810239;8.37272447595872;8420
-5.41066666666667;48.8551666666667;13.3991600810239;8.37272447595872;8558
-5.397;48.8608333333333;13.3991600810239;8.37272447595872;8687
-5.38333333333333;48.8663333333333;13.3991600810239;8.37272447595872;8821
-5.372;48.8708333333333;13.3143549479035;8.31973234738724;8950
-5.35933333333333;48.876;13.3143549479035;8.31973234738724;9077
-5.346;48.8813333333333;13.2295506235449;8.26674072418615;9214
-5.33416666666667;48.8861666666667;13.2295506235449;8.26674072418615;9353
-5.32233333333333;48.8908333333333;13.2295506235449;8.26674072418615;9495
-5.31066666666667;48.8955;13.1447454904246;8.21374859561468;9619
-5.287;48.9048333333333;13.1447454904246;8.21374859561468;9872
-5.27566666666667;48.9093333333333;13.0599403573043;8.1607564670432;9977
-5.26383333333333;48.9138333333333;13.0599403573043;8.1607564670432;10122
-5.25116666666667;48.919;12.9751360329457;8.10776484384211;10244
-5.23833333333333;48.924;13.0599403573043;8.1607564670432;10370
-5.22733333333333;48.9286666666667;12.6149411695688;8.83307690100406;10512
-5.21616666666667;48.9336666666667;12.6149411695688;8.83307690100406;10648
-5.20366666666667;48.9393333333333;12.6968566864794;8.89043476344122;10758
-5.19283333333333;48.9443333333333;12.6968566864794;8.89043476344122;10875
-5.182;48.9493333333333;12.6968566864794;8.89043476344122;11009
-5.17066666666667;48.9545;12.6149411695688;8.83307690100406;11156
-5.159;48.9596666666667;12.5330264338624;8.77571958557203;11249
-5.14766666666667;48.9646666666667;12.5330264338624;8.77571958557203;11383
-5.14483333333333;48.9658333333333;12.5330264338624;8.77571958557203;11414
-5.1045;48.9838333333333;13.3367908879179;7.69999980926514;11857
-5.07433333333333;48.9951666666667;13.4233937586588;7.75;12192
