"x";"y";"vx";"vy";"t"
-6.12440833333333;48.1026916666667;5.28272827175874;11.3288473379581;0
-6.08054333333333;48.1547016666667;4.60766117046626;11.4043615880178;1050
-5.90871833333333;48.3846583333333;4.38289707151563;10.8480509215851;5671
-5.88966333333333;48.40912;4.15706835143201;10.8295333035002;6177
-5.88443;48.4158783333333;4.15706835143201;10.8295333035002;6332
-5.87849;48.423525;4.38289707151563;10.8480509215851;6487
-5.8393;48.4745;4.19290494132675;10.9228908119509;7549
-5.82366166666667;48.4951716666667;4.34543662652565;10.7553330666673;7971
-5.81498;48.5066783333333;4.15706835143201;10.8295333035002;8214
-5.80435333333333;48.5205333333333;4.15706835143201;10.8295333035002;8507
-5.78075166666667;48.5516433333333;4.0853944881099;10.6428165059354;9151
-5.7758;48.5583366666667;4.30797582428299;10.6626143275181;9318
-5.77045;48.5656166666667;4.0853944881099;10.6428165059354;9438
-5.76622833333333;48.5713033333333;4.41526182645484;10.4017050195849;9559
-5.76043833333333;48.5786483333333;4.41526182645484;10.4017050195849;9752
-5.75476166666667;48.5855016666667;4.5961241443354;10.3230638456064;9883
-5.74977833333333;48.5915033333333;4.41526182645484;10.4017050195849;10005
-5.74342666666667;48.5993983333333;4.5961241443354;10.3230638456064;10187
-5.73821;48.605805;4.41526182645484;10.4017050195849;10308
-5.73367833333333;48.6113166666667;4.41526182645484;10.4017050195849;10430
-5.728895;48.61729;4.37618856455382;10.309654183095;10558
-5.72452333333333;48.6227466666667;4.29804241338201;10.1255533879768;10678
-5.72016833333333;48.6281433333333;4.4741030738338;10.0490000340686;10806
-5.71538;48.6339466666667;4.29804241338201;10.1255533879768;10942
-5.70935;48.64104;4.29804241338201;10.1255533879768;11090
-5.705125;48.646445;4.12067252757503;10.1990224002347;11218
-5.70047833333333;48.65233;4.29804241338201;10.1255533879768;11337
-5.69528833333333;48.6585616666667;4.33711567528303;10.2176042244668;11505
-5.69019;48.6649016666667;4.29804241338201;10.1255533879768;11640
-5.68476333333333;48.6716516666667;4.12067252757503;10.1990224002347;11776
-5.68190666666667;48.67525;4.25896915148099;10.0335025514869;11847
-5.67691666666667;48.6815033333333;4.25896915148099;10.0335025514869;12044
-5.67188833333333;48.688245;4.4741030738338;10.0490000340686;12148
-5.66839166666667;48.69272;4.25896915148099;10.0335025514869;12276
-5.66292333333333;48.6998083333333;4.18082300030918;9.84940175636874;12426
-5.649875;48.7173583333333;4.25896915148099;10.0335025514869;12796
-5.64537;48.7236366666667;4.18082300030918;9.84940175636874;12947
-5.64143;48.7290083333333;4.18082300030918;9.84940175636874;13046
-5.6372;48.7349033333333;4.18082300030918;9.84940175636874;13184
-5.632155;48.7420816666667;4.1417501110384;9.7573517977406;13353
-5.62837666666667;48.7474566666667;4.1417501110384;9.7573517977406;13471
-5.61691666666667;48.764;4.97639874461963;9.3592448211224;13853
-5.611475;48.7703066666667;5.13898215955137;9.27096922931853;13984
-5.60624833333333;48.77621;4.97639874461963;9.3592448211224;14129
-5.57146333333333;48.7919483333333;8.98931014276279;5.61714440302013;14703
-5.562225;48.79506;8.90450500964247;5.56415227444865;14837
-5.55176166666667;48.7986616666667;8.60109646503441;6.02255258168598;15008
-5.54158666666667;48.8025266666667;8.49467844093695;6.17174514907097;15181
-5.53390666666667;48.805405;8.57558044898994;6.23052389852249;15297
-5.525605;48.8086283333333;8.38567285549657;6.31905774309651;15426
-5.52299;48.8096766666667;8.49467844093695;6.17174514907097;15471
-5.515395;48.8126566666667;8.49467844093695;6.17174514907097;15578
-5.50705333333333;48.8158666666667;8.49467844093695;6.17174514907097;15699
-5.49812833333333;48.8193433333333;8.57558044898994;6.23052389852249;15866
-5.49038833333333;48.8223266666667;8.49467844093695;6.17174514907097;15964
-5.48094;48.8260466666667;8.30580899983658;6.25887601120709;16119
-5.471575;48.8297933333333;8.41377643288396;6.11296639961944;16289
-5.46291166666667;48.8333266666667;8.41377643288396;6.11296639961944;16409
-5.45339333333333;48.837205;8.49467844093695;6.17174514907097;16568
-5.44532166666667;48.8406066666667;8.49467844093695;6.17174514907097;16679
-5.43713166666667;48.8441;8.57558044898994;6.23052389852249;16851
-5.42962666666667;48.847295;8.57558044898994;6.23052389852249;16953
-5.42027;48.85127;8.68301198194502;6.07991044412314;17102
-5.39676;48.860965;8.98931014276279;5.61714440302013;17448
-5.38034833333333;48.8669133333333;8.88990834014893;5.77317397892259;17698
-5.36335166666667;48.8716616666667;9.82814921210052;3.97083003310974;17946
-5.34167833333333;48.8763166666667;9.66530096125062;4.10267684913738;18262
-5.33324666666667;48.8781666666667;9.57325012476064;4.06360358723635;18391
-5.32423333333333;48.88019;9.50087241099311;4.23006093283061;18513
-5.27901666666667;48.89042;9.4812001661325;4.02453069796557;19171
-5.269465;48.892605;9.64271173380202;3.89590842862441;19310
-5.25791166666667;48.8952916666667;9.57325012476064;4.06360358723635;19510
-5.24963333333333;48.8971766666667;9.50087241099311;4.23006093283061;19635
-5.23923666666667;48.8995283333333;9.66530096125062;4.10267684913738;19746
-5.23019;48.9015966666667;9.35556850397786;4.76690024726524;19892
-5.22101666666667;48.9045766666667;9.00025665737218;5.40789978655557;20064
-5.21243833333333;48.9074283333333;9.00666386899569;5.19999980926514;20166
-5.20394166666667;48.9103233333333;9.09326673973661;5.25;20285
-5.19531333333333;48.9131716666667;9.00666386899569;5.19999980926514;20417
-5.186785;48.915975;9.09326673973661;5.25;20566
-5.12943666666667;48.943425;7.72870590147765;6.95895805087906;21538
-5.12122;48.948305;7.72870590147765;6.95895805087906;21697
-5.04528333333333;48.9945383333333;8.73489555216353;5.45816852267609;23126
-5.01414166666667;49.007285;8.81969987652215;5.51116014587717;23603
-4.58673;49.1720916666667;9.88320285749564;5.47834880125371;30054
