"x";"y";"vx";"vy";"t"
-5.87066666666667;48.4111666666667;4.25;7.36121593216773;0
-5.86683333333333;48.4166666666667;4.69999980926514;8.14063846521125;171
-5.86066666666667;48.4253333333333;4.03745561904785;7.59334963540455;397
-5.846;48.4463333333333;4.30000019073486;7.44781880290865;953
-5.8385;48.457;4.69999980926514;8.14063846521125;1227
-5.8305;48.468;4.48083115348175;7.45735535261669;1519
-5.82333333333333;48.4776666666667;4.5;7.79422863405995;1770
-5.81833333333333;48.4843333333333;4.84135770768308;8.05737229961648;1939
-5.8145;48.4895;4.90175131513524;7.54803511150882;2076
-5.79583333333333;48.5135;4.55730587455372;7.29321395044994;2737
-5.7875;48.524;4.64776829249113;8.7411808324856;2979
-5.78316666666667;48.5296666666667;4.4293276406979;7.37163911302154;3151
-5.77933333333333;48.5343333333333;4.69999980926514;8.14063846521125;3256
-5.77566666666667;48.5391666666667;4.50692718183374;8.47629722826348;3379
-5.772;48.5438333333333;4.4602484137962;8.04650113886197;3513
-5.76966666666667;48.547;4.78985419489922;7.97165606002133;3580
-5.7655;48.5521666666667;4.99353918100737;9.00858315035625;3711
-5.76166666666667;48.5571666666667;5.25338826584684;8.74310630366986;3858
-5.758;48.5618333333333;5;8.66025403784439;3966
-5.754;48.5666666666667;4.58530422055305;8.99916623419453;4086
-5.75033333333333;48.5715;4.7511343708842;8.57127329678655;4195
-5.74666666666667;48.5765;4.59999990463257;7.9674335496356;4350
-5.74283333333333;48.5813333333333;4.5;7.79422863405995;4471
-5.739;48.5865;4.78985419489922;7.97165606002133;4585
-5.7355;48.5911666666667;4.48083115348175;7.45735535261669;4702
-5.73166666666667;48.5963333333333;4.84809620246337;8.74619707139396;4863
-5.72766666666667;48.6018333333333;5.0988767451381;8.48595594996754;4986
-5.724;48.607;4.8965773494282;8.83365937574884;5105
-5.72033333333333;48.6118333333333;4.55721024537537;8.22142491346938;5223
-5.70583333333333;48.6316666666667;4.69999980926514;8.14063846521125;5721
-5.70183333333333;48.6368333333333;5.0988767451381;8.48595594996754;5840
-5.69833333333333;48.6413333333333;5.03423301021545;8.05645691348605;5976
-5.6905;48.6511666666667;4.7511343708842;8.57127329678655;6236
-5.68666666666667;48.656;4.31480543525221;7.78411505989968;6362
-5.68283333333333;48.6608333333333;4.84999990463257;8.40044625152782;6483
-5.679;48.6656666666667;4.41303251109818;8.29970703605614;6576
-5.675;48.6708333333333;4.31290974752569;8.4645619797895;6702
-5.67133333333333;48.6755;5.28442467574488;9.53335447417847;6823
-5.66716666666667;48.6806666666667;4.90000009536743;8.48704912226874;6958
-5.6635;48.6855;4.50872956076103;8.13396344321685;7075
-5.66216666666667;48.6871666666667;4.44999980926514;7.70762576331903;7114
-5.65816666666667;48.6921666666667;4.84999990463257;8.40044625152782;7245
-5.65383333333333;48.6976666666667;4.99586922839181;8.3145226533188;7385
-5.649;48.7036666666667;4.65417253930503;8.39634952217914;7538
-5.64466666666667;48.7088333333333;4.65417253930503;8.39634952217914;7663
-5.64;48.7143333333333;4.64776829249113;8.7411808324856;7841
-5.63583333333333;48.7193333333333;4.69471562785891;8.82947592858927;7949
-5.63183333333333;48.7241666666667;4.7511343708842;8.57127329678655;8056
-5.627;48.7296666666667;4.79961505549854;8.65873476703908;8205
-5.6185;48.7395;4.69999980926514;8.14063846521125;8449
-5.61416666666667;48.7446666666667;4.90000009536743;8.48704912226874;8559
-5.61;48.7495;4.7511343708842;8.57127329678655;8699
-5.60533333333333;48.7551666666667;4.94999980926514;8.57365116710347;8858
-5.60116666666667;48.7605;4.94999980926514;8.57365116710347;8947
-5.5895;48.775;5;8.66025403784439;9327
-5.58466666666667;48.7791666666667;7.45999075571445;3.638480601962;9433
-5.57416666666667;48.7833333333333;8.88181648582366;4.14165904566689;9636
-5.56566666666667;48.7865;8.2474012077625;3.84582634305644;9792
-5.55816666666667;48.7891666666667;7.94784530724566;3.5386087171806;9912
-5.55133333333333;48.7916666666667;7.21700920249903;3.21321951908825;10021
-5.54383333333333;48.7945;7.4560896641095;3.16492228981522;10174
-5.53716666666667;48.797;8.22190911878341;3.6606297876822;10297
-5.5295;48.7996666666667;8.60992397684817;4.01487348653664;10415
-5.52166666666667;48.8025;9.94145259285872;4.21989626221021;10563
-5.51433333333333;48.8051666666667;9.07782021048431;4.427548749795;10700
-5.51233333333333;48.806;8.97244674593385;4.18392063001685;10725
-5.50483333333333;48.8088333333333;8.88181648582366;4.14165904566689;10890
-5.49783333333333;48.8113333333333;9.0630778703665;4.22618261740699;10990
-5.49116666666667;48.8138333333333;8.95274565914246;3.9860191797217;11087
-5.4835;48.8165;9.17911980651862;3.70860513191645;11215
-5.47566666666667;48.819;8.90096535753373;3.59622343969383;11350
-5.46833333333333;48.8215;9.11501824239117;3.31759532502382;11476
-5.45966666666667;48.8243333333333;9.38914932964252;3.98545743606455;11606
-5.45166666666667;48.8268333333333;10.1255533879768;4.29804241338201;11757
-5.44466666666667;48.829;9.05572995895652;3.47616904223615;11847
-5.43733333333333;48.8315;8.74479610779818;3.7119457206481;12005
-5.42883333333333;48.8341666666667;9.14908835773891;3.51200597389721;12113
-5.42133333333333;48.8365;9.29709937101438;3.94638454679376;12231
-5.40433333333333;48.8421666666667;8.55366297210035;4.35830897068328;12515
-5.39633333333333;48.8448333333333;8.44866369234945;4.12068861259201;12652
-5.38833333333333;48.8476666666667;9.26647165531226;5.34999990463257;12803
-5.37883333333333;48.8511666666667;8.30888721782426;4.6056913923402;12931
-5.37116666666667;48.854;9.00606527875217;4.78860985087149;13081
-5.36333333333333;48.8568333333333;7.50505453930088;3.99050828368007;13225
-5.35616666666667;48.8595;8.47629722826347;4.50692718183374;13315
-5.348;48.8625;8.73186410699201;4.44910698403937;13459
-5.33983333333333;48.8655;8.7411808324856;4.64776829249113;13592
-5.33133333333333;48.8686666666667;8.35878480201361;4.07685174875108;13734
-5.32116666666667;48.8723333333333;8.91006524188368;4.53990499739547;13924
-5.312;48.8758333333333;9.44589300392594;5.23594399113054;14063
-5.30233333333333;48.8796666666667;9.27094972501873;4.92945140925185;14200
-5.292;48.8835;9.00858315035625;4.99353918100737;14382
-5.28416666666667;48.8866666666667;9.1773673690862;4.67610223390915;14516
-5.276;48.8898333333333;8.82947592858927;4.69471562785891;14636
-5.266;48.8935;8.64276311468116;4.40370776088179;14807
-5.254;48.8981666666667;8.91006524188368;4.53990499739547;15023
-5.24666666666667;48.9008333333333;8.37546098747864;4.26751052436811;15126
-5.2395;48.9035;8.26890505452098;4.03301446684685;15261
-5.22133333333333;48.9103333333333;8.28636084489783;4.2221117341696;15545
-5.21283333333333;48.9135;8.29970703605614;4.41303251109819;15696
-5.20433333333333;48.9166666666667;8.82096424957283;4.49450577423788;15843
-5.187;48.923;8.10815971000616;4.13131372081351;16122
-5.14916666666667;48.9371666666667;9.00606527875217;4.78860985087149;16736
-5.12116666666667;48.9475;8.55366297210035;4.35830897068328;17208
-5.0525;48.9725;8.55366297210035;4.35830897068328;18336
