"x";"y";"vx";"vy";"t"
-2.12445666666667;47.303345;0.0965925840682485;0.0258819048959225;0
-2.12459666666667;47.3033566666667;0.193185168136497;0.051763809791845;2160
-2.12439833333333;47.3031133333333;0.965925826289068;0.258819045102521;2497
-2.12427833333333;47.3030016666667;0.965925826289068;0.258819045102521;2520
-2.124195;47.302955;0.965925826289068;0.258819045102521;2531
-2.12411;47.3029016666667;1.06251843194744;0.2847009557835;2548
-2.12413333333333;47.3028333333333;1.06251843194744;0.2847009557835;2557
-2.12408833333333;47.302775;1.06251843194744;0.2847009557835;2568
-2.12404833333333;47.3027066666667;1.06251843194744;0.2847009557835;2579
-2.12401333333333;47.302665;1.15911103760581;0.310582866464479;2590
-2.123985;47.3025983333333;1.15911103760581;0.310582866464479;2598
-2.12392333333333;47.3025616666667;1.25570352811686;0.336464746291823;2610
-2.12389833333333;47.302555;1.25570352811686;0.336464746291823;2618
-2.12392333333333;47.3025616666667;1.25570352811686;0.336464746291823;2623
-2.12388666666667;47.30245;1.25570352811686;0.336464746291823;2630
-2.123845;47.3023783333333;1.25570352811686;0.336464746291823;2638
-2.12382333333333;47.3022966666667;1.25570352811686;0.336464746291823;2658
-2.12382833333333;47.302225;1.25570352811686;0.336464746291823;2670
-2.123805;47.302125;1.25570352811686;0.336464746291823;2688
-2.12382833333333;47.3019866666667;1.35229613377523;0.362346656972802;2709
-2.123865;47.3019383333333;1.4488887394336;0.388228567653781;2720
-2.12391333333333;47.301885;1.54548134509198;0.41411047833476;2728
-2.12416833333333;47.3016166666667;2.02844414308918;0.543519970032386;2760
-2.12425666666667;47.301515;2.22162935440592;0.595283791394344;2771
-2.12438833333333;47.301455;2.41481456572267;0.647047612756302;2778
-2.12478666666667;47.3013683333333;2.89777747886721;0.776457135307562;2801
-2.125295;47.3012983333333;3.57392560332849;0.95763047922078;2817
-2.125575;47.3012616666667;3.78207430239727;1.30227261782863;2830
-2.12583333333333;47.30122;3.86612020892788;1.6410706651289;2839
-2.12645333333333;47.3011233333333;2.34999990463257;4.07031923260563;2857
-2.12674333333333;47.3011133333333;-1.67589873491336;4.60449393146702;2866
-2.12691833333333;47.3010833333333;-3.9068265868511;3.27821674810035;2873
-2.12718166666667;47.3010033333333;-5.19999980926514;-9.5522446829751e-16;2879
-2.127555;47.3009066666667;-5.07434024185998;-1.8469088065762;2891
-2.12779166666667;47.3008183333333;-5.1683094143225;-1.88111078829118;2899
-2.12817166666667;47.300745;-5.26227858678501;-1.91531277000617;2909
-2.12891;47.3005516666667;-5.26227858678501;-1.91531277000617;2928
-2.12928666666667;47.3004733333333;-5.35624775924753;-1.94951475172115;2941
-2.12977166666667;47.30041;-5.35624775924753;-1.94951475172115;2949
-2.130105;47.3004033333333;-5.35624775924753;-1.94951475172115;2961
-2.130765;47.300205;-5.45021737979041;-1.98371689652405;2985
-2.14121166666667;47.2974866666667;-6.25352381698513;-2.91606604631485;3243
-2.14197833333333;47.2972266666667;-6.3814376430084;-3.11243510039612;3257
-2.142435;47.29705;-6.52541589379939;-3.042851403925;3266
-2.14288833333333;47.2969216666667;-6.61604701823203;-3.08511339131515;3278
-2.14342333333333;47.296765;-6.83083466615799;-3.33162067379066;3289
-2.14489;47.2963183333333;-7.37011100822181;-3.59464332005778;3317
-2.14542666666667;47.2962216666667;-7.48445446329027;-3.81352002462856;3329
-2.14594;47.296085;-7.50505453930088;-3.99050828368007;3339
-2.14651166666667;47.2958883333333;-7.52172981503975;-4.16936291905869;3351
-2.14706;47.29572;-7.60919128529227;-4.21784360367303;3358
-2.14758333333333;47.295575;-7.70762576331903;-4.44999980926514;3372
-2.14807;47.2953916666667;-7.79422863405995;-4.5;3381
-2.14919333333333;47.2950566666667;-7.9674335496356;-4.59999990463257;3401
-2.15102666666667;47.2943766666667;-8.31384420669308;-4.80000019073487;3428
-2.15214333333333;47.293975;-8.3145226533188;-4.99586922839181;3447
-2.15276166666667;47.29381;-8.31087150408531;-5.19320889055949;3459
-2.15347833333333;47.293675;-8.20747165204217;-5.53600953104523;3473
-2.15461;47.2931833333333;-8.19152044288992;-5.73576436351046;3488
-2.16938833333333;47.2856483333333;-6.98545658071987;-8.62632046863003;3747
-2.19132666666667;47.2669283333333;-10.4363189188213;-7.58242953035063;4172
-2.19210333333333;47.2665333333333;-10.5172209268743;-7.64120827980215;4178
-2.19356666666667;47.2658066666667;-10.3822616306148;-7.82359530097663;4199
-2.19640833333333;47.2644183333333;-10.2441397968874;-8.00359917923356;4242
-2.197155;47.264105;-10.2441397968874;-8.00359917923356;4248
-2.19994;47.2627616666667;-10.2441397968874;-8.00359917923356;4288
-2.20217666666667;47.2617316666667;-10.0251826063373;-8.11823280447622;4320
-2.20641;47.2595433333333;-9.88197302401205;-8.29195991975235;4381
-2.20701833333333;47.2592333333333;-9.88197302401205;-8.29195991975235;4388
-2.20918;47.258085;-9.88197302401205;-8.29195991975235;4419
-2.21063666666667;47.2573916666667;-9.7357532969749;-8.46316122371089;4440
-2.21140166666667;47.256995;-9.7357532969749;-8.46316122371089;4449
-2.21272166666667;47.2563133333333;-9.8053690180343;-8.22768152658971;4469
-2.21405833333333;47.2555066666667;-9.72876428149964;-8.16340252041704;4490
-2.21553833333333;47.2547083333333;-9.8053690180343;-8.22768152658971;4509
-2.21679666666667;47.2540183333333;-9.8053690180343;-8.22768152658971;4529
-2.21749666666667;47.2537033333333;-9.8053690180343;-8.22768152658971;4539
-2.21822833333333;47.253375;-9.8053690180343;-8.22768152658971;4549
-2.21892666666667;47.2529933333333;-9.8053690180343;-8.22768152658971;4558
-2.219605;47.2526216666667;-9.94746845487806;-8.05530112547125;4569
-2.220175;47.2522866666667;-9.94746845487806;-8.05530112547125;4577
-2.22095;47.2519266666667;-9.94746845487806;-8.05530112547125;4588
-2.22155833333333;47.25162;-10.0251826063373;-8.11823280447622;4599
-2.22227833333333;47.251315;-10.0251826063373;-8.11823280447622;4609
-2.22443666666667;47.250135;-10.1653384209245;-7.94203279684477;4639
-2.22580666666667;47.2495033333333;-10.1653384209245;-7.94203279684477;4657
-2.22650166666667;47.2491866666667;-10.1653384209245;-7.94203279684477;4667
-2.2273;47.248845;-10.1653384209245;-7.94203279684477;4680
-2.22802166666667;47.2484816666667;-10.1653384209245;-7.94203279684477;4689
-2.22863666666667;47.248125;-10.1653384209245;-7.94203279684477;4697
-2.229395;47.2477333333333;-10.0865377964672;-7.88046700159653;4710
-2.23074333333333;47.2470716666667;-10.0077364205042;-7.81890061920775;4728
-2.23152;47.246685;-10.0077364205042;-7.81890061920775;4739
-2.23223;47.24633;-10.0865377964672;-7.88046700159653;4749
-2.23286;47.2460283333333;-10.0077364205042;-7.81890061920775;4758
-2.233645;47.2456583333333;-10.0077364205042;-7.81890061920775;4770
-2.26187666666667;47.2311683333333;-8.18398032074998;-8.77624441943005;5191
-2.26306833333333;47.2304766666667;-7.48891241342639;-9.2480366448803;5208
-2.26368333333333;47.2300333333333;-7.16159854593516;-9.50376226490752;5224
-2.265785;47.2282783333333;-6.8255593737754;-9.7479090145573;5257
-2.26682;47.2273733333333;-6.8255593737754;-9.7479090145573;5279
-2.267795;47.2265633333333;-6.8255593737754;-9.7479090145573;5298
-2.26980333333333;47.2248366666667;-6.65439533798672;-9.86554679715226;5339
-2.27172833333333;47.2231083333333;-5.2166164795647;-10.6956488080974;5378
-2.27258833333333;47.2221583333333;-4.8401658974443;-10.871190597457;5401
-2.27371;47.2207333333333;-4.61062739069948;-10.8619574463112;5429
-2.27437333333333;47.219735;-4.64970027997026;-10.9540074049393;5447
-2.27538833333333;47.2182116666667;-4.68877354187128;-11.0460582414293;5479
-2.27569;47.217735;-4.68877354187128;-11.0460582414293;5487
-2.27602166666667;47.217215;-4.68877354187128;-11.0460582414293;5497
-2.27675666666667;47.216125;-4.72784680377231;-11.1381090779193;5518
-2.27780333333333;47.214665;-4.76691969304309;-11.2301590365474;5548
-2.27814;47.21414;-4.76691969304309;-11.2301590365474;5558
-2.27851333333333;47.2136;-4.80599295494411;-11.3222098730374;5572
-2.27888666666667;47.2130166666667;-4.60766117046626;-11.4043615880178;5580
-2.27922333333333;47.2125833333333;-4.60766117046626;-11.4043615880178;5588
-2.27960833333333;47.21198;-4.64512161545623;-11.4970794429356;5601
-2.28063333333333;47.21051;-4.64512161545623;-11.4970794429356;5628
-2.28100666666667;47.2099133333333;-4.64512161545623;-11.4970794429356;5638
-2.28131833333333;47.2094566666667;-4.64512161545623;-11.4970794429356;5650
-2.28169333333333;47.2088716666667;-4.6825824176989;-11.5897981820848;5659
-2.28201166666667;47.2084033333333;-4.6825824176989;-11.5897981820848;5667
-2.28342666666667;47.2062616666667;-4.88413910611592;-11.5063106681555;5709
-2.28410333333333;47.205235;-4.88413910611592;-11.5063106681555;5727
-2.28445;47.2047116666667;-4.88413910611592;-11.5063106681555;5737
-2.28485333333333;47.2041533333333;-4.6825824176989;-11.5897981820848;5750
-2.28555166666667;47.2030983333333;-4.72004321994157;-11.6825169212341;5769
-2.285895;47.20261;-4.72004321994157;-11.6825169212341;5777
-2.28625166666667;47.202075;-4.92321236801694;-11.5983615046455;5787
-2.28732333333333;47.2004083333333;-4.72004321994157;-11.6825169212341;5820
-2.28801666666667;47.1993533333333;-4.72004321994157;-11.6825169212341;5840
-2.288345;47.1988266666667;-4.72004321994157;-11.6825169212341;5849
-2.289065;47.1977533333333;-4.88413910611592;-11.5063106681555;5871
-2.28936;47.1973033333333;-4.8450658442149;-11.4142598316655;5878
-2.289745;47.196715;-4.8450658442149;-11.4142598316655;5889
-2.29007;47.1962433333333;-4.64512161545623;-11.4970794429356;5898
-2.29043;47.1957333333333;-4.60766117046626;-11.4043615880178;5912
-2.29249666666667;47.1926033333333;-4.76691969304309;-11.2301590365474;5969
-2.29353666666667;47.191055;-4.68877354187128;-11.0460582414293;5996
-2.29521666666667;47.1884733333333;-4.64970027997026;-10.9540074049393;6051
-2.30609333333333;47.172115;-4.2300609328306;-9.50087241099312;6399
-2.30641666666667;47.171675;-4.2300609328306;-9.50087241099312;6411
-2.306705;47.171245;-4.1893875012596;-9.40951838796376;6420
-2.30698166666667;47.17083;-4.2300609328306;-9.50087241099312;6428
-2.307265;47.170405;-4.1893875012596;-9.40951838796376;6438
-2.30784333333333;47.16953;-4.67610223390914;-9.1773673690862;6460
-2.30817;47.1690783333333;-4.99353918100737;-9.00858315035625;6470
-2.30848666666667;47.1686366666667;-5.30489226980927;-8.82882336072345;6479
-2.30886166666667;47.168205;-5.45816852267609;-8.73489555216353;6491
-2.309555;47.1673583333333;-5.70376750874403;-8.45618308193506;6508
-2.309935;47.1669833333333;-5.70376750874403;-8.45618308193506;6519
-2.31259;47.16437;-5.85047954137964;-8.35535069550687;6588
-2.31352333333333;47.163545;-5.70376750874403;-8.45618308193506;6608
-2.31395333333333;47.1631483333333;-5.70376750874403;-8.45618308193506;6618
-2.31436333333333;47.162775;-5.75968701240627;-8.5390871554433;6627
-2.31564166666667;47.1616966666667;-5.75968701240627;-8.5390871554433;6660
-2.316085;47.1612633333333;-5.75968701240627;-8.5390871554433;6669
-2.31797;47.1593733333333;-5.90783740381679;-8.43726621241747;6719
-2.318855;47.1585833333333;-6.05418821072361;-8.33287519636971;6738
-2.34425333333333;47.1439666666667;-7.97165606002133;-4.78985419489922;7228
-2.34480666666667;47.1437483333333;-7.9674335496356;-4.59999990463257;7239
-2.34536333333333;47.1435283333333;-7.9674335496356;-4.59999990463257;7248
-2.345905;47.143305;-7.8002227633726;-4.68684667815293;7259
-2.34702333333333;47.14289;-7.71450570631901;-4.63534267419049;7280
-2.34752833333333;47.1426966666667;-7.62878864926542;-4.58383867022805;7288
-2.34803666666667;47.142525;-7.70762576331903;-4.44999980926514;7297
-2.34856;47.14231;-7.54307240967027;-4.5323351574442;7311
-2.34905666666667;47.14213;-7.45735535261669;-4.48083115348176;7319
-2.35007166666667;47.1417666666667;-7.53442084774338;-4.34999990463257;7339
-2.351095;47.14139;-7.37163911302154;-4.4293276406979;7358
-2.35155666666667;47.141215;-7.28592205596795;-4.37782363673546;7366
-2.352755;47.1407483333333;-7.36121593216773;-4.25;7394
-2.35321333333333;47.1405683333333;-7.27461306142681;-4.19999980926514;7399
-2.35409166666667;47.1402516666667;-7.02877170226563;-4.22331211602673;7417
-2.35450333333333;47.1401283333333;-6.94305546267048;-4.17180860324287;7430
-2.35504333333333;47.1399416666667;-6.8573384056169;-4.12030459928044;7438
-2.35554833333333;47.1397433333333;-6.84160077248768;-3.95000004768372;7449
-2.35599666666667;47.13953;-6.90949576981146;-3.82999604618111;7459
-2.35648166666667;47.13934;-6.94985105861528;-3.54112598456028;7470
-2.35830166666667;47.1386733333333;-6.8853940605332;-2.10507621823823;7509
-2.35862166666667;47.13857;-6.85807327453452;-1.83761519554499;7518
-2.35910333333333;47.13844;-6.74921853834668;-1.43459068647055;7530
-2.35953166666667;47.1383316666667;-6.61751169360082;-1.04811088593204;7537
-2.35992;47.1382383333333;-6.55080450617615;-0.804337654851605;7546
-2.36084166666667;47.138115;-6.28465370690714;-0.439465797892983;7569
-2.36159333333333;47.138045;-5.99908617093835;-0.104714438623701;7589
-2.36199333333333;47.1380083333333;-5.89910149677562;0.102969199644362;7598
-2.362335;47.1379866666667;-5.896405974722;0.205907033873033;7607
-2.36318;47.1380366666667;-5.68611489621076;0.397611887036522;7631
-2.36352666666667;47.1380633333333;-5.57869021430924;0.488072151075065;7638
-2.364275;47.1381216666667;-5.44647437807864;0.76545205528036;7659
-2.36462833333333;47.1381716666667;-5.33351713340704;0.844746126135999;7668
-2.36496666666667;47.1382016666667;-5.23474839354083;0.829102694550729;7678
-2.36536;47.1382666666667;-5.21948127880187;0.92033537475549;7688
-2.36564;47.1383316666667;-5.12100012782631;0.902970490747274;7697
-2.36599;47.1383816666667;-5.12100012782631;0.902970490747274;7709
-2.36633166666667;47.1384483333333;-5.02251944644368;0.885605689540962;7719
-2.36666;47.1385216666667;-5.02251944644368;0.885605689540962;7728
-2.36704333333333;47.138615;-5.02251944644368;0.885605689540962;7737
-2.368025;47.1387616666667;-4.92403876506104;0.86824088833465;7770
-2.368355;47.13884;-4.92403876506104;0.86824088833465;7780
-2.36866166666667;47.1389183333333;-4.92403876506104;0.86824088833465;7789
-2.36897833333333;47.138985;-4.92403876506104;0.86824088833465;7800
-2.369345;47.1390966666667;-4.82555808367841;0.850876087128338;7810
-2.36963833333333;47.1391683333333;-4.82555808367841;0.850876087128338;7818
-2.36997666666667;47.139225;-4.82555808367841;0.850876087128338;7830
-2.370255;47.1393083333333;-4.82555808367841;0.850876087128338;7839
-2.3712;47.1395316666667;-4.74090422324326;0.750885462030614;7872
-2.371475;47.1395933333333;-4.72707740229577;0.833511285922025;7879
-2.37179333333333;47.1396616666667;-4.62859625132021;0.816146401913809;7890
-2.37207166666667;47.1397166666667;-4.62859625132021;0.816146401913809;7900
-2.373065;47.1399116666667;-4.62859625132021;0.816146401913809;7929
-2.37333;47.1399966666667;-4.72707740229577;0.833511285922025;7942
-2.37367166666667;47.1401016666667;-4.72707740229577;0.833511285922025;7948
-2.40412666666667;47.1422966666667;-0.399025626049875;-0.0279025899134312;9171
-2.403935;47.1421433333333;-0.79403693314513;0.0974954761769139;9252
-2.403845;47.1421516666667;-0.886326954231341;0.156283355760142;9269
-2.40356833333333;47.14207;-0.876933035075919;0.202455943546227;9308
-2.40342833333333;47.14204;-0.772740672545988;0.20705523916738;9329
-2.403365;47.142025;-0.769009368209787;0.220509887939453;9340
-2.403335;47.1420716666667;-0.570633932452047;0.185410203992508;9380
-2.40305166666667;47.141935;-0.563815594875563;0.205212094149797;9428
-2.40302666666667;47.141935;-0.469846310392954;0.171010071662834;9439
-2.40317;47.141885;-0.267301967878136;0.136197155333852;9901
-2.403255;47.14183;-0.335468232177036;0.217855617252312;9939
-2.4033;47.14182;-0.331615033963466;0.223677164721348;9952
-2.40350666666667;47.1418316666667;-0.222943456502195;0.200739189884316;10018
-2.40375666666667;47.1418266666667;-0.146270742503438;0.136399674045013;10528
-2.40372833333333;47.141815;-0.14386796221153;0.138931676162043;10547
-2.40373666666667;47.1418116666667;-0.14386796221153;0.138931676162043;10558
-2.40376666666667;47.1417516666667;-0.141421358344652;0.141421358344652;10617
-2.403785;47.1417516666667;-0.138931676162043;0.14386796221153;10631
-2.40380833333333;47.1417433333333;-0.138931676162043;0.14386796221153;10648
-2.403845;47.141755;-0.136399674045013;0.146270742503438;10692
-2.40386333333333;47.1417516666667;-0.138931676162043;0.14386796221153;10739
-2.40385833333333;47.1417433333333;-0.0694658380810214;0.0719339811057649;10750
-2.40388333333333;47.14174;-0.138931676162043;0.14386796221153;10760
-2.40386333333333;47.1417516666667;-0.138931676162043;0.14386796221153;10770
-2.40403666666667;47.1415866666667;-0.123132296899946;0.157602153069799;11538
-2.40403333333333;47.1415883333333;-0.123132296899946;0.157602153069799;11548
-2.40403666666667;47.1415866666667;-0.123132296899946;0.157602153069799;11556
-2.40402166666667;47.1415983333333;-0.123132296899946;0.157602153069799;11572
-2.40397333333333;47.1416033333333;-0.125864080085488;0.15542919460747;11618
-2.403995;47.1416283333333;-0.0629320400427442;0.0777145973037348;11639
-2.40394166666667;47.141645;-0.0642787619264821;0.076604445453393;11668
-2.40389166666667;47.1416366666667;-0.128557523852964;0.153208890906786;11678
-2.40392833333333;47.1416366666667;-0.128557523852964;0.153208890906786;11690
-2.40391666666667;47.14161;-0.128557523852964;0.153208890906786;11720
-2.40389;47.1416116666667;-0.0656059038766549;0.0754709591468821;11730
-2.40388166666667;47.1416183333333;-0.0656059038766549;0.0754709591468821;11737
-2.40388333333333;47.1416033333333;-0.0656059038766549;0.0754709591468821;11749
-2.403905;47.1415966666667;-0.0656059038766549;0.0754709591468821;11758
-2.40384166666667;47.1416316666667;-0.13121180775331;0.150941918293764;12030
-2.40386166666667;47.1416283333333;-0.133826123265936;0.148628967310223;12040
-2.40384166666667;47.1416316666667;-0.13121180775331;0.150941918293764;12069
-2.40424166666667;47.1413716666667;-0.240726012847916;0.319454208779156;13882
-2.40429833333333;47.1413716666667;-0.117557052210231;0.161803401286048;13999
-2.40878333333333;47.1410416666667;0.138931676162043;0.14386796221153;18037
-2.40878666666667;47.1410166666667;0.0694658380810214;0.0719339811057649;18078
-2.40879333333333;47.14105;0.0694658380810214;0.0719339811057649;18112
-2.408845;47.1409816666667;0.0788010765348997;0.0615661484499729;27722
