"x";"y";"vx";"vy";"t"
-5.79975333333333;48.4964633333333;5.72755297644327;10.77196046447;0
-5.79226666666667;48.5052166666667;5.68060608879847;10.6836662104108;181
-5.789405;48.50866;5.44788599687456;10.6920782902604;250
-5.77418666666667;48.5266333333333;5.91467727453522;10.6703602602802;620
-5.77254166666667;48.5286066666667;5.86619658992087;10.5828987900276;664
-5.76918833333333;48.5325333333333;5.68060608879847;10.6836662104108;742
-5.76175;48.5413166666667;5.86619658992087;10.5828987900276;923
-5.76137833333333;48.541735;5.86619658992087;10.5828987900276;933
-5.76175;48.5413166666667;5.86619658992087;10.5828987900276;970
-5.74841;48.55687;5.63365875343069;10.5953711143071;1244
-5.744275;48.5616866666667;5.81771544295604;10.4954364856727;1340
-5.70517333333333;48.6067833333333;5.49328522003215;10.7811792825713;2270
-5.704825;48.6072116666667;5.72755297644327;10.77196046447;2282
-5.70517333333333;48.6067833333333;5.49328522003215;10.7811792825713;2311
-5.69681333333333;48.6165116666667;5.72755297644327;10.77196046447;2470
-5.693735;48.6200333333333;5.58408323338824;10.9593804174629;2543
-5.69122166666667;48.622905;5.68060608879847;10.6836662104108;2600
-5.68911833333333;48.6253766666667;5.44788599687456;10.6920782902604;2650
-5.68873666666667;48.6258366666667;5.63365875343069;10.5953711143071;2660
-5.687035;48.6277716666667;5.81771544295604;10.4954364856727;2700
-5.685325;48.6297;5.49328522003215;10.7811792825713;2742
-5.68414;48.63113;5.72755297644327;10.77196046447;2769
-5.68275833333333;48.6326983333333;5.72755297644327;10.77196046447;2804
-5.68194333333333;48.633615;5.72755297644327;10.77196046447;2820
-5.6811;48.6346183333333;5.86619658992087;10.5828987900276;2840
-5.67041166666667;48.6467133333333;5.76923429599122;10.4079741813179;3092
-5.66747833333333;48.64999;5.63365875343069;10.5953711143071;3162
-5.665685;48.6519983333333;5.53868401023065;10.8702794251521;3203
-5.66362666666667;48.6543883333333;5.86619658992087;10.5828987900276;3250
-5.66197333333333;48.6562716666667;5.91467727453522;10.6703602602802;3290
-5.66145166666667;48.6567983333333;5.77450031181105;10.8602555605737;3302
-5.660575;48.6578;5.72755297644327;10.77196046447;3325
-5.65880666666667;48.659795;5.68060608879847;10.6836662104108;3360
-5.65840166666667;48.6602583333333;5.91467727453522;10.6703602602802;3370
-5.65793666666667;48.6607366666667;5.53868401023065;10.8702794251521;3381
-5.65749833333333;48.6611866666667;5.53868401023065;10.8702794251521;3390
-5.657095;48.6616433333333;5.68060608879847;10.6836662104108;3400
-5.65793666666667;48.6607366666667;5.53868401023065;10.8702794251521;3415
-5.656195;48.6626266666667;5.91467727453522;10.6703602602802;3422
-5.65574333333333;48.66312;5.86619658992087;10.5828987900276;3430
-5.65534166666667;48.6635883333333;5.91467727453522;10.6703602602802;3441
-5.654045;48.66498;5.68060608879847;10.6836662104108;3470
-5.65360666666667;48.665525;5.68060608879847;10.6836662104108;3482
-5.65269166666667;48.6665116666667;5.86619658992087;10.5828987900276;3502
-5.65235333333333;48.6668933333333;5.91467727453522;10.6703602602802;3515
-5.65184333333333;48.6674583333333;5.86619658992087;10.5828987900276;3520
-5.65091666666667;48.6684333333333;5.72755297644327;10.77196046447;3540
-5.649185;48.6703183333333;5.49328522003215;10.7811792825713;3580
-5.64833;48.6712683333333;5.68060608879847;10.6836662104108;3602
-5.64793333333333;48.6717283333333;5.63365875343069;10.5953711143071;3610
-5.64658666666667;48.6731566666667;5.86619658992087;10.5828987900276;3640
-5.64612666666667;48.673645;5.53868401023065;10.8702794251521;3650
-5.64566666666667;48.6741333333333;5.1559427126285;11.0569548289826;3665
-5.64485666666667;48.6751566666667;5.11368112827854;10.9663245688724;3684
-5.643275;48.6770583333333;5.53868401023065;10.8702794251521;3719
-5.642815;48.6775916666667;5.11368112827854;10.9663245688724;3730
-5.64239166666667;48.6780916666667;4.8808397169096;10.9625454917112;3740
-5.641585;48.6790616666667;5.30429104337316;10.8754083030826;3762
-5.64079833333333;48.6799833333333;5.49328522003215;10.7811792825713;3780
-5.64039666666667;48.6804883333333;5.44788599687456;10.6920782902604;3790
-5.63945166666667;48.6815166666667;5.1559427126285;11.0569548289826;3810
-5.639105;48.6819383333333;5.11368112827854;10.9663245688724;3820
-5.638265;48.6829283333333;5.26045376146893;10.78552855559;3840
-5.637505;48.68389;5.2166164795647;10.6956488080974;3860
-5.63663666666667;48.6848666666667;5.40248677371697;10.6029772979496;3880
-5.63416;48.687755;5.26045376146893;10.78552855559;3940
-5.63366166666667;48.6882783333333;5.30429104337316;10.8754083030826;3954
-5.6333;48.688745;5.44788599687456;10.6920782902604;3960
-5.63290666666667;48.6892083333333;5.30429104337316;10.8754083030826;3970
-5.63246;48.6896966666667;5.68060608879847;10.6836662104108;3980
-5.62572666666667;48.697435;5.44788599687456;10.6920782902604;4140
-5.62401833333333;48.6993683333333;5.26045376146893;10.78552855559;4183
-5.62572666666667;48.697435;5.44788599687456;10.6920782902604;4193
-5.62319;48.7003283333333;5.11368112827854;10.9663245688724;4200
-5.61812166666667;48.7061483333333;5.26045376146893;10.78552855559;4322
-5.61388333333333;48.7109566666667;5.49328522003215;10.7811792825713;4421
-5.61219833333333;48.7129;5.30429104337316;10.8754083030826;4460
-5.60629;48.7196483333333;5.2166164795647;10.6956488080974;4600
-5.60502666666667;48.720985;4.8808397169096;10.9625454917112;4630
-5.604595;48.7215133333333;4.84016589744431;10.871190597457;4644
-5.603825;48.7224733333333;4.64970027997026;10.9540074049393;4660
-5.60144;48.7253833333333;5.26045376146893;10.78552855559;4720
-5.60062666666667;48.7263416666667;4.8808397169096;10.9625454917112;4741
-5.60144;48.7253833333333;5.26045376146893;10.78552855559;4778
-5.59904833333333;48.7282933333333;4.84016589744431;10.871190597457;4784
-5.598665;48.7287566666667;4.84016589744431;10.871190597457;4791
-5.58823;48.74136;4.64970027997026;10.9540074049393;5054
-5.58707166666667;48.7427733333333;4.84016589744431;10.871190597457;5081
-5.58298666666667;48.7476866666667;4.8808397169096;10.9625454917112;5181
-5.58259666666667;48.74819;4.8808397169096;10.9625454917112;5190
-5.58298666666667;48.7476866666667;4.8808397169096;10.9625454917112;5210
-5.57882666666667;48.7523933333333;6.65439533798672;9.86554679715226;5280
-5.57826666666667;48.7528816666667;7.16159854593516;9.50376226490751;5293
-5.577945;48.7531583333333;7.05342302750968;9.70820393249937;5301
-5.57761833333333;48.7534316666667;7.16159854593516;9.50376226490751;5316
-5.576165;48.754575;6.88291723621255;9.8298245314679;5334
-5.57207833333333;48.7574666666667;8.84938006858126;8.25218041691796;5401
-5.57146666666667;48.7578116666667;8.62670259560596;8.62670259560596;5410
-5.56952;48.758975;8.62670259560596;8.62670259560596;5441
-5.56649;48.760575;9.48118058154622;7.67770865077468;5488
-5.56554166666667;48.7609966666667;9.1319862085944;7.9383145010518;5504
-5.55591666666667;48.7658316666667;9.28292798068953;8.06952618171657;5645
-5.55464833333333;48.7665133333333;9.57555553898723;8.03484512108174;5660
-5.55058666666667;48.7685666666667;9.49895080245256;7.97056611490907;5724
-5.54638666666667;48.7707516666667;9.63660962560878;7.80357260895131;5780
-5.54093833333333;48.7735483333333;9.63660962560878;7.80357260895131;5863
-5.54027333333333;48.77387;9.77133304412111;7.63420205918195;5870
-5.53828666666667;48.7748966666667;9.49895080245256;7.97056611490907;5903
-5.53616833333333;48.7760033333333;9.34574205994015;7.84200871557377;5930
-5.53541833333333;48.7763916666667;9.42234679647481;7.90628772174644;5940
-5.53616833333333;48.7760033333333;9.34574205994015;7.84200871557377;5945
-5.534125;48.7770583333333;9.28292798068953;8.06952618171657;5960
-5.53209666666667;48.778115;9.28292798068953;8.06952618171657;5990
-5.53140833333333;48.778485;9.35839850686352;8.13513170921563;6000
-5.53009333333333;48.7792033333333;9.55889547414957;7.74064092994634;6024
-5.52872833333333;48.7798833333333;9.71432451821213;7.86650488812297;6040
-5.52732666666667;48.7806;9.42234679647481;7.90628772174644;6061
-5.52596833333333;48.7812833333333;9.28292798068953;8.06952618171657;6080
-5.52732666666667;48.7806;9.42234679647481;7.90628772174644;6102
-5.52186333333333;48.783365;9.06878562108842;8.45677940461325;6140
-5.51986166666667;48.7844966666667;9.63660962560878;7.80357260895131;6171
-5.51779333333333;48.785545;9.63660962560878;7.80357260895131;6200
-5.51572833333333;48.7866316666667;9.14068149511557;8.23030658584049;6234
-5.5151;48.786975;9.42234679647481;7.90628772174644;6240
-5.51380833333333;48.7876533333333;9.43386975278465;8.20073786238134;6260
-5.51104333333333;48.78911;9.21499555243243;8.29721926359677;6300
-5.50966666666667;48.7898566666667;9.6925324196638;7.5726362639337;6320
-5.50702666666667;48.7912016666667;9.06636672908058;8.16339326995154;6360
-5.50521833333333;48.7922133333333;9.6925324196638;7.5726362639337;6388
-5.50478333333333;48.7924266666667;9.9509091851196;7.22975871530856;6394
-5.503875;48.7928266666667;9.43386975278465;8.20073786238134;6413
-5.50289833333333;48.7933183333333;9.21505691939084;8.59317959694921;6420
-5.50167833333333;48.7940316666667;9.28292798068953;8.06952618171657;6440
-5.499625;48.7951816666667;9.61373104370089;7.51106988154492;6473
-5.496165;48.7969883333333;9.42234679647481;7.90628772174644;6524
-5.49364;48.7983516666667;10.1142582270451;6.82215331568553;6560
-5.49210666666667;48.7990033333333;9.99365478408485;6.99763241408174;6582
-5.49123666666667;48.7993716666667;10.0318104216339;7.28853690420439;6594
-5.485875;48.8018633333333;10.0318104216339;7.28853690420439;6670
-5.48509166666667;48.802215;9.99365478408485;6.99763241408174;6685
-5.483575;48.802895;10.0755703009955;7.05499027651889;6703
-5.480175;48.8044316666667;9.82321692590934;7.4023248995573;6750
-5.47940333333333;48.8047933333333;9.78910594055236;7.1122017769612;6763
-5.47806666666667;48.8054483333333;10.5828987900276;5.86619658992087;6788
-5.47585;48.8062016666667;10.0917720207568;6.30603904222698;6811
-5.47492166666667;48.8065283333333;9.89631286171972;6.42674071705897;6823
-5.47468666666667;48.8066166666667;10.0640468153451;6.53566842018033;6829
-5.47585;48.8062016666667;10.0917720207568;6.30603904222698;6839
-5.47344333333333;48.80712;10.2860076084253;6.18045689892065;6846
-5.47266666666667;48.8074416666667;10.3057019746723;5.94999980926514;6857
-5.47207833333333;48.8076533333333;10.4789077161542;6.05000019073487;6862
-5.470695;48.8081666666667;10.2860076084253;6.18045689892065;6881
-5.46625666666667;48.8098033333333;10.2860076084253;6.18045689892065;6942
-5.46492833333333;48.8103083333333;10.4789077161542;6.05000019073487;6960
-5.46625666666667;48.8098033333333;10.2860076084253;6.18045689892065;6967
-5.45974666666667;48.8121833333333;10.4309917444764;6.5180070511425;7031
-5.45889166666667;48.8125233333333;10.3717246654789;6.23196090288309;7043
-5.45831833333333;48.8127583333333;10.6836662104108;5.68060608879847;7050
-5.455185;48.8138066666667;10.3923048454133;6;7090
-5.45292333333333;48.81465;10.3923048454133;6;7122
-5.45227;48.81488;10.5655097609889;6.09999990463257;7130
-5.451575;48.8151333333333;10.3923048454133;6;7144
-5.44992333333333;48.81572;10.5655097609889;6.09999990463257;7162
-5.44929666666667;48.8159516666667;10.2860076084253;6.18045689892065;7170
-5.44848833333333;48.8162483333333;10.3057019746723;5.94999980926514;7182
-5.44782833333333;48.8164683333333;10.5953711143071;5.63365875343069;7191
-5.44551;48.81729;10.3057019746723;5.94999980926514;7225
-5.444945;48.8175083333333;10.4079741813179;5.76923429599122;7230
-5.44348;48.8180216666667;10.3923048454133;6;7250
-5.44271;48.8182783333333;10.2860076084253;6.18045689892065;7260
-5.4419;48.81857;10.2860076084253;6.18045689892065;7270
-5.43972666666667;48.8194066666667;10.3923048454133;6;7302
-5.43823;48.8199116666667;10.4789077161542;6.05000019073487;7320
-5.43675666666667;48.82043;10.6836662104108;5.68060608879847;7340
-5.43526166666667;48.8209583333333;10.2002905513718;6.12895289495821;7361
-5.434545;48.8212066666667;10.3923048454133;6;7370
-5.43379666666667;48.82148;10.4079741813179;5.76923429599122;7380
-5.43297833333333;48.8217633333333;10.4079741813179;5.76923429599122;7394
-5.43238666666667;48.82196;10.2860076084253;6.18045689892065;7400
-5.43146;48.822285;10.1145743117766;6.07744938217436;7412
-5.42944;48.8230216666667;10.2860076084253;6.18045689892065;7442
-5.42635166666667;48.82408;10.0917720207568;6.30603904222698;7481
-5.424915;48.82461;10.3057019746723;5.94999980926514;7502
-5.42412;48.824905;10.3057019746723;5.94999980926514;7510
-5.42356333333333;48.825125;10.3205127110653;5.72075361137687;7520
-5.42129833333333;48.8258583333333;9.92216256327785;6.20005529045442;7550
-5.42059833333333;48.8261233333333;10.2002905513718;6.12895289495821;7560
-5.41913;48.8266883333333;10.3205127110653;5.72075361137687;7580
-5.41766666666667;48.8271783333333;10.3205127110653;5.72075361137687;7601
-5.41686;48.8274583333333;10.2002905513718;6.12895289495821;7610
-5.41611666666667;48.8277183333333;10.2190999298376;5.90000009536743;7620
-5.415325;48.828;10.3304866680406;5.49281719505033;7635
-5.41472333333333;48.8281733333333;10.2190999298376;5.90000009536743;7640
-5.41313333333333;48.828755;9.89631286171972;6.42674071705897;7664
-5.41244333333333;48.829015;9.86554679715226;6.65439533798672;7670
-5.41105833333333;48.82957;9.83735823891922;6.14706366725333;7694
-5.40821;48.830585;9.92216256327785;6.20005529045442;7732
-5.407425;48.8309;10.0069676963982;6.2530474190259;7746
-5.40668166666667;48.83117;9.98017943862311;6.48120430891552;7757
-5.40456666666667;48.8320033333333;9.54640068793213;6.93586608916232;7782
-5.40318333333333;48.83262;9.50216402623401;6.65348688047418;7804
-5.40105833333333;48.833465;10.0069676963982;6.2530474190259;7831
-5.400305;48.8337266666667;9.62730192444638;6.99464427805815;7842
-5.39974;48.8339833333333;9.10444450988387;6.86069103435914;7850
-5.39899833333333;48.83432;9.42024850932341;6.59612901803703;7865
-5.39779166666667;48.8348433333333;9.68599066142556;5.81993034471933;7880
-5.39585;48.8355916666667;9.02458141586204;6.80050987640525;7907
-5.39512;48.835915;9.17450273979586;6.42405597773069;7919
-5.39365833333333;48.8365183333333;9.69948435720448;5.59999990463257;7940
-5.39289166666667;48.8367833333333;9.60027360437197;5.76842634075689;7956
-5.39227666666667;48.8369783333333;9.47697757774701;6.15442119955146;7964
-5.39127833333333;48.8373466666667;9.3383329924128;6.53877115559988;7973
-5.39365833333333;48.8365183333333;9.69948435720448;5.59999990463257;7986
-5.38952166666667;48.8380816666667;9.42024850932341;6.59612901803703;8000
-5.38748;48.8389483333333;9.94314101512788;5.97444186542806;8030
-5.38669833333333;48.839235;9.94314101512788;5.97444186542806;8042
-5.38397;48.8403516666667;9.61683615789122;6.48663789357583;8082
-5.38264;48.8409283333333;9.42024850932341;6.59612901803703;8103
-5.38199833333333;48.8412133333333;9.61683615789122;6.48663789357583;8110
-5.38054;48.8418166666667;9.64471153137237;6.26334890267281;8132
-5.379875;48.84208;9.72857890809435;6.31781301393762;8140
-5.377205;48.843225;9.64471153137237;6.26334890267281;8180
-5.37643166666667;48.843525;9.72857890809435;6.31781301393762;8192
-5.37573833333333;48.843825;9.64471153137237;6.26334890267281;8200
-5.37377833333333;48.8446166666667;9.61683615789122;6.48663789357583;8230
-5.37303666666667;48.8449333333333;9.50216402623401;6.65348688047418;8244
-5.37165166666667;48.8454816666667;9.83735823891922;6.14706366725333;8260
-5.3647;48.8483383333333;9.53393208438298;6.43071838991359;8360
-5.36399;48.8486166666667;9.42024850932341;6.59612901803703;8372
-5.3647;48.8483383333333;9.53393208438298;6.43071838991359;8378
-5.36131166666667;48.8497133333333;9.72857890809435;6.31781301393762;8410
-5.35850166666667;48.8507883333333;9.50216402623401;6.65348688047418;8450
-5.3578;48.851085;9.61683615789122;6.48663789357583;8460
-5.35721166666667;48.8513283333333;9.50216402623401;6.65348688047418;8470
-5.35362;48.8527066666667;9.3036954353119;6.75953040136344;8520
-5.34808333333333;48.8548183333333;9.53393208438298;6.43071838991359;8602
-5.34034;48.8578416666667;9.64471153137237;6.26334890267281;8710
-5.33973;48.8580766666667;9.72857890809435;6.31781301393762;8721
-5.34034;48.8578416666667;9.64471153137237;6.26334890267281;8741
-5.33129;48.8612166666667;9.72857890809435;6.31781301393762;8843
-5.32991333333333;48.86175;9.42024850932341;6.59612901803703;8860
-5.33129;48.8612166666667;9.72857890809435;6.31781301393762;8871
-5.32848666666667;48.8623083333333;9.64471153137237;6.26334890267281;8880
-5.32482;48.8636716666667;9.42024850932341;6.59612901803703;8932
-5.32003166666667;48.8654816666667;9.45102801087474;6.37479888625135;8999
-5.31507;48.8672983333333;9.22279342725891;6.70075165191191;9070
-5.30741333333333;48.8702333333333;9.72857890809435;6.31781301393762;9182
-5.29893666666667;48.8733183333333;9.38459744336488;6.81830915081497;9304
-5.29203;48.87594;9.45102801087474;6.37479888625135;9400
-5.28784833333333;48.8774783333333;9.42024850932341;6.59612901803703;9460
-5.28498833333333;48.8785166666667;9.69973944076762;6.54255686395016;9500
-5.28354166666667;48.8790683333333;9.69973944076762;6.54255686395016;9520
-5.28274333333333;48.8793466666667;9.69973944076762;6.54255686395016;9531
-5.281405;48.8798533333333;9.61683615789122;6.48663789357583;9551
-5.279195;48.8806716666667;9.69973944076762;6.54255686395016;9580
-5.27640166666667;48.881685;9.86554679715226;6.65439533798672;9620
-5.274195;48.882485;9.66599427885096;6.76820205834337;9650
-5.27352833333333;48.882745;9.58407876194035;6.71084419590622;9660
-5.271385;48.883525;9.69973944076762;6.54255686395016;9690
-5.27059;48.8838066666667;9.69973944076762;6.54255686395016;9700
-5.26917166666667;48.88431;9.66599427885096;6.76820205834337;9724
-5.26851666666667;48.8845733333333;9.50216402623401;6.65348688047418;9730
-5.26713333333333;48.885105;9.61683615789122;6.48663789357583;9753
-5.26631333333333;48.8854;9.89631286171972;6.42674071705897;9761
-5.26563666666667;48.88564;9.92216256327785;6.20005529045442;9770
-5.26276333333333;48.8866466666667;9.66599427885096;6.76820205834337;9813
-5.26202;48.8869183333333;9.54640068793213;6.93586608916232;9822
-5.26060166666667;48.8875316666667;9.92216256327785;6.20005529045442;9840
-5.25992333333333;48.88778;9.81244548499774;6.37227660579417;9850
-5.254185;48.8899216666667;9.66599427885096;6.76820205834337;9930
-5.25340666666667;48.8902233333333;9.66599427885096;6.76820205834337;9941
-5.251925;48.890765;9.7479090145573;6.8255593737754;9962
-5.25138333333333;48.89098;9.58407876194035;6.71084419590622;9970
-5.24913166666667;48.8918266666667;9.42389917088569;7.10141738798128;10002
-5.24571666666667;48.893185;9.72857890809435;6.31781301393762;10050
-5.24492666666667;48.8934716666667;9.61683615789122;6.48663789357583;10061
-5.24419833333333;48.8937333333333;9.42024850932341;6.59612901803703;10072
-5.24346333333333;48.8940016666667;9.26417222120387;6.98105449813797;10085
-5.24287833333333;48.894245;8.93717855675516;7.23718449707313;10090
-5.24219666666667;48.8946016666667;9.25641825670646;6.48141384016784;10101
-5.240325;48.8953566666667;9.7717069010207;5.87143385750319;10134
-5.23943666666667;48.8956716666667;9.66774797267858;6.04107941011038;10145
-5.23661666666667;48.89672;9.42024850932341;6.59612901803703;10181
-5.23528666666667;48.8972333333333;9.61683615789122;6.48663789357583;10201
-5.23462333333333;48.8974883333333;9.38459744336488;6.81830915081497;10215
-5.23387333333333;48.8977966666667;9.53393208438298;6.43071838991359;10222
-5.23317;48.89809;9.61683615789122;6.48663789357583;10230
-5.23251166666667;48.89836;9.61683615789122;6.48663789357583;10241
-5.23102166666667;48.898945;9.72857890809435;6.31781301393762;10266
-5.22832833333333;48.9000083333333;9.58407876194035;6.71084419590622;10301
-5.22625;48.9008516666667;9.61683615789122;6.48663789357583;10330
-5.22344166666667;48.9019183333333;9.3036954353119;6.75953040136344;10371
-5.22285;48.902165;9.61683615789122;6.48663789357583;10381
-5.221435;48.9027416666667;9.42024850932341;6.59612901803703;10401
-5.22073833333333;48.903035;9.64471153137237;6.26334890267281;10414
-5.21856666666667;48.9038433333333;9.72857890809435;6.31781301393762;10441
-5.21784;48.90411;9.61683615789122;6.48663789357583;10450
-5.216515;48.9046233333333;9.58407876194035;6.71084419590622;10470
-5.21506166666667;48.90523;9.50216402623401;6.65348688047418;10492
-5.21363666666667;48.9058166666667;9.69973944076762;6.54255686395016;10510
-5.21309666666667;48.90604;9.53393208438298;6.43071838991359;10521
-5.21243833333333;48.906305;9.83735823891922;6.14706366725333;10530
-5.210235;48.907095;9.46549867987914;6.8770873397108;10564
-5.207465;48.9082733333333;9.7525531057989;6.09407153868186;10603
-5.20677666666667;48.9085483333333;9.58294364831995;5.98808778690929;10611
-5.206185;48.9087766666667;9.5608441546504;6.20888479140801;10624
-5.20515666666667;48.9091166666667;9.18430836554387;6.92087276624856;10633
-5.20471666666667;48.9092916666667;9.50216402623401;6.65348688047418;10640
-5.20423666666667;48.90948;9.10444450988387;6.86069103435914;10650
-5.20351333333333;48.90982;9.3383329924128;6.53877115559988;10660
-5.20294333333333;48.9100766666667;9.45102801087474;6.37479888625135;10670
-5.20246666666667;48.910275;9.58294364831995;5.98808778690929;10675
-5.202005;48.910435;9.64471153137237;6.26334890267281;10681
-5.19784;48.9120433333333;9.53393208438298;6.43071838991359;10741
-5.19366666666667;48.913735;9.53393208438298;6.43071838991359;10802
-5.19236166666667;48.9142916666667;9.58294364831995;5.98808778690929;10821
-5.18816833333333;48.9159116666667;9.47697757774701;6.15442119955146;10881
-5.18547333333333;48.916925;9.64471153137237;6.26334890267281;10921
-5.18471166666667;48.9172133333333;9.53393208438298;6.43071838991359;10931
-5.18268833333333;48.9180016666667;9.42024850932341;6.59612901803703;10961
-5.17980833333333;48.9191483333333;9.42024850932341;6.59612901803703;11001
-5.17719833333333;48.9201883333333;9.42024850932341;6.59612901803703;11041
-5.17643;48.920475;9.3383329924128;6.53877115559988;11050
-5.17571333333333;48.9207516666667;9.42024850932341;6.59612901803703;11060
-5.175025;48.9210466666667;9.53393208438298;6.43071838991359;11070
-5.174435;48.921295;9.45102801087474;6.37479888625135;11080
-5.171665;48.9224083333333;9.72857890809435;6.31781301393762;11121
-5.16949333333333;48.9232883333333;9.50216402623401;6.65348688047418;11152
-5.16613666666667;48.9246733333333;9.5608441546504;6.20888479140801;11201
-5.16470666666667;48.9252333333333;9.38459744336488;6.81830915081497;11222
-5.16336;48.925795;9.42024850932341;6.59612901803703;11242
-5.16259833333333;48.9261116666667;9.50216402623401;6.65348688047418;11251
-5.16195833333333;48.926375;9.3036954353119;6.75953040136344;11261
-5.15991666666667;48.9272166666667;9.64471153137237;6.26334890267281;11290
-5.15924833333333;48.9274633333333;9.53393208438298;6.43071838991359;11304
-5.157895;48.9279966666667;9.22279342725891;6.70075165191191;11321
-5.15658;48.9285916666667;9.72857890809435;6.31781301393762;11341
-5.15510833333333;48.9291733333333;9.7717069010207;5.87143385750319;11365
-5.15437;48.929405;9.66774797267858;6.04107941011038;11371
-5.153655;48.9296566666667;9.5608441546504;6.20888479140801;11380
-5.15235;48.9301683333333;9.22279342725891;6.70075165191191;11400
-5.15028333333333;48.9310516666667;9.3383329924128;6.53877115559988;11431
-5.14966833333333;48.9313333333333;9.36812472799834;6.31887991587702;11440
-5.14891833333333;48.9316366666667;9.58294364831995;5.98808778690929;11451
-5.14826333333333;48.9318883333333;9.7717069010207;5.87143385750319;11460
-5.14690166666667;48.9323766666667;9.3383329924128;6.53877115559988;11483
-5.14562;48.9329266666667;9.45102801087474;6.37479888625135;11500
-5.14492666666667;48.9332233333333;9.5608441546504;6.20888479140801;11510
-5.13864166666667;48.935745;9.53393208438298;6.43071838991359;11600
-5.13594833333333;48.936845;9.64471153137237;6.26334890267281;11641
-5.133275;48.9378966666667;9.53393208438298;6.43071838991359;11683
-5.13186666666667;48.9384733333333;9.42024850932341;6.59612901803703;11700
-5.12964;48.9393733333333;9.3383329924128;6.53877115559988;11730
-5.127635;48.94018;9.47697757774701;6.15442119955146;11763
-5.12486833333333;48.9412683333333;9.45102801087474;6.37479888625135;11802
-5.123615;48.9418116666667;9.25641825670646;6.48141384016784;11821
-5.122985;48.942085;9.36812472799834;6.31887991587702;11830
-5.12149666666667;48.9426966666667;9.66774797267858;6.04107941011038;11852
-5.12091333333333;48.9429266666667;9.58294364831995;5.98808778690929;11863
-5.12020166666667;48.9431933333333;9.5608441546504;6.20888479140801;11870
-5.11948666666667;48.9434566666667;9.42024850932341;6.59612901803703;11885
-5.118125;48.9440066666667;9.42024850932341;6.59612901803703;11905
-5.115465;48.9451066666667;9.45102801087474;6.37479888625135;11940
-5.11475666666667;48.94539;9.45102801087474;6.37479888625135;11950
-5.11398;48.94569;9.61683615789122;6.48663789357583;11967
-5.11127333333333;48.9467916666667;9.42024850932341;6.59612901803703;12000
-5.11064666666667;48.9470733333333;9.5608441546504;6.20888479140801;12010
-5.10992666666667;48.9473533333333;9.72857890809435;6.31781301393762;12021
-5.11127333333333;48.9467916666667;9.42024850932341;6.59612901803703;12032
-5.10788;48.9481866666667;9.64471153137237;6.26334890267281;12053
-5.10723166666667;48.9484466666667;9.53393208438298;6.43071838991359;12060
-5.10497333333333;48.94936;9.58294364831995;5.98808778690929;12097
-5.10239;48.9503483333333;9.3036954353119;6.75953040136344;12133
-5.09897333333333;48.951795;9.5608441546504;6.20888479140801;12185
-5.09760833333333;48.9523083333333;9.45102801087474;6.37479888625135;12202
-5.09678;48.9526283333333;9.5608441546504;6.20888479140801;12210
-5.09486833333333;48.9534033333333;9.45102801087474;6.37479888625135;12244
-5.09065;48.9551;9.5608441546504;6.20888479140801;12300
-5.08993;48.955375;9.64471153137237;6.26334890267281;12316
-5.089155;48.9556616666667;9.50216402623401;6.65348688047418;12323
-5.086455;48.9567466666667;9.5608441546504;6.20888479140801;12360
-5.08583166666667;48.9569766666667;9.69973944076762;6.54255686395016;12375
-5.082405;48.9583666666667;9.25641825670646;6.48141384016784;12424
-5.07961;48.9594683333333;9.72857890809435;6.31781301393762;12460
-5.07411166666667;48.9616333333333;9.5608441546504;6.20888479140801;12540
-5.07275833333333;48.9621583333333;9.45102801087474;6.37479888625135;12560
-5.070105;48.9632533333333;9.3383329924128;6.53877115559988;12600
-5.06586666666667;48.9649283333333;9.5608441546504;6.20888479140801;12664
-5.06450166666667;48.9654733333333;9.3383329924128;6.53877115559988;12680
-5.06307666666667;48.9660166666667;9.58407876194035;6.71084419590622;12700
-5.05131166666667;48.970655;9.50216402623401;6.65348688047418;12870
-5.040955;48.9747466666667;9.7717069010207;5.87143385750319;13023
-5.04050166666667;48.9748933333333;9.78608722794539;5.65000009536743;13030
-5.040955;48.9747466666667;9.7717069010207;5.87143385750319;13036
-5.03622833333333;48.97659;9.36812472799834;6.31887991587702;13090
