"x";"y";"vx";"vy";"t"
-5.87603333333333;48.46655;5.32499025914889;11.4194784623908;0
-5.87471666666667;48.46835;5.32499025914889;11.4194784623908;29
-5.8729;48.4708;5.32499025914889;11.4194784623908;71
-5.86285;48.48345;5.5234766167677;11.3248053262322;291
-5.86198333333333;48.48455;5.5234766167677;11.3248053262322;308
-5.85936666666667;48.4880666666667;5.36725184349885;11.510108722501;368
-5.8582;48.48965;5.36725184349885;11.510108722501;408
-5.85605;48.4925666666667;5.61115076251285;11.5045639640607;451
-5.85551666666667;48.4932666666667;5.61115076251285;11.5045639640607;461
-5.8532;48.4963666666667;5.76567926010043;11.3157826872463;518
-5.85198333333333;48.4979;5.96228875783622;11.2134342608995;548
-5.8511;48.4991333333333;6.20556323162321;11.1951324182047;569
-5.84628333333333;48.5049;6.40000009536743;11.0851253336221;668
-5.84111666666667;48.5109166666667;6.40000009536743;11.0851253336221;780
-5.84061666666667;48.5114666666667;6.40000009536743;11.0851253336221;788
-5.83961666666667;48.5126;6.40000009536743;11.0851253336221;810
-5.8384;48.51395;6.40000009536743;11.0851253336221;831
-5.838;48.5144;6.40000009536743;11.0851253336221;850
-5.83645;48.51615;6.40000009536743;11.0851253336221;869
-5.83546666666667;48.5172833333333;6.40000009536743;11.0851253336221;888
-5.83505;48.5177333333333;6.40000009536743;11.0851253336221;899
-5.83546666666667;48.5172833333333;6.40000009536743;11.0851253336221;905
-5.83446666666667;48.5184166666667;6.20556323162321;11.1951324182047;911
-5.83406666666667;48.5188666666667;6.20556323162321;11.1951324182047;918
-5.8325;48.5207;6.20556323162321;11.1951324182047;951
-5.83216666666667;48.5211;6.009236093204;11.3017293570032;960
-5.83158333333333;48.5217833333333;6.009236093204;11.3017293570032;972
-5.8311;48.52235;6.009236093204;11.3017293570032;978
-5.83055;48.52305;6.009236093204;11.3017293570032;989
-5.8298;48.5239666666667;6.009236093204;11.3017293570032;1008
-5.82886666666667;48.5251333333333;5.96228875783622;11.2134342608995;1029
-5.8278;48.5264666666667;5.96228875783622;11.2134342608995;1049
-5.82686666666667;48.5276333333333;6.20556323162321;11.1951324182047;1071
-5.8265;48.5281;6.20556323162321;11.1951324182047;1080
-5.82555;48.5292666666667;6.20556323162321;11.1951324182047;1098
-5.825;48.5299666666667;6.20556323162321;11.1951324182047;1109
-5.82461666666667;48.5304166666667;6.25404391623755;11.2825938884573;1121
-5.82405;48.5311166666667;6.44999980926514;11.1717273784568;1127
-5.82371666666667;48.5315333333333;6.44999980926514;11.1717273784568;1140
-5.82266666666667;48.5328;6.64399096986827;11.0574578520739;1158
-5.82208333333333;48.5334833333333;6.64399096986827;11.0574578520739;1178
-5.82028333333333;48.5355333333333;6.64399096986827;11.0574578520739;1209
-5.81966666666667;48.5362166666667;6.44999980926514;11.1717273784568;1218
-5.81913333333333;48.53685;6.44999980926514;11.1717273784568;1231
-5.81815;48.5379;6.25404391623755;11.2825938884573;1248
-5.81776666666667;48.5383333333333;6.25404391623755;11.2825938884573;1260
-5.81718333333333;48.5390166666667;6.25404391623755;11.2825938884573;1272
-5.8153;48.5413333333333;6.44999980926514;11.1717273784568;1308
-5.81491666666667;48.5418;6.44999980926514;11.1717273784568;1320
-5.8153;48.5413333333333;6.44999980926514;11.1717273784568;1327
-5.81331666666667;48.5437;6.5;11.2583302491977;1350
-5.81253333333333;48.5446166666667;6.6954949738307;11.1431749091275;1371
-5.81193333333333;48.5453;6.6954949738307;11.1431749091275;1385
-5.81131666666667;48.5459833333333;6.88895043503166;11.0246252500335;1394
-5.80928333333333;48.5481833333333;6.6954949738307;11.1431749091275;1428
-5.80781666666667;48.54975;6.5;11.2583302491977;1459
-5.80581666666667;48.5520333333333;6.0561829808488;11.3900236110624;1499
-5.80528333333333;48.5526666666667;6.0561829808488;11.3900236110624;1509
-5.80488333333333;48.5531166666667;6.0561829808488;11.3900236110624;1518
-5.80385;48.5543833333333;5.85647727345652;11.4939838221379;1538
-5.80291666666667;48.5555333333333;5.85647727345652;11.4939838221379;1560
-5.802;48.5567;6.0561829808488;11.3900236110624;1578
-5.80108333333333;48.55795;6.0561829808488;11.3900236110624;1598
-5.8006;48.5586166666667;6.0561829808488;11.3900236110624;1610
-5.80023333333333;48.5590833333333;6.0561829808488;11.3900236110624;1620
-5.79931666666667;48.56025;6.0561829808488;11.3900236110624;1641
-5.79876666666667;48.56095;6.25404391623755;11.2825938884573;1650
-5.7984;48.5614166666667;6.25404391623755;11.2825938884573;1658
-5.79785;48.5621;6.20556323162321;11.1951324182047;1670
-5.7973;48.5627833333333;6.20556323162321;11.1951324182047;1686
-5.79601666666667;48.5643333333333;6.40000009536743;11.0851253336221;1709
-5.79456666666667;48.56605;6.40000009536743;11.0851253336221;1738
-5.79398333333333;48.5667166666667;6.59248745708441;10.9717416124787;1751
-5.79206666666667;48.5689166666667;6.54098345312197;10.8860245554251;1788
-5.79006666666667;48.57115;6.59248745708441;10.9717416124787;1829
-5.784;48.5778833333333;6.34999990463257;10.9985224628811;1953
-5.78358333333333;48.5783166666667;6.34999990463257;10.9985224628811;1958
-5.78296666666667;48.5789833333333;6.34999990463257;10.9985224628811;1969
-5.7826;48.5793666666667;6.34999990463257;10.9985224628811;1977
-5.782;48.5800166666667;6.15708208465838;11.1076701138499;1998
-5.78158333333333;48.5804666666667;6.15708208465838;11.1076701138499;2012
-5.77443333333333;48.5890833333333;5.96228875783622;11.2134342608995;2152
-5.77408333333333;48.5895333333333;5.96228875783622;11.2134342608995;2160
-5.77358333333333;48.59015;5.96228875783622;11.2134342608995;2171
-5.76935;48.59525;6.30000019073486;10.9119204180464;2271
-5.76503333333333;48.6001833333333;6.25;10.8253175473055;2350
-5.76206666666667;48.6034666666667;6.25;10.8253175473055;2410
-5.75616666666667;48.6101333333333;6.06012025307921;10.9327463392424;2528
-5.75423333333333;48.6122666666667;6.06012025307921;10.9327463392424;2569
-5.75185;48.6149;5.86839453482364;11.0368449107366;2618
-5.75045;48.6165;5.86839453482364;11.0368449107366;2650
-5.74986666666667;48.6171666666667;5.86839453482364;11.0368449107366;2662
-5.7456;48.62225;6.06012025307921;10.9327463392424;2751
-5.74405;48.6240166666667;6.25;10.8253175473055;2785
-5.74263333333333;48.62555;6.25;10.8253175473055;2809
-5.74115;48.6271333333333;6.06012025307921;10.9327463392424;2840
-5.73956666666667;48.6288833333333;5.86839453482364;11.0368449107366;2875
-5.73918333333333;48.6293333333333;5.86839453482364;11.0368449107366;2888
-5.7377;48.6310666666667;5.86839453482364;11.0368449107366;2911
-5.73675;48.6321666666667;5.91534187019141;11.1251400068403;2929
-5.73638333333333;48.6326166666667;5.86839453482364;11.0368449107366;2938
-5.7358;48.6332833333333;6.10860140004404;11.0202086435973;2951
-5.73521666666667;48.63395;6.10860140004404;11.0202086435973;2961
-5.7314;48.6381833333333;6.06012025307921;10.9327463392424;3051
-5.7304;48.6392666666667;5.86839453482364;11.0368449107366;3069
-5.726;48.6443166666667;5.86839453482364;11.0368449107366;3149
-5.72308333333333;48.6476666666667;5.82144719945586;10.9485498146329;3211
-5.72271666666667;48.6481166666667;5.82144719945586;10.9485498146329;3226
-5.7203;48.6510166666667;6.01163910611439;10.8452840348876;3270
-5.71903333333333;48.6525333333333;6.01163910611439;10.8452840348876;3302
-5.71748333333333;48.6544;6.19999980926514;10.7387146765646;3330
-5.71613333333333;48.6559333333333;6.19999980926514;10.7387146765646;3358
-5.71461666666667;48.6576333333333;6.01163910611439;10.8452840348876;3390
-5.71423333333333;48.6580833333333;6.01163910611439;10.8452840348876;3406
-5.71365;48.6587333333333;5.82144719945586;10.9485498146329;3414
-5.71233333333333;48.6602833333333;5.77450031181105;10.8602555605737;3441
-5.71176666666667;48.6609333333333;5.77450031181105;10.8602555605737;3450
-5.7114;48.6613833333333;5.58408323338824;10.9593804174629;3461
-5.71088333333333;48.6619833333333;5.58408323338824;10.9593804174629;3475
-5.71051666666667;48.6624333333333;5.58408323338824;10.9593804174629;3480
-5.70951666666667;48.66365;5.58408323338824;10.9593804174629;3501
-5.7086;48.6647666666667;5.58408323338824;10.9593804174629;3525
-5.70718333333333;48.66655;5.58408323338824;10.9593804174629;3554
-5.70686666666667;48.6669333333333;5.58408323338824;10.9593804174629;3560
-5.70365;48.6709333333333;5.53868401023065;10.8702794251521;3630
-5.6991;48.6765166666667;5.34812790721408;10.9652871934185;3736
-5.69843333333333;48.6773666666667;5.11368112827854;10.9663245688724;3748
-5.6979;48.6780333333333;5.1559427126285;11.0569548289826;3765
-5.69701666666667;48.67915;5.1559427126285;11.0569548289826;3785
-5.69648333333333;48.6798166666667;5.11368112827854;10.9663245688724;3790
-5.69613333333333;48.6802666666667;5.1559427126285;11.0569548289826;3798
-5.6956;48.6809333333333;5.1559427126285;11.0569548289826;3814
-5.69508333333333;48.6816;5.1559427126285;11.0569548289826;3826
-5.69441666666667;48.6824333333333;5.1559427126285;11.0569548289826;3847
-5.69311666666667;48.6841166666667;4.9215135363749;11.0539003859654;3879
-5.6921;48.6854666666667;5.11368112827854;10.9663245688724;3889
-5.69175;48.6859166666667;5.11368112827854;10.9663245688724;3905
-5.69123333333333;48.6865833333333;5.11368112827854;10.9663245688724;3910
-5.69006666666667;48.6881;5.11368112827854;10.9663245688724;3943
-5.68833333333333;48.6903333333333;5.11368112827854;10.9663245688724;3984
-5.68781666666667;48.691;5.11368112827854;10.9663245688724;3992
-5.68688333333333;48.6921833333333;5.11368112827854;10.9663245688724;4018
-5.68605;48.69325;5.11368112827854;10.9663245688724;4036
-5.6856;48.6938166666667;5.11368112827854;10.9663245688724;4046
-5.68135;48.6993666666667;5.11368112827854;10.9663245688724;4138
-5.67906666666667;48.7022666666667;5.30429104337316;10.8754083030826;4189
-5.67871666666667;48.7027166666667;5.30429104337316;10.8754083030826;4198
-5.66415;48.7212166666667;5.1559427126285;11.0569548289826;4531
-5.66238333333333;48.7234333333333;5.1559427126285;11.0569548289826;4592
-5.65675;48.7305833333333;5.1559427126285;11.0569548289826;4698
-5.62721666666667;48.7670833333333;6.23196090288309;10.3717246654789;5358
-5.6253;48.7692;6.99763241408174;9.99365478408485;5401
-5.62488333333333;48.7696333333333;7.34214316766788;9.74335307024934;5410
-5.6243;48.7702;7.84200871557377;9.34574205994015;5418
-5.62363333333333;48.7708666666667;8.16339326995154;9.06636672908058;5437
-5.62198333333333;48.7722833333333;9.61373104370089;7.51106988154492;5459
-5.61978333333333;48.77365;10.2317807689705;6.64459612330168;5495
-5.6189;48.7741;10.2317807689705;6.64459612330168;5505
-5.61836666666667;48.77435;10.3461866113561;6.46501492257102;5518
-5.617;48.775;10.4574409050741;6.28346441566695;5528
-5.61545;48.7757;10.4789077161542;6.05000019073487;5548
-5.61356666666667;48.7765166666667;10.4789077161542;6.05000019073487;5575
-5.61291666666667;48.7767833333333;10.4789077161542;6.05000019073487;5586
-5.61041666666667;48.7778;10.6703602602802;5.91467727453522;5609
-5.60878333333333;48.77845;10.6703602602802;5.91467727453522;5628
-5.60813333333333;48.7787;10.6703602602802;5.91467727453522;5642
-5.60713333333333;48.7790833333333;10.757822564635;5.96315842150004;5648
-5.6045;48.7801;10.6521126317298;6.15000009536743;5679
-5.60385;48.7803666666667;10.6521126317298;6.15000009536743;5688
-5.60293333333333;48.7807166666667;10.6521126317298;6.15000009536743;5705
-5.60081666666667;48.7815333333333;10.5431579621277;6.33496841962939;5728
-5.59823333333333;48.7825666666667;10.6288742017228;6.38647193241324;5760
-5.59725;48.7829666666667;10.6288742017228;6.38647193241324;5768
-5.5966;48.7832333333333;10.6288742017228;6.38647193241324;5778
-5.5957;48.7836;10.6288742017228;6.38647193241324;5795
-5.59505;48.7838666666667;10.6288742017228;6.38647193241324;5810
-5.59243333333333;48.78495;10.515796068835;6.57099867434358;5828
-5.59178333333333;48.7852166666667;10.515796068835;6.57099867434358;5838
-5.58828333333333;48.7866833333333;10.6006012019553;6.62399080291506;5884
-5.58681666666667;48.7873;10.6006012019553;6.62399080291506;5898
-5.58828333333333;48.7866833333333;10.6006012019553;6.62399080291506;5943
-5.5826;48.7891166666667;10.6854063350756;6.67698293148654;5948
-5.58195;48.7894;10.80030831583;6.48947994033812;5966
-5.5826;48.7891166666667;10.6854063350756;6.67698293148654;5974
-5.58195;48.7894;10.80030831583;6.48947994033812;5979
-5.57845;48.7908666666667;10.80030831583;6.48947994033812;6000
-5.57713333333333;48.7914166666667;10.9119204180464;6.30000019073487;6018
-5.57778333333333;48.79115;10.9119204180464;6.30000019073487;6025
-5.57515;48.7922166666667;10.9119204180464;6.30000019073487;6039
-5.57291666666667;48.7931166666667;10.9119204180464;6.30000019073487;6068
-5.57105;48.7938666666667;10.9119204180464;6.30000019073487;6089
-5.57036666666667;48.7941333333333;10.9119204180464;6.30000019073487;6101
-5.56868333333333;48.7947833333333;10.9119204180464;6.30000019073487;6120
-5.56801666666667;48.79505;10.9119204180464;6.30000019073487;6134
-5.56543333333333;48.7960666666667;10.9119204180464;6.30000019073487;6159
-5.56476666666667;48.7963166666667;10.9119204180464;6.30000019073487;6168
-5.56211666666667;48.7973666666667;10.9119204180464;6.30000019073487;6205
-5.56111666666667;48.7977666666667;10.9119204180464;6.30000019073487;6212
-5.56045;48.7980333333333;10.80030831583;6.48947994033812;6236
-5.55721666666667;48.7993166666667;10.80030831583;6.48947994033812;6258
-5.5554;48.80005;10.7145912587764;6.43797593637568;6279
-5.55473333333333;48.8003;10.7145912587764;6.43797593637568;6292
-5.55375;48.8007;10.7145912587764;6.43797593637568;6300
-5.54955;48.8024;10.6006012019553;6.62399080291506;6354
-5.54725;48.80335;10.6006012019553;6.62399080291506;6378
-5.5453;48.8041666666667;10.6006012019553;6.62399080291506;6409
-5.54465;48.80445;10.6854063350756;6.67698293148654;6423
-5.54246666666667;48.8053666666667;10.6006012019553;6.62399080291506;6437
-5.53905;48.8068;10.7145912587764;6.43797593637568;6477
-5.53741666666667;48.8074833333333;10.8253175473055;6.25;6508
-5.5342;48.8087666666667;10.8253175473055;6.25;6538
-5.52663333333333;48.8117;10.8253175473055;6.25;6630
-5.52415;48.8126666666667;10.7145912587764;6.43797593637568;6658
-5.51825;48.8149666666667;10.7145912587764;6.43797593637568;6729
-5.51758333333333;48.8152166666667;10.80030831583;6.48947994033812;6745
-5.51593333333333;48.8158666666667;10.80030831583;6.48947994033812;6759
-5.51493333333333;48.81625;10.80030831583;6.48947994033812;6773
-5.51426666666667;48.8165166666667;10.80030831583;6.48947994033812;6784
-5.51261666666667;48.8171666666667;10.80030831583;6.48947994033812;6797
-5.5117;48.8175166666667;10.80030831583;6.48947994033812;6808
-5.50986666666667;48.8182166666667;10.6854063350756;6.67698293148654;6832
-5.50921666666667;48.8184833333333;10.6854063350756;6.67698293148654;6839
-5.50821666666667;48.8188666666667;10.6854063350756;6.67698293148654;6849
-5.50756666666667;48.8191333333333;10.6854063350756;6.67698293148654;6860
-5.50821666666667;48.8188666666667;10.6854063350756;6.67698293148654;6866
-5.50656666666667;48.8195333333333;10.6854063350756;6.67698293148654;6873
-5.50426666666667;48.82045;10.6854063350756;6.67698293148654;6899
-5.50336666666667;48.8208166666667;10.6854063350756;6.67698293148654;6909
-5.50171666666667;48.8214833333333;10.6854063350756;6.67698293148654;6930
-5.49941666666667;48.8224166666667;10.80030831583;6.48947994033812;6964
-5.49843333333333;48.8228166666667;10.80030831583;6.48947994033812;6976
-5.49745;48.8232166666667;10.7145912587764;6.43797593637568;6986
-5.49621666666667;48.8237;10.7145912587764;6.43797593637568;6997
-5.49505;48.8241666666667;10.80030831583;6.48947994033812;7011
-5.49438333333333;48.8244333333333;10.80030831583;6.48947994033812;7019
-5.4934;48.8248166666667;10.80030831583;6.48947994033812;7029
-5.49173333333333;48.8254833333333;10.9119204180464;6.30000019073487;7050
-5.4894;48.8263666666667;10.9119204180464;6.30000019073487;7084
-5.48848333333333;48.8267166666667;10.80030831583;6.48947994033812;7095
-5.48781666666667;48.8269833333333;10.80030831583;6.48947994033812;7103
-5.4868;48.8273666666667;10.80030831583;6.48947994033812;7111
-5.48613333333333;48.8276166666667;10.80030831583;6.48947994033812;7122
-5.48513333333333;48.828;10.80030831583;6.48947994033812;7131
-5.48446666666667;48.8282666666667;10.80030831583;6.48947994033812;7144
-5.48346666666667;48.82865;10.80030831583;6.48947994033812;7150
-5.4818;48.8293;10.6854063350756;6.67698293148654;7174
-5.48113333333333;48.82955;10.6854063350756;6.67698293148654;7183
-5.47938333333333;48.8302333333333;10.6854063350756;6.67698293148654;7199
-5.4784;48.8306166666667;10.6854063350756;6.67698293148654;7209
-5.47673333333333;48.8312666666667;10.6854063350756;6.67698293148654;7229
-5.47608333333333;48.8315333333333;10.6854063350756;6.67698293148654;7240
-5.47541666666667;48.8318;10.6854063350756;6.67698293148654;7248
-5.47443333333333;48.8322;10.6854063350756;6.67698293148654;7261
-5.47343333333333;48.8325833333333;10.80030831583;6.48947994033812;7270
-5.47286666666667;48.8328166666667;10.80030831583;6.48947994033812;7279
-5.47188333333333;48.8332166666667;10.8860245554251;6.54098345312197;7288
-5.47121666666667;48.8334833333333;10.8860245554251;6.54098345312197;7304
-5.46923333333333;48.83425;10.8860245554251;6.54098345312197;7320
-5.4679;48.8347666666667;10.8860245554251;6.54098345312197;7341
-5.4669;48.83515;10.8860245554251;6.54098345312197;7349
-5.46531666666667;48.8357666666667;10.8860245554251;6.54098345312197;7368
-5.46431666666667;48.83615;10.8860245554251;6.54098345312197;7380
-5.4635;48.8364666666667;10.8860245554251;6.54098345312197;7389
-5.46283333333333;48.8367166666667;10.8860245554251;6.54098345312197;7399
-5.46116666666667;48.8373666666667;10.80030831583;6.48947994033812;7418
-5.46051666666667;48.8376333333333;10.8860245554251;6.54098345312197;7428
-5.45951666666667;48.8380166666667;10.80030831583;6.48947994033812;7440
-5.45853333333333;48.8384;10.80030831583;6.48947994033812;7456
-5.45696666666667;48.8389666666667;10.80030831583;6.48947994033812;7468
-5.45563333333333;48.8394333333333;10.80030831583;6.48947994033812;7488
-5.45041666666667;48.8414333333333;10.8253175473055;6.25;7550
-5.44943333333333;48.8418166666667;10.8253175473055;6.25;7565
-5.44793333333333;48.8423833333333;10.8253175473055;6.25;7583
-5.44726666666667;48.8426333333333;10.8253175473055;6.25;7588
-5.44628333333333;48.843;10.7145912587764;6.43797593637568;7598
-5.44463333333333;48.8436166666667;10.6288742017228;6.38647193241324;7618
-5.44298333333333;48.8442333333333;10.7145912587764;6.43797593637568;7644
-5.44141666666667;48.8448333333333;10.7145912587764;6.43797593637568;7658
-5.44043333333333;48.8452166666667;10.6288742017228;6.38647193241324;7674
-5.43878333333333;48.84585;10.6288742017228;6.38647193241324;7688
-5.43811666666667;48.8461;10.6288742017228;6.38647193241324;7699
-5.43713333333333;48.8464833333333;10.6288742017228;6.38647193241324;7714
-5.43546666666667;48.8471;10.6288742017228;6.38647193241324;7729
-5.43456666666667;48.84745;10.6288742017228;6.38647193241324;7739
-5.4339;48.8477;10.6288742017228;6.38647193241324;7748
-5.43308333333333;48.8480166666667;10.6288742017228;6.38647193241324;7762
-5.43241666666667;48.84825;10.6288742017228;6.38647193241324;7768
-5.43043333333333;48.8490166666667;10.6288742017228;6.38647193241324;7792
-5.42878333333333;48.8496333333333;10.6288742017228;6.38647193241324;7808
-5.42813333333333;48.8499;10.6288742017228;6.38647193241324;7822
-5.42721666666667;48.8502333333333;10.6288742017228;6.38647193241324;7831
-5.42165;48.8525166666667;10.6288742017228;6.38647193241324;7899
-5.42066666666667;48.8529166666667;10.6288742017228;6.38647193241324;7909
-5.41976666666667;48.8532666666667;10.6288742017228;6.38647193241324;7924
-5.4173;48.8542166666667;10.6288742017228;6.38647193241324;7950
-5.41663333333333;48.8544833333333;10.6288742017228;6.38647193241324;7960
-5.415;48.8551166666667;10.6288742017228;6.38647193241324;7980
-5.41238333333333;48.8561333333333;10.6288742017228;6.38647193241324;8011
-5.41083333333333;48.85675;10.6288742017228;6.38647193241324;8030
-5.40985;48.8571166666667;10.6288742017228;6.38647193241324;8040
-5.40755;48.8580166666667;10.6288742017228;6.38647193241324;8070
-5.4069;48.8582666666667;10.6288742017228;6.38647193241324;8078
-5.40591666666667;48.85865;10.6288742017228;6.38647193241324;8091
-5.40493333333333;48.8590166666667;10.6288742017228;6.38647193241324;8104
-5.40436666666667;48.8592333333333;10.6288742017228;6.38647193241324;8112
-5.40371666666667;48.8595;10.6288742017228;6.38647193241324;8119
-5.40191666666667;48.8601833333333;10.6288742017228;6.38647193241324;8137
-5.40026666666667;48.8608166666667;10.6288742017228;6.38647193241324;8159
-5.39928333333333;48.8611833333333;10.6288742017228;6.38647193241324;8176
-5.39543333333333;48.8626833333333;10.515796068835;6.57099867434358;8219
-5.39121666666667;48.8643666666667;10.515796068835;6.57099867434358;8268
-5.3906;48.8646333333333;10.515796068835;6.57099867434358;8279
-5.38965;48.8650333333333;10.515796068835;6.57099867434358;8288
-5.38795;48.8657166666667;10.6288742017228;6.38647193241324;8309
-5.38631666666667;48.86635;10.6288742017228;6.38647193241324;8331
-5.38501666666667;48.8668666666667;10.515796068835;6.57099867434358;8348
-5.38403333333333;48.86725;10.515796068835;6.57099867434358;8363
-5.38305;48.8676333333333;10.515796068835;6.57099867434358;8369
-5.3815;48.86825;10.515796068835;6.57099867434358;8391
-5.37728333333333;48.8699166666667;10.515796068835;6.57099867434358;8439
-5.37596666666667;48.8704333333333;10.6288742017228;6.38647193241324;8459
-5.375;48.8708166666667;10.6288742017228;6.38647193241324;8470
-5.37001666666667;48.8727833333333;10.515796068835;6.57099867434358;8531
-5.36506666666667;48.8746833333333;10.6288742017228;6.38647193241324;8589
-5.34871666666667;48.8810833333333;10.6521126317298;6.15000009536743;8794
-5.3275;48.8891833333333;10.6288742017228;6.38647193241324;9051
-5.32486666666667;48.8902;10.7387146765646;6.19999980926514;9081
-5.27406666666667;48.9093333333333;10.515796068835;6.57099867434358;9699
-5.27145;48.9103333333333;10.4309917444764;6.5180070511425;9731
-5.26078333333333;48.9143;10.5431579621277;6.33496841962939;9861
-5.25285;48.91725;10.5431579621277;6.33496841962939;9958
-5.25101666666667;48.9179333333333;10.5431579621277;6.33496841962939;9981
-5.23736666666667;48.9230666666667;10.3717246654789;6.23196090288309;10149
-5.22856666666667;48.9263333333333;10.4789077161542;6.05000019073487;10262
-5.2212;48.929;10.2860076084253;6.18045689892065;10351
-5.21898333333333;48.9297833333333;10.2860076084253;6.18045689892065;10382
-5.21805;48.9301333333333;10.2860076084253;6.18045689892065;10389
-5.20935;48.9333833333333;10.2860076084253;6.18045689892065;10502
-5.20838333333333;48.93375;10.2860076084253;6.18045689892065;10509
-5.20935;48.9333833333333;10.2860076084253;6.18045689892065;10519
-5.20301666666667;48.9357;10.2860076084253;6.18045689892065;10578
-5.19876666666667;48.9372333333333;10.2860076084253;6.18045689892065;10629
-5.19276666666667;48.9394166666667;10.2002905513718;6.12895289495821;10710
-5.18861666666667;48.94095;10.2002905513718;6.12895289495821;10758
-5.18766666666667;48.9413166666667;10.2002905513718;6.12895289495821;10767
-5.18861666666667;48.94095;10.2002905513718;6.12895289495821;10781
-5.18551666666667;48.9421166666667;10.2002905513718;6.12895289495821;10803
-5.18376666666667;48.9427666666667;10.2002905513718;6.12895289495821;10819
-5.1806;48.94395;10.2002905513718;6.12895289495821;10865
-5.17748333333333;48.9451;10.2002905513718;6.12895289495821;10898
-5.17585;48.9457;10.2002905513718;6.12895289495821;10919
-5.17266666666667;48.9468833333333;10.2002905513718;6.12895289495821;10958
-5.16843333333333;48.9484166666667;10.1145743117766;6.07744938217436;11009
-5.1678;48.94865;10.1145743117766;6.07744938217436;11022
