"x";"y";"vx";"vy";"t"
-5.94705;48.3377666666667;7.54111048173879;17.7657429693426;0
-5.93378333333333;48.3559833333333;7.19244687938766;17.8019307150675;271
-5.92543333333333;48.3674166666667;7.11752527490233;17.616493236769;357
-5.91781666666667;48.3779;7.46296470319722;17.5816430520863;519
-5.9102;48.3883;7.34574491749415;17.3054905426164;629
-5.90018333333333;48.4020166666667;7.7279962184402;17.3573636952094;797
-5.89143333333333;48.4138666666667;7.15498607714499;17.7092119759182;941
-5.8808;48.4286666666667;7.46296470319722;17.5816430520863;1131
-5.87318333333333;48.4392;7.15498607714499;17.7092119759182;1257
-5.86486666666667;48.4507166666667;7.50203796509825;17.6736938885763;1436
-5.85783333333333;48.4608333333333;5.871322893124;18.0700738096079;1564
-5.85036666666667;48.4729166666667;6.42997843358191;17.6662205538465;1709
-5.83495;48.4974666666667;7.98748498568315;17.1292168292637;2023
-5.82671666666667;48.5064833333333;9.2113827846804;16.6177744356485;2101
-5.81748333333333;48.5163666666667;11.28547729246;15.53312690923;2247
-5.80703333333333;48.5252166666667;11.0700247839711;15.8096338298141;2371
-5.79681666666667;48.5342333333333;11.1273826464082;15.8915493467247;2508
-5.78675;48.54275;10.9042616176796;16.1662326648233;2630
-5.77603333333333;48.5523;11.4618124197032;15.7758313903115;2759
-5.76556666666667;48.5612833333333;10.280433523976;16.45213274193;2890
-5.75626666666667;48.5707166666667;9.69999980926513;16.8008925030556;3021
-5.74545;48.5822166666667;9.5022687417684;17.1425465935731;3163
-5.73656666666667;48.5925166666667;8.50440008048278;17.4366041553411;3294
-5.72843333333333;48.6023833333333;7.46296470319722;17.5816430520863;3414
-5.72125;48.6118833333333;7.50203796509825;17.6736938885763;3535
-5.7141;48.6219833333333;6.84482797302176;17.8313865022292;3645
-5.70753333333333;48.6315833333333;6.84482797302176;17.8313865022292;3773
-5.7007;48.64175;6.8089910413607;17.7380281034468;3905
-5.69348333333333;48.6524;6.5667870127935;18.042099036018;4025
-5.68658333333333;48.6626;6.88066490468281;17.9247449010116;4146
-5.67983333333333;48.6722166666667;6.5325848679906;17.9481294154751;4271
-5.67251666666667;48.6827666666667;6.5325848679906;17.9481294154751;4414
-5.65548333333333;48.70825;6.8089910413607;17.7380281034468;4756
-5.64855;48.7188833333333;6.49838272318771;17.8541597949323;4895
-5.64193333333333;48.7290333333333;6.77315410969965;17.6446697046644;4998
-5.6353;48.7391;7.945222998293;17.038585704831;5110
-5.62625;48.7495;9.11442049075075;16.4428498269388;5251
-5.61718333333333;48.7587333333333;10.6246651659442;15.7517138785458;5374
-5.60711666666667;48.7675333333333;11.9570874299469;14.7657732676824;5510
-5.5959;48.7757;14.2640107783115;12.3995153976539;5641
-5.5805;48.7832166666667;15.53312690923;11.28547729246;5800
-5.56713333333333;48.7891333333333;15.3338024022186;11.5548489036678;5884
-5.55298333333333;48.7954;15.6949293822585;11.4030336702517;6041
-5.53933333333333;48.8011833333333;15.7277198753121;11.0126680155442;6130
-5.52491666666667;48.80715;15.7277198753121;11.0126680155442;6253
-5.51111666666667;48.8129;15.9734648636353;11.1847405088454;6400
-5.49656666666667;48.8189833333333;15.9734648636353;11.1847405088454;6501
-5.4818;48.8250166666667;16.1372958974565;11.2994562337197;6682
-5.46778333333333;48.8306666666667;16.0553803805459;11.2420983712826;6771
-5.45298333333333;48.8369333333333;16.2192098519586;11.3568130021466;6891
-5.43815;48.8430666666667;16.3011253688692;11.4141708645838;7041
-5.42401666666667;48.84895;16.4978473775926;11.1279385657527;7124
-5.40991666666667;48.85475;16.4149433040844;11.0720190620905;7279
-5.39491666666667;48.86075;16.4149433040844;11.0720190620905;7381
-5.37858333333333;48.8674166666667;16.4149433040844;11.0720190620905;7523
-5.36353333333333;48.8734833333333;16.7734113589085;10.8927807003005;7658
-5.34866666666667;48.8796;16.4149433040844;11.0720190620905;7781
-5.33373333333333;48.8855833333333;16.1372958974565;11.2994562337197;7883
-5.31671666666667;48.8923833333333;16.0553803805459;11.2420983712826;8051
-5.30255;48.8979833333333;16.0553803805459;11.2420983712826;8183
-5.28793333333333;48.9040333333333;15.9734648636353;11.1847405088454;8273
-5.27383333333333;48.9097;16.4379434516577;10.6749252940578;8393
-5.25905;48.91555;15.9734648636353;11.1847405088454;8545
-5.24498333333333;48.9211833333333;16.2491367383316;10.9601811213418;8671
-5.23086666666667;48.9267;16.1662326648233;10.9042616176796;8801
-5.2166;48.9322;16.0553803805459;11.2420983712826;8886
-5.20088333333333;48.9382;16.2491367383316;10.9601811213418;9051
-5.18576666666667;48.9439166666667;16.3320408118398;11.016100625004;9135
-5.1701;48.9499666666667;16.1662326648233;10.9042616176796;9265
-5.15435;48.956;16.3320408118398;11.016100625004;9403
-5.13871666666667;48.9621166666667;16.0553803805459;11.2420983712826;9546
-5.12466666666667;48.9678;16.1662326648233;10.9042616176796;9653
-5.11055;48.9733833333333;16.1662326648233;10.9042616176796;9799
-5.0966;48.979;16.0833285913151;10.8483421140173;9901
-5.08028333333333;48.9853666666667;16.4379434516577;10.6749252940578;10041
-5.06536666666667;48.9912666666667;16.5218108283797;10.7293894053226;10153
-5.05105;48.9969;16.3320408118398;11.016100625004;10286
-5.0354;49.0030833333333;16.5218108283797;10.7293894053226;10411
-5.02013333333333;49.0085666666667;17.463728213984;8.89821396807875;10531
-5.00448333333333;49.0135666666667;17.3940682529564;9.24859014506043;10670
-4.98955;49.0183;17.1425465935731;9.5022687417684;10792
-4.97468333333333;49.0231333333333;16.9740982445375;9.80000019073487;10917
-4.96648333333333;49.0258333333333;17.3940682529564;9.24859014506043;10969
-4.94935;49.0312666666667;17.3174695340782;9.59923011099709;11131
-4.9343;49.0359833333333;17.1425465935731;9.5022687417684;11225
-4.91866666666667;49.0408833333333;17.0550842892182;9.45378759480357;11367
-4.90163333333333;49.0463333333333;17.3057731568527;9.20164280969265;11497
-4.88311666666667;49.0523;17.3057731568527;9.20164280969265;11651
