"x";"y";"vx";"vy";"t"
-5.94486833333333;48.4405383333333;9.09547230027756;14.0057991245434;0
-5.92638166666667;48.4573966666667;9.56219886266494;14.1765428069439;302
-5.91562666666667;48.46707;10.1523033610176;14.4989918088786;438
-5.90212333333333;48.4790133333333;9.67403680341359;14.3423493726967;571
-5.89153166666667;48.4881733333333;9.922871911269;14.1713297412361;780
-5.88092166666667;48.4973716666667;10.3450206645698;14.2386994096146;912
-5.87103;48.5057266666667;10.2862419151183;14.1577974015616;1038
-5.86114833333333;48.51392;9.98022977370615;14.2532452581468;1146
-5.851155;48.522115;9.75079941796778;13.9255847529129;1291
-5.840245;48.5310733333333;10.1686844162152;13.9959933854556;1431
-5.82618833333333;48.5426766666667;9.98022977370615;14.2532452581468;1610
-5.82025166666667;48.54757;9.67403680341359;14.3423493726967;1697
-5.8083;48.5573133333333;10.8972085829766;13.9477909400435;1821
-5.796975;48.5662416666667;10.6521263689397;14.1358491371476;2001
-5.786835;48.574035;10.6521263689397;14.1358491371476;2121
-5.77683666666667;48.5819283333333;10.712306952958;14.2157114695313;2214
-5.76717666666667;48.589415;10.712306952958;14.2157114695313;2342
-5.75602833333333;48.5979433333333;11.0203401734731;14.1053921889581;2477
-5.746375;48.60539;10.5317629051608;13.9761214258276;2602
-5.73622166666667;48.6132366666667;10.5919446370503;14.0559852814876;2755
-5.72675166666667;48.62082;10.4625770423615;14.4005018826431;2889
-5.71719;48.6284783333333;11.3906993180687;14.0663421988288;3010
-5.70667166666667;48.6368333333333;10.521355791813;14.4814038906961;3100
-5.69417833333333;48.6468416666667;10.4625770423615;14.4005018826431;3246
-5.684845;48.6547066666667;10.9530338805157;14.5351668921713;3367
-5.67440333333333;48.6634816666667;10.2670179918817;14.6628212802912;3528
-5.66453833333333;48.671735;10.381733716756;14.8266523141125;3626
-5.654435;48.6804216666667;9.80350263027049;15.0960702230176;3760
-5.64520166666667;48.688975;9.59153888476917;15.349670863936;3890
-5.63608833333333;48.69748;9.1676773404561;15.2575772985308;4040
-5.62694833333333;48.7058566666667;8.96166230696351;14.9147107052334;4177
-5.617765;48.7146466666667;8.43568720734607;15.2183825705845;4304
-5.608315;48.7240216666667;8.75;15.1554445662277;4420
-5.59895833333333;48.7334933333333;8.30964701948865;15.6281730672386;4570
-5.59095166666667;48.7418333333333;8.08103054899667;15.8599154507689;4701
-5.58310833333333;48.7501866666667;8.03563219175724;15.7708161579181;4820
-5.57512166666667;48.7584833333333;8.30964701948865;15.6281730672386;4940
-5.56541666666667;48.7665166666667;12.2259875850695;12.6603807603666;5088
-5.55163333333333;48.7736383333333;14.9904817855251;10.4964483476201;5220
-5.538805;48.7791766666667;15.1543128193463;10.6111640724944;5335
-5.52447166666667;48.7852566666667;14.6948930802149;11.0733961964235;5452
-5.50884833333333;48.7919466666667;15.25429101876;10.2891492105466;5610
-5.49307;48.7984066666667;15.5154055069903;10.075822147778;5740
-5.47705;48.80478;15.4200991657765;10.4009882178711;5860
-5.463605;48.810245;15.6831402604343;10.1847503703076;5975
-5.44934;48.8158933333333;15.9433035607315;9.96248176328794;6118
-5.43512166666667;48.82144;15.236228336257;10.6685219349315;6262
-5.421095;48.8271416666667;15.5859057315293;10.5128261586197;6360
-5.40754666666667;48.8325933333333;15.5030032392848;10.4569077215333;6481
-5.3935;48.8381916666667;15.5154055069903;10.075822147778;6621
-5.37993166666667;48.8435616666667;15.1286184120425;10.9915846663138;6760
-5.36367166666667;48.85001;15.6831402604343;10.1847503703076;6865
-5.34996833333333;48.8553833333333;15.6831402604343;10.1847503703076;6981
-5.33431833333333;48.8615183333333;15.5030032392848;10.4569077215333;7131
-5.32020833333333;48.866965;15.8585000451345;9.90949064545724;7280
-5.30635333333333;48.8722;15.9433035607315;9.96248176328794;7395
-5.29190333333333;48.8775866666667;15.5859057315293;10.5128261586197;7515
-5.27752666666667;48.8832083333333;15.7670060375191;10.2392134427559;7630
-5.26379166666667;48.8884933333333;15.7670060375191;10.2392134427559;7750
-5.24937;48.8941283333333;15.9347407909631;10.3481416652855;7911
-5.23426333333333;48.8999983333333;15.7517138785458;10.6246651659442;7997
-5.22051166666667;48.905335;15.9347407909631;10.3481416652855;8115
-5.205225;48.911235;15.7517138785458;10.6246651659442;8260
-5.19068833333333;48.9168266666667;15.9347407909631;10.3481416652855;8430
-5.17528166666667;48.9227166666667;16.1977189600924;10.1214581490024;8540
-5.160765;48.9283216666667;15.8096338298141;11.0700247839711;8676
-5.14617833333333;48.9340233333333;16.018608167685;10.4026057765503;8790
-5.13361333333333;48.9388;15.9175220255623;10.7365041732687;8877
-5.11963;48.9442033333333;16.45213274193;10.280433523976;9001
-5.10219166666667;48.950845;15.7517138785458;10.6246651659442;9139
-5.061085;48.9664516666667;15.8508734142411;10.2936775540207;9506
-5.04324666666667;48.9732633333333;15.9347407909631;10.3481416652855;9653
