"x";"y";"vx";"vy";"t"
-5.88797166666667;48.597175;5.86839453482364;-11.0368449107366;0
-5.87835;48.583595;7.22975871530856;-9.9509091851196;259
-5.87385833333333;48.5787866666667;7.57263626393371;-9.6925324196638;361
-5.87295;48.5778233333333;7.67770865077468;-9.48118058154621;379
-5.87107;48.5759333333333;7.77773032241114;-9.2691380539624;421
-5.86768333333333;48.5726866666667;7.9383145010518;-9.1319862085944;489
-5.86674333333333;48.5718133333333;8.09648059219526;-8.99205267176372;511
-5.86624;48.5713566666667;8.09648059219526;-8.99205267176372;518
-5.86418833333333;48.569485;8.00392002855086;-9.20745673476839;561
-5.85824333333333;48.5639966666667;8.00392002855086;-9.20745673476839;680
-5.85583166666667;48.561755;7.9383145010518;-9.1319862085944;732
-5.853365;48.55946;7.9383145010518;-9.1319862085944;781
-5.85186;48.5580433333333;8.16339326995154;-9.06636672908058;810
-5.85136666666667;48.5575766666667;7.9383145010518;-9.1319862085944;823
-5.85186;48.5580433333333;8.16339326995154;-9.06636672908058;828
-5.84895833333333;48.5552966666667;8.09648059219526;-8.99205267176372;872
-5.84794833333333;48.5543483333333;8.16339326995154;-9.06636672908058;891
-5.8475;48.5539233333333;8.16339326995154;-9.06636672908058;899
-5.84553666666667;48.5520716666667;8.09648059219526;-8.99205267176372;942
-5.84500333333333;48.5515666666667;8.09648059219526;-8.99205267176372;951
-5.84553666666667;48.5520716666667;8.09648059219526;-8.99205267176372;960
-5.83868;48.545565;8.09648059219526;-8.99205267176372;1084
-5.83336333333333;48.5404516666667;7.9383145010518;-9.1319862085944;1190
-5.83288166666667;48.5399783333333;8.09648059219526;-8.99205267176372;1201
-5.83092333333333;48.538125;8.09648059219526;-8.99205267176372;1240
-5.829935;48.53721;7.9383145010518;-9.1319862085944;1260
-5.82901333333333;48.5363366666667;7.9383145010518;-9.1319862085944;1282
-5.825135;48.53255;7.9383145010518;-9.1319862085944;1360
-5.824175;48.5316183333333;8.09648059219526;-8.99205267176372;1379
-5.82326666666667;48.5307283333333;8.00392002855086;-9.20745673476839;1399
-5.82227166666667;48.5297433333333;8.09648059219526;-8.99205267176372;1420
-5.82035333333333;48.527885;8.09648059219526;-8.99205267176372;1464
-5.819915;48.527465;8.16339326995154;-9.06636672908058;1469
-5.81597333333333;48.52366;8.13513170921563;-9.35839850686352;1550
-5.81172166666667;48.519385;7.80357260895131;-9.63660962560878;1640
-5.81084333333333;48.5184616666667;7.80357260895131;-9.63660962560878;1659
-5.810335;48.5179266666667;7.80357260895131;-9.63660962560878;1669
-5.80852333333333;48.5160316666667;7.57263626393371;-9.6925324196638;1710
-5.80806833333333;48.515545;7.63420205918195;-9.77133304412111;1719
-5.80431166666667;48.5116083333333;7.5226877894006;-9.98294387559116;1803
-5.8021;48.5091333333333;7.46250605751118;-9.90308001993116;1849
-5.80127833333333;48.5081783333333;7.28853690420439;-10.0318104216339;1873
-5.80085;48.5076733333333;7.58286952129002;-10.0628077312512;1880
-5.80000666666667;48.50667;7.22975871530856;-9.9509091851196;1899
-5.7983;48.5046833333333;7.22975871530856;-9.9509091851196;1940
-5.79616166666667;48.5021933333333;7.28853690420439;-10.0318104216339;1990
-5.79487666666667;48.5006816666667;7.16970545438808;-10.2394005536124;2019
-5.794455;48.5001733333333;7.16970545438808;-10.2394005536124;2032
-5.79399166666667;48.4996133333333;7.16970545438808;-10.2394005536124;2040
-5.792785;48.49814;7.16970545438808;-10.2394005536124;2069
-5.79194833333333;48.4971233333333;7.11234759195093;-10.1574850367018;2090
-5.790685;48.4956016666667;7.11234759195093;-10.1574850367018;2120
-5.78944166666667;48.494075;7.34731565365592;-10.1127124296868;2151
-5.788985;48.493515;7.16970545438808;-10.2394005536124;2160
-5.78861166666667;48.493065;7.11234759195093;-10.1574850367018;2170
-5.786955;48.4910433333333;7.04583079704658;-10.4458737304463;2211
-5.78651333333333;48.4904833333333;6.98991129338434;-10.362969656938;2220
-5.78615166666667;48.49002;6.98991129338434;-10.362969656938;2230
-5.78571166666667;48.489455;7.04583079704658;-10.4458737304463;2240
-5.78297166666667;48.4859016666667;6.86245204895264;-10.5672494760398;2310
-5.77827833333333;48.47973;6.80798793768784;-10.4833820993178;2428
-5.77783166666667;48.4791566666667;6.62399080291506;-10.6006012019553;2439
-5.77827833333333;48.47973;6.80798793768784;-10.4833820993178;2453
-5.77341666666667;48.4727833333333;6.48947994033812;-10.80030831583;2565
-5.77262833333333;48.4716716666667;6.30000019073486;-10.9119204180464;2583
-5.76901833333333;48.4663716666667;6.30000019073486;-10.9119204180464;2679
-5.7574;48.4492133333333;6.43797593637568;-10.7145912587764;3001
-5.72246666666667;48.3985616666667;6.54098345312197;-10.8860245554251;3950
-5.70397333333333;48.3715116666667;6.64399096986827;-11.0574578520739;4450
-5.69880666666667;48.363965;6.34999990463257;-10.9985224628811;4590
-5.68616166666667;48.345115;6.54098345312197;-10.8860245554251;4941
-5.68295833333333;48.3403483333333;6.48947994033812;-10.80030831583;5036
-5.67575333333333;48.3296016666667;6.54098345312197;-10.8860245554251;5231
-5.6754;48.3290633333333;6.54098345312197;-10.8860245554251;5243
-5.67433666666667;48.32746;6.43797593637568;-10.7145912587764;5270
-5.67293166666667;48.3253733333333;6.48947994033812;-10.80030831583;5309
-5.67216166666667;48.3242616666667;6.30000019073486;-10.9119204180464;5331
-5.671435;48.3232016666667;6.30000019073486;-10.9119204180464;5351
-5.66543666666667;48.3141766666667;6.48947994033812;-10.80030831583;5522
-5.65167166666667;48.293565;6.15000009536743;-10.6521126317298;5913
-5.649195;48.2898783333333;6.33496841962939;-10.5431579621277;5981
-5.64748833333333;48.2873283333333;6.15000009536743;-10.6521126317298;6031
-5.64645166666667;48.2857716666667;6.33496841962939;-10.5431579621277;6062
-5.621645;48.2513483333333;6.33496841962939;-10.5431579621277;6735
-5.61493333333333;48.2421816666667;6.41202329936994;-10.2613822869974;6910
-5.61454;48.2416883333333;6.5180070511425;-10.4309917444764;6920
-5.59853333333333;48.2208333333333;6.48120430891552;-9.98017943862311;7340
-5.59580166666667;48.21741;6.35903117079846;-10.1765771538771;7411
-5.59353166666667;48.2144516666667;6.48120430891552;-9.98017943862311;7471
-5.59315333333333;48.2139583333333;6.30603904222698;-10.0917720207568;7485
-5.592055;48.2125383333333;6.30603904222698;-10.0917720207568;7512
-5.58856166666667;48.2081183333333;6.30603904222698;-10.0917720207568;7605
-5.587445;48.2067133333333;6.2530474190259;-10.0069676963982;7628
-5.5871;48.2062766666667;6.2530474190259;-10.0069676963982;7639
-5.585945;48.2048166666667;6.48120430891552;-9.98017943862311;7674
-5.58553;48.2042833333333;6.48120430891552;-9.98017943862311;7679
-5.58363;48.201915;6.2530474190259;-10.0069676963982;7729
-5.58282833333333;48.2009;6.2530474190259;-10.0069676963982;7750
-5.58135833333333;48.1990033333333;6.37227660579416;-9.81244548499775;7789
-5.57903333333333;48.19613;6.30603904222698;-10.0917720207568;7848
-5.578245;48.1951233333333;6.42674071705897;-9.89631286171972;7870
-5.552355;48.1642883333333;6.37227660579416;-9.81244548499775;8520
-5.54262666666667;48.153875;6.15442119955146;-9.47697757774701;8750
-5.54132166666667;48.1524883333333;6.208884791408;-9.5608441546504;8780
-5.54091166666667;48.15204;6.208884791408;-9.5608441546504;8793
-5.53757333333333;48.1484566666667;6.09407153868186;-9.7525531057989;8869
-5.53674333333333;48.1475483333333;6.09407153868186;-9.7525531057989;8895
-5.53628666666667;48.147045;5.97444186542806;-9.94314101512788;8903
-5.53545333333333;48.1461266666667;6.14706366725333;-9.83735823891922;8922
-5.53296333333333;48.1433766666667;6.14706366725333;-9.83735823891922;8981
-5.53258666666667;48.1429666666667;5.97444186542806;-9.94314101512788;8990
-5.53134;48.1415883333333;6.14706366725333;-9.83735823891922;9022
-5.53009;48.1402016666667;5.97444186542806;-9.94314101512788;9050
-5.52962666666667;48.139695;6.14706366725333;-9.83735823891922;9061
-5.52920666666667;48.139235;5.97444186542806;-9.94314101512788;9075
-5.52836;48.1383166666667;6.14706366725333;-9.83735823891922;9092
-5.52793333333333;48.1378583333333;6.02594537821192;-10.028857254723;9102
-5.52666333333333;48.1364816666667;5.84999990463257;-10.1324970590967;9134
-5.52295333333333;48.1322583333333;6.37227660579416;-9.81244548499775;9221
-5.51447166666667;48.1229616666667;6.07744938217436;-10.1145743117766;9420
-5.45552;48.052175;5.58408323338824;-10.9593804174629;10860
-5.44791;48.0420266666667;5.58408323338824;-10.9593804174629;11064
-5.44671166666667;48.0404666666667;5.58408323338824;-10.9593804174629;11092
-5.44476833333333;48.037945;5.39196518911831;-11.0551669409111;11139
-5.44325166666667;48.0359616666667;5.39196518911831;-11.0551669409111;11181
-5.43533666666667;48.0252;5.30429104337316;-10.8754083030826;11392
-5.40766166666667;47.9878583333333;5.35708798351847;-10.5138771553687;12144
-5.39327166666667;47.96847;5.04126818807439;-10.3361315324404;12541
-5.39223833333333;47.9670283333333;5.22089074700479;-10.2465750281662;12575
-5.390865;47.9651816666667;5.22089074700479;-10.2465750281662;12611
-5.38908333333333;47.9628066666667;4.95359404232923;-10.1563728946119;12660
-5.38620833333333;47.9589433333333;5.04126818807439;-10.3361315324404;12741
-5.38510333333333;47.9575233333333;5.04126818807439;-10.3361315324404;12772
-5.38236;47.9536833333333;4.99743090617016;-10.2462517849478;12851
-5.38202166666667;47.953205;4.99743090617016;-10.2462517849478;12865
-5.38137666666667;47.9522416666667;5.1300927336487;-10.0683738932746;12881
-5.380005;47.950335;5.1754915238472;-10.1574740358554;12923
-5.32816666666667;47.8753183333333;5.42986765428888;-9.79574055314076;14480
