"x";"y";"vx";"vy";"t"
-4.77277333333333;48.03682;-9.36362508450243;8.43104589537468;0
-4.77978666666667;48.0419666666667;-9.28931031846743;8.36413257948572;134
-4.79809333333333;48.05335;-8.99205267176373;8.09648059219525;434
-4.80857833333333;48.059375;-9.50376226490752;7.16159854593516;588
-4.82052666666667;48.066185;-9.3036954353119;6.75953040136344;800
-4.82784;48.070275;-8.26429696779128;7.70658159878709;908
-4.83467666666667;48.0742316666667;-8.54860557602668;6.92252430154821;1035
-4.84238;48.0782916666667;-8.70512675486022;6.55978352278311;1162
-4.84972166666667;48.082915;-7.29352335405848;8.10027831421634;1309
-4.85576333333333;48.0884383333333;-6.55978352278311;8.70512675486022;1449
-4.86119833333333;48.0939283333333;-5.33290582270971;9.62081677853335;1592
-4.86659833333333;48.1008083333333;-5.21113452601258;9.80071861755187;1739
-4.87125833333333;48.1066;-5.33290582270971;9.62081677853335;1882
-4.87560666666667;48.1125466666667;-5.6654188240106;9.42884030772323;2007
-4.87997166666667;48.11793;-5.50000000000001;9.52627944162882;2113
-4.88455166666667;48.12377;-5.6654188240106;9.42884030772323;2243
-4.88916333333333;48.129625;-5.77611977799379;9.24372392460036;2403
-4.89349833333333;48.1349533333333;-5.28442467574488;9.53335447417847;2504
-4.89802666666667;48.1407833333333;-5.44999980926514;9.4396765708879;2599
-4.90272333333333;48.1469733333333;-5.11723985527702;9.62412842534453;2782
-4.90659166666667;48.151955;-5.44999980926514;9.4396765708879;2869
-4.91070166666667;48.1573166666667;-4.5642773074076;9.78812427286031;2973
-4.91509666666667;48.16324;-4.77824533277562;9.7968547617982;3128
-4.91957666666667;48.168775;-5.45940379051801;9.08597371442576;3245
-4.92393666666667;48.1739516666667;-4.97639874461963;9.3592448211224;3362
-4.92909;48.1799033333333;-5.87152548644285;8.70489451182793;3524
-4.933845;48.1854316666667;-5.56415227444866;8.90450500964247;3624
-4.93848166666667;48.1907166666667;-5.40789978655557;9.00025665737218;3772
-4.94344166666667;48.1962033333333;-6.02255258168599;8.60109646503441;3895
-4.94796166666667;48.2013133333333;-4.92945140925185;9.27094972501873;4047
-4.952435;48.2063266666667;-5.13898215955136;9.27096922931854;4124
-4.957555;48.2122016666667;-5.45940379051801;9.08597371442576;4296
-4.96220833333333;48.2176466666667;-5.25;9.0932667397366;4424
-4.96660833333333;48.222805;-5.98336396047941;8.87070186821257;4527
-4.97114;48.2283783333333;-6.43942063293981;8.5453998051784;4662
-4.97604666666667;48.234015;-5.77317397892259;8.88990834014893;4787
-4.98136666666667;48.2405583333333;-5.51090730330187;9.17168995402091;4962
-4.986085;48.2461566666667;-5.40000009536744;9.35307452605317;5082
-4.99089166666667;48.2517233333333;-5.67013602622122;9.07411446712141;5178
-4.99536666666667;48.256965;-5.23594399113053;9.44589300392595;5299
-4.99995333333333;48.26264;-5.07029296763222;9.5358341712853;5438
-5.00451333333333;48.2679783333333;-5.07029296763222;9.5358341712853;5564
-5.00905833333333;48.2736533333333;-5.88210168204394;9.0576422937743;5689
-5.01363333333333;48.278725;-5.67013602622122;9.07411446712141;5810
-5.01857166666667;48.2849283333333;-5.82911190656526;9.32852905772068;5936
-5.02290333333333;48.2903933333333;-5.55000019073487;9.61288231236974;6084
-5.02828166666667;48.2965666666667;-5.44999980926514;9.4396765708879;6215
-5.03294;48.3022333333333;-5.9910293851653;9.22537624739966;6345
-5.03629;48.3063;-6.20704144184046;9.2023173716137;6425
-5.040825;48.3116266666667;-5.6654188240106;9.42884030772323;6544
-5.04551333333333;48.31711;-5.71692282797304;9.51455736477682;6696
-5.05003833333333;48.322575;-6.26296041221479;9.28522065449009;6782
-5.05493833333333;48.3284183333333;-5.9880877869093;9.58294364831995;6910
-5.059935;48.334235;-6.48141384016785;9.25641825670646;7035
-5.06518666666667;48.339595;-6.64197346301609;9.14189219074465;7185
-5.070225;48.3452866666667;-6.48141384016785;9.25641825670646;7284
-5.07500666666667;48.3508783333333;-5.65000009536744;9.78608722794539;7444
-5.07959833333333;48.3562333333333;-6.89540840621927;8.82572029009416;7555
-5.08461;48.3621483333333;-5.65000009536744;9.78608722794539;7675
-5.08941666666667;48.3681416666667;-6.04107941011039;9.66774797267857;7805
-5.08878;48.3744333333333;1.38931046832922;11.3150257500848;7935
-5.08670333333333;48.3815416666667;1.68399457470712;11.9822440095303;8036
-5.08482166666667;48.38825;3.39033952912274;11.8235190433874;8165
-5.082025;48.3950083333333;3.04821597684169;12.225726521216;8286
-5.079785;48.4019183333333;2.85687834726108;12.3744996369261;8421
-5.07516333333333;48.40808;5.62948202358675;11.0484805600437;8525
-5.07004166666667;48.414345;6.30603904222698;10.0917720207568;8672
-5.06481666666667;48.4202883333333;6.99464427805815;9.62730192444638;8786
-5.058915;48.4263116666667;7.05499027651889;10.0755703009955;8896
-5.052325;48.4317466666667;7.46487259200327;10.2745156742541;9022
-5.04425;48.4383033333333;8.72558521070707;10.0376375609123;9165
-5.03661166666667;48.4441683333333;8.93474752943888;10.648017467131;9281
-5.02765333333333;48.45004;10.0725463716555;10.4304271049104;9455
-5.01807;48.4558916666667;10.7181627506395;10.3504094548479;9527
-5.00842833333333;48.4616016666667;11.7399418453676;8.846680725548;9654
-5.00001;48.4662833333333;8.76561119855411;9.73519749724112;9786
-4.99130166666667;48.4713183333333;9.14192127023963;8.52497950078123;9926
-4.98501666666667;48.4754516666667;7.44950408629668;9.53493041924358;10015
-4.97861333333333;48.4815066666667;6.86069103435914;9.10444450988387;10177
-4.97418666666667;48.487175;6.09407153868186;9.7525531057989;10279
-4.96893166666667;48.493825;6.14706366725333;9.83735823891922;10417
-4.964265;48.4993733333333;5.52682948586805;9.97066432774817;10545
-4.95927833333333;48.5053516666667;5.65000009536743;9.78608722794539;10704
-4.95440833333333;48.5109016666667;7.01854058385629;8.98332229051438;10795
-4.94827833333333;48.5163416666667;6.70075165191191;9.22279342725891;10956
-4.94156333333333;48.5221666666667;6.86069103435914;9.10444450988387;11077
-4.93473333333333;48.528005;6.86069103435914;9.10444450988387;11204
-4.92802666666667;48.53398;7.23718449707313;8.93717855675517;11344
-4.92157166666667;48.5395283333333;7.30011677624479;9.01489344935852;11492
-4.91523333333333;48.545025;6.98105449813797;9.26417222120387;11624
-4.90944166666667;48.55023;6.65348688047418;9.50216402623401;11721
-4.90365666666667;48.5553833333333;6.92087276624856;9.18430836554387;11835
-4.896825;48.56127;6.43071838991359;9.53393208438298;11984
-4.891005;48.5663233333333;6.37479888625135;9.45102801087474;12104
-4.88453333333333;48.571765;6.37479888625135;9.45102801087474;12260
-4.87784833333333;48.5776133333333;6.53877115559988;9.3383329924128;12372
-4.87122833333333;48.5829833333333;7.3920575113952;8.80951109586825;12534
-4.86410833333333;48.5888233333333;6.98105449813797;9.26417222120387;12629
-4.857785;48.5939016666667;6.71084419590622;9.58407876194035;12751
-4.85105166666667;48.5993233333333;7.97938068265037;8.55683816944965;12884
-4.84461166666667;48.6041933333333;7.36304845524976;9.09260760081773;13049
-4.83764;48.609455;8.34386015287117;8.34386015287118;13154
-4.83043;48.6148316666667;8.19696890391174;8.48820978119926;13265
-4.82216;48.6208616666667;7.58489391690317;9.03932457491532;13434
-4.8153;48.6261066666667;6.65439533798672;9.86554679715226;13559
-4.81024833333333;48.6299533333333;7.10141738798128;9.42389917088569;13634
-4.80306;48.6354166666667;7.26480552627087;9.29852704286044;13765
-4.79615833333333;48.6407733333333;7.42598073442142;9.17032249342109;13892
-4.7896;48.6457083333333;6.93586608916232;9.54640068793213;14025
-4.78283;48.6511116666667;7.45633651756787;8.88611583240291;14145
-4.77595333333333;48.65634;7.45633651756787;8.88611583240291;14281
-4.76795166666667;48.6625416666667;7.20323914388209;9.21972566689752;14425
-4.758805;48.669505;7.61028498655654;8.75463141848301;14631
-4.75063666666667;48.67603;7.08010696624507;9.0621236664773;14759
-4.74336666666667;48.6819883333333;6.65348688047418;9.50216402623401;14905
-4.73545;48.68859;7.08010696624507;9.0621236664773;15050
-4.72917;48.6936616666667;6.92087276624856;9.18430836554387;15214
-4.72276;48.699005;6.09407153868186;9.7525531057989;15305
-4.71663666666667;48.7046583333333;6.75953040136344;9.3036954353119;15429
-4.70803666666667;48.7123616666667;5.92293786146562;9.85742395807429;15636
-4.69758666666667;48.721865;6.92087276624856;9.18430836554387;15829
