"x";"y";"vx";"vy";"t"
-4.08231166666667;49.5466633333333;-15.3933071792943;-8.53264950127572;0
-4.08415833333333;49.54599;-15.3933071792943;-8.53264950127572;17
-4.08481166666667;49.5457533333333;-15.3933071792943;-8.53264950127572;23
-4.19602666666667;49.4999766666667;-15.0861448193405;-9.06467031488839;1084
-4.22685833333333;49.48963;-15.7708161579181;-8.03563219175724;1356
-4.29464333333333;49.4679983333333;-15.6817151656073;-7.99023296859966;1961
-4.389475;49.4368516666667;-15.5682301197994;-8.62961087050441;2810
-4.888215;49.2552616666667;-15.5147284696916;-9.32218935234342;7312
-4.98971;49.2162933333333;-15.5147284696916;-9.32218935234342;8230
-5.04296333333333;49.1960966666667;-15.5884572681199;-9.00000000000001;8708
-5.04485166666667;49.1954083333333;-15.5884572681199;-9.00000000000001;8724
-5.06968;49.18628;-15.5147284696916;-9.32218935234342;8948
-5.09359166666667;49.177355;-15.7616630096017;-9.10000038146974;9163
-5.22076833333333;49.12918;-15.6750601388608;-9.05000019073487;10307
-5.521715;49.0159866666667;-15.6556924241542;-8.67809201746924;13044
-5.53094333333333;49.012705;-15.6556924241542;-8.67809201746924;13127
-5.53160666666667;49.0124666666667;-15.6556924241542;-8.67809201746924;13134
-5.54354666666667;49.00814;-15.501854397379;-8.94999980926514;13243
-5.55290333333333;49.0047283333333;-15.501854397379;-8.94999980926514;13326
-5.570525;48.9982083333333;-15.6556924241542;-8.67809201746924;13488
-5.571185;48.9979683333333;-15.6556924241542;-8.67809201746924;13494
-5.570525;48.9982083333333;-15.6556924241542;-8.67809201746924;13512
-5.57450333333333;48.9967783333333;-15.6556924241542;-8.67809201746924;13525
-5.585735;48.9926933333333;-15.4152515266381;-8.89999961853028;13625
-5.59621666666667;48.98883;-15.5682301197994;-8.62961087050441;13725
-5.60420166666667;48.98594;-15.3286503077095;-8.85000038146973;13798
-5.60926166666667;48.9840316666667;-15.3286503077095;-8.85000038146973;13845
-5.61121;48.98331;-15.3286503077095;-8.85000038146973;13860
-5.61186166666667;48.9830716666667;-15.3286503077095;-8.85000038146973;13865
-5.61327;48.98255;-15.4807694836492;-8.58113064824055;13880
-5.61511;48.981865;-15.4807694836492;-8.58113064824055;13896
-5.61641333333333;48.98138;-15.4807694836492;-8.58113064824055;13909
-5.61772333333333;48.9809066666667;-15.4807694836492;-8.58113064824055;13920
-5.61838;48.9806666666667;-15.5682301197994;-8.62961087050441;13925
-5.619805;48.980155;-15.4807694836492;-8.58113064824055;13940
-5.62167166666667;48.9794883333333;-15.5682301197994;-8.62961087050441;13955
-5.62774;48.97736;-15.5682301197994;-8.62961087050441;14012
-5.62962;48.9766983333333;-15.5682301197994;-8.62961087050441;14033
-5.63305;48.975485;-15.4152515266381;-8.89999961853028;14058
-5.63360333333333;48.9752883333333;-15.4152515266381;-8.89999961853028;14064
-5.63426833333333;48.9750533333333;-15.501854397379;-8.94999980926514;14075
-5.63625;48.9743383333333;-15.4152515266381;-8.89999961853028;14089
-5.64281166666667;48.971935;-15.4152515266381;-8.89999961853028;14148
-5.650085;48.96923;-15.3286503077095;-8.85000038146973;14214
-5.653915;48.9678383333333;-15.5682301197994;-8.62961087050441;14253
-5.650085;48.96923;-15.3286503077095;-8.85000038146973;14263
-5.657205;48.9666516666667;-15.5682301197994;-8.62961087050441;14280
-5.65929166666667;48.9659016666667;-15.4152515266381;-8.89999961853028;14298
-5.66050166666667;48.9654633333333;-15.4152515266381;-8.89999961853028;14311
-5.66127;48.9651833333333;-15.4152515266381;-8.89999961853028;14316
-5.66378333333333;48.9642566666667;-15.4152515266381;-8.89999961853028;14344
-5.66509;48.9637683333333;-15.4152515266381;-8.89999961853028;14355
-5.666505;48.9632466666667;-15.4152515266381;-8.89999961853028;14365
-5.66378333333333;48.9642566666667;-15.4152515266381;-8.89999961853028;14383
-5.67097833333333;48.961615;-15.4152515266381;-8.89999961853028;14407
-5.673595;48.9606516666667;-15.4152515266381;-8.89999961853028;14430
-5.676205;48.9596883333333;-15.5682301197994;-8.62961087050441;14460
-5.68672666666667;48.9559533333333;-15.4807694836492;-8.58113064824055;14554
-5.69853166666667;48.95177;-15.3286503077095;-8.85000038146973;14658
-5.70374333333333;48.94988;-15.4807694836492;-8.58113064824055;14706
-5.70961166666667;48.9477566666667;-15.4807694836492;-8.58113064824055;14759
-5.71491666666667;48.94581;-15.3286503077095;-8.85000038146973;14810
-5.71742;48.9449016666667;-15.4807694836492;-8.58113064824055;14834
-5.72148333333333;48.9434616666667;-15.4807694836492;-8.58113064824055;14870
-5.72861333333333;48.940935;-15.3286503077095;-8.85000038146973;14933
-5.73134333333333;48.93995;-15.3286503077095;-8.85000038146973;14958
-5.731885;48.93975;-15.3286503077095;-8.85000038146973;14963
-5.733845;48.93904;-15.3286503077095;-8.85000038146973;14983
-5.73839;48.9373733333333;-15.3286503077095;-8.85000038146973;15025
-5.74034;48.9366416666667;-15.3286503077095;-8.85000038146973;15042
-5.741635;48.9361533333333;-15.3286503077095;-8.85000038146973;15053
-5.746275;48.9344216666667;-15.3286503077095;-8.85000038146973;15096
-5.75007666666667;48.9330133333333;-15.4152515266381;-8.89999961853028;15132
-5.76509833333333;48.92751;-15.3286503077095;-8.85000038146973;15270
-5.76584666666667;48.9272266666667;-15.3286503077095;-8.85000038146973;15278
-5.76638333333333;48.9270233333333;-15.3286503077095;-8.85000038146973;15283
-5.76509833333333;48.92751;-15.3286503077095;-8.85000038146973;15304
-5.77667666666667;48.9229833333333;-14.1577974015616;-10.2862419151183;15379
-5.77898666666667;48.9219116666667;-13.7901881881176;-10.774075818199;15404
-5.78197333333333;48.9203933333333;-13.3291730180475;-11.1845041633418;15435
-5.78311166666667;48.9197883333333;-13.1319464079774;-11.4154268541682;15444
-5.78423666666667;48.9191666666667;-13.1319464079774;-11.4154268541682;15460
-5.78978;48.9159783333333;-13.2074176538985;-11.4810330073339;15520
-5.79370166666667;48.913715;-12.9449610766379;-12.0713714934297;15559
-5.88489833333333;48.81325;-9.53854675619769;-15.2648657308157;16974
-5.88761333333333;48.8101416666667;-9.80350263027049;-15.0960702230176;17018
-5.90217666666667;48.793265;-8.94999980926514;-15.501854397379;17253
-5.905355;48.7892933333333;-8.72657316443406;-15.7431547285091;17303
-5.90712;48.7870866666667;-8.94999980926514;-15.501854397379;17333
-5.90753;48.7865716666667;-9;-15.5884572681199;17340
-5.91378833333333;48.7787216666667;-8.89999961853028;-15.4152515266381;17447
-5.919885;48.771305;-8.94999980926514;-15.501854397379;17550
-5.920245;48.7708683333333;-8.94999980926514;-15.501854397379;17560
-5.92272333333333;48.76781;-8.89999961853028;-15.4152515266381;17599
-5.92628666666667;48.7634216666667;-8.94999980926514;-15.501854397379;17660
-5.92698666666667;48.7625416666667;-8.94999980926514;-15.501854397379;17670
-5.92734;48.7621033333333;-9.21918134441854;-15.3432943555844;17677
-5.92840833333333;48.7607966666667;-8.89999961853028;-15.4152515266381;17695
-5.92918;48.7598566666667;-8.89999961853028;-15.4152515266381;17707
-5.92954166666667;48.759425;-8.89999961853028;-15.4152515266381;17714
-5.93162;48.7568916666667;-8.89999961853028;-15.4152515266381;17747
-5.93233166666667;48.7560216666667;-8.89999961853028;-15.4152515266381;17760
-5.93162;48.7568916666667;-8.89999961853028;-15.4152515266381;17770
-5.935825;48.751655;-8.62961087050441;-15.5682301197994;17819
-5.93621;48.75114;-8.58113064824055;-15.4807694836492;17827
-5.93851833333333;48.7481483333333;-8.53264950127572;-15.3933071792943;17867
-5.939945;48.7463266666667;-8.85000038146973;-15.3286503077095;17891
-5.94162166666667;48.7442316666667;-8.85000038146973;-15.3286503077095;17921
-5.94267833333333;48.7429366666667;-8.58113064824055;-15.4807694836492;17939
-5.94510166666667;48.73989;-8.58113064824055;-15.4807694836492;17981
-5.948265;48.73591;-8.58113064824055;-15.4807694836492;18037
-5.94925833333333;48.7346833333333;-8.85000038146973;-15.3286503077095;18053
-5.94995833333333;48.73382;-8.58113064824055;-15.4807694836492;18070
-5.95171666666667;48.73157;-8.58113064824055;-15.4807694836492;18097
-5.95332166666667;48.729465;-8.80000019073487;-15.2420474369686;18125
-5.95474666666667;48.7276716666667;-8.75;-15.1554445662277;18150
-5.95608;48.726025;-8.80000019073487;-15.2420474369686;18173
-5.96095333333333;48.720015;-8.4841683543109;-15.3058448749394;18257
-5.96203833333333;48.7186483333333;-8.4841683543109;-15.3058448749394;18276
-5.96231833333333;48.7182883333333;-8.4841683543109;-15.3058448749394;18281
-5.96469833333333;48.7152666666667;-8.75;-15.1554445662277;18325
-5.96546;48.7143366666667;-8.75;-15.1554445662277;18343
-5.96616666666667;48.7134783333333;-8.80000019073487;-15.2420474369686;18349
-5.96716666666667;48.7122616666667;-8.80000019073487;-15.2420474369686;18370
-5.96823666666667;48.7109766666667;-8.80000019073487;-15.2420474369686;18389
-5.97034166666667;48.70839;-8.4841683543109;-15.3058448749394;18421
-5.97211833333333;48.7061616666667;-8.4841683543109;-15.3058448749394;18451
-5.97245833333333;48.70573;-8.4841683543109;-15.3058448749394;18456
-5.9728;48.7052966666667;-8.4841683543109;-15.3058448749394;18461
-5.97313666666667;48.704865;-8.4841683543109;-15.3058448749394;18469
-5.97211833333333;48.7061616666667;-8.4841683543109;-15.3058448749394;18491
-5.97612833333333;48.700975;-8.69999980926514;-15.0688416954868;18522
-5.97641333333333;48.7006183333333;-8.69999980926514;-15.0688416954868;18531
-5.97744;48.699335;-8.69999980926514;-15.0688416954868;18547
-5.97784333333333;48.6988333333333;-8.69999980926514;-15.0688416954868;18553
-5.97854166666667;48.6979766666667;-8.75;-15.1554445662277;18565
-5.97987166666667;48.6963366666667;-8.75;-15.1554445662277;18589
-5.98501833333333;48.6898516666667;-8.38720606038124;-15.1309202662297;18679
-5.98636166666667;48.68814;-8.38720606038124;-15.1309202662297;18706
-5.987675;48.6865066666667;-8.38720606038124;-15.1309202662297;18730
-5.99038166666667;48.683095;-8.38720606038124;-15.1309202662297;18775
-5.99214166666667;48.68089;-8.69999980926514;-15.0688416954868;18806
-5.992775;48.6801066666667;-8.69999980926514;-15.0688416954868;18819
-5.99347833333333;48.67926;-8.69999980926514;-15.0688416954868;18829
-5.99382333333333;48.67883;-8.69999980926514;-15.0688416954868;18834
-5.99486333333333;48.67755;-8.69999980926514;-15.0688416954868;18853
-5.995265;48.6770483333333;-8.75;-15.1554445662277;18861
-5.99665166666667;48.6753333333333;-8.43568720734607;-15.2183825705845;18887
-5.99762166666667;48.674115;-8.4841683543109;-15.3058448749394;18900
-5.99829833333333;48.6732533333333;-8.43568720734607;-15.2183825705845;18912
-6.00065333333333;48.6702533333333;-8.43568720734607;-15.2183825705845;18954
-6.005545;48.6641866666667;-8.43568720734607;-15.2183825705845;19042
-6.00927666666667;48.6595333333333;-8.4841683543109;-15.3058448749394;19105
-6.011065;48.657315;-8.4841683543109;-15.3058448749394;19135
-6.01479833333333;48.652665;-8.75;-15.1554445662277;19199
-6.01654166666667;48.65053;-8.75;-15.1554445662277;19235
-6.02275333333333;48.6428216666667;-8.4841683543109;-15.3058448749394;19345
-6.03128833333333;48.6320666666667;-8.4841683543109;-15.3058448749394;19490
-6.036465;48.6255233333333;-8.4841683543109;-15.3058448749394;19578
-6.040845;48.6199933333333;-8.75;-15.1554445662277;19658
-6.050545;48.6079666666667;-8.4841683543109;-15.3058448749394;19825
-6.056465;48.6001033333333;-8.4841683543109;-15.3058448749394;19934
-6.060175;48.5952433333333;-8.4841683543109;-15.3058448749394;19998
-6.07660166666667;48.5739016666667;-8.53264950127572;-15.3933071792943;20294
-6.07721333333333;48.5731033333333;-8.53264950127572;-15.3933071792943;20304
-6.07821833333333;48.571795;-8.58113064824055;-15.4807694836492;20321
-6.08333166666667;48.5651766666667;-8.53264950127572;-15.3933071792943;20413
-6.089825;48.5569216666667;-8.4841683543109;-15.3058448749394;20527
-6.091435;48.5548366666667;-8.4841683543109;-15.3058448749394;20557
-6.089825;48.5569216666667;-8.4841683543109;-15.3058448749394;20563
-6.09483166666667;48.5505016666667;-8.4841683543109;-15.3058448749394;20623
-6.10739333333333;48.5344133333333;-8.4841683543109;-15.3058448749394;20839
