"x";"y";"vx";"vy";"t"
-4.94680333333333;49.2100783333333;-11.5449799674196;-6.39948689478155;0
-4.97502666666667;49.1990166666667;-11.6324422717744;-6.44796804174638;350
-4.97762666666667;49.198;-11.719903742027;-6.49644872636072;381
-5.23185833333333;49.0979166666667;-11.604740080349;-6.69999980926514;3549
-5.232675;49.0976;-11.604740080349;-6.69999980926514;3561
-5.23597333333333;49.0962833333333;-11.604740080349;-6.69999980926514;3602
-5.23767333333333;49.0956183333333;-11.604740080349;-6.69999980926514;3622
-5.23832333333333;49.0953683333333;-11.604740080349;-6.69999980926514;3629
-5.24002166666667;49.094685;-11.604740080349;-6.69999980926514;3655
-5.24083833333333;49.0943683333333;-11.604740080349;-6.69999980926514;3662
-5.24163833333333;49.0940516666667;-11.6913429510899;-6.75000000000001;3671
-5.24252166666667;49.0937016666667;-11.604740080349;-6.69999980926514;3682
-5.24317166666667;49.0934516666667;-11.604740080349;-6.69999980926514;3689
-5.244955;49.092735;-11.604740080349;-6.69999980926514;3711
-5.24802;49.0915016666667;-11.6913429510899;-6.75000000000001;3752
-5.25061833333333;49.0904866666667;-11.6913429510899;-6.75000000000001;3783
-5.252235;49.089835;-11.6913429510899;-6.75000000000001;3803
-5.25955;49.0869366666667;-11.6913429510899;-6.75000000000001;3893
-5.26518166666667;49.0847216666667;-11.6913429510899;-6.75000000000001;3962
-5.26753;49.0837883333333;-11.6913429510899;-6.75000000000001;3989
-5.273245;49.081505;-11.6913429510899;-6.75000000000001;4060
-5.27496166666667;49.0808383333333;-11.7779458218308;-6.80000019073487;4079
-5.27667833333333;49.080155;-11.7779458218308;-6.80000019073487;4101
-5.278245;49.0795383333333;-11.7779458218308;-6.80000019073487;4120
-5.28554166666667;49.0766733333333;-11.7779458218308;-6.80000019073487;4212
-5.28654166666667;49.0762733333333;-11.7779458218308;-6.80000019073487;4221
-5.288925;49.07534;-11.7779458218308;-6.80000019073487;4254
-5.29055666666667;49.07469;-11.8645478666656;-6.84999990463257;4271
-5.29542166666667;49.0727916666667;-11.8645478666656;-6.84999990463257;4331
-5.296255;49.0724583333333;-11.7779458218308;-6.80000019073487;4341
-5.29713833333333;49.0721083333333;-11.7779458218308;-6.80000019073487;4350
-5.29797166666667;49.071775;-11.8645478666656;-6.84999990463257;4361
-5.29888833333333;49.0714083333333;-11.7779458218308;-6.80000019073487;4373
-5.29962166666667;49.071125;-11.8645478666656;-6.84999990463257;4381
-5.300455;49.0708083333333;-11.8645478666656;-6.84999990463257;4396
-5.30127;49.070475;-11.8645478666656;-6.84999990463257;4403
-5.30210333333333;49.0701416666667;-11.8645478666656;-6.84999990463257;4410
-5.30292;49.069825;-11.7779458218308;-6.80000019073487;4421
-5.3088;49.0675433333333;-11.9822898209893;-6.64189170490472;4491
-5.30953333333333;49.0672433333333;-11.7779458218308;-6.80000019073487;4514
-5.31201666666667;49.0662933333333;-11.7779458218308;-6.80000019073487;4530
-5.31438333333333;49.0653433333333;-11.7779458218308;-6.80000019073487;4565
-5.31528166666667;49.0649766666667;-11.7779458218308;-6.80000019073487;4572
-5.31783166666667;49.063995;-11.8073660463818;-6.54492987332555;4601
-5.32101333333333;49.0627283333333;-11.7779458218308;-6.80000019073487;4641
-5.32429666666667;49.061445;-11.6913429510899;-6.75000000000001;4686
-5.32511166666667;49.0611283333333;-11.7779458218308;-6.80000019073487;4692
-5.326745;49.0604783333333;-11.7779458218308;-6.80000019073487;4714
-5.33072666666667;49.0589133333333;-11.6913429510899;-6.75000000000001;4761
-5.33326;49.0579133333333;-11.6913429510899;-6.75000000000001;4792
-5.334875;49.0572633333333;-11.6913429510899;-6.75000000000001;4810
-5.336525;49.0566133333333;-11.7779458218308;-6.80000019073487;4832
-5.34144;49.0546966666667;-11.7779458218308;-6.80000019073487;4893
-5.34637333333333;49.052765;-11.6913429510899;-6.75000000000001;4949
-5.348905;49.0517816666667;-11.7779458218308;-6.80000019073487;4984
-5.35781666666667;49.0482833333333;-11.5717585594785;-6.95301401128574;5093
-5.35936666666667;49.0476666666667;-11.7779458218308;-6.80000019073487;5111
-5.36271333333333;49.0463516666667;-11.4860415024249;-6.9015100073233;5154
-5.36524666666667;49.0453516666667;-11.5717585594785;-6.95301401128574;5183
-5.36759666666667;49.0444016666667;-11.5717585594785;-6.95301401128574;5211
-5.45556666666667;49.00978;-11.604740080349;-6.69999980926514;6301
-5.51344833333333;48.9869866666667;-11.604740080349;-6.69999980926514;7022
-5.80667;48.832795;-6.009236093204;-11.3017293570032;11243
-5.81038666666667;48.82818;-5.96228875783622;-11.2134342608995;11332
-5.81078666666667;48.8276633333333;-6.009236093204;-11.3017293570032;11342
-5.81117;48.8271966666667;-5.96228875783622;-11.2134342608995;11352
-5.81170333333333;48.82653;-5.96228875783622;-11.2134342608995;11364
-5.81291833333333;48.8250133333333;-6.009236093204;-11.3017293570032;11392
-5.81665166666667;48.820365;-5.96228875783622;-11.2134342608995;11480
-5.9299;48.6488916666667;5.52682948586805;-9.97066432774817;14781
-5.88815833333333;48.6053083333333;6.82215331568553;-10.1142582270451;15710
-5.88200833333333;48.5991933333333;6.87807281934777;-10.1971623005534;15842
-5.88011;48.5973116666667;6.69906023456648;-10.3156481456924;15879
-5.87916166666667;48.5963616666667;6.64459612330168;-10.2317807689705;15901
-5.87867666666667;48.595895;6.69906023456648;-10.3156481456924;15912
-5.86919833333333;48.5863983333333;6.64459612330168;-10.2317807689705;16116
-5.868815;48.586015;6.69906023456648;-10.3156481456924;16122
-5.867865;48.585065;6.64459612330168;-10.2317807689705;16139
-5.86733166666667;48.5845483333333;6.69906023456648;-10.3156481456924;16152
-5.857635;48.575135;6.46501492257102;-10.3461866113561;16351
-5.85057166666667;48.5680883333333;6.5180070511425;-10.4309917444764;16505
-5.83331166666667;48.5506616666667;6.46501492257102;-10.3461866113561;16869
-5.82804666666667;48.5455133333333;6.41202329936994;-10.2613822869974;16980
-5.82483166666667;48.5422983333333;6.35903117079846;-10.1765771538771;17051
-5.824415;48.5418816666667;6.41202329936994;-10.2613822869974;17062
-5.82108333333333;48.5386;6.46501492257102;-10.3461866113561;17131
-5.82063333333333;48.5381333333333;6.41202329936994;-10.2613822869974;17140
-5.82015;48.5376666666667;6.41202329936994;-10.2613822869974;17150
-5.819685;48.5371883333333;6.41202329936994;-10.2613822869974;17160
-5.819185;48.5366866666667;6.41202329936994;-10.2613822869974;17175
-5.81875166666667;48.53627;6.41202329936994;-10.2613822869974;17182
-5.81825166666667;48.535755;6.41202329936994;-10.2613822869974;17192
-5.81737333333333;48.53487;6.41202329936994;-10.2613822869974;17212
-5.81554;48.5330033333333;6.41202329936994;-10.2613822869974;17251
-5.81507166666667;48.5325383333333;6.41202329936994;-10.2613822869974;17261
-5.81413833333333;48.5316066666667;6.35903117079846;-10.1765771538771;17281
-5.81273833333333;48.5302216666667;6.41202329936994;-10.2613822869974;17309
-5.811805;48.52929;6.35903117079846;-10.1765771538771;17332
-5.80992333333333;48.5274566666667;6.35903117079846;-10.1765771538771;17369
-5.80945666666667;48.52699;6.41202329936994;-10.2613822869974;17383
-5.80895833333333;48.526475;6.18045689892065;-10.2860076084253;17394
-5.80854166666667;48.5260583333333;6.18045689892065;-10.2860076084253;17399
-5.80760666666667;48.5251416666667;6.35903117079846;-10.1765771538771;17419
-5.80719166666667;48.524725;6.35903117079846;-10.1765771538771;17432
-5.80625833333333;48.5237916666667;6.18045689892065;-10.2860076084253;17450
-5.80479166666667;48.52231;6.18045689892065;-10.2860076084253;17482
-5.80344333333333;48.5209766666667;6.18045689892065;-10.2860076084253;17512
-5.80299333333333;48.5204933333333;6.18045689892065;-10.2860076084253;17523
-5.80252666666667;48.5200266666667;6.18045689892065;-10.2860076084253;17533
-5.80202666666667;48.519525;6.23196090288309;-10.3717246654789;17542
-5.801575;48.51906;6.23196090288309;-10.3717246654789;17553
-5.80119166666667;48.5186933333333;6.23196090288309;-10.3717246654789;17561
-5.80069333333333;48.5181766666667;6.41202329936994;-10.2613822869974;17572
-5.80022666666667;48.51771;6.35903117079846;-10.1765771538771;17583
-5.79924333333333;48.5167266666667;6.23196090288309;-10.3717246654789;17603
-5.79877833333333;48.51626;6.18045689892065;-10.2860076084253;17614
-5.797495;48.5149616666667;6.18045689892065;-10.2860076084253;17640
-5.79646166666667;48.513945;6.35903117079846;-10.1765771538771;17662
-5.795995;48.5134783333333;6.35903117079846;-10.1765771538771;17673
-5.79512833333333;48.5125966666667;6.23196090288309;-10.3717246654789;17692
-5.794645;48.5121283333333;6.23196090288309;-10.3717246654789;17699
-5.79368;48.5111633333333;6.23196090288309;-10.3717246654789;17722
-5.79277833333333;48.51028;6.41202329936994;-10.2613822869974;17741
-5.79234666666667;48.5098633333333;6.41202329936994;-10.2613822869974;17752
-5.791365;48.5088966666667;6.41202329936994;-10.2613822869974;17769
-5.79083;48.50838;6.41202329936994;-10.2613822869974;17781
-5.79036333333333;48.5079133333333;6.23196090288309;-10.3717246654789;17793
-5.788615;48.5061483333333;6.23196090288309;-10.3717246654789;17831
-5.78718166666667;48.5046983333333;6.23196090288309;-10.3717246654789;17862
-5.786715;48.5042333333333;6.23196090288309;-10.3717246654789;17876
-5.78578166666667;48.5032983333333;6.23196090288309;-10.3717246654789;17889
-5.78531666666667;48.5028316666667;6.18045689892065;-10.2860076084253;17902
-5.784815;48.5023166666667;6.23196090288309;-10.3717246654789;17913
-5.7844;48.5018816666667;6.23196090288309;-10.3717246654789;17921
-5.78348333333333;48.50095;6.18045689892065;-10.2860076084253;17941
-5.783085;48.5005316666667;6.23196090288309;-10.3717246654789;17951
-5.78348333333333;48.50095;6.18045689892065;-10.2860076084253;17956
-5.78070166666667;48.4981333333333;6.23196090288309;-10.3717246654789;18002
-5.7803;48.4977183333333;6.23196090288309;-10.3717246654789;18011
-5.779785;48.4972;6.23196090288309;-10.3717246654789;18020
-5.7784;48.4958683333333;6.23196090288309;-10.3717246654789;18050
-5.77790333333333;48.49535;6.23196090288309;-10.3717246654789;18059
-5.77696833333333;48.4944016666667;6.23196090288309;-10.3717246654789;18079
-5.77603333333333;48.49347;6.23196090288309;-10.3717246654789;18101
-5.77421833333333;48.4916533333333;6.23196090288309;-10.3717246654789;18142
-5.77375166666667;48.4911866666667;6.23196090288309;-10.3717246654789;18150
-5.77321833333333;48.4906866666667;6.41202329936994;-10.2613822869974;18162
-5.77275166666667;48.49022;6.41202329936994;-10.2613822869974;18173
-5.77180333333333;48.4892866666667;6.41202329936994;-10.2613822869974;18192
-5.77133833333333;48.48882;6.41202329936994;-10.2613822869974;18201
-5.77087;48.4883533333333;6.41202329936994;-10.2613822869974;18210
-5.76995333333333;48.4874866666667;6.41202329936994;-10.2613822869974;18233
-5.76943666666667;48.4869716666667;6.23196090288309;-10.3717246654789;18242
-5.76900333333333;48.486555;6.23196090288309;-10.3717246654789;18256
-5.76852;48.486105;6.23196090288309;-10.3717246654789;18263
-5.76800333333333;48.4855883333333;6.28346441566695;-10.4574409050741;18269
-5.76747166666667;48.4850883333333;6.23196090288309;-10.3717246654789;18279
-5.767005;48.4846216666667;6.23196090288309;-10.3717246654789;18291
-5.76657166666667;48.4841883333333;6.23196090288309;-10.3717246654789;18301
-5.76617166666667;48.4837733333333;6.23196090288309;-10.3717246654789;18311
-5.76517166666667;48.482805;6.23196090288309;-10.3717246654789;18332
-5.764705;48.48234;6.05000019073486;-10.4789077161542;18340
-5.76285666666667;48.4804566666667;6.23196090288309;-10.3717246654789;18379
-5.76239;48.47999;6.23196090288309;-10.3717246654789;18389
-5.75780833333333;48.4753583333333;6.23196090288309;-10.3717246654789;18489
-5.74692833333333;48.464495;6.05000019073486;-10.4789077161542;18724
-5.74411166666667;48.4616966666667;6.09999990463257;-10.5655097609889;18783
-5.74313;48.4607133333333;6.09999990463257;-10.5655097609889;18801
-5.74179666666667;48.4594133333333;6.23196090288309;-10.3717246654789;18832
-5.74127833333333;48.458915;6.23196090288309;-10.3717246654789;18841
-5.74091333333333;48.45853;6.23196090288309;-10.3717246654789;18848
-5.74039666666667;48.4580133333333;6.09999990463257;-10.5655097609889;18861
-5.73983166666667;48.457465;6.05000019073486;-10.4789077161542;18871
-5.738965;48.4565633333333;6.05000019073486;-10.4789077161542;18889
-5.73854833333333;48.4561483333333;6.09999990463257;-10.5655097609889;18900
-5.73808166666667;48.4556816666667;6.09999990463257;-10.5655097609889;18911
-5.737565;48.455165;6.05000019073486;-10.4789077161542;18923
-5.737115;48.4546983333333;6.05000019073486;-10.4789077161542;18931
-5.735765;48.4533316666667;6.05000019073486;-10.4789077161542;18959
-5.735315;48.452865;6.23196090288309;-10.3717246654789;18972
-5.73018333333333;48.447735;6.18045689892065;-10.2860076084253;19079
-5.729185;48.4467683333333;6.23196090288309;-10.3717246654789;19101
-5.727385;48.4449516666667;6.23196090288309;-10.3717246654789;19139
-5.725935;48.4435183333333;6.23196090288309;-10.3717246654789;19172
-5.72547;48.4430516666667;6.23196090288309;-10.3717246654789;19182
-5.72458666666667;48.44217;6.23196090288309;-10.3717246654789;19202
-5.72412;48.4417033333333;6.23196090288309;-10.3717246654789;19210
-5.72313666666667;48.44072;6.23196090288309;-10.3717246654789;19232
-5.72132;48.43892;6.23196090288309;-10.3717246654789;19274
-5.72085333333333;48.438455;6.18045689892065;-10.2860076084253;19279
-5.719405;48.4370216666667;6;-10.3923048454133;19311
-5.71857166666667;48.4361883333333;6.18045689892065;-10.2860076084253;19329
-5.71807166666667;48.4356883333333;6.18045689892065;-10.2860076084253;19338
-5.71857166666667;48.4361883333333;6.18045689892065;-10.2860076084253;19343
-5.717605;48.4352216666667;6.18045689892065;-10.2860076084253;19352
-5.71657166666667;48.4342216666667;6.12895289495821;-10.2002905513718;19371
-5.716105;48.433755;6.18045689892065;-10.2860076084253;19382
-5.71384;48.43149;6;-10.3923048454133;19431
-5.71297333333333;48.4306066666667;6.18045689892065;-10.2860076084253;19450
-5.71200666666667;48.42964;5.94999980926514;-10.3057019746723;19472
-5.70925833333333;48.4269416666667;6.18045689892065;-10.2860076084253;19532
-5.708275;48.425975;6.12895289495821;-10.2002905513718;19551
-5.70779166666667;48.425525;6.12895289495821;-10.2002905513718;19562
-5.70730833333333;48.425075;6.12895289495821;-10.2002905513718;19570
-5.70644166666667;48.4242083333333;5.94999980926514;-10.3057019746723;19593
-5.705975;48.4237416666667;5.94999980926514;-10.3057019746723;19602
-5.70545833333333;48.4232416666667;5.94999980926514;-10.3057019746723;19612
-5.70457666666667;48.4223766666667;5.94999980926514;-10.3057019746723;19641
-5.70317666666667;48.42101;6.18045689892065;-10.2860076084253;19662
-5.70261;48.42046;6.12895289495821;-10.2002905513718;19670
-5.70122666666667;48.4191433333333;6.12895289495821;-10.2002905513718;19703
-5.70032833333333;48.418295;6.12895289495821;-10.2002905513718;19722
-5.69936166666667;48.4173283333333;5.94999980926514;-10.3057019746723;19740
-5.698995;48.4169616666667;5.94999980926514;-10.3057019746723;19748
-5.697945;48.4159783333333;6.12895289495821;-10.2002905513718;19773
-5.69512833333333;48.4132466666667;6.12895289495821;-10.2002905513718;19831
-5.69421166666667;48.41233;5.94999980926514;-10.3057019746723;19850
-5.69379666666667;48.41193;5.90000009536743;-10.2190999298376;19862
-5.69333;48.41148;6.12895289495821;-10.2002905513718;19869
-5.69281333333333;48.41098;6.18045689892065;-10.2860076084253;19881
-5.69233;48.41053;6.12895289495821;-10.2002905513718;19892
-5.69189666666667;48.41013;6.07744938217436;-10.1145743117766;19899
-5.69143;48.40968;6.12895289495821;-10.2002905513718;19910
-5.69096333333333;48.40923;6.12895289495821;-10.2002905513718;19922
-5.68949666666667;48.4078316666667;6.12895289495821;-10.2002905513718;19952
-5.68808166666667;48.4064816666667;5.90000009536743;-10.2190999298376;19981
-5.68764833333333;48.4060816666667;5.94999980926514;-10.3057019746723;19989
-5.68808166666667;48.4064816666667;5.90000009536743;-10.2190999298376;19996
-5.68664833333333;48.4051316666667;6.12895289495821;-10.2002905513718;20011
-5.68628166666667;48.4047816666667;6.12895289495821;-10.2002905513718;20019
-5.685765;48.4042816666667;6.12895289495821;-10.2002905513718;20031
-5.68486666666667;48.4034166666667;6.07744938217436;-10.1145743117766;20049
-5.68434833333333;48.4029333333333;6.12895289495821;-10.2002905513718;20061
-5.68203666666667;48.4007216666667;6.07744938217436;-10.1145743117766;20110
-5.68153833333333;48.40022;6.12895289495821;-10.2002905513718;20123
-5.68062333333333;48.3993533333333;6.07744938217436;-10.1145743117766;20141
-5.68015;48.3989166666667;6.07744938217436;-10.1145743117766;20153
-5.67917166666667;48.3979716666667;6.12895289495821;-10.2002905513718;20171
-5.67637;48.3953066666667;6.12895289495821;-10.2002905513718;20230
-5.67588833333333;48.3948566666667;6.12895289495821;-10.2002905513718;20239
-5.67347166666667;48.392575;6.12895289495821;-10.2002905513718;20288
-5.67298833333333;48.392125;6.12895289495821;-10.2002905513718;20300
-5.672505;48.391675;6.07744938217436;-10.1145743117766;20312
-5.67065666666667;48.389925;6.12895289495821;-10.2002905513718;20348
-5.67017333333333;48.389475;6.07744938217436;-10.1145743117766;20364
-5.66960666666667;48.388925;5.90000009536743;-10.2190999298376;20371
-5.66782333333333;48.3872266666667;6.12895289495821;-10.2002905513718;20408
-5.665825;48.3853266666667;6.12895289495821;-10.2002905513718;20452
-5.66539166666667;48.3849266666667;6.12895289495821;-10.2002905513718;20462
-5.66495833333333;48.38451;6.12895289495821;-10.2002905513718;20474
-5.66444166666667;48.3840266666667;6.12895289495821;-10.2002905513718;20479
-5.66390833333333;48.3835283333333;6.12895289495821;-10.2002905513718;20492
-5.663425;48.3830783333333;6.12895289495821;-10.2002905513718;20504
-5.66199333333333;48.3817116666667;6.12895289495821;-10.2002905513718;20532
-5.66057333333333;48.38043;6.18045689892065;-10.2860076084253;20566
-5.65999166666667;48.379895;6.07744938217436;-10.1145743117766;20572
-5.65864333333333;48.3786466666667;6.12895289495821;-10.2002905513718;20604
-5.65811;48.3781633333333;5.94999980926514;-10.3057019746723;20612
-5.65628;48.3764133333333;5.94999980926514;-10.3057019746723;20650
-5.65482833333333;48.3749983333333;6.12895289495821;-10.2002905513718;20682
-5.65431;48.374515;6.12895289495821;-10.2002905513718;20692
-5.65343;48.3736483333333;6.07744938217436;-10.1145743117766;20712
-5.652995;48.3732483333333;6.12895289495821;-10.2002905513718;20722
-5.65103;48.371415;6.12895289495821;-10.2002905513718;20762
-5.636785;48.3579866666667;6.30603904222698;-10.0917720207568;21062
-5.63571833333333;48.357005;6.2530474190259;-10.0069676963982;21082
-5.635235;48.3565533333333;6.30603904222698;-10.0917720207568;21091
-5.634835;48.3561883333333;6.30603904222698;-10.0917720207568;21099
-5.63288833333333;48.3543383333333;6.30603904222698;-10.0917720207568;21141
-5.63242;48.3538883333333;6.30603904222698;-10.0917720207568;21155
-5.63203666666667;48.3535216666667;6.30603904222698;-10.0917720207568;21162
-5.63003666666667;48.3516216666667;6.30603904222698;-10.0917720207568;21202
-5.629605;48.3512233333333;6.30603904222698;-10.0917720207568;21209
-5.62907;48.3507233333333;6.35903117079846;-10.1765771538771;21221
-5.62858666666667;48.3502733333333;6.30603904222698;-10.0917720207568;21231
-5.62815333333333;48.3498733333333;6.30603904222698;-10.0917720207568;21242
-5.62767166666667;48.3494233333333;6.30603904222698;-10.0917720207568;21254
-5.62713833333333;48.3489233333333;6.30603904222698;-10.0917720207568;21261
-5.626755;48.3485733333333;6.30603904222698;-10.0917720207568;21272
-5.62613833333333;48.3479733333333;6.30603904222698;-10.0917720207568;21280
-5.625705;48.3475733333333;6.30603904222698;-10.0917720207568;21294
-5.62522166666667;48.347125;6.30603904222698;-10.0917720207568;21302
-5.62427333333333;48.346225;6.30603904222698;-10.0917720207568;21321
-5.62097333333333;48.3431083333333;6.18045689892065;-10.2860076084253;21389
-5.61950833333333;48.3416916666667;6.35903117079846;-10.1765771538771;21422
-5.61904;48.3412266666667;6.53566842018032;-10.0640468153451;21431
-5.61855833333333;48.340775;6.35903117079846;-10.1765771538771;21440
-5.618175;48.34041;6.30603904222698;-10.0917720207568;21451
-5.61767666666667;48.3399083333333;6.12895289495821;-10.2002905513718;21465
-5.61671;48.3389433333333;5.94999980926514;-10.3057019746723;21480
-5.61626;48.3384766666667;5.94999980926514;-10.3057019746723;21491
-5.61541166666667;48.33761;5.76923429599122;-10.4079741813179;21509
-5.61491166666667;48.3370933333333;5.94999980926514;-10.3057019746723;21520
-5.61446166666667;48.3366266666667;6;-10.3923048454133;21531
-5.61408;48.3362116666667;5.76923429599122;-10.4079741813179;21541
-5.613195;48.3352766666667;5.90000009536743;-10.2190999298376;21562
-5.61279666666667;48.334845;5.94999980926514;-10.3057019746723;21571
-5.61181333333333;48.3338266666667;5.94999980926514;-10.3057019746723;21591
-5.61136333333333;48.3333616666667;6;-10.3923048454133;21601
-5.61096166666667;48.332945;6;-10.3923048454133;21611
-5.61051333333333;48.332495;6.12895289495821;-10.2002905513718;21619
-5.61006333333333;48.3320283333333;6;-10.3923048454133;21631
-5.60954666666667;48.3315116666667;6;-10.3923048454133;21641
-5.60819666666667;48.3301966666667;6.12895289495821;-10.2002905513718;21673
-5.60768;48.3296966666667;6;-10.3923048454133;21684
-5.605065;48.3269466666667;5.63365875343069;-10.5953711143071;21740
-5.60458166666667;48.32643;5.63365875343069;-10.5953711143071;21752
-5.60413166666667;48.325965;5.76923429599122;-10.4079741813179;21762
-5.60368166666667;48.3254983333333;5.94999980926514;-10.3057019746723;21772
-5.60323166666667;48.3250483333333;5.76923429599122;-10.4079741813179;21783
-5.60189833333333;48.3236483333333;5.81771544295605;-10.4954364856727;21811
-5.59971666666667;48.3213666666667;5.76923429599122;-10.4079741813179;21863
-5.59921666666667;48.3208666666667;5.76923429599122;-10.4079741813179;21871
-5.59876666666667;48.3204;5.86619658992087;-10.5828987900276;21881
-5.597435;48.319;5.81771544295605;-10.4954364856727;21913
-5.59563333333333;48.3171516666667;5.81771544295605;-10.4954364856727;21951
-5.595235;48.316735;5.76923429599122;-10.4079741813179;21963
-5.594785;48.3162683333333;5.76923429599122;-10.4079741813179;21970
-5.59298666666667;48.314335;5.76923429599122;-10.4079741813179;22012
-5.59123666666667;48.3124683333333;5.81771544295605;-10.4954364856727;22051
-5.59085333333333;48.3120533333333;5.81771544295605;-10.4954364856727;22063
-5.59045333333333;48.31162;5.76923429599122;-10.4079741813179;22069
-5.58952;48.3106533333333;5.76923429599122;-10.4079741813179;22093
-5.58902;48.3101366666667;6;-10.3923048454133;22102
-5.58687166666667;48.3078366666667;5.58671141806292;-10.5070760182035;22149
-5.585955;48.306855;5.58671141806292;-10.5070760182035;22175
-5.58552166666667;48.3063883333333;5.58671141806292;-10.5070760182035;22184
-5.58463833333333;48.305455;5.58671141806292;-10.5070760182035;22205
-5.58377333333333;48.3045216666667;5.53976453041811;-10.4187817641442;22220
-5.58332333333333;48.304055;5.58671141806292;-10.5070760182035;22231
-5.58289;48.3035883333333;5.58671141806292;-10.5070760182035;22243
-5.58252333333333;48.3032066666667;5.58671141806292;-10.5070760182035;22249
-5.58202333333333;48.3027066666667;5.58671141806292;-10.5070760182035;22261
-5.58159;48.30224;5.58671141806292;-10.5070760182035;22269
-5.57890833333333;48.2994566666667;5.58671141806292;-10.5070760182035;22332
-5.57845666666667;48.29899;5.58671141806292;-10.5070760182035;22343
-5.57625833333333;48.2966416666667;5.44788599687456;-10.6920782902604;22391
-5.57326;48.293325;5.68060608879847;-10.6836662104108;22461
-5.57087833333333;48.29046;4.38289707151564;-10.8480509215851;22521
-5.56998;48.2890266666667;3.1973934326245;-11.1506360395767;22549
-5.56981333333333;48.28866;2.80629408124202;-11.25543079494;22558
-5.56969666666667;48.28841;2.58693712495444;-11.2052557450302;22564
-5.56939833333333;48.287595;1.78335284178362;-11.2596467060114;22577
-5.56933166666667;48.2872783333333;1.19162444137681;-11.3375492278183;22582
-5.56928166666667;48.2870283333333;0.984859909672181;-11.2570002784458;22587
-5.569215;48.2866616666667;0.586162699938679;-11.1846505987778;22595
-5.56913166666667;48.2862616666667;0.580929134261259;-11.0847882167227;22602
-5.56909833333333;48.285995;0.575695518672382;-10.9849248823003;22609
-5.56903166666667;48.285595;0.387384426710859;-11.0932385611493;22615
-5.56898333333333;48.285345;0.383894463727508;-10.9932990972101;22623
-5.569;48.28488;-0.38389446372751;-10.9932990972101;22632
-5.56905;48.28458;-1.13936020974297;-10.8402882801342;22638
-5.56915;48.2837466666667;-1.48915215372754;-10.5958681466562;22653
-5.56925;48.2829633333333;-1.29181508658403;-10.5209895860243;22671
-5.56936666666667;48.2820633333333;-1.30400195119035;-10.620243633249;22687
-5.56943333333333;48.2814133333333;-1.12890742322788;-10.7408366596673;22699
-5.56948333333333;48.28088;-0.941282038298344;-10.7589029293999;22710
-5.56953333333333;48.2804133333333;-0.75336992974154;-10.7736919330763;22719
-5.56958333333333;48.279915;-0.760345537200978;-10.8734477672916;22729
-5.56963333333333;48.279415;-0.760345537200978;-10.8734477672916;22743
-5.56966666666667;48.278915;-0.760345537200978;-10.8734477672916;22749
-5.5697;48.2783983333333;-0.760345537200978;-10.8734477672916;22761
-5.56973333333333;48.2778983333333;-0.767321211185373;-10.9732045528581;22770
-5.56975;48.2773983333333;-0.570461903083502;-10.8850615478779;22779
-5.56976666666667;48.2768816666667;-0.38389446372751;-10.9932990972101;22789
-5.56975;48.276365;-0.191976470810115;-10.9983246467203;22801
-5.56973333333333;48.275865;1.34711147906209e-15;-11;22813
-5.5696;48.2748;0.774296885169776;-11.0729613384245;22831
-5.56973333333333;48.275865;1.34711147906209e-15;-11;22837
-5.56942333333333;48.2738833333333;1.14981309594419;-10.939740849051;22849
-5.56951666666667;48.2743333333333;0.967428777746288;-11.0577615288365;22860
-5.56942333333333;48.2738833333333;1.14981309594419;-10.939740849051;22866
-5.56918666666667;48.2728666666667;1.54482147374705;-10.9919759407887;22872
-5.56901833333333;48.2723166666667;1.92749483834445;-10.9313664341099;22880
-5.568395;48.270785;2.89877325578242;-10.8183690702018;22912
-5.566815;48.2685066666667;5.0392947202926;-9.8901727583829;22960
-5.56457333333333;48.26648;6.30934079986151;-9.01067248717891;23009
-5.56357166666667;48.2656466666667;6.30934079986151;-9.01067248717891;23031
-5.56313833333333;48.2652966666667;6.30934079986151;-9.01067248717891;23040
-5.562655;48.2648966666667;6.30934079986151;-9.01067248717891;23054
-5.56213833333333;48.264465;6.36669866229866;-9.09258800408951;23062
-5.56175666666667;48.2641466666667;6.30934079986151;-9.01067248717891;23069
-5.56119;48.2636633333333;6.15112193817822;-9.11941329810546;23079
-5.55925666666667;48.262065;6.36669866229866;-9.09258800408951;23121
-5.55880666666667;48.2616983333333;6.30934079986151;-9.01067248717891;23129
-5.55832333333333;48.2612983333333;6.30934079986151;-9.01067248717891;23139
-5.55779;48.260865;6.4240559777307;-9.17450273979585;23151
-5.556875;48.26008;6.48141384016785;-9.25641825670646;23170
-5.55535666666667;48.258815;6.4240559777307;-9.17450273979585;23201
-5.554875;48.258415;6.31887991587702;-9.36812472799834;23210
-5.55396;48.257615;6.31887991587702;-9.36812472799834;23230
-5.552475;48.2563983333333;6.53877115559988;-9.3383329924128;23261
-5.55094166666667;48.255115;6.59612901803703;-9.4202485093234;23292
-5.54950833333333;48.2539166666667;6.59612901803703;-9.4202485093234;23321
-5.54845833333333;48.2530333333333;6.59612901803703;-9.4202485093234;23340
-5.54797666666667;48.2526166666667;6.59612901803703;-9.4202485093234;23353
-5.54747666666667;48.2522;6.59612901803703;-9.4202485093234;23364
-5.54654333333333;48.2514;6.59612901803703;-9.4202485093234;23381
-5.54599333333333;48.2509333333333;6.65348688047418;-9.50216402623401;23392
-5.54247833333333;48.248;6.65348688047418;-9.50216402623401;23464
-5.54197833333333;48.2475833333333;6.71084419590622;-9.58407876194035;23470
-5.54094333333333;48.246735;6.71084419590622;-9.58407876194035;23490
-5.53992833333333;48.2459016666667;6.54255686395016;-9.69973944076762;23514
-5.53937833333333;48.2454516666667;6.48663789357583;-9.61683615789122;23521
-5.53843;48.2446516666667;6.71084419590622;-9.58407876194035;23543
-5.53796166666667;48.24427;6.65348688047418;-9.50216402623401;23551
-5.53746166666667;48.2438516666667;6.71084419590622;-9.58407876194035;23559
-5.53638;48.24297;6.65348688047418;-9.50216402623401;23581
-5.53543;48.2421866666667;6.65348688047418;-9.50216402623401;23603
-5.53486333333333;48.24172;6.65348688047418;-9.50216402623401;23611
-5.534415;48.2413366666667;6.48663789357583;-9.61683615789122;23620
-5.53293333333333;48.2400033333333;6.14706366725333;-9.83735823891922;23650
-5.531085;48.2382366666667;5.92293786146563;-9.85742395807429;23696
-5.53015166666667;48.23737;6.14706366725333;-9.83735823891922;23712
-5.52975166666667;48.23697;6.14706366725333;-9.83735823891922;23719
-5.52876833333333;48.2360533333333;6.14706366725333;-9.83735823891922;23740
-5.52590166666667;48.2334216666667;6.14706366725333;-9.83735823891922;23800
-5.52552;48.2330716666667;6.14706366725333;-9.83735823891922;23811
-5.52500333333333;48.2325883333333;6.14706366725333;-9.83735823891922;23820
-5.52458666666667;48.232205;6.14706366725333;-9.83735823891922;23830
-5.52412;48.2317716666667;6.14706366725333;-9.83735823891922;23839
-5.52275333333333;48.2305066666667;6.14706366725333;-9.83735823891922;23869
-5.52172166666667;48.2295566666667;6.14706366725333;-9.83735823891922;23889
-5.52078833333333;48.22869;6.14706366725333;-9.83735823891922;23911
-5.518455;48.226575;6.09407153868186;-9.7525531057989;23959
-5.51704;48.2252916666667;6.14706366725333;-9.83735823891922;23989
-5.51655666666667;48.2248583333333;6.09407153868186;-9.7525531057989;24003
-5.51564166666667;48.2239916666667;6.09407153868186;-9.7525531057989;24019
-5.51510666666667;48.2235083333333;6.14706366725333;-9.83735823891922;24030
-5.51464166666667;48.2230766666667;6.14706366725333;-9.83735823891922;24040
-5.514225;48.2226933333333;6.14706366725333;-9.83735823891922;24049
-5.51374166666667;48.22226;5.97444186542806;-9.94314101512788;24064
-5.51274166666667;48.2213433333333;6.09407153868186;-9.7525531057989;24080
-5.51179166666667;48.2204933333333;6.09407153868186;-9.7525531057989;24101
-5.511375;48.2200933333333;6.09407153868186;-9.7525531057989;24109
-5.510375;48.219195;6.09407153868186;-9.7525531057989;24131
-5.50994166666667;48.2188283333333;6.14706366725333;-9.83735823891922;24140
-5.509475;48.218395;6.20005529045442;-9.92216256327785;24151
-5.50855833333333;48.2175783333333;6.09407153868186;-9.7525531057989;24169
-5.507925;48.2170283333333;6.14706366725333;-9.83735823891922;24181
-5.50706;48.2162616666667;6.14706366725333;-9.83735823891922;24199
-5.50651;48.2157783333333;6.14706366725333;-9.83735823891922;24209
-5.506025;48.2153633333333;6.14706366725333;-9.83735823891922;24222
-5.50412666666667;48.2137133333333;6.14706366725333;-9.83735823891922;24259
-5.503145;48.2128466666667;5.97444186542806;-9.94314101512788;24281
-5.50167833333333;48.2115133333333;5.97444186542806;-9.94314101512788;24311
-5.501245;48.2111133333333;5.97444186542806;-9.94314101512788;24319
-5.50072833333333;48.2106466666667;6.20005529045442;-9.92216256327785;24331
-5.50024666666667;48.2102133333333;6.14706366725333;-9.83735823891922;24341
-5.49929666666667;48.20933;6.14706366725333;-9.83735823891922;24362
-5.49888;48.2089483333333;6.14706366725333;-9.83735823891922;24372
-5.49834666666667;48.208465;6.20005529045442;-9.92216256327785;24379
-5.49691333333333;48.207165;6.20005529045442;-9.92216256327785;24411
-5.49643;48.2067316666667;6.14706366725333;-9.83735823891922;24420
-5.49553;48.2058983333333;6.20005529045442;-9.92216256327785;24443
-5.49408;48.2046;6.2530474190259;-10.0069676963982;24475
-5.49263166666667;48.2032833333333;6.20005529045442;-9.92216256327785;24504
-5.49168166666667;48.2024;6.2530474190259;-10.0069676963982;24521
-5.49114833333333;48.2019333333333;6.20005529045442;-9.92216256327785;24531
-5.490665;48.2014833333333;6.20005529045442;-9.92216256327785;24545
-5.48975;48.20065;6.20005529045442;-9.92216256327785;24562
-5.48826666666667;48.1993016666667;6.20005529045442;-9.92216256327785;24591
-5.48593333333333;48.1972016666667;6.20005529045442;-9.92216256327785;24640
-5.48486666666667;48.196235;6.30603904222698;-10.0917720207568;24662
-5.483485;48.1949533333333;6.2530474190259;-10.0069676963982;24689
-5.48300166666667;48.19452;6.2530474190259;-10.0069676963982;24701
-5.48198333333333;48.1936033333333;6.2530474190259;-10.0069676963982;24721
-5.48106833333333;48.19277;6.2530474190259;-10.0069676963982;24741
-5.480585;48.1923366666667;6.20005529045442;-9.92216256327785;24749
-5.48015333333333;48.1919366666667;6.20005529045442;-9.92216256327785;24758
-5.47862;48.19052;6.2530474190259;-10.0069676963982;24791
-5.47722;48.1892383333333;6.2530474190259;-10.0069676963982;24821
-5.47668666666667;48.1887383333333;6.2530474190259;-10.0069676963982;24832
-5.47622;48.188305;6.2530474190259;-10.0069676963982;24841
-5.47530333333333;48.187455;6.2530474190259;-10.0069676963982;24859
-5.47477;48.1869716666667;6.2530474190259;-10.0069676963982;24871
-5.47433666666667;48.1865716666667;6.2530474190259;-10.0069676963982;24881
-5.47330333333333;48.185655;6.2530474190259;-10.0069676963982;24901
-5.47233666666667;48.1847716666667;6.2530474190259;-10.0069676963982;24919
-5.47183666666667;48.1843383333333;6.2530474190259;-10.0069676963982;24932
-5.471405;48.1839383333333;6.30603904222698;-10.0917720207568;24944
-5.46988833333333;48.1825716666667;6.30603904222698;-10.0917720207568;24970
-5.46943833333333;48.1821716666667;6.35903117079846;-10.1765771538771;24981
-5.46888833333333;48.18169;6.30603904222698;-10.0917720207568;24991
-5.46843833333333;48.18129;6.30603904222698;-10.0917720207568;25000
-5.466905;48.1799233333333;6.30603904222698;-10.0917720207568;25031
-5.46549;48.17864;6.35903117079846;-10.1765771538771;25061
-5.46347333333333;48.1768083333333;6.30603904222698;-10.0917720207568;25100
-5.46252333333333;48.175975;6.35903117079846;-10.1765771538771;25119
-5.46154;48.175075;6.35903117079846;-10.1765771538771;25144
-5.45955666666667;48.1732916666667;6.41202329936994;-10.2613822869974;25179
-5.45750833333333;48.1714416666667;6.41202329936994;-10.2613822869974;25221
-5.45555833333333;48.1696933333333;6.35903117079846;-10.1765771538771;25262
-5.45500833333333;48.16921;6.41202329936994;-10.2613822869974;25270
-5.454575;48.1687933333333;6.18045689892065;-10.2860076084253;25282
-5.45405833333333;48.1682916666667;6;-10.3923048454133;25294
-5.45357666666667;48.1678266666667;6;-10.3923048454133;25299
-5.45261;48.16691;6;-10.3923048454133;25322
-5.45166;48.1659933333333;6.05000019073486;-10.4789077161542;25341
-5.45122666666667;48.1655766666667;6.05000019073486;-10.4789077161542;25349
-5.45024333333333;48.16461;6.05000019073486;-10.4789077161542;25371
-5.44976;48.1641433333333;6.09999990463257;-10.5655097609889;25385
-5.44929333333333;48.1636766666667;6.05000019073486;-10.4789077161542;25391
-5.44881;48.1632283333333;6.09999990463257;-10.5655097609889;25401
-5.44834333333333;48.16276;6.05000019073486;-10.4789077161542;25409
-5.44791;48.162345;6.09999990463257;-10.5655097609889;25421
-5.44601166666667;48.1604783333333;6.09999990463257;-10.5655097609889;25461
-5.44552833333333;48.1600116666667;6.09999990463257;-10.5655097609889;25469
-5.44511166666667;48.1595783333333;6.09999990463257;-10.5655097609889;25480
-5.44406166666667;48.158545;6.15000009536743;-10.6521126317298;25505
-5.44309666666667;48.1576133333333;6.09999990463257;-10.5655097609889;25522
-5.44268;48.1571966666667;6.15000009536743;-10.6521126317298;25529
-5.44219666666667;48.15673;6.09999990463257;-10.5655097609889;25541
-5.44166333333333;48.1562133333333;6.09999990463257;-10.5655097609889;25553
-5.44118;48.1557466666667;6.15000009536743;-10.6521126317298;25562
-5.43971333333333;48.1543466666667;6.15000009536743;-10.6521126317298;25589
-5.43928;48.15393;6.15000009536743;-10.6521126317298;25599
-5.43876333333333;48.153415;5.96315842150004;-10.757822564635;25611
-5.438265;48.1529483333333;6.09999990463257;-10.5655097609889;25624
-5.43729666666667;48.152015;6.15000009536743;-10.6521126317298;25641
-5.43644666666667;48.1511633333333;5.96315842150004;-10.757822564635;25662
-5.435865;48.1505983333333;6.15000009536743;-10.6521126317298;25671
-5.43394833333333;48.148715;6.15000009536743;-10.6521126317298;25711
-5.433515;48.1482983333333;6.15000009536743;-10.6521126317298;25722
-5.43299833333333;48.147765;6.15000009536743;-10.6521126317298;25731
-5.43253166666667;48.1472983333333;6.09999990463257;-10.5655097609889;25743
-5.43209833333333;48.1468816666667;6.15000009536743;-10.6521126317298;25751
-5.43253166666667;48.1472983333333;6.09999990463257;-10.5655097609889;25757
-5.431615;48.1463983333333;6.15000009536743;-10.6521126317298;25766
-5.4307;48.1455166666667;6.15000009536743;-10.6521126317298;25781
-5.43018333333333;48.145;6.09999990463257;-10.5655097609889;25792
-5.4297;48.1445333333333;6.09999990463257;-10.5655097609889;25799
-5.42825;48.14305;6.15000009536743;-10.6521126317298;25831
-5.42781833333333;48.1426366666667;6.15000009536743;-10.6521126317298;25841
-5.42688666666667;48.1416866666667;6.15000009536743;-10.6521126317298;25859
-5.42593666666667;48.1407366666667;6.19999980926514;-10.7387146765646;25881
-5.42540333333333;48.14022;6.15000009536743;-10.6521126317298;25891
-5.42402166666667;48.1388366666667;6.15000009536743;-10.6521126317298;25919
-5.423005;48.1378533333333;6.19999980926514;-10.7387146765646;25940
-5.42162166666667;48.1364883333333;6.19999980926514;-10.7387146765646;25972
-5.421205;48.136055;6.15000009536743;-10.6521126317298;25979
-5.42063833333333;48.1354883333333;6.15000009536743;-10.6521126317298;25992
-5.41920666666667;48.134055;6.15000009536743;-10.6521126317298;26021
-5.41877166666667;48.13364;6.15000009536743;-10.6521126317298;26031
-5.418305;48.133155;6.19999980926514;-10.7387146765646;26045
-5.41733833333333;48.1322216666667;6.19999980926514;-10.7387146765646;26061
-5.41588833333333;48.1308066666667;6.15000009536743;-10.6521126317298;26090
-5.415405;48.1303233333333;6.19999980926514;-10.7387146765646;26100
-5.413855;48.128825;6.19999980926514;-10.7387146765646;26131
-5.41300666666667;48.1279566666667;6.01163910611439;-10.8452840348876;26152
-5.41249;48.12744;6.19999980926514;-10.7387146765646;26164
-5.41200666666667;48.1269566666667;6.19999980926514;-10.7387146765646;26175
-5.40959166666667;48.1245916666667;6.15000009536743;-10.6521126317298;26222
-5.40912333333333;48.1241083333333;6.19999980926514;-10.7387146765646;26231
-5.40770666666667;48.1227416666667;6.19999980926514;-10.7387146765646;26260
-5.40724166666667;48.1222583333333;6.19999980926514;-10.7387146765646;26273
-5.40617333333333;48.121225;6.19999980926514;-10.7387146765646;26293
-5.40484333333333;48.1198916666667;6.19999980926514;-10.7387146765646;26321
-5.40435833333333;48.1194083333333;6.19999980926514;-10.7387146765646;26330
-5.40335833333333;48.11841;6.15000009536743;-10.6521126317298;26351
-5.40240833333333;48.11746;6.19999980926514;-10.7387146765646;26371
-5.402025;48.1170766666667;6.19999980926514;-10.7387146765646;26379
-5.40149333333333;48.11656;6.19999980926514;-10.7387146765646;26391
-5.40101;48.1160933333333;6.19999980926514;-10.7387146765646;26399
-5.400495;48.11556;6.19999980926514;-10.7387146765646;26412
-5.39996166666667;48.1150433333333;6.15000009536743;-10.6521126317298;26421
-5.39949333333333;48.11456;6.19999980926514;-10.7387146765646;26431
-5.398645;48.1136933333333;6.19999980926514;-10.7387146765646;26451
-5.39817833333333;48.1132266666667;6.15000009536743;-10.6521126317298;26461
-5.39671166666667;48.111745;6.15000009536743;-10.6521126317298;26491
-5.39626333333333;48.1112616666667;6.15000009536743;-10.6521126317298;26500
-5.39583;48.1108283333333;6.19999980926514;-10.7387146765646;26512
-5.39536333333333;48.1103433333333;6.19999980926514;-10.7387146765646;26519
-5.39486333333333;48.1098283333333;6.19999980926514;-10.7387146765646;26531
-5.39432833333333;48.109295;6.19999980926514;-10.7387146765646;26545
-5.393445;48.1083966666667;6.33496841962939;-10.5431579621277;26560
-5.39252833333333;48.107495;6.19999980926514;-10.7387146765646;26579
-5.39196333333333;48.1069283333333;6.19999980926514;-10.7387146765646;26591
-5.39106333333333;48.1060133333333;6.15000009536743;-10.6521126317298;26609
-5.39059666666667;48.1055466666667;6.15000009536743;-10.6521126317298;26621
-5.38971333333333;48.1046466666667;6.19999980926514;-10.7387146765646;26641
-5.38919833333333;48.1041133333333;6.19999980926514;-10.7387146765646;26650
-5.38776333333333;48.10268;6.38647193241324;-10.6288742017228;26680
-5.38727833333333;48.102215;6.38647193241324;-10.6288742017228;26697
-5.38679666666667;48.1017483333333;6.33496841962939;-10.5431579621277;26702
-5.38629666666667;48.1012816666667;6.38647193241324;-10.6288742017228;26711
-5.38483;48.0998816666667;6.33496841962939;-10.5431579621277;26740
-5.38439833333333;48.099465;6.33496841962939;-10.5431579621277;26749
-5.38389833333333;48.0989816666667;6.33496841962939;-10.5431579621277;26762
-5.38334666666667;48.0984816666667;6.38647193241324;-10.6288742017228;26773
-5.38231333333333;48.0975;6.38647193241324;-10.6288742017228;26792
-5.38141333333333;48.0966666666667;6.19999980926514;-10.7387146765646;26811
-5.38093166666667;48.0961983333333;6.19999980926514;-10.7387146765646;26820
-5.38043;48.0957333333333;6.33496841962939;-10.5431579621277;26829
-5.378465;48.0938683333333;6.28346441566695;-10.4574409050741;26872
-5.37749833333333;48.092935;6.15000009536743;-10.6521126317298;26891
-5.377;48.0924683333333;6.33496841962939;-10.5431579621277;26901
-5.375985;48.091485;6.38647193241324;-10.6288742017228;26921
-5.37505;48.0906016666667;6.33496841962939;-10.5431579621277;26940
-5.37411666666667;48.0897016666667;6.33496841962939;-10.5431579621277;26959
-5.373535;48.0891516666667;6.33496841962939;-10.5431579621277;26971
-5.373;48.088635;6.33496841962939;-10.5431579621277;26980
-5.3725;48.0881683333333;6.33496841962939;-10.5431579621277;26990
-5.37206666666667;48.0877516666667;6.38647193241324;-10.6288742017228;27001
-5.37163333333333;48.08732;6.28346441566695;-10.4574409050741;27009
-5.37113333333333;48.0868516666667;6.28346441566695;-10.4574409050741;27019
-5.36911833333333;48.0849366666667;6.33496841962939;-10.5431579621277;27063
-5.368635;48.08447;6.38647193241324;-10.6288742017228;27071
-5.36715333333333;48.08307;6.33496841962939;-10.5431579621277;27101
-5.36666833333333;48.0826033333333;6.33496841962939;-10.5431579621277;27112
-5.365685;48.08167;6.38647193241324;-10.6288742017228;27133
-5.365235;48.0812533333333;6.38647193241324;-10.6288742017228;27139
-5.36468666666667;48.0807383333333;6.38647193241324;-10.6288742017228;27151
-5.36372166666667;48.0797883333333;6.19999980926514;-10.7387146765646;27170
-5.362755;48.078855;6.33496841962939;-10.5431579621277;27191
-5.36178833333333;48.077905;6.38647193241324;-10.6288742017228;27211
-5.361305;48.0774383333333;6.33496841962939;-10.5431579621277;27223
-5.360755;48.0769216666667;6.33496841962939;-10.5431579621277;27236
-5.36037166666667;48.0765383333333;6.33496841962939;-10.5431579621277;27242
-5.35938666666667;48.0756066666667;6.38647193241324;-10.6288742017228;27261
-5.35883666666667;48.0751066666667;6.38647193241324;-10.6288742017228;27271
-5.358355;48.07464;6.33496841962939;-10.5431579621277;27285
-5.357405;48.07374;6.33496841962939;-10.5431579621277;27299
-5.35642166666667;48.0728066666667;6.33496841962939;-10.5431579621277;27321
-5.35544;48.0718733333333;6.33496841962939;-10.5431579621277;27341
-5.35490666666667;48.071375;6.15000009536743;-10.6521126317298;27351
-5.354455;48.0709416666667;6.38647193241324;-10.6288742017228;27362
-5.353405;48.069975;6.33496841962939;-10.5431579621277;27382
-5.352905;48.069525;6.33496841962939;-10.5431579621277;27391
-5.35240666666667;48.0690583333333;6.33496841962939;-10.5431579621277;27401
-5.35185666666667;48.0685583333333;6.33496841962939;-10.5431579621277;27411
-5.35094;48.067675;6.15000009536743;-10.6521126317298;27431
-5.35044166666667;48.0672083333333;6.15000009536743;-10.6521126317298;27442
-5.348975;48.0658083333333;6.33496841962939;-10.5431579621277;27475
-5.348425;48.06531;6.33496841962939;-10.5431579621277;27482
-5.347925;48.0648416666667;6.33496841962939;-10.5431579621277;27493
-5.34694166666667;48.06391;6.33496841962939;-10.5431579621277;27511
-5.34650833333333;48.0634933333333;6.33496841962939;-10.5431579621277;27521
-5.345975;48.0629766666667;6.33496841962939;-10.5431579621277;27531
-5.345525;48.06256;6.33496841962939;-10.5431579621277;27541
-5.34504166666667;48.06211;6.33496841962939;-10.5431579621277;27551
-5.34456;48.0616266666667;6.33496841962939;-10.5431579621277;27561
-5.34354333333333;48.0606433333333;6.33496841962939;-10.5431579621277;27581
-5.34311;48.0602283333333;6.33496841962939;-10.5431579621277;27591
-5.34256;48.0597283333333;6.5180070511425;-10.4309917444764;27602
-5.34205833333333;48.0592616666667;6.46501492257102;-10.3461866113561;27611
-5.34162666666667;48.058845;6.28346441566695;-10.4574409050741;27621
-5.34114333333333;48.0583783333333;6.28346441566695;-10.4574409050741;27631
-5.34017666666667;48.0574616666667;6.33496841962939;-10.5431579621277;27651
-5.33969333333333;48.056995;6.28346441566695;-10.4574409050741;27664
-5.33921166666667;48.0565283333333;6.33496841962939;-10.5431579621277;27671
-5.33867833333333;48.0560116666667;6.28346441566695;-10.4574409050741;27682
-5.33817833333333;48.055545;6.28346441566695;-10.4574409050741;27691
-5.33727833333333;48.0546616666667;6.33496841962939;-10.5431579621277;27714
-5.336745;48.0541466666667;6.33496841962939;-10.5431579621277;27722
-5.33631166666667;48.05373;6.33496841962939;-10.5431579621277;27731
-5.33582833333333;48.0532633333333;6.28346441566695;-10.4574409050741;27742
-5.335345;48.0527966666667;6.33496841962939;-10.5431579621277;27751
-5.33438;48.051865;6.33496841962939;-10.5431579621277;27770
-5.33338;48.0508633333333;6.33496841962939;-10.5431579621277;27790
-5.33289666666667;48.0503983333333;6.33496841962939;-10.5431579621277;27805
-5.33148;48.0490483333333;6.33496841962939;-10.5431579621277;27832
-5.33104666666667;48.0486316666667;6.33496841962939;-10.5431579621277;27839
-5.33056333333333;48.048165;6.33496841962939;-10.5431579621277;27849
-5.32954833333333;48.0471816666667;6.38647193241324;-10.6288742017228;27871
-5.32914666666667;48.0467983333333;6.28346441566695;-10.4574409050741;27881
-5.32664833333333;48.044365;6.33496841962939;-10.5431579621277;27933
-5.326215;48.0439316666667;6.33496841962939;-10.5431579621277;27940
-5.32574833333333;48.043465;6.33496841962939;-10.5431579621277;27949
-5.3242;48.0419666666667;6.38647193241324;-10.6288742017228;27982
-5.32373166666667;48.0414833333333;6.28346441566695;-10.4574409050741;27996
-5.32333166666667;48.0411166666667;6.28346441566695;-10.4574409050741;28006
-5.3214;48.0391833333333;6.28346441566695;-10.4574409050741;28042
-5.32001666666667;48.0378183333333;6.33496841962939;-10.5431579621277;28072
-5.31955;48.0373516666667;6.33496841962939;-10.5431579621277;28079
-5.31850166666667;48.0363016666667;6.33496841962939;-10.5431579621277;28102
-5.31765166666667;48.0354683333333;6.28346441566695;-10.4574409050741;28120
-5.31621833333333;48.0340516666667;6.33496841962939;-10.5431579621277;28150
-5.31570166666667;48.033535;6.33496841962939;-10.5431579621277;28161
-5.31521833333333;48.0330683333333;6.33496841962939;-10.5431579621277;28175
-5.31481833333333;48.0327016666667;6.33496841962939;-10.5431579621277;28183
-5.31376833333333;48.0316683333333;6.33496841962939;-10.5431579621277;28201
-5.29804;48.0163733333333;6.05000019073486;-10.4789077161542;28531
-5.28234333333333;48.0012116666667;6.46501492257102;-10.3461866113561;28859
-5.28019333333333;47.9994116666667;7.44950408629668;-9.53493041924358;28903
-5.27909333333333;47.998645;8.16339326995154;-9.06636672908058;28921
-5.26646333333333;47.9933816666667;9.66599427885096;-6.76820205834336;29104
-5.265065;47.992815;9.62730192444638;-6.99464427805815;29122
-5.263665;47.9922333333333;9.62730192444638;-6.99464427805815;29141
-5.25939333333333;47.9905383333333;10.0313549441687;-6.7662343453112;29201
-5.25731166666667;47.9897233333333;10.0313549441687;-6.7662343453112;29229
-5.25652833333333;47.9894066666667;10.0313549441687;-6.7662343453112;29242
-5.25299666666667;47.9880066666667;9.91174004837851;-6.9402750986497;29292
-5.25149833333333;47.9873883333333;9.99365478408485;-6.99763241408174;29310
-5.250115;47.9868383333333;10.0755703009955;-7.05499027651889;29331
-5.248665;47.9862566666667;10.0755703009955;-7.05499027651889;29351
-5.24723166666667;47.9856716666667;10.0755703009955;-7.05499027651889;29371
-5.24643333333333;47.9853383333333;10.0755703009955;-7.05499027651889;29380
-5.24433333333333;47.98449;10.0755703009955;-7.05499027651889;29411
-5.24215;47.9836066666667;10.0755703009955;-7.05499027651889;29441
-5.240685;47.9830066666667;10.0755703009955;-7.05499027651889;29460
-5.23996833333333;47.9827233333333;10.0755703009955;-7.05499027651889;29471
-5.238435;47.9820916666667;10.1574850367018;-7.11234759195092;29491
-5.237635;47.9817733333333;10.1574850367018;-7.11234759195092;29507
-5.23705166666667;47.9815233333333;10.1574850367018;-7.11234759195092;29515
-5.233355;47.9799733333333;10.0318104216339;-7.28853690420439;29567
-5.231905;47.9793566666667;10.2394005536124;-7.16970545438807;29581
-5.233355;47.9799733333333;10.0318104216339;-7.28853690420439;29619
-5.22842333333333;47.97779;10.1127124296868;-7.34731565365591;29629
-5.22692333333333;47.9771066666667;10.2394005536124;-7.16970545438807;29651
-5.22620666666667;47.97679;10.362969656938;-6.98991129338433;29662
-5.22467333333333;47.9761416666667;10.3995147225958;-6.75352382642303;29681
-5.22402333333333;47.975875;10.4833820993178;-6.80798793768784;29693
-5.22255833333333;47.975275;10.362969656938;-6.98991129338433;29711
-5.21974166666667;47.9740583333333;10.2394005536124;-7.16970545438807;29750
-5.21900833333333;47.9737433333333;10.1127124296868;-7.34731565365591;29763
-5.21741;47.9730583333333;10.2394005536124;-7.16970545438807;29781
-5.213045;47.971175;10.321316070523;-7.22706331682522;29840
-5.19253333333333;47.962295;10.4032308062293;-7.28442063225726;30121
-5.18530166666667;47.959145;10.48514632314;-7.34177849469441;30220
-5.18233666666667;47.9578466666667;10.48514632314;-7.34177849469441;30262
-5.18078666666667;47.9571633333333;10.5670610588463;-7.39913581012644;30279
-5.17922166666667;47.9564966666667;10.48514632314;-7.34177849469441;30301
-5.17487333333333;47.9545633333333;10.5670610588463;-7.39913581012644;30360
-5.163675;47.9497166666667;10.9398201169132;-6.83595830646018;30510
-5.161375;47.9488;11.0574578520739;-6.64399096986827;30540
-5.15907666666667;47.9479;11.0246252500335;-6.88895043503166;30575
-5.15676;47.9470016666667;11.0246252500335;-6.88895043503166;30603
-5.14974666666667;47.944235;11.0246252500335;-6.88895043503166;30692
-5.14906333333333;47.9439683333333;11.1094303831539;-6.94194256360314;30701
-5.14749666666667;47.94337;11.0246252500335;-6.88895043503166;30724
-5.14679666666667;47.9431033333333;11.0246252500335;-6.88895043503166;30732
-5.14284833333333;47.9415533333333;11.1094303831539;-6.94194256360314;30784
-5.140415;47.94062;11.1094303831539;-6.94194256360314;30815
-5.13971666666667;47.9403366666667;11.1094303831539;-6.94194256360314;30823
-5.13823166666667;47.93977;11.1094303831539;-6.94194256360314;30840
-5.13581666666667;47.9388366666667;11.1094303831539;-6.94194256360314;30874
-5.133535;47.937955;11.1094303831539;-6.94194256360314;30899
-5.13031833333333;47.9367383333333;11.1094303831539;-6.94194256360314;30941
-5.12796833333333;47.9358383333333;11.1094303831539;-6.94194256360314;30971
-5.12710333333333;47.9355216666667;11.0246252500335;-6.88895043503166;30983
-5.12415333333333;47.9343883333333;11.0246252500335;-6.88895043503166;31023
-5.12330333333333;47.934055;11.0246252500335;-6.88895043503166;31031
-5.12243833333333;47.9337216666667;11.0246252500335;-6.88895043503166;31050
-5.11702333333333;47.9316233333333;11.0246252500335;-6.88895043503166;31112
-5.11254166666667;47.9299066666667;10.9398201169132;-6.83595830646018;31169
-5.11170833333333;47.9295733333333;10.9398201169132;-6.83595830646018;31181
-5.11085833333333;47.92924;10.9398201169132;-6.83595830646018;31191
-5.10932666666667;47.92864;10.9398201169132;-6.83595830646018;31211
-5.10856;47.9283233333333;10.9398201169132;-6.83595830646018;31222
-5.10632666666667;47.9274583333333;10.9398201169132;-6.83595830646018;31251
-5.10564333333333;47.9271916666667;10.9398201169132;-6.83595830646018;31260
-5.103945;47.926525;10.9398201169132;-6.83595830646018;31281
-5.10326;47.9262583333333;10.9398201169132;-6.83595830646018;31290
-5.102495;47.9259583333333;10.9398201169132;-6.83595830646018;31302
-5.09868;47.9244416666667;10.9398201169132;-6.83595830646018;31357
-5.09639666666667;47.923525;10.9398201169132;-6.83595830646018;31380
-5.09334833333333;47.9222916666667;10.9398201169132;-6.83595830646018;31423
-5.08876666666667;47.92046;10.9398201169132;-6.83595830646018;31481
-5.08341833333333;47.9183266666667;10.8188500065685;-7.02584334393055;31552
-5.07665333333333;47.915595;10.9398201169132;-6.83595830646018;31640
-5.06980666666667;47.912745;10.8188500065685;-7.02584334393055;31730
-5.06525666666667;47.910795;10.7349834296651;-6.971379752074;31795
-5.060875;47.9089133333333;10.7349834296651;-6.971379752074;31851
-5.04229666666667;47.9007983333333;10.8188500065685;-7.02584334393055;32100
-5.03781666666667;47.8988333333333;10.8188500065685;-7.02584334393055;32165
-5.034825;47.8975183333333;10.8188500065685;-7.02584334393055;32199
-4.98242333333333;47.8755766666667;11.2583302491977;-6.5;32889
-4.96161333333333;47.8674783333333;11.2583302491977;-6.5;33159
-4.86173;47.8263916666667;11.0851253336221;-6.40000009536743;34481
