"x";"y";"vx";"vy";"t"
-5.91399;48.4693416666667;4.427548749795;9.07782021048431;0
-5.91012166666667;48.4748983333333;5.13898215955137;9.27096922931853;154
-5.90611666666667;48.48035;5;8.66025403784439;288
-5.89334;48.4980783333333;4.60289704128531;9.43733748614125;708
-5.88094833333333;48.5166966666667;4.55721024537537;8.22142491346938;1127
-5.87668666666667;48.5226383333333;4.83555718623927;9.09436037485584;1279
-5.86807833333333;48.5353583333333;5.35218477090353;8.56528609468458;1587
-5.85891333333333;48.5479566666667;4.80000019073486;8.31384420669309;1866
-5.852715;48.5563333333333;5.15000009536743;8.92006182416096;2091
-5.84384;48.56686;5.95796849963107;7.90649124481293;2338
-5.83144833333333;48.580395;6.95422595756603;7.99992183826024;2686
-5.82420333333333;48.5861566666667;6.56059028990507;7.54709580222772;2855
-5.81279;48.596015;6.52601187330819;8.3529142888335;3104
-5.79748166666667;48.60928;6.94210630721663;8.27328013179634;3444
-5.78919333333333;48.6160566666667;6.74926990170866;8.04346665274927;3636
-5.77787333333333;48.625645;7.15498134822324;7.40920008069129;3893
-5.772025;48.6300666666667;7.7523495161525;7.22918287682421;3996
-5.76434166666667;48.63534;7.29391288981947;7.55306790355584;4148
-5.75733166666667;48.64092;7.63675337168463;7.63675337168463;4306
-5.75085166666667;48.64578;7.42462120245875;7.42462120245875;4423
-5.74043166666667;48.6536683333333;8.3498841377741;7.00638470037927;4657
-5.72799833333333;48.6622733333333;8.19667539526168;6.87782730104396;4871
-5.71331;48.6717216666667;8.42648887430876;7.07066370655193;5165
-5.69827333333333;48.6817983333333;8.11802636696209;7.57018205685546;5448
-5.68687666666667;48.689405;7.43378186451951;7.97175506865966;5629
-5.680605;48.6938216666667;8.12007138928393;6.81354890788133;5763
-5.66932166666667;48.7021883333333;7.29352335405849;8.10027831421634;5966
-5.66059;48.7085783333333;7.91959581441942;7.91959581441942;6168
-5.64875166666667;48.71722;8.19667539526168;6.87782730104396;6369
-5.62324333333333;48.73372;8.57969761682117;7.19922110588723;6829
-5.615205;48.7384183333333;8.98008894617741;6.52441652466873;6973
-5.60431166666667;48.7440733333333;9.14150887067769;5.93656527390049;7144
-5.586065;48.7527866666667;9.71197077376119;4.94849627397743;7433
-5.56431166666667;48.7619383333333;9.97730796771476;5.30502874902516;7774
-5.55575;48.7656983333333;10.045895014262;5.80000019073486;7889
-5.539225;48.7732616666667;9.92216256327785;6.20005529045442;8140
-5.52942333333333;48.777685;10.3304866680406;5.49281719505033;8291
-5.50754;48.7880066666667;10.3361315324404;5.04126818807439;8640
-5.498375;48.7924516666667;9.95929214352104;5.75;8759
-5.484205;48.7989416666667;10.5070760182035;5.58671141806291;8997
-5.46461;48.8087783333333;10.4954364856727;5.81771544295604;9291
-5.45015833333333;48.81503;10.6956488080974;5.2166164795647;9479
-5.43628166666667;48.8211183333333;10.3205127110653;5.72075361137687;9701
-5.42588666666667;48.8256233333333;10.6703602602802;5.91467727453522;9862
-5.41341166666667;48.8309916666667;10.9407696607344;4.4203578737583;10026
-5.377575;48.842535;10.8619574463112;4.61062739069948;10526
-5.36803833333333;48.845455;11.0625671541686;3.80914734505154;10661
-5.34490666666667;48.852575;11.4830394239819;4.40792584776046;10944
-5.33102333333333;48.8579466666667;11.4970794429356;4.64512161545623;11140
-5.31017833333333;48.8664766666667;10.6703602602802;5.91467727453522;11445
-5.27387;48.8813766666667;10.757822564635;5.96315842150004;11937
-5.25366333333333;48.8892866666667;11.4830394239819;4.40792584776046;12245
-5.23066833333333;48.8981016666667;11.8760909493538;5.2875763599854;12531
-5.19741833333333;48.91011;11.6904114632736;4.96228525728773;12950
-5.18423;48.914735;11.3248053262322;5.5234766167677;13119
-5.174955;48.9183783333333;12.0438398775461;5.87417319974832;13251
-5.11475333333333;48.9410266666667;11.228891966181;6.74699897779315;14003
-4.98490166666667;48.9937916666667;11.4003252628298;6.85000649453944;15652
-4.975715;48.997905;11.5181380355143;6.65000009536743;15769
-4.95013;49.0082466666667;11.8645478666656;6.84999990463257;16111
-4.93427166666667;49.0150533333333;11.8314974074918;6.29091876224175;16282
-4.91083;49.0240583333333;11.9394870842321;6.0834725233263;16582
-4.896195;49.029825;11.0246252500335;6.88895043503166;16773
-4.86852;49.0407966666667;11.604740080349;6.69999980926514;17104
-4.852445;49.0472033333333;11.3449331199386;6.55000019073487;17306
-4.83191;49.0553016666667;11.604740080349;6.69999980926514;17553
