"x";"y";"vx";"vy";"t"
-5.97773;48.3657366666667;8.28521450708824;16.9872071321915;0
-5.945765;48.4051433333333;8.53502104873622;16.7509219749573;510
-5.94505333333333;48.40598;8.53502104873622;16.7509219749573;521
-5.94464666666667;48.4064283333333;8.53502104873622;16.7509219749573;529
-5.940185;48.41188;8.28521450708824;16.9872071321915;599
-5.93270333333333;48.4211433333333;8.62581949505139;16.929123959579;719
-5.919795;48.437055;8.32905178899247;17.0770868796842;929
-5.91686166666667;48.4407883333333;7.98748498568315;17.1292168292637;977
-5.90446166666667;48.4571733333333;7.945222998293;17.038585704831;1183
-5.895805;48.4688733333333;7.6059755358329;17.0833007548965;1332
-5.88775166666667;48.47994;7.5653017163676;16.9919458606423;1477
-5.88434166666667;48.484605;7.5653017163676;16.9919458606423;1538
-5.85366666666667;48.5266933333333;7.5653017163676;16.9919458606423;2077
-5.853055;48.5275533333333;7.5653017163676;16.9919458606423;2092
-5.85239166666667;48.5284866666667;7.5246278969023;16.9005909663881;2102
-5.85160833333333;48.5295783333333;7.5653017163676;16.9919458606423;2113
-5.85070666666667;48.530825;7.86069982959308;16.8573251846107;2130
-5.84858833333333;48.53369;7.86069982959308;16.8573251846107;2166
-5.848185;48.5342316666667;7.86069982959308;16.8573251846107;2173
-5.84749166666667;48.535155;7.81843784220294;16.766694060178;2186
-5.84685333333333;48.5359983333333;7.81843784220294;16.766694060178;2196
-5.84652333333333;48.536465;7.81843784220294;16.766694060178;2202
-5.846225;48.5368466666667;7.81843784220294;16.766694060178;2211
-5.844515;48.5391533333333;7.81843784220294;16.766694060178;2248
-5.84173;48.5429283333333;7.5246278969023;16.9005909663881;2286
-5.840995;48.5439266666667;7.48395407743701;16.8092360721339;2298
-5.83837166666667;48.54754;7.7761758548128;16.6760629357454;2346
-5.837015;48.5493766666667;7.48395407743701;16.8092360721339;2370
-5.83603833333333;48.5506833333333;7.7761758548128;16.6760629357454;2388
-5.83388833333333;48.553615;7.5246278969023;16.9005909663881;2425
-5.82885833333333;48.5604383333333;7.44328025797171;16.7178811778797;2514
-5.82540666666667;48.5650133333333;8.0660289336937;16.537810109042;2574
-5.82476333333333;48.56585;8.0660289336937;16.537810109042;2587
-5.82299333333333;48.56812;8.0660289336937;16.537810109042;2616
-5.82086333333333;48.5708483333333;8.0660289336937;16.537810109042;2652
-5.81875333333333;48.57357;8.0660289336937;16.537810109042;2695
-5.81799333333333;48.5745566666667;8.0660289336937;16.537810109042;2702
-5.817355;48.575395;7.81843784220294;16.766694060178;2712
-5.81659833333333;48.5763816666667;7.7761758548128;16.6760629357454;2725
-5.81583666666667;48.57737;8.0660289336937;16.537810109042;2736
-5.81483833333333;48.578655;8.0660289336937;16.537810109042;2755
-5.81453333333333;48.57903;8.0660289336937;16.537810109042;2762
-5.81382166666667;48.579935;8.0660289336937;16.537810109042;2772
-5.81238333333333;48.58175;8.0660289336937;16.537810109042;2797
-5.81167;48.5826566666667;8.0660289336937;16.537810109042;2815
-5.81090166666667;48.5836383333333;8.0660289336937;16.537810109042;2822
-5.81050833333333;48.5841716666667;8.02219165178947;16.4479303615493;2827
-5.80992333333333;48.5849266666667;8.0660289336937;16.537810109042;2843
-5.809205;48.5858283333333;8.0660289336937;16.537810109042;2852
-5.808075;48.5872566666667;8.0660289336937;16.537810109042;2868
-5.80769833333333;48.5877016666667;8.02219165178947;16.4479303615493;2875
-5.807295;48.588235;8.0660289336937;16.537810109042;2883
-5.804485;48.591765;7.73391386742265;16.5854318113127;2929
-5.80413;48.5922116666667;7.73391386742265;16.5854318113127;2935
-5.802705;48.5940116666667;8.02219165178947;16.4479303615493;2960
-5.80234333333333;48.5944616666667;7.73391386742265;16.5854318113127;2966
-5.80122166666667;48.5958933333333;7.73391386742265;16.5854318113127;2983
-5.80058166666667;48.5967216666667;7.73391386742265;16.5854318113127;2996
-5.79959833333333;48.598005;8.0660289336937;16.537810109042;3012
-5.798535;48.5993566666667;8.02219165178947;16.4479303615493;3030
-5.79776666666667;48.6003316666667;8.02219165178947;16.4479303615493;3043
-5.79741;48.60078;8.02219165178947;16.4479303615493;3049
-5.79712333333333;48.6011583333333;8.02219165178947;16.4479303615493;3056
-5.79664333333333;48.6017583333333;8.02219165178947;16.4479303615493;3067
-5.79605833333333;48.6025166666667;8.02219165178947;16.4479303615493;3073
-5.79499;48.6038716666667;8.02219165178947;16.4479303615493;3090
-5.79463333333333;48.60432;7.73391386742265;16.5854318113127;3103
-5.793815;48.6053783333333;7.73391386742265;16.5854318113127;3112
-5.793245;48.6061333333333;7.73391386742265;16.5854318113127;3120
-5.79279;48.6067383333333;7.69165268611288;16.494802415525;3131
-5.79214666666667;48.607565;7.97835520601185;16.3580523283703;3139
-5.78999166666667;48.6103466666667;7.69165268611288;16.494802415525;3176
-5.78929666666667;48.61125;7.64939069872273;16.4041712910923;3186
-5.78901;48.61163;7.69165268611288;16.494802415525;3193
-5.78866333333333;48.61208;7.64939069872273;16.4041712910923;3199
-5.78801833333333;48.6129066666667;7.97835520601185;16.3580523283703;3210
-5.787665;48.6133566666667;7.97835520601185;16.3580523283703;3216
-5.78725;48.61388;8.02219165178947;16.4479303615493;3222
-5.78683333333333;48.614405;7.69165268611288;16.494802415525;3232
-5.78624833333333;48.6151516666667;7.69165268611288;16.494802415525;3240
-5.78578666666667;48.615755;7.97835520601185;16.3580523283703;3246
-5.78550166666667;48.6161316666667;7.97835520601185;16.3580523283703;3255
-5.78509;48.6166583333333;8.02219165178947;16.4479303615493;3266
-5.78450166666667;48.61741;7.73391386742265;16.5854318113127;3273
-5.78375166666667;48.61839;7.97835520601185;16.3580523283703;3282
-5.78331833333333;48.61891;8.02219165178947;16.4479303615493;3290
-5.78272666666667;48.61966;7.97835520601185;16.3580523283703;3300
-5.78226333333333;48.6202633333333;7.97835520601185;16.3580523283703;3306
-5.78155333333333;48.6211583333333;7.97835520601185;16.3580523283703;3319
-5.78120166666667;48.6216066666667;7.69165268611288;16.494802415525;3324
-5.78096166666667;48.6219066666667;7.97835520601185;16.3580523283703;3330
-5.78020166666667;48.6228833333333;7.69165268611288;16.494802415525;3342
-5.77980833333333;48.6234133333333;7.97835520601185;16.3580523283703;3350
-5.77923;48.624165;7.69165268611288;16.494802415525;3360
-5.77769833333333;48.6261033333333;7.97835520601185;16.3580523283703;3386
-5.77736333333333;48.6265566666667;7.69165268611288;16.494802415525;3393
-5.77671833333333;48.627385;7.97835520601185;16.3580523283703;3403
-5.77631;48.6279083333333;7.97835520601185;16.3580523283703;3410
-5.77389333333333;48.6310766666667;7.97835520601185;16.3580523283703;3456
-5.77284166666667;48.6324266666667;7.97835520601185;16.3580523283703;3473
-5.77224333333333;48.6331783333333;8.02219165178947;16.4479303615493;3486
-5.77071;48.6351283333333;7.69165268611288;16.494802415525;3505
-5.76971666666667;48.6364066666667;7.73391386742265;16.5854318113127;3523
-5.76897;48.6373883333333;7.97835520601185;16.3580523283703;3535
-5.76873833333333;48.63769;8.02219165178947;16.4479303615493;3540
-5.76790333333333;48.6387383333333;7.97835520601185;16.3580523283703;3552
-5.76658666666667;48.6404783333333;7.69165268611288;16.494802415525;3583
-5.765955;48.6413083333333;7.73391386742265;16.5854318113127;3595
-5.76525;48.6422066666667;7.69165268611288;16.494802415525;3603
-5.76443833333333;48.643265;7.69165268611288;16.494802415525;3612
-5.76387333333333;48.6440183333333;7.93451792410762;16.2681725808776;3624
-5.76346666666667;48.644545;7.93451792410762;16.2681725808776;3634
-5.762825;48.6453766666667;8.02219165178947;16.4479303615493;3643
-5.762475;48.645825;7.97835520601185;16.3580523283703;3650
-5.762015;48.6464316666667;7.97835520601185;16.3580523283703;3655
-5.76130833333333;48.64733;7.97835520601185;16.3580523283703;3672
-5.76070666666667;48.6480766666667;7.97835520601185;16.3580523283703;3686
-5.75994333333333;48.6490516666667;7.73391386742265;16.5854318113127;3693
-5.75896333333333;48.650335;7.73391386742265;16.5854318113127;3710
-5.758205;48.651315;7.73391386742265;16.5854318113127;3725
-5.75744833333333;48.6522966666667;8.02219165178947;16.4479303615493;3732
-5.75612;48.65404;7.73391386742265;16.5854318113127;3756
-5.75582;48.6544166666667;7.7761758548128;16.6760629357454;3766
-5.75471833333333;48.65585;8.02219165178947;16.4479303615493;3780
-5.75431333333333;48.6563733333333;7.97835520601185;16.3580523283703;3786
-5.753725;48.6571233333333;8.02219165178947;16.4479303615493;3806
-5.75227;48.6589183333333;8.02219165178947;16.4479303615493;3826
-5.75142833333333;48.6599683333333;8.0660289336937;16.537810109042;3836
-5.7512;48.660275;8.0660289336937;16.537810109042;3843
-5.75048166666667;48.6611716666667;8.0660289336937;16.537810109042;3853
-5.74935;48.66261;7.7761758548128;16.6760629357454;3876
-5.748715;48.6634533333333;7.7761758548128;16.6760629357454;3882
-5.74837833333333;48.66391;7.7761758548128;16.6760629357454;3892
-5.74796166666667;48.664435;7.73391386742265;16.5854318113127;3899
-5.74720333333333;48.6654233333333;7.7761758548128;16.6760629357454;3906
-5.74662;48.6661816666667;8.0660289336937;16.537810109042;3922
-5.74557333333333;48.6675483333333;7.7761758548128;16.6760629357454;3936
-5.74522833333333;48.668005;8.0660289336937;16.537810109042;3943
-5.74487166666667;48.6684566666667;7.7761758548128;16.6760629357454;3952
-5.74417;48.66936;8.02219165178947;16.4479303615493;3963
-5.74346166666667;48.670265;8.0660289336937;16.537810109042;3977
-5.742035;48.672075;8.0660289336937;16.537810109042;3996
-5.74157333333333;48.672685;8.0660289336937;16.537810109042;4003
-5.74131833333333;48.67298;8.0660289336937;16.537810109042;4014
-5.74091166666667;48.673515;8.0660289336937;16.537810109042;4019
-5.74015;48.6744983333333;7.73391386742265;16.5854318113127;4026
-5.73991333333333;48.6748033333333;7.7761758548128;16.6760629357454;4037
-5.73956666666667;48.67526;7.7761758548128;16.6760629357454;4049
-5.73881333333333;48.6762466666667;7.7761758548128;16.6760629357454;4056
-5.73805666666667;48.6772316666667;7.73391386742265;16.5854318113127;4063
-5.73782166666667;48.677535;7.73391386742265;16.5854318113127;4074
-5.73642833333333;48.67935;7.73391386742265;16.5854318113127;4091
-5.73573;48.6802583333333;8.02219165178947;16.4479303615493;4103
-5.73532333333333;48.6807883333333;8.0660289336937;16.537810109042;4115
-5.73503666666667;48.6811633333333;8.02219165178947;16.4479303615493;4121
-5.73432833333333;48.68207;8.02219165178947;16.4479303615493;4134
-5.73355333333333;48.6830483333333;8.02219165178947;16.4479303615493;4139
-5.73313666666667;48.6835766666667;8.0660289336937;16.537810109042;4146
-5.73289833333333;48.6838783333333;8.02219165178947;16.4479303615493;4157
-5.73254;48.6843283333333;8.02219165178947;16.4479303615493;4162
-5.730795;48.6866116666667;7.7761758548128;16.6760629357454;4189
-5.73038333333333;48.6871416666667;7.7761758548128;16.6760629357454;4196
-5.72964;48.68813;7.7761758548128;16.6760629357454;4206
-5.7294;48.6884333333333;8.0660289336937;16.537810109042;4212
-5.72898833333333;48.68896;8.02219165178947;16.4479303615493;4222
-5.72834333333333;48.6897966666667;7.7761758548128;16.6760629357454;4232
-5.72751666666667;48.6908516666667;7.7761758548128;16.6760629357454;4247
-5.72728333333333;48.6911583333333;8.0660289336937;16.537810109042;4254
-5.72687833333333;48.6916883333333;7.7761758548128;16.6760629357454;4260
-5.72577333333333;48.6931333333333;7.7761758548128;16.6760629357454;4272
-5.72514166666667;48.6939683333333;7.73391386742265;16.5854318113127;4284
-5.72474166666667;48.6945033333333;7.7761758548128;16.6760629357454;4294
-5.724515;48.6948066666667;7.7761758548128;16.6760629357454;4302
-5.72380833333333;48.695715;8.0660289336937;16.537810109042;4314
-5.72309666666667;48.69662;7.7761758548128;16.6760629357454;4320
-5.72265333333333;48.6972366666667;8.0660289336937;16.537810109042;4326
-5.72124833333333;48.699055;8.0660289336937;16.537810109042;4356
-5.72055833333333;48.69997;7.7761758548128;16.6760629357454;4363
-5.72027333333333;48.7003516666667;8.0660289336937;16.537810109042;4371
-5.71992;48.7008033333333;8.02219165178947;16.4479303615493;4376
-5.719165;48.701795;7.7761758548128;16.6760629357454;4386
-5.71816666666667;48.7030866666667;8.0660289336937;16.537810109042;4406
-5.71775833333333;48.70362;8.0660289336937;16.537810109042;4416
-5.71752;48.7039233333333;8.10986621559793;16.6276898565346;4421
-5.716405;48.7053733333333;8.10986621559793;16.6276898565346;4436
-5.71609666666667;48.7057483333333;8.10986621559793;16.6276898565346;4446
-5.715335;48.70674;8.0660289336937;16.537810109042;4452
-5.71497166666667;48.7071916666667;8.10986621559793;16.6276898565346;4459
-5.71418833333333;48.7081766666667;8.10986621559793;16.6276898565346;4472
-5.71352166666667;48.709005;8.10986621559793;16.6276898565346;4482
-5.712515;48.7102966666667;7.81843784220294;16.766694060178;4500
-5.71203166666667;48.7109016666667;7.81843784220294;16.766694060178;4507
-5.71175666666667;48.71129;7.81843784220294;16.766694060178;4516
-5.711105;48.7121266666667;7.7761758548128;16.6760629357454;4526
-5.71041;48.7130483333333;7.81843784220294;16.766694060178;4536
-5.709985;48.713575;8.10986621559793;16.6276898565346;4543
-5.70965666666667;48.7140416666667;7.81843784220294;16.766694060178;4552
-5.709015;48.7148816666667;7.81843784220294;16.766694060178;4566
-5.70825;48.7158733333333;7.81843784220294;16.766694060178;4572
-5.70792;48.7163383333333;7.81843784220294;16.766694060178;4579
-5.707615;48.7167183333333;7.81843784220294;16.766694060178;4584
-5.70717666666667;48.7173383333333;7.81843784220294;16.766694060178;4592
-5.70619333333333;48.718645;7.81843784220294;16.766694060178;4615
-5.70546;48.7196433333333;7.7761758548128;16.6760629357454;4625
-5.70369833333333;48.7219383333333;8.10986621559793;16.6276898565346;4653
-5.70305666666667;48.722785;8.10986621559793;16.6276898565346;4662
-5.70275166666667;48.723165;7.81843784220294;16.766694060178;4675
-5.70194333333333;48.7242383333333;8.0660289336937;16.537810109042;4683
-5.701305;48.7250866666667;8.10986621559793;16.6276898565346;4692
-5.70064833333333;48.7259183333333;8.10986621559793;16.6276898565346;4704
-5.70019;48.7265316666667;8.10986621559793;16.6276898565346;4715
-5.6992;48.7278333333333;7.81843784220294;16.766694060178;4728
-5.69892;48.7282233333333;8.10986621559793;16.6276898565346;4735
-5.69781166666667;48.729675;8.10986621559793;16.6276898565346;4752
-5.69716833333333;48.7305183333333;7.81843784220294;16.766694060178;4764
-5.696715;48.7311333333333;7.81843784220294;16.766694060178;4776
-5.69610166666667;48.7319816666667;7.81843784220294;16.766694060178;4786
-5.69569833333333;48.7325166666667;7.81843784220294;16.766694060178;4794
-5.694695;48.7339083333333;8.10986621559793;16.6276898565346;4806
-5.69343666666667;48.735595;8.10986621559793;16.6276898565346;4833
-5.692335;48.7370516666667;8.10986621559793;16.6276898565346;4851
-5.691575;48.73805;8.15370349750216;16.7175696040272;4865
-5.69024166666667;48.73982;8.15370349750216;16.7175696040272;4886
-5.68995166666667;48.7402033333333;7.81843784220294;16.766694060178;4895
-5.68886666666667;48.74167;7.86069982959308;16.8573251846107;4916
-5.68824;48.7425166666667;7.81843784220294;16.766694060178;4923
-5.68655;48.7448416666667;8.10986621559793;16.6276898565346;4955
-5.68587166666667;48.7457683333333;8.10986621559793;16.6276898565346;4961
-5.68547;48.7463066666667;8.10986621559793;16.6276898565346;4970
-5.685125;48.7467666666667;8.10986621559793;16.6276898565346;4976
-5.68483666666667;48.7471483333333;8.39882424518161;16.4836206974848;4984
-5.684115;48.7480566666667;8.6382765761712;16.2462353717865;4992
-5.68369;48.7485916666667;8.96897797455724;16.1804645820788;5003
-5.68249;48.7500133333333;8.96897797455724;16.1804645820788;5016
-5.68222833333333;48.7503133333333;8.96897797455724;16.1804645820788;5021
-5.681;48.7517283333333;9.528204385836;15.8575950629891;5044
-5.68024166666667;48.752525;10.075822147778;15.5154055069903;5055
-5.67974333333333;48.753025;10.075822147778;15.5154055069903;5063
-5.678875;48.75388;10.6111640724944;15.1543128193463;5072
-5.67804666666667;48.7546483333333;10.8740271674108;14.9668143959365;5086
-5.677515;48.7551383333333;10.6111640724944;15.1543128193463;5093
-5.676205;48.7563116666667;10.6111640724944;15.1543128193463;5106
-5.67575666666667;48.7567316666667;10.6111640724944;15.1543128193463;5112
-5.675225;48.757215;10.8740271674108;14.9668143959365;5122
-5.673895;48.7583666666667;11.3897372935247;14.5781989417244;5136
-5.67343166666667;48.7587766666667;11.3281709111359;14.4993975657614;5141
-5.67278;48.7593066666667;11.3281709111359;14.4993975657614;5154
-5.67149833333333;48.7603833333333;11.3897372935247;14.5781989417244;5166
-5.67101333333333;48.7607816666667;11.3281709111359;14.4993975657614;5174
-5.66996;48.7616533333333;11.642427234422;14.377200286954;5184
-5.66947333333333;48.7620516666667;11.3281709111359;14.4993975657614;5196
-5.66841166666667;48.7629116666667;11.3281709111359;14.4993975657614;5206
-5.66751166666667;48.7636466666667;11.642427234422;14.377200286954;5218
-5.66700166666667;48.76403;11.8272917730283;14.0952174611664;5226
-5.66539333333333;48.7652666666667;11.891570779201;14.1718221977011;5245
-5.66447833333333;48.7659933333333;11.642427234422;14.377200286954;5256
-5.66338333333333;48.766845;11.891570779201;14.1718221977011;5266
-5.66286;48.7672233333333;11.891570779201;14.1718221977011;5274
-5.66192166666667;48.7679283333333;12.3789162176389;13.7481792713318;5286
-5.659705;48.7694933333333;12.9206459555285;13.3797205607053;5305
-5.65868833333333;48.7701566666667;13.0814754519511;13.0814754519511;5316
-5.65746333333333;48.7709216666667;13.307786306265;12.8511798534915;5334
-5.656405;48.7715583333333;13.7481792713318;12.3789162176389;5346
-5.65472166666667;48.7725083333333;14.0375984800424;12.2026981894901;5363
-5.652115;48.7739416666667;14.2484269342358;11.9558497853736;5388
-5.65149333333333;48.7742566666667;14.4549151795573;11.7053595135937;5394
-5.65036;48.7748383333333;14.6570003176873;11.4513036759135;5406
-5.649;48.7755016666667;14.6570003176873;11.4513036759135;5414
-5.647205;48.7763666666667;15.0477164039895;10.9328059168623;5433
-5.64581;48.7770116666667;15.0477164039895;10.9328059168623;5445
-5.64538833333333;48.7772166666667;14.9344846471949;11.2539413920917;5453
-5.64388833333333;48.7779083333333;15.0477164039895;10.9328059168623;5465
-5.64270666666667;48.7784516666667;15.236228336257;10.6685219349315;5474
-5.64216333333333;48.7786883333333;15.236228336257;10.6685219349315;5486
-5.640655;48.7793633333333;15.0477164039895;10.9328059168623;5493
-5.63892333333333;48.78013;15.1543128193463;10.6111640724944;5510
-5.63828333333333;48.7804283333333;15.0477164039895;10.9328059168623;5516
-5.63612333333333;48.7813966666667;14.9668143959365;10.8740271674108;5533
-5.63568666666667;48.7815833333333;15.1543128193463;10.6111640724944;5538
-5.63504166666667;48.7818766666667;15.0477164039895;10.9328059168623;5546
-5.63417666666667;48.7822616666667;15.0477164039895;10.9328059168623;5554
-5.63289;48.7828366666667;14.9668143959365;10.8740271674108;5566
-5.63245333333333;48.78303;15.0477164039895;10.9328059168623;5572
-5.63041666666667;48.7839433333333;14.7747569358749;11.1335779283129;5586
-5.62774833333333;48.785155;14.9668143959365;10.8740271674108;5616
-5.62657666666667;48.7856916666667;14.9668143959365;10.8740271674108;5623
-5.62466666666667;48.786575;15.0477164039895;10.9328059168623;5643
-5.62328166666667;48.7872;14.8859123878835;10.8152484179592;5653
-5.62285833333333;48.787405;15.0477164039895;10.9328059168623;5658
-5.62210333333333;48.7877383333333;14.9668143959365;10.8740271674108;5665
-5.62147333333333;48.7880333333333;14.8859123878835;10.8152484179592;5672
-5.62029;48.7885633333333;14.9668143959365;10.8740271674108;5683
-5.61954666666667;48.7889066666667;14.9668143959365;10.8740271674108;5694
-5.61815666666667;48.7895316666667;14.9668143959365;10.8740271674108;5706
-5.61388666666667;48.7914716666667;14.7747569358749;11.1335779283129;5743
-5.61176166666667;48.79245;14.9668143959365;10.8740271674108;5760
-5.61112;48.79274;14.9668143959365;10.8740271674108;5766
-5.61058833333333;48.7929766666667;14.8859123878835;10.8152484179592;5773
-5.609205;48.7936183333333;14.9668143959365;10.8740271674108;5785
-5.60858333333333;48.7939166666667;14.8859123878835;10.8152484179592;5792
-5.608045;48.7941566666667;14.7747569358749;11.1335779283129;5803
-5.60435;48.795885;14.9668143959365;10.8740271674108;5833
-5.60370666666667;48.7961733333333;14.9668143959365;10.8740271674108;5846
-5.60233166666667;48.7968066666667;14.8859123878835;10.8152484179592;5854
-5.60115833333333;48.7973466666667;14.9668143959365;10.8740271674108;5863
-5.59861166666667;48.798525;14.8859123878835;10.8152484179592;5886
-5.59778;48.798925;14.6948930802149;11.0733961964235;5893
-5.59651;48.799515;14.8859123878835;10.8152484179592;5906
-5.59588666666667;48.79981;14.6150292245549;11.0132144645341;5915
-5.594835;48.8003083333333;14.8859123878835;10.8152484179592;5923
-5.5941;48.8006466666667;14.8050103798306;10.7564696685077;5930
-5.59105;48.8020733333333;14.8859123878835;10.8152484179592;5963
-5.58957666666667;48.802755;14.8859123878835;10.8152484179592;5975
-5.58840666666667;48.8032783333333;14.8050103798306;10.7564696685077;5983
-5.587885;48.80353;14.8859123878835;10.8152484179592;5994
-5.58471166666667;48.804995;14.6948930802149;11.0733961964235;6023
-5.58260166666667;48.805975;14.8859123878835;10.8152484179592;6042
-5.58133833333333;48.80656;14.8859123878835;10.8152484179592;6054
-5.580065;48.8071416666667;14.8859123878835;10.8152484179592;6065
-5.57838833333333;48.807925;14.6948930802149;11.0733961964235;6077
-5.57766;48.80827;14.6150292245549;11.0132144645341;6084
-5.57713;48.8085083333333;14.6150292245549;11.0132144645341;6090
-5.57516166666667;48.809445;14.5351668921713;10.9530338805157;6109
-5.57463833333333;48.809685;14.6150292245549;11.0132144645341;6118
-5.57203;48.8109133333333;14.724109914855;10.6976920401676;6137
-5.57086666666667;48.8114383333333;14.724109914855;10.6976920401676;6150
-5.57012833333333;48.811775;14.724109914855;10.6976920401676;6160
-5.56949666666667;48.81207;14.8050103798306;10.7564696685077;6167
-5.56834;48.812605;14.8050103798306;10.7564696685077;6176
-5.56646;48.813485;14.8050103798306;10.7564696685077;6192
-5.56447333333333;48.814415;14.6150292245549;11.0132144645341;6210
-5.562085;48.8155366666667;14.6150292245549;11.0132144645341;6234
-5.56145666666667;48.8158266666667;14.8050103798306;10.7564696685077;6243
-5.55884666666667;48.8170483333333;14.6150292245549;11.0132144645341;6264
-5.55832833333333;48.8172966666667;14.6150292245549;11.0132144645341;6275
-5.556345;48.818235;14.8050103798306;10.7564696685077;6289
-5.55582;48.8184733333333;14.8050103798306;10.7564696685077;6296
-5.554565;48.8190633333333;14.8050103798306;10.7564696685077;6312
-5.55382333333333;48.8193966666667;14.8050103798306;10.7564696685077;6317
-5.5532;48.8196916666667;14.8050103798306;10.7564696685077;6324
-5.55203666666667;48.8202266666667;14.8859123878835;10.8152484179592;6332
-5.551305;48.82057;14.8050103798306;10.7564696685077;6344
-5.55014833333333;48.8211066666667;14.8050103798306;10.7564696685077;6349
-5.54814166666667;48.8220316666667;14.6150292245549;11.0132144645341;6366
-5.54741;48.8223766666667;14.6150292245549;11.0132144645341;6374
-5.54427;48.8238583333333;14.6948930802149;11.0733961964235;6402
-5.54385666666667;48.8240616666667;14.6150292245549;11.0132144645341;6414
-5.542495;48.8246883333333;14.643207906802;10.638913290716;6425
-5.54113;48.82532;14.724109914855;10.6976920401676;6434
-5.5406;48.8255616666667;14.6150292245549;11.0132144645341;6443
-5.53861;48.8264783333333;14.8050103798306;10.7564696685077;6466
-5.53694333333333;48.8272583333333;14.5351668921713;10.9530338805157;6480
-5.53611;48.8276516666667;14.6150292245549;11.0132144645341;6486
-5.53432666666667;48.8284783333333;14.6150292245549;11.0132144645341;6499
-5.53381333333333;48.8287333333333;14.8050103798306;10.7564696685077;6506
-5.532345;48.82941;14.8050103798306;10.7564696685077;6525
-5.52980166666667;48.8305433333333;15.1713869452518;10.2332297068843;6546
-5.52809166666667;48.8312866666667;15.1713869452518;10.2332297068843;6559
-5.527445;48.8315633333333;15.1713869452518;10.2332297068843;6570
-5.525925;48.8321916666667;15.1713869452518;10.2332297068843;6585
-5.524085;48.8329633333333;15.1713869452518;10.2332297068843;6594
-5.52344333333333;48.8332433333333;15.1713869452518;10.2332297068843;6606
-5.52203833333333;48.8338366666667;15.1713869452518;10.2332297068843;6619
-5.52084333333333;48.83433;14.9904817855251;10.4964483476201;6625
-5.51943666666667;48.83492;15.005580379499;10.1213917661357;6636
-5.51901166666667;48.8351;15.005580379499;10.1213917661357;6643
-5.51826;48.8354266666667;14.9904817855251;10.4964483476201;6649
-5.51760833333333;48.8356966666667;14.9904817855251;10.4964483476201;6654
-5.51621;48.8362916666667;15.0884844530072;10.1773112697979;6666
-5.51566666666667;48.836515;15.0884844530072;10.1773112697979;6679
-5.51448166666667;48.8370183333333;14.9904817855251;10.4964483476201;6686
-5.51297333333333;48.8376516666667;14.9085678310231;10.4390915791931;6696
-5.51188166666667;48.8380983333333;14.9904817855251;10.4964483476201;6708
-5.51037666666667;48.8387366666667;14.9904817855251;10.4964483476201;6723
-5.50907833333333;48.839285;15.1713869452518;10.2332297068843;6737
-5.508005;48.8397416666667;15.1713869452518;10.2332297068843;6746
-5.50605833333333;48.840555;15.005580379499;10.1213917661357;6762
-5.50540666666667;48.8408266666667;14.9904817855251;10.4964483476201;6774
-5.50399833333333;48.84141;15.005580379499;10.1213917661357;6782
-5.50259333333333;48.842005;14.9904817855251;10.4964483476201;6794
-5.50215166666667;48.8421733333333;15.0884844530072;10.1773112697979;6804
-5.50075333333333;48.8427633333333;15.0884844530072;10.1773112697979;6816
-5.49881833333333;48.8435783333333;15.005580379499;10.1213917661357;6828
-5.49816666666667;48.8438466666667;14.8266523141125;10.381733716756;6840
-5.496765;48.8444316666667;15.005580379499;10.1213917661357;6846
-5.49622666666667;48.8446566666667;15.005580379499;10.1213917661357;6852
-5.495585;48.8449366666667;14.9085678310231;10.4390915791931;6864
-5.49439833333333;48.8454316666667;15.005580379499;10.1213917661357;6870
-5.49364333333333;48.8457466666667;15.0884844530072;10.1773112697979;6876
-5.49245833333333;48.846245;15.005580379499;10.1213917661357;6887
-5.49181;48.8465166666667;14.9085678310231;10.4390915791931;6894
-5.49095333333333;48.8468783333333;14.9085678310231;10.4390915791931;6901
-5.49041;48.8471;15.005580379499;10.1213917661357;6906
-5.48977;48.847375;15.005580379499;10.1213917661357;6912
-5.48922666666667;48.847595;14.9085678310231;10.4390915791931;6923
-5.48793333333333;48.8481433333333;15.005580379499;10.1213917661357;6936
-5.48598833333333;48.8489616666667;15.1713869452518;10.2332297068843;6947
-5.48512833333333;48.84931;15.005580379499;10.1213917661357;6955
-5.48458666666667;48.8495383333333;14.9904817855251;10.4964483476201;6962
-5.48318333333333;48.8501266666667;14.8266523141125;10.381733716756;6972
-5.48275333333333;48.8503083333333;14.8266523141125;10.381733716756;6984
-5.48124333333333;48.8509416666667;15.0884844530072;10.1773112697979;6994
-5.47994833333333;48.85149;14.9904817855251;10.4964483476201;7003
-5.47877166666667;48.85199;14.8266523141125;10.381733716756;7016
-5.47736666666667;48.8525866666667;15.0884844530072;10.1773112697979;7026
-5.47671666666667;48.8528483333333;15.005580379499;10.1213917661357;7032
-5.47628833333333;48.8530366666667;14.9085678310231;10.4390915791931;7046
-5.47412666666667;48.85394;14.8266523141125;10.381733716756;7056
-5.47357833333333;48.8541666666667;14.9904817855251;10.4964483476201;7064
-5.47294;48.8544466666667;15.0884844530072;10.1773112697979;7069
-5.4724;48.8546683333333;14.8266523141125;10.381733716756;7076
-5.47035833333333;48.85554;14.9904817855251;10.4964483476201;7093
-5.46918333333333;48.8560433333333;14.8266523141125;10.381733716756;7106
-5.46843666666667;48.8563716666667;14.9085678310231;10.4390915791931;7115
-5.467255;48.856865;15.005580379499;10.1213917661357;7125
-5.46640333333333;48.85724;14.8266523141125;10.381733716756;7132
-5.465215;48.857735;14.9085678310231;10.4390915791931;7146
-5.46403166666667;48.858235;15.0884844530072;10.1773112697979;7154
-5.46339;48.8585116666667;15.0884844530072;10.1773112697979;7162
-5.46199166666667;48.859105;14.9085678310231;10.4390915791931;7177
-5.460055;48.85992;14.8266523141125;10.381733716756;7188
-5.45941333333333;48.8602;14.9085678310231;10.4390915791931;7194
-5.45737;48.8610616666667;14.9085678310231;10.4390915791931;7214
-5.45630666666667;48.8615183333333;14.7447367972019;10.3243758543188;7223
-5.45545166666667;48.8618833333333;14.8266523141125;10.381733716756;7235
-5.45427166666667;48.8623833333333;14.8266523141125;10.381733716756;7243
-5.45224;48.8632616666667;14.9085678310231;10.4390915791931;7266
-5.45170666666667;48.86349;15.005580379499;10.1213917661357;7272
-5.45052166666667;48.86399;15.0884844530072;10.1773112697979;7279
-5.44849166666667;48.86487;15.1713869452518;10.2332297068843;7296
-5.44795166666667;48.8650916666667;15.005580379499;10.1213917661357;7303
-5.446665;48.86565;15.1713869452518;10.2332297068843;7313
-5.44590333333333;48.8659633333333;15.1713869452518;10.2332297068843;7322
-5.44450333333333;48.866555;15.1713869452518;10.2332297068843;7336
-5.443425;48.8670183333333;15.1713869452518;10.2332297068843;7343
-5.44266;48.8673266666667;15.1713869452518;10.2332297068843;7354
-5.44213166666667;48.8675716666667;15.1713869452518;10.2332297068843;7360
-5.44125333333333;48.8679216666667;15.1713869452518;10.2332297068843;7367
-5.440075;48.8684333333333;14.9904817855251;10.4964483476201;7374
-5.43889166666667;48.8689316666667;14.9085678310231;10.4390915791931;7392
-5.43812333333333;48.8692516666667;15.25429101876;10.2891492105466;7397
-5.43693833333333;48.8697466666667;15.005580379499;10.1213917661357;7403
-5.43629166666667;48.8700266666667;14.9904817855251;10.4964483476201;7414
-5.43424333333333;48.8709;14.9085678310231;10.4390915791931;7427
-5.43306333333333;48.8714116666667;14.9904817855251;10.4964483476201;7445
-5.43231333333333;48.8717383333333;14.9904817855251;10.4964483476201;7451
-5.43166666666667;48.87201;14.9085678310231;10.4390915791931;7456
-5.42908833333333;48.87313;14.9904817855251;10.4964483476201;7476
-5.42833666666667;48.873455;14.9904817855251;10.4964483476201;7483
-5.42704666666667;48.874025;15.0723973024357;10.5538062100572;7500
-5.42596666666667;48.87448;15.1713869452518;10.2332297068843;7508
-5.42444333333333;48.8751233333333;15.25429101876;10.2891492105466;7520
-5.42325333333333;48.8756283333333;15.1713869452518;10.2332297068843;7535
-5.42271333333333;48.8758566666667;15.1713869452518;10.2332297068843;7541
-5.42120166666667;48.876495;15.1713869452518;10.2332297068843;7555
-5.420115;48.8769566666667;15.25429101876;10.2891492105466;7563
-5.41946666666667;48.87723;15.1713869452518;10.2332297068843;7572
-5.41688;48.8783366666667;14.9904817855251;10.4964483476201;7590
-5.41623166666667;48.878615;14.9904817855251;10.4964483476201;7596
-5.41547166666667;48.8789416666667;15.25429101876;10.2891492105466;7604
-5.41483166666667;48.8792183333333;14.9904817855251;10.4964483476201;7614
-5.412255;48.8803366666667;14.9904817855251;10.4964483476201;7638
-5.41085;48.8809333333333;14.9904817855251;10.4964483476201;7645
-5.41042333333333;48.8811266666667;15.1713869452518;10.2332297068843;7650
-5.40966666666667;48.88144;15.0884844530072;10.1773112697979;7656
-5.40891833333333;48.8817716666667;15.1713869452518;10.2332297068843;7664
-5.40760833333333;48.8823066666667;15.5192795126532;9.69752213117134;7675
-5.407065;48.882535;15.3476707535464;9.96689392524839;7685
-5.40584833333333;48.8830216666667;15.5192795126532;9.69752213117134;7692
-5.40519;48.8832883333333;15.3476707535464;9.96689392524839;7699
-5.40233;48.884445;15.4315381302684;10.0213580365132;7724
-5.40112833333333;48.8849316666667;15.5192795126532;9.69752213117134;7734
-5.40057833333333;48.8851533333333;15.3476707535464;9.96689392524839;7744
-5.397745;48.8863116666667;15.3476707535464;9.96689392524839;7766
-5.39708666666667;48.886575;15.3476707535464;9.96689392524839;7773
-5.39589166666667;48.8870683333333;15.5192795126532;9.69752213117134;7784
-5.395235;48.8873333333333;15.5192795126532;9.69752213117134;7794
-5.393815;48.8879066666667;15.4344759970563;9.64453101334064;7806
-5.39261333333333;48.888395;15.3476707535464;9.96689392524839;7817
-5.38922166666667;48.8897666666667;15.4344759970563;9.64453101334064;7842
-5.38857333333333;48.8900383333333;15.4344759970563;9.64453101334064;7848
-5.387915;48.8903016666667;15.4344759970563;9.64453101334064;7855
-5.38737166666667;48.8905266666667;15.3476707535464;9.96689392524839;7861
-5.386715;48.8908016666667;15.5192795126532;9.69752213117134;7866
-5.38551833333333;48.8912833333333;15.2638049764616;9.9124308528001;7878
-5.38475333333333;48.8916033333333;15.5192795126532;9.69752213117134;7885
-5.38355666666667;48.8920783333333;15.349670863936;9.59153888476917;7900
-5.38214166666667;48.8926566666667;15.349670863936;9.59153888476917;7909
-5.38149833333333;48.8929333333333;15.4344759970563;9.64453101334064;7915
-5.38095666666667;48.8931516666667;15.349670863936;9.59153888476917;7926
-5.37943166666667;48.8937766666667;15.2638049764616;9.9124308528001;7935
-5.37899166666667;48.8939516666667;15.2638049764616;9.9124308528001;7943
-5.377475;48.8945666666667;15.349670863936;9.59153888476917;7956
-5.37638333333333;48.8950166666667;15.5192795126532;9.69752213117134;7962
-5.37562;48.8953166666667;15.349670863936;9.59153888476917;7968
-5.37486166666667;48.8956266666667;15.349670863936;9.59153888476917;7979
-5.37234833333333;48.896635;15.349670863936;9.59153888476917;8000
-5.37158833333333;48.89695;15.5192795126532;9.69752213117134;8005
-5.370935;48.89721;15.349670863936;9.59153888476917;8016
-5.36974666666667;48.8977016666667;15.4344759970563;9.64453101334064;8022
-5.36897833333333;48.8980083333333;15.5192795126532;9.69752213117134;8029
-5.368335;48.8982733333333;15.349670863936;9.59153888476917;8040
-5.367795;48.8984966666667;15.1799375997396;9.8579667415353;8046
-5.36507666666667;48.8996116666667;15.4344759970563;9.64453101334064;8066
-5.36453;48.8998266666667;15.349670863936;9.59153888476917;8072
-5.36333666666667;48.90032;15.4344759970563;9.64453101334064;8082
-5.36246;48.900665;15.349670863936;9.59153888476917;8089
-5.36072166666667;48.9013683333333;15.4344759970563;9.64453101334064;8106
-5.36006833333333;48.9016283333333;15.4344759970563;9.64453101334064;8112
-5.356805;48.9029266666667;15.2648657308157;9.53854675619769;8141
-5.35343;48.9042833333333;15.2638049764616;9.9124308528001;8172
-5.35288666666667;48.904505;15.349670863936;9.59153888476917;8178
-5.35136333333333;48.9051133333333;15.349670863936;9.59153888476917;8192
-5.35015166666667;48.905585;15.349670863936;9.59153888476917;8203
-5.349395;48.9058966666667;15.349670863936;9.59153888476917;8214
-5.348195;48.9063783333333;15.1799375997396;9.8579667415353;8226
-5.34700333333333;48.9068616666667;15.1799375997396;9.8579667415353;8232
-5.34635666666667;48.90713;15.1799375997396;9.8579667415353;8240
-5.34494166666667;48.9077033333333;15.2638049764616;9.9124308528001;8255
-5.34289333333333;48.90856;15.2638049764616;9.9124308528001;8269
-5.34235;48.9087816666667;15.3476707535464;9.96689392524839;8274
-5.341175;48.9092666666667;15.1799375997396;9.8579667415353;8290
-5.33988;48.9098;15.0960702230176;9.80350263027049;8299
-5.33901166666667;48.9101666666667;15.2638049764616;9.9124308528001;8305
-5.33836666666667;48.910435;15.349670863936;9.59153888476917;8311
-5.33654;48.9111966666667;15.1799375997396;9.8579667415353;8329
-5.33537;48.91169;15.2648657308157;9.53854675619769;8344
-5.33332333333333;48.912525;15.2648657308157;9.53854675619769;8357
-5.33074;48.91358;15.2648657308157;9.53854675619769;8382
-5.32955666666667;48.9140633333333;15.2648657308157;9.53854675619769;8396
-5.32880833333333;48.91437;15.2648657308157;9.53854675619769;8405
-5.32742;48.9149483333333;15.2648657308157;9.53854675619769;8413
-5.32613833333333;48.9154783333333;15.0960702230176;9.80350263027049;8425
-5.32357;48.9165533333333;15.2648657308157;9.53854675619769;8450
-5.32303166666667;48.9167716666667;15.0960702230176;9.80350263027049;8455
-5.32239166666667;48.9170433333333;15.0122028462957;9.74903851900568;8461
-5.32186333333333;48.91727;15.1800605976953;9.48555462762621;8470
-5.31983;48.918115;15.1800605976953;9.48555462762621;8485
-5.31844666666667;48.918705;15.0960702230176;9.80350263027049;8496
-5.31779666666667;48.9189583333333;15.2648657308157;9.53854675619769;8504
-5.31727166666667;48.91919;15.1800605976953;9.48555462762621;8510
-5.314705;48.9202533333333;15.1800605976953;9.48555462762621;8534
-5.312685;48.921105;15.1800605976953;9.48555462762621;8553
-5.31098666666667;48.9218183333333;15.1800605976953;9.48555462762621;8570
-5.306415;48.923725;14.9283354695737;9.69457440774088;8612
-5.30524666666667;48.92422;15.095255464575;9.43256249905473;8625
-5.303245;48.9250633333333;15.095255464575;9.43256249905473;8640
-5.302515;48.9253816666667;14.9283354695737;9.69457440774088;8646
-5.30072333333333;48.92615;14.9283354695737;9.69457440774088;8665
-5.29893;48.9269033333333;14.9283354695737;9.69457440774088;8682
-5.295045;48.9285583333333;14.9283354695737;9.69457440774088;8719
-5.29305166666667;48.9294133333333;14.9283354695737;9.69457440774088;8736
-5.29251;48.9296216666667;14.9283354695737;9.69457440774088;8742
-5.29199;48.92985;15.095255464575;9.43256249905473;8750
-5.29072333333333;48.930385;14.9283354695737;9.69457440774088;8764
-5.28882833333333;48.9311816666667;15.095255464575;9.43256249905473;8781
-5.28745666666667;48.931765;14.9283354695737;9.69457440774088;8789
-5.28628833333333;48.9322616666667;15.1800605976953;9.48555462762621;8803
-5.284905;48.9328166666667;15.2575772985308;9.1676773404561;8816
-5.28372333333333;48.9332866666667;15.4152515266381;8.89999961853028;8826
-5.28176833333333;48.93402;15.6556924241542;8.67809201746924;8845
-5.27841;48.935275;15.6556924241542;8.67809201746924;8875
-5.27381666666667;48.9370033333333;15.6556924241542;8.67809201746924;8917
-5.27315666666667;48.937245;15.5682301197994;8.62961087050441;8923
-5.27196333333333;48.937695;15.501854397379;8.94999980926514;8935
-5.26673;48.939615;15.4807694836492;8.58113064824055;8985
-5.26324;48.9409;15.4152515266381;8.89999961853028;9013
-5.26149666666667;48.94155;15.4152515266381;8.89999961853028;9030
-5.25996833333333;48.9421216666667;15.5682301197994;8.62961087050441;9043
-5.25733;48.94309;15.5884572681199;9;9066
-5.255575;48.9437466666667;15.501854397379;8.94999980926514;9086
-5.25350166666667;48.94451;15.501854397379;8.94999980926514;9104
-5.24757;48.946715;15.6556924241542;8.67809201746924;9157
-5.24701666666667;48.946895;15.7431547285091;8.72657316443407;9163
-5.24173166666667;48.9488283333333;15.5884572681199;9;9215
-5.24019333333333;48.9493983333333;15.5682301197994;8.62961087050441;9223
-5.23898666666667;48.9498516666667;15.501854397379;8.94999980926514;9235
-5.23822;48.9501333333333;15.501854397379;8.94999980926514;9242
-5.236905;48.9506266666667;15.6556924241542;8.67809201746924;9254
-5.234275;48.9515866666667;15.5682301197994;8.62961087050441;9277
-5.23316666666667;48.9520066666667;15.5884572681199;9;9289
-5.23164333333333;48.9525616666667;15.4152515266381;8.89999961853028;9303
-5.230335;48.953055;15.5682301197994;8.62961087050441;9313
-5.22968;48.953295;15.4152515266381;8.89999961853028;9319
-5.22782333333333;48.9539933333333;15.501854397379;8.94999980926514;9336
-5.22575833333333;48.9547783333333;15.501854397379;8.94999980926514;9354
-5.22445333333333;48.955265;15.3286503077095;8.85000038146973;9366
-5.22315666666667;48.9557716666667;15.5682301197994;8.62961087050441;9380
-5.22196666666667;48.9562333333333;15.4152515266381;8.89999961853028;9390
-5.21934166666667;48.9572033333333;15.5682301197994;8.62961087050441;9414
-5.217925;48.9577383333333;15.501854397379;8.94999980926514;9426
-5.217375;48.9579433333333;15.6556924241542;8.67809201746924;9436
-5.215515;48.958635;15.501854397379;8.94999980926514;9450
-5.214855;48.9588733333333;15.6556924241542;8.67809201746924;9463
-5.21268;48.9596916666667;15.6556924241542;8.67809201746924;9474
-5.21202;48.9599266666667;15.5682301197994;8.62961087050441;9480
-5.20961666666667;48.9608233333333;15.501854397379;8.94999980926514;9505
-5.208965;48.9610633333333;15.4807694836492;8.58113064824055;9515
-5.20558333333333;48.9623283333333;15.4152515266381;8.89999961853028;9543
-5.202315;48.9635433333333;15.5682301197994;8.62961087050441;9570
-5.20111;48.9639816666667;15.5682301197994;8.62961087050441;9585
-5.19826333333333;48.9650383333333;15.5682301197994;8.62961087050441;9607
-5.19639;48.96573;15.6556924241542;8.67809201746924;9625
-5.19298;48.9669766666667;15.3286503077095;8.85000038146973;9658
-5.18991666666667;48.9681183333333;15.501854397379;8.94999980926514;9686
-5.186425;48.969415;15.5682301197994;8.62961087050441;9720
-5.18445666666667;48.970135;15.4807694836492;8.58113064824055;9733
-5.18205833333333;48.9710283333333;15.4152515266381;8.89999961853028;9756
-5.1814;48.971275;15.4152515266381;8.89999961853028;9762
-5.17999166666667;48.971805;15.4152515266381;8.89999961853028;9774
-5.17944333333333;48.9720016666667;15.3286503077095;8.85000038146973;9781
-5.17532166666667;48.9735566666667;15.4152515266381;8.89999961853028;9818
-5.17337;48.9742916666667;15.4152515266381;8.89999961853028;9834
-5.17151666666667;48.9749766666667;15.5682301197994;8.62961087050441;9854
-5.17097166666667;48.9751816666667;15.4152515266381;8.89999961853028;9865
-5.16890333333333;48.9759533333333;15.5682301197994;8.62961087050441;9876
-5.16681833333333;48.9767283333333;15.6556924241542;8.67809201746924;9896
-5.16627166666667;48.9769233333333;15.5682301197994;8.62961087050441;9901
-5.16561166666667;48.97717;15.501854397379;8.94999980926514;9907
-5.16156166666667;48.9786683333333;15.5682301197994;8.62961087050441;9954
-5.15980833333333;48.9793266666667;15.501854397379;8.94999980926514;9961
-5.15129;48.9824516666667;15.501854397379;8.94999980926514;10044
-5.14933166666667;48.9831766666667;15.5682301197994;8.62961087050441;10057
-5.14781;48.98375;15.5682301197994;8.62961087050441;10069
-5.14715333333333;48.983985;15.4807694836492;8.58113064824055;10081
-5.14594666666667;48.9844533333333;15.5884572681199;9;10087
-5.14333666666667;48.9854083333333;15.5682301197994;8.62961087050441;10117
-5.141925;48.985935;15.3286503077095;8.85000038146973;10122
-5.14126333333333;48.986185;15.501854397379;8.94999980926514;10130
-5.13689;48.9878216666667;15.4152515266381;8.89999961853028;10170
-5.13015;48.9903566666667;15.5682301197994;8.62961087050441;10230
-5.129705;48.9905083333333;15.5682301197994;8.62961087050441;10237
-5.12776166666667;48.991225;15.4152515266381;8.89999961853028;10254
-5.1258;48.99198;15.5682301197994;8.62961087050441;10273
-5.12126;48.9937033333333;15.2575772985308;9.1676773404561;10314
-5.12050833333333;48.9940233333333;15.2575772985308;9.1676773404561;10319
-5.11859;48.9947883333333;15.1718618763941;9.11617431885083;10345
-5.11539166666667;48.9960716666667;15.1718618763941;9.11617431885083;10369
-5.09992;49.0022616666667;15.2575772985308;9.1676773404561;10512
-5.09800333333333;49.0030166666667;15.2575772985308;9.1676773404561;10531
-5.09618833333333;49.0037366666667;15.2575772985308;9.1676773404561;10548
-5.09554;49.00401;15.3432943555844;9.21918134441854;10555
-5.08782666666667;49.0071316666667;15.3432943555844;9.21918134441854;10626
-5.08579;49.007955;15.429011412638;9.27068534838098;10646
-5.08461833333333;49.0084333333333;15.1718618763941;9.11617431885083;10657
-5.08280333333333;49.0091616666667;15.2575772985308;9.1676773404561;10675
-5.07035833333333;49.0142066666667;15.501854397379;8.94999980926514;10791
-5.069285;49.0146433333333;15.429011412638;9.27068534838098;10805
-5.06216;49.0175066666667;15.429011412638;9.27068534838098;10866
-5.06062833333333;49.0181266666667;15.6750601388608;9.05000019073487;10878
-5.05954833333333;49.018555;15.429011412638;9.27068534838098;10892
-5.05802333333333;49.0191616666667;15.501854397379;8.94999980926514;10902
-5.056825;49.0196483333333;15.6750601388608;9.05000019073487;10913
-5.056285;49.019855;15.5884572681199;9;10919
-5.054765;49.0204633333333;15.5884572681199;9;10933
-5.05421333333333;49.02068;15.6750601388608;9.05000019073487;10942
-5.052155;49.0215166666667;15.5147284696916;9.32218935234342;10956
-5.05085166666667;49.02204;15.6750601388608;9.05000019073487;10969
-5.05041833333333;49.0222133333333;15.5884572681199;9;10975
-5.04977;49.0224733333333;15.6750601388608;9.05000019073487;10984
-5.04716333333333;49.023525;15.6750601388608;9.05000019073487;11005
-5.03329;49.02914;15.6004455267452;9.37369335630586;11131
-5.03155;49.0298316666667;15.429011412638;9.27068534838098;11151
-5.017115;49.0355833333333;15.6004455267452;9.37369335630586;11282
-5.01646166666667;49.03584;15.5884572681199;9;11288
-5.01504166666667;49.0364066666667;15.6861609488819;9.42519637791113;11299
-5.01123666666667;49.037905;15.429011412638;9.27068534838098;11336
-5.00795666666667;49.0391816666667;15.429011412638;9.27068534838098;11365
-5.00578166666667;49.04005;15.429011412638;9.27068534838098;11384
-5.00468666666667;49.0404816666667;15.5147284696916;9.32218935234342;11393
-5.00392666666667;49.040785;15.429011412638;9.27068534838098;11400
-4.99283166666667;49.0451616666667;15.3432943555844;9.21918134441854;11504
-4.99207;49.04546;15.429011412638;9.27068534838098;11509
-4.99141833333333;49.04571;15.429011412638;9.27068534838098;11515
-4.98298;49.0490633333333;15.501854397379;8.94999980926514;11592
-4.97975333333333;49.05034;15.3432943555844;9.21918134441854;11627
-4.97390166666667;49.0526216666667;15.2575772985308;9.1676773404561;11677
-4.9668;49.0554216666667;15.4152515266381;8.89999961853028;11746
-4.95403333333333;49.0604266666667;15.501854397379;8.94999980926514;11862
-4.95316666666667;49.0607666666667;15.2575772985308;9.1676773404561;11869
-4.95119666666667;49.061515;15.2575772985308;9.1676773404561;11886
-4.94945666666667;49.0621783333333;15.2575772985308;9.1676773404561;11906
-4.94665166666667;49.063285;15.4152515266381;8.89999961853028;11929
-4.892555;49.0846883333333;15.1718618763941;9.11617431885083;12432
