"x";"y";"vx";"vy";"t"
-5.94973333333333;48.3677;6.75378649062617;22.0906402275474;0
-5.9255;48.4059666666667;10.8447932794433;20.396089731859;386
-5.92135;48.4121166666667;10.4417814940096;20.4931500563325;446
-5.91975;48.41445;10.4871807171672;20.5822510486433;470
-5.91725;48.418;10.4871807171672;20.5822510486433;509
-5.9163;48.4195;10.8447932794433;20.396089731859;525
-5.9134;48.42365;11.1991024126306;20.203715568561;569
-5.90048333333333;48.4414333333333;11.5500001907349;20.005187157783;755
-5.90008333333333;48.4419;11.5500001907349;20.005187157783;762
-5.89883333333333;48.4436333333333;11.5;19.9185842870421;775
-5.89801666666667;48.4447;11.5;19.9185842870421;785
-5.88901666666667;48.4571333333333;11.5;19.9185842870421;913
-5.88775;48.4588;11.5;19.9185842870421;935
-5.88728333333333;48.4594333333333;11.5;19.9185842870421;940
-5.88681666666667;48.46;11.1506212656658;20.1162532642061;947
-5.88221666666667;48.4662333333333;11.1506212656658;20.1162532642061;1010
-5.88128333333333;48.4676;11.1021401187009;20.0287909598512;1025
-5.87968333333333;48.4696833333333;11.1991024126306;20.203715568561;1049
-5.87705;48.4733;11.1506212656658;20.1162532642061;1085
-5.87653333333333;48.4740833333333;11.1506212656658;20.1162532642061;1093
-5.87595;48.4748166666667;11.1506212656658;20.1162532642061;1101
-5.8758;48.475;11.1991024126306;20.203715568561;1110
-5.87366666666667;48.4779;11.5;19.9185842870421;1133
-5.87325;48.4784666666667;11.5;19.9185842870421;1140
-5.87295;48.4788666666667;11.1506212656658;20.1162532642061;1146
-5.87231666666667;48.4797166666667;11.5;19.9185842870421;1151
-5.87176666666667;48.4804666666667;11.1506212656658;20.1162532642061;1160
-5.8706;48.4821333333333;11.1021401187009;20.0287909598512;1177
-5.86943333333333;48.4836833333333;11.1991024126306;20.203715568561;1194
-5.86901666666667;48.4842333333333;11.1991024126306;20.203715568561;1200
-5.86871666666667;48.4846;11.1506212656658;20.1162532642061;1205
-5.86821666666667;48.4852833333333;11.1506212656658;20.1162532642061;1210
-5.86773333333333;48.4859333333333;11.1506212656658;20.1162532642061;1218
-5.86746666666667;48.4863166666667;11.1506212656658;20.1162532642061;1224
-5.86676666666667;48.4873;11.1506212656658;20.1162532642061;1230
-5.86633333333333;48.4878666666667;11.5;19.9185842870421;1236
-5.86575;48.4886333333333;11.1021401187009;20.0287909598512;1244
-5.86538333333333;48.48925;11.1021401187009;20.0287909598512;1251
-5.86355;48.4917166666667;11.5;19.9185842870421;1277
-5.86295;48.4924333333333;11.5;19.9185842870421;1284
-5.86288333333333;48.4925166666667;11.5;19.9185842870421;1290
-5.86208333333333;48.4936;11.4499998092651;19.8319814163012;1301
-5.8587;48.4982;11.1021401187009;20.0287909598512;1344
-5.85821666666667;48.4988833333333;11.1021401187009;20.0287909598512;1354
-5.85765;48.49965;11.1506212656658;20.1162532642061;1362
-5.85411666666667;48.50455;11.1991024126306;20.203715568561;1410
-5.85376666666667;48.5050166666667;11.1506212656658;20.1162532642061;1415
-5.8521;48.5071833333333;11.5;19.9185842870421;1440
-5.85168333333333;48.50775;11.5;19.9185842870421;1445
-5.85131666666667;48.5082333333333;11.5;19.9185842870421;1450
-5.85138333333333;48.5081333333333;11.5;19.9185842870421;1458
-5.8501;48.50985;11.1506212656658;20.1162532642061;1466
-5.84898333333333;48.5113666666667;11.1506212656658;20.1162532642061;1482
-5.84856666666667;48.51195;11.1021401187009;20.0287909598512;1490
-5.84763333333333;48.5132;11.5500001907349;20.005187157783;1500
-5.84618333333333;48.5151166666667;11.1506212656658;20.1162532642061;1521
-5.83938333333333;48.5242333333333;11.1991024126306;20.203715568561;1618
-5.83635;48.5281833333333;11.1991024126306;20.203715568561;1658
-5.8355;48.5293166666667;11.1506212656658;20.1162532642061;1669
-5.83433333333333;48.53085;11.1506212656658;20.1162532642061;1685
-5.83241666666667;48.5334166666667;11.1991024126306;20.203715568561;1715
-5.83183333333333;48.5341833333333;11.5500001907349;20.005187157783;1721
-5.83036666666667;48.53615;11.1991024126306;20.203715568561;1742
-5.8298;48.5369166666667;11.1991024126306;20.203715568561;1750
-5.83036666666667;48.53615;11.1991024126306;20.203715568561;1755
-5.82131666666667;48.5481333333333;11.9488837308561;19.8862820302558;1865
-5.82103333333333;48.5485166666667;11.6000003814697;20.0917900285239;1871
-5.81763333333333;48.5527333333333;11.8973797268937;19.8005649732022;1915
-5.81748333333333;48.5529333333333;11.8973797268937;19.8005649732022;1920
-5.81661666666667;48.5540333333333;11.5500001907349;20.005187157783;1931
-5.81256666666667;48.55935;11.8973797268937;19.8005649732022;1986
-5.81056666666667;48.5618666666667;11.9488837308561;19.8862820302558;2010
-5.80885;48.5638833333333;11.5500001907349;20.005187157783;2035
-5.80796666666667;48.5650333333333;11.5500001907349;20.005187157783;2045
-5.8074;48.5657666666667;11.5500001907349;20.005187157783;2057
-5.80665;48.5667333333333;11.5500001907349;20.005187157783;2064
-5.80535;48.5684333333333;11.5500001907349;20.005187157783;2079
-5.80486666666667;48.569;11.5500001907349;20.005187157783;2085
-5.80456666666667;48.5693666666667;11.5500001907349;20.005187157783;2092
-5.80436666666667;48.5696166666667;11.5500001907349;20.005187157783;2100
-5.80328333333333;48.5709333333333;11.6000003814697;20.0917900285239;2108
-5.80236666666667;48.5720833333333;11.5500001907349;20.005187157783;2119
-5.80191666666667;48.5726666666667;11.5500001907349;20.005187157783;2127
-5.80153333333333;48.5732333333333;11.5500001907349;20.005187157783;2136
-5.80123333333333;48.5736166666667;11.5500001907349;20.005187157783;2145
-5.80003333333333;48.5751333333333;11.8973797268937;19.8005649732022;2155
-5.7995;48.5758166666667;11.8973797268937;19.8005649732022;2160
-5.79846666666667;48.5771333333333;11.5500001907349;20.005187157783;2171
-5.79795;48.5777166666667;11.5500001907349;20.005187157783;2177
-5.79766666666667;48.5781;11.5500001907349;20.005187157783;2185
-5.79696666666667;48.5789333333333;11.6000003814697;20.0917900285239;2190
-5.7965;48.5795333333333;11.5500001907349;20.005187157783;2197
-5.7961;48.5800833333333;11.6000003814697;20.0917900285239;2208
-5.7952;48.5812166666667;11.5500001907349;20.005187157783;2218
-5.7944;48.5821666666667;11.9488837308561;19.8862820302558;2225
-5.79365;48.5831333333333;11.6000003814697;20.0917900285239;2236
-5.79333333333333;48.5835166666667;11.6000003814697;20.0917900285239;2244
-5.79256666666667;48.5844166666667;11.6000003814697;20.0917900285239;2249
-5.79243333333333;48.5846166666667;11.6000003814697;20.0917900285239;2255
-5.79151666666667;48.5857666666667;11.6000003814697;20.0917900285239;2265
-5.79091666666667;48.5865333333333;11.6000003814697;20.0917900285239;2271
-5.79058333333333;48.5869;11.6000003814697;20.0917900285239;2278
-5.79;48.5876666666667;11.6000003814697;20.0917900285239;2286
-5.78953333333333;48.5882;11.6000003814697;20.0917900285239;2292
-5.78906666666667;48.5888;11.6000003814697;20.0917900285239;2297
-5.78833333333333;48.5898;11.6000003814697;20.0917900285239;2309
-5.78776666666667;48.5905666666667;11.6000003814697;20.0917900285239;2315
-5.78718333333333;48.5913166666667;11.6000003814697;20.0917900285239;2321
-5.78663333333333;48.5919666666667;11.6000003814697;20.0917900285239;2335
-5.78563333333333;48.5932;11.6000003814697;20.0917900285239;2341
-5.78473333333333;48.5943666666667;11.6000003814697;20.0917900285239;2355
-5.7837;48.5956833333333;11.9488837308561;19.8862820302558;2369
-5.78303333333333;48.5965166666667;11.6000003814697;20.0917900285239;2375
-5.78218333333333;48.5976833333333;11.9488837308561;19.8862820302558;2387
-5.78188333333333;48.5980333333333;11.6000003814697;20.0917900285239;2395
-5.7808;48.59935;11.6000003814697;20.0917900285239;2405
-5.78051666666667;48.5996166666667;11.6000003814697;20.0917900285239;2411
-5.78003333333333;48.6002333333333;11.6000003814697;20.0917900285239;2420
-5.77908333333333;48.6013333333333;11.6000003814697;20.0917900285239;2429
-5.77886666666667;48.6017166666667;11.6000003814697;20.0917900285239;2435
-5.77785;48.6029666666667;11.6000003814697;20.0917900285239;2447
-5.77718333333333;48.6038333333333;11.6000003814697;20.0917900285239;2455
-5.77653333333333;48.6045833333333;11.6499996185303;20.1783912474525;2461
-5.77606666666667;48.6051666666667;11.6499996185303;20.1783912474525;2470
-5.77506666666667;48.6064;11.6000003814697;20.0917900285239;2479
-5.7747;48.6068333333333;11.6000003814697;20.0917900285239;2485
-5.77413333333333;48.6076166666667;11.6000003814697;20.0917900285239;2495
-5.77355;48.6083;11.6000003814697;20.0917900285239;2501
-5.77301666666667;48.6089833333333;11.6000003814697;20.0917900285239;2508
-5.77221666666667;48.6099833333333;11.6000003814697;20.0917900285239;2519
-5.77135;48.6111;11.6000003814697;20.0917900285239;2531
-5.77105;48.6115;11.6000003814697;20.0917900285239;2538
-5.77041666666667;48.6122333333333;11.9488837308561;19.8862820302558;2545
-5.77005;48.6127;11.6000003814697;20.0917900285239;2551
-5.7694;48.6135166666667;11.5500001907349;20.005187157783;2556
-5.76861666666667;48.6144833333333;11.5500001907349;20.005187157783;2569
-5.76783333333333;48.6154166666667;11.5500001907349;20.005187157783;2575
-5.76745;48.6158833333333;11.5500001907349;20.005187157783;2581
-5.76683333333333;48.61665;11.8973797268937;19.8005649732022;2591
-5.76663333333333;48.6169333333333;11.8973797268937;19.8005649732022;2598
-5.76588333333333;48.6179;11.5500001907349;20.005187157783;2605
-5.76526666666667;48.61865;11.5500001907349;20.005187157783;2610
-5.76488333333333;48.6191166666667;11.5500001907349;20.005187157783;2615
-5.76451666666667;48.6195833333333;11.5500001907349;20.005187157783;2621
-5.76391666666667;48.6203333333333;11.5500001907349;20.005187157783;2627
-5.76336666666667;48.6211;11.5500001907349;20.005187157783;2635
-5.76241666666667;48.6222166666667;11.5500001907349;20.005187157783;2648
-5.76228333333333;48.6224166666667;11.5500001907349;20.005187157783;2654
-5.762;48.6227833333333;11.5500001907349;20.005187157783;2660
-5.76108333333333;48.6239166666667;11.5500001907349;20.005187157783;2665
-5.76131666666667;48.6236333333333;11.5500001907349;20.005187157783;2670
-5.76043333333333;48.6247833333333;11.5500001907349;20.005187157783;2676
-5.75976666666667;48.6255666666667;11.6000003814697;20.0917900285239;2681
-5.75865;48.62695;11.5500001907349;20.005187157783;2700
-5.75791666666667;48.6278;11.8973797268937;19.8005649732022;2705
-5.75711666666667;48.6288666666667;11.5500001907349;20.005187157783;2718
-5.7565;48.6296333333333;11.5500001907349;20.005187157783;2725
-5.75591666666667;48.6303833333333;11.5500001907349;20.005187157783;2735
-5.75533333333333;48.6311333333333;11.8973797268937;19.8005649732022;2741
-5.7531;48.6339166666667;11.5500001907349;20.005187157783;2771
-5.71093333333333;48.6858333333333;11.6000003814697;20.0917900285239;3325
-5.71043333333333;48.6863666666667;11.6000003814697;20.0917900285239;3330
-5.7044;48.69375;11.9488837308561;19.8862820302558;3410
-5.70198333333333;48.6965666666667;11.9488837308561;19.8862820302558;3435
-5.69506666666667;48.7048333333333;12.2941273345067;19.6747164778384;3524
-5.69168333333333;48.7087833333333;11.9488837308561;19.8862820302558;3571
-5.68418333333333;48.7172666666667;11.9488837308561;19.8862820302558;3657
-5.6744;48.7286833333333;11.9488837308561;19.8862820302558;3779
-5.6658;48.7388333333333;11.9488837308561;19.8862820302558;3887
-5.6639;48.7411666666667;11.9488837308561;19.8862820302558;3912
-5.6632;48.7420333333333;11.8973797268937;19.8005649732022;3925
-5.66225;48.7431166666667;12.2411352059352;19.5899113447181;3934
-5.66148333333333;48.7440166666667;11.9488837308561;19.8862820302558;3943
-5.65995;48.7457833333333;11.8973797268937;19.8005649732022;3964
-5.65938333333333;48.7464333333333;12.2411352059352;19.5899113447181;3970
-5.65761666666667;48.7484;11.8973797268937;19.8005649732022;3991
-5.65668333333333;48.74945;11.8973797268937;19.8005649732022;4002
-5.65606666666667;48.7501833333333;11.8973797268937;19.8005649732022;4014
-5.65561666666667;48.7507666666667;11.8973797268937;19.8005649732022;4019
-5.65525;48.7512166666667;11.8973797268937;19.8005649732022;4027
-5.65456666666667;48.7520666666667;11.8973797268937;19.8005649732022;4035
-5.6536;48.7531333333333;12.2411352059352;19.5899113447181;4044
-5.65293333333333;48.7540666666667;11.8973797268937;19.8005649732022;4050
-5.65263333333333;48.75435;11.8973797268937;19.8005649732022;4056
-5.65181666666667;48.7551333333333;11.9488837308561;19.8862820302558;4062
-5.65131666666667;48.7559833333333;11.8973797268937;19.8005649732022;4076
-5.65066666666667;48.75655;11.8973797268937;19.8005649732022;4081
-5.64948333333333;48.75815;12.2411352059352;19.5899113447181;4096
-5.64846666666667;48.7592166666667;12.2411352059352;19.5899113447181;4105
-5.6478;48.7600666666667;12.2411352059352;19.5899113447181;4116
-5.64715;48.7608;11.8973797268937;19.8005649732022;4122
-5.64698333333333;48.7609833333333;11.8973797268937;19.8005649732022;4128
-5.6463;48.7616833333333;11.8973797268937;19.8005649732022;4136
-5.64553333333333;48.76265;11.8973797268937;19.8005649732022;4146
-5.64463333333333;48.7638;11.8973797268937;19.8005649732022;4156
-5.6438;48.7646833333333;11.8973797268937;19.8005649732022;4167
-5.6411;48.76795;12.2411352059352;19.5899113447181;4199
-5.64038333333333;48.7688;11.9488837308561;19.8862820302558;4209
-5.6411;48.76795;12.2411352059352;19.5899113447181;4214
-5.64006666666667;48.7691666666667;11.8973797268937;19.8005649732022;4221
-5.6391;48.7703166666667;11.8973797268937;19.8005649732022;4228
-5.63806666666667;48.7715333333333;11.8973797268937;19.8005649732022;4239
-5.63768333333333;48.7720166666667;11.8973797268937;19.8005649732022;4247
-5.63686666666667;48.77295;11.8973797268937;19.8005649732022;4255
-5.63623333333333;48.7736666666667;11.9488837308561;19.8862820302558;4261
-5.63395;48.7764;12.2411352059352;19.5899113447181;4291
-5.63245;48.7782;12.5811619166104;19.3732904394667;4310
-5.6318;48.77895;12.5811619166104;19.3732904394667;4321
-5.63101666666667;48.7798833333333;13.2496158985112;18.9224125355574;4327
-5.62538333333333;48.78555;14.6002335524896;18.029786898717;4394
-5.6202;48.7900833333333;16.116074724631;16.6886839166694;4442
-5.60606666666667;48.79915;18.6882928786768;13.5778395521784;4567
-5.60383333333333;48.8003666666667;18.6882928786768;13.5778395521784;4585
-5.60196666666667;48.8013833333333;18.9224125355574;13.2496158985112;4601
-5.60126666666667;48.8017666666667;18.9224125355574;13.2496158985112;4607
-5.6004;48.8022333333333;19.1507682422742;12.9173562834894;4614
-5.59938333333333;48.8028;19.3732904394667;12.5811619166104;4621
-5.59753333333333;48.8037;19.5899113447181;12.2411352059352;4633
-5.59703333333333;48.80395;19.5899113447181;12.2411352059352;4639
-5.596;48.8044666666667;19.8005649732022;11.8973797268937;4648
-5.59508333333333;48.8049333333333;19.8862820302558;11.9488837308561;4654
-5.59335;48.8057333333333;20.2911778729159;11.2475835595954;4669
-5.59255;48.8061;20.203715568561;11.1991024126306;4674
-5.59146666666667;48.8065666666667;20.2911778729159;11.2475835595954;4680
-5.58975;48.80735;20.2911778729159;11.2475835595954;4691
-5.58933333333333;48.8075166666667;20.2911778729159;11.2475835595954;4699
-5.58768333333333;48.80825;20.4843848279627;10.891740614811;4708
-5.58685;48.8086166666667;20.4843848279627;10.891740614811;4719
-5.5852;48.8092666666667;20.4843848279627;10.891740614811;4729
-5.58383333333333;48.8098666666667;20.4843848279627;10.891740614811;4735
-5.58356666666667;48.81;20.4843848279627;10.891740614811;4740
-5.58261666666667;48.8104166666667;20.4843848279627;10.891740614811;4750
-5.5811;48.81105;20.4843848279627;10.891740614811;4758
-5.58;48.8115;20.2911778729159;11.2475835595954;4768
-5.57865;48.8121;20.4843848279627;10.891740614811;4776
-5.57783333333333;48.8124333333333;20.4843848279627;10.891740614811;4781
-5.57741666666667;48.8126333333333;20.5726782399774;10.9386870547329;4787
-5.57603333333333;48.8132166666667;20.7604513338049;10.5779782975642;4794
-5.5752;48.8135666666667;20.7604513338049;10.5779782975642;4800
-5.57285;48.8145166666667;20.7604513338049;10.5779782975642;4818
-5.57186666666667;48.8149333333333;20.7604513338049;10.5779782975642;4825
-5.571;48.8152666666667;20.7604513338049;10.5779782975642;4830
-5.57033333333333;48.81555;20.6713520409542;10.5325799403247;4835
-5.5695;48.8158666666667;20.6713520409542;10.5325799403247;4840
-5.56895;48.8161;20.7604513338049;10.5779782975642;4847
-5.56781666666667;48.8165333333333;20.9419005930452;10.2140473857349;4854
-5.56711666666667;48.8168166666667;20.9419005930452;10.2140473857349;4860
-5.56581666666667;48.81735;20.9419005930452;10.2140473857349;4868
-5.56555;48.81745;20.9419005930452;10.2140473857349;4876
-5.56345;48.8182666666667;20.8520225598661;10.1702109399572;4885
-5.56276666666667;48.8185333333333;21.0263413507082;9.80474399481637;4890
-5.56165;48.8189666666667;21.0263413507082;9.80474399481637;4896
-5.5611;48.8191833333333;21.0263413507082;9.80474399481637;4905
-5.55925;48.8198833333333;21.0263413507082;9.80474399481637;4917
-5.55815;48.8203166666667;20.8520225598661;10.1702109399572;4922
-5.55716666666667;48.82065;21.0263413507082;9.80474399481637;4927
-5.55686666666667;48.8207666666667;21.0263413507082;9.80474399481637;4935
-5.55633333333333;48.8210166666667;20.8520225598661;10.1702109399572;4941
-5.55435;48.8217833333333;21.116970746496;9.84700517612615;4949
-5.55406666666667;48.8218833333333;21.116970746496;9.84700517612615;4955
-5.55265;48.8224666666667;21.116970746496;9.84700517612615;4964
-5.55151666666667;48.8228833333333;21.116970746496;9.84700517612615;4969
-5.5504;48.8233333333333;20.9419005930452;10.2140473857349;4978
-5.54828333333333;48.8241666666667;20.9419005930452;10.2140473857349;4990
-5.5476;48.8244166666667;21.116970746496;9.84700517612615;4998
-5.54648333333333;48.8248333333333;21.0263413507082;9.80474399481637;5004
-5.54578333333333;48.8251166666667;21.116970746496;9.84700517612615;5011
-5.54466666666667;48.8255333333333;21.0263413507082;9.80474399481637;5026
-5.54221666666667;48.82645;20.8520225598661;10.1702109399572;5035
-5.54081666666667;48.8269666666667;21.0263413507082;9.80474399481637;5045
-5.53971666666667;48.8274333333333;21.0263413507082;9.80474399481637;5059
-5.53828333333333;48.8279666666667;21.0263413507082;9.80474399481637;5064
-5.53661666666667;48.8285833333333;20.7621428123735;10.126373658053;5074
-5.53576666666667;48.8289;20.7621428123735;10.126373658053;5080
-5.5352;48.8291166666667;20.7621428123735;10.126373658053;5086
-5.53395;48.8296;20.7621428123735;10.126373658053;5092
-5.53311666666667;48.8298833333333;20.9357102262756;9.76248200742623;5098
-5.53256666666667;48.8301166666667;20.7621428123735;10.126373658053;5105
-5.53141666666667;48.83055;20.7621428123735;10.126373658053;5114
-5.52988333333333;48.8311833333333;20.8520225598661;10.1702109399572;5121
-5.52861666666667;48.8316666666667;20.7621428123735;10.126373658053;5132
-5.5275;48.8321;20.8520225598661;10.1702109399572;5142
-5.52651666666667;48.8324833333333;20.7621428123735;10.126373658053;5151
-5.52485;48.83315;20.8520225598661;10.1702109399572;5158
-5.52398333333333;48.8334833333333;20.8520225598661;10.1702109399572;5167
-5.52261666666667;48.8339833333333;20.8520225598661;10.1702109399572;5172
-5.52236666666667;48.8340833333333;20.8520225598661;10.1702109399572;5178
-5.52208333333333;48.8342;20.8520225598661;10.1702109399572;5184
-5.5206;48.83475;20.8520225598661;10.1702109399572;5191
-5.51951666666667;48.8351833333333;20.8520225598661;10.1702109399572;5196
-5.5188;48.8354833333333;20.8520225598661;10.1702109399572;5206
-5.51675;48.8362833333333;20.8520225598661;10.1702109399572;5215
-5.5166;48.8363333333333;20.8520225598661;10.1702109399572;5221
-5.5153;48.8368333333333;20.8520225598661;10.1702109399572;5226
-5.5149;48.8369833333333;20.8520225598661;10.1702109399572;5233
-5.51278333333333;48.8378333333333;20.8520225598661;10.1702109399572;5244
-5.51166666666667;48.8382833333333;20.8520225598661;10.1702109399572;5251
-5.51056666666667;48.8387;20.8520225598661;10.1702109399572;5267
-5.50886666666667;48.83935;20.8520225598661;10.1702109399572;5275
-5.50775;48.8398333333333;20.8520225598661;10.1702109399572;5281
-5.50548333333333;48.8407333333333;20.8520225598661;10.1702109399572;5295
-5.50453333333333;48.8410833333333;20.8520225598661;10.1702109399572;5302
-5.50368333333333;48.8414333333333;20.8520225598661;10.1702109399572;5307
-5.4911;48.8463166666667;20.8520225598661;10.1702109399572;5397
-5.49041666666667;48.84655;20.8520225598661;10.1702109399572;5405
-5.41505;48.8749333333333;20.9357102262756;9.76248200742623;5937
-5.38388333333333;48.8865333333333;21.116970746496;9.84700517612615;6157
-5.37806666666667;48.8887333333333;21.0263413507082;9.80474399481637;6199
-5.37306666666667;48.8904833333333;21.116970746496;9.84700517612615;6234
-5.37251666666667;48.8906833333333;21.116970746496;9.84700517612615;6241
-5.36961666666667;48.8917666666667;21.116970746496;9.84700517612615;6259
-5.3686;48.8921333333333;21.116970746496;9.84700517612615;6268
-5.3659;48.8930333333333;21.116970746496;9.84700517612615;6284
-5.36141666666667;48.8946833333333;20.7604513338049;10.5779782975642;6313
-5.36098333333333;48.8948666666667;20.7604513338049;10.5779782975642;6320
-5.34676666666667;48.9004333333333;20.8495523261158;10.6233775207218;6417
-5.34095;48.9027166666667;20.7604513338049;10.5779782975642;6460
-5.33881666666667;48.9035333333333;20.8495523261158;10.6233775207218;6475
-5.33783333333333;48.9039;20.8495523261158;10.6233775207218;6481
-5.33725;48.9041333333333;20.8495523261158;10.6233775207218;6488
-5.33541666666667;48.9049;20.8495523261158;10.6233775207218;6503
-5.33371666666667;48.9055333333333;20.8495523261158;10.6233775207218;6511
-5.33288333333333;48.9058666666667;20.8495523261158;10.6233775207218;6517
-5.33215;48.90615;20.8495523261158;10.6233775207218;6525
-5.33046666666667;48.9067833333333;20.8495523261158;10.6233775207218;6534
-5.32733333333333;48.90805;20.8495523261158;10.6233775207218;6559
-5.32646666666667;48.9083833333333;20.8495523261158;10.6233775207218;6566
-5.32576666666667;48.9086333333333;20.8495523261158;10.6233775207218;6571
-5.32395;48.9093166666667;20.8495523261158;10.6233775207218;6580
-5.32311666666667;48.90965;20.8495523261158;10.6233775207218;6585
-5.32198333333333;48.9100833333333;20.8495523261158;10.6233775207218;6595
-5.31956666666667;48.9110333333333;21.0317803405378;10.2578846676391;6614
-5.3172;48.9118833333333;20.9386533184266;10.6687767438794;6625
-5.31648333333333;48.91215;20.9386533184266;10.6687767438794;6631
-5.31621666666667;48.9122666666667;20.9386533184266;10.6687767438794;6637
-5.31468333333333;48.9129;20.9386533184266;10.6687767438794;6649
-5.3134;48.9133833333333;20.9386533184266;10.6687767438794;6655
-5.31253333333333;48.9137833333333;20.9386533184266;10.6687767438794;6661
-5.31196666666667;48.9139666666667;20.9386533184266;10.6687767438794;6668
-5.31058333333333;48.9145333333333;21.0277543107375;10.7141759670369;6673
-5.30958333333333;48.9148833333333;21.0277543107375;10.7141759670369;6683
-5.3083;48.9153833333333;21.0277543107375;10.7141759670369;6691
-5.30761666666667;48.9156833333333;21.0277543107375;10.7141759670369;6698
-5.30578333333333;48.9163833333333;20.9386533184266;10.6687767438794;6707
-5.30506666666667;48.9166666666667;20.9386533184266;10.6687767438794;6715
-5.30421666666667;48.917;20.9386533184266;10.6687767438794;6721
-5.30323333333333;48.9173833333333;20.9386533184266;10.6687767438794;6727
-5.30151666666667;48.9180833333333;21.1216600880304;10.3017219495433;6739
-5.30016666666667;48.9186166666667;21.1216600880304;10.3017219495433;6747
-5.29926666666667;48.9189333333333;21.1216600880304;10.3017219495433;6757
-5.29798333333333;48.91945;21.0317803405378;10.2578846676391;6763
-5.29755;48.9196166666667;21.0317803405378;10.2578846676391;6769
-5.29615;48.9201833333333;21.0317803405378;10.2578846676391;6775
-5.29471666666667;48.92075;21.0317803405378;10.2578846676391;6786
-5.29413333333333;48.9209666666667;21.0317803405378;10.2578846676391;6795
-5.2923;48.9216666666667;21.0317803405378;10.2578846676391;6801
-5.29171666666667;48.92185;21.2076018709286;9.88926716351629;6810
-5.29055;48.9223;21.2076018709286;9.88926716351629;6817
-5.28886666666667;48.9229333333333;21.2076018709286;9.88926716351629;6825
-5.28815;48.9232166666667;21.0317803405378;10.2578846676391;6831
-5.28785;48.92335;21.0317803405378;10.2578846676391;6836
-5.28728333333333;48.92355;21.0317803405378;10.2578846676391;6841
-5.28445;48.9245833333333;21.116970746496;9.84700517612615;6863
-5.28213333333333;48.92545;21.0317803405378;10.2578846676391;6878
-5.2839;48.9248;21.2076018709286;9.88926716351629;6885
-5.28185;48.92555;21.0317803405378;10.2578846676391;6890
-5.27956666666667;48.9264166666667;21.0317803405378;10.2578846676391;6895
-5.2784;48.9268666666667;21.116970746496;9.84700517612615;6905
-5.27685;48.9274166666667;20.9419005930452;10.2140473857349;6915
-5.276;48.9277333333333;21.0317803405378;10.2578846676391;6923
-5.27613333333333;48.9276833333333;21.0317803405378;10.2578846676391;6929
-5.27241666666667;48.9290166666667;20.9419005930452;10.2140473857349;6944
-5.27098333333333;48.9296;21.0317803405378;10.2578846676391;6952
-5.27011666666667;48.9298833333333;21.0317803405378;10.2578846676391;6958
-5.26983333333333;48.9300166666667;21.0317803405378;10.2578846676391;6964
-5.26843333333333;48.9305333333333;20.9419005930452;10.2140473857349;6974
-5.26645;48.9312;21.0317803405378;10.2578846676391;6987
-5.26558333333333;48.9315666666667;21.2076018709286;9.88926716351629;6993
-5.2637;48.93225;21.0317803405378;10.2578846676391;7004
-5.26283333333333;48.9325833333333;21.0317803405378;10.2578846676391;7009
-5.26226666666667;48.9327666666667;21.0317803405378;10.2578846676391;7015
-5.26128333333333;48.9331166666667;21.0317803405378;10.2578846676391;7021
-5.26041666666667;48.9335;21.0317803405378;10.2578846676391;7027
-5.25925;48.9339833333333;21.0317803405378;10.2578846676391;7035
-5.2581;48.9344;21.0317803405378;10.2578846676391;7041
-5.25723333333333;48.9347;21.0317803405378;10.2578846676391;7046
-5.25638333333333;48.935;21.0317803405378;10.2578846676391;7054
-5.25723333333333;48.9347;21.0317803405378;10.2578846676391;7060
-5.2547;48.9356333333333;21.0317803405378;10.2578846676391;7068
-5.2538;48.9359833333333;21.0317803405378;10.2578846676391;7075
-5.25265;48.9364333333333;21.0317803405378;10.2578846676391;7081
-5.25071666666667;48.93715;21.0317803405378;10.2578846676391;7094
-5.25;48.9374;20.9419005930452;10.2140473857349;7104
-5.2474;48.93835;20.9419005930452;10.2140473857349;7122
-5.24518333333333;48.93915;20.9419005930452;10.2140473857349;7131
-5.24406666666667;48.9396;20.9419005930452;10.2140473857349;7147
-5.23956666666667;48.9412833333333;20.8520225598661;10.1702109399572;7173
-5.23793333333333;48.9418666666667;20.8520225598661;10.1702109399572;7184
-5.23705;48.9422;20.8520225598661;10.1702109399572;7191
-5.23576666666667;48.9427166666667;20.8520225598661;10.1702109399572;7197
-5.23621666666667;48.94255;20.8520225598661;10.1702109399572;7202
-5.23435;48.9432833333333;20.8520225598661;10.1702109399572;7207
-5.23308333333333;48.94375;20.8520225598661;10.1702109399572;7217
-5.23171666666667;48.9442333333333;20.8520225598661;10.1702109399572;7226
-5.23101666666667;48.9445;20.8520225598661;10.1702109399572;7231
-5.22941666666667;48.9450833333333;20.8520225598661;10.1702109399572;7244
-5.2289;48.9452666666667;20.7621428123735;10.126373658053;7249
-5.22801666666667;48.9455833333333;20.7621428123735;10.126373658053;7255
-5.22718333333333;48.9459166666667;20.7621428123735;10.126373658053;7262
-5.22465;48.9468833333333;20.7621428123735;10.126373658053;7277
-5.22705;48.9459833333333;20.7621428123735;10.126373658053;7282
-5.22295;48.9475333333333;20.7621428123735;10.126373658053;7289
-5.22338333333333;48.9473666666667;20.7621428123735;10.126373658053;7296
-5.22111666666667;48.9482666666667;20.7621428123735;10.126373658053;7304
-5.21953333333333;48.94885;20.9357102262756;9.76248200742623;7315
-5.21865;48.9492;20.7621428123735;10.126373658053;7321
-5.21638333333333;48.9499833333333;20.7621428123735;10.126373658053;7334
-5.21583333333333;48.9501833333333;20.7621428123735;10.126373658053;7339
-5.21468333333333;48.9506166666667;20.7621428123735;10.126373658053;7348
-5.21358333333333;48.95105;20.7621428123735;10.126373658053;7355
-5.21156666666667;48.9517833333333;20.7621428123735;10.126373658053;7370
-5.21116666666667;48.95195;20.7621428123735;10.126373658053;7380
-5.2096;48.9525666666667;20.7621428123735;10.126373658053;7387
-5.20821666666667;48.9530666666667;20.7621428123735;10.126373658053;7394
-5.20793333333333;48.9531666666667;20.7621428123735;10.126373658053;7402
-5.20623333333333;48.95385;20.7621428123735;10.126373658053;7409
-5.20571666666667;48.9540666666667;20.7621428123735;10.126373658053;7414
-5.20398333333333;48.9547;20.7621428123735;10.126373658053;7423
-5.20303333333333;48.9550833333333;20.7621428123735;10.126373658053;7431
-5.20205;48.95545;21.0263413507082;9.80474399481637;7442
-5.20008333333333;48.9561166666667;21.0263413507082;9.80474399481637;7451
-5.1992;48.95645;20.9357102262756;9.76248200742623;7463
-5.19726666666667;48.9572;20.9357102262756;9.76248200742623;7471
-5.19668333333333;48.9574166666667;21.0263413507082;9.80474399481637;7477
-5.1958;48.9577333333333;21.0263413507082;9.80474399481637;7484
-5.19523333333333;48.95795;21.0263413507082;9.80474399481637;7493
-5.19265;48.9589;21.0263413507082;9.80474399481637;7502
-5.19165;48.9592333333333;21.0263413507082;9.80474399481637;7510
-5.19108333333333;48.9594666666667;20.9357102262756;9.76248200742623;7520
-5.18921666666667;48.9600666666667;21.0263413507082;9.80474399481637;7527
-5.18993333333333;48.9598833333333;21.0263413507082;9.80474399481637;7535
-5.18921666666667;48.9600666666667;21.0263413507082;9.80474399481637;7540
-5.1868;48.9609166666667;21.0263413507082;9.80474399481637;7545
-5.18595;48.9612666666667;21.0263413507082;9.80474399481637;7551
-5.18436666666667;48.96185;21.0263413507082;9.80474399481637;7562
-5.18381666666667;48.9620666666667;21.0263413507082;9.80474399481637;7567
-5.1827;48.9624333333333;21.1942553142882;9.436290429674;7574
-5.17978333333333;48.9635166666667;21.0263413507082;9.80474399481637;7594
-5.17561666666667;48.9650333333333;21.0263413507082;9.80474399481637;7621
-5.17461666666667;48.9653333333333;21.0263413507082;9.80474399481637;7635
-5.17175;48.9664166666667;21.0263413507082;9.80474399481637;7650
-5.1689;48.9674666666667;21.0263413507082;9.80474399481637;7670
-5.16788333333333;48.9678166666667;21.116970746496;9.84700517612615;7682
-4.93371666666667;49.0531;20.8495523261158;10.6233775207218;9312
