"x";"y";"vx";"vy";"t"
-6.24196166666667;47.9683883333333;8.89999961853027;15.4152515266381;0
-6.10557833333333;48.13683;8.43568720734607;15.2183825705845;2361
-5.983175;48.28505;7.99023296859965;15.6817151656073;4460
-5.97932166666667;48.2896833333333;8.30964701948865;15.6281730672386;4523
-5.97366166666667;48.2964983333333;8.4841683543109;15.3058448749394;4617
-5.97110833333333;48.2994416666667;7.99023296859965;15.6817151656073;4662
-5.97005;48.30072;7.89943452228448;15.5035131809856;4677
-5.96723833333333;48.3042183333333;7.89943452228448;15.5035131809856;4725
-5.96480166666667;48.3071233333333;7.94483374544207;15.5926141732964;4770
-5.96136166666667;48.3114116666667;7.99023296859965;15.6817151656073;4829
-5.956575;48.3174166666667;7.89943452228448;15.5035131809856;4913
-5.94581666666667;48.330645;8.21575234875309;15.4515828750312;5102
-5.944725;48.33191;8.21575234875309;15.4515828750312;5114
-5.94363166666667;48.3331766666667;7.99023296859965;15.6817151656073;5131
-5.94088166666667;48.336605;7.62765778690463;15.6390160627428;5183
-5.93747833333333;48.34088;8.21575234875309;15.4515828750312;5243
-5.93641833333333;48.3421483333333;8.4841683543109;15.3058448749394;5263
-5.93529833333333;48.3434133333333;8.21575234875309;15.4515828750312;5278
-5.93486833333333;48.3439033333333;7.99023296859965;15.6817151656073;5285
-5.93384833333333;48.3450983333333;7.71533235071308;15.8187755577281;5301
-5.93316166666667;48.3459566666667;7.62765778690463;15.6390160627428;5312
-5.93011;48.3497916666667;8.43568720734607;15.2183825705845;5366
-5.92509333333333;48.3557033333333;7.71533235071308;15.8187755577281;5449
-5.924765;48.3561383333333;7.94483374544207;15.5926141732964;5459
-5.92342833333333;48.3578616666667;8.16880501338531;15.3632877789276;5481
-5.92274333333333;48.358715;8.21575234875309;15.4515828750312;5493
-5.922395;48.3591433333333;8.26269968412087;15.5398779711349;5500
-5.92169333333333;48.35999;8.16880501338531;15.3632877789276;5512
-5.92134;48.360415;8.21575234875309;15.4515828750312;5519
-5.91994833333333;48.3621083333333;7.89943452228448;15.5035131809856;5544
-5.91924833333333;48.3629633333333;8.21575234875309;15.4515828750312;5552
-5.91890166666667;48.3633883333333;7.89943452228448;15.5035131809856;5559
-5.91786166666667;48.3646683333333;7.89943452228448;15.5035131809856;5581
-5.91646666666667;48.366365;7.89943452228448;15.5035131809856;5603
-5.91506833333333;48.3680583333333;7.89943452228448;15.5035131809856;5625
-5.913355;48.370185;7.62765778690463;15.6390160627428;5655
-5.91301666666667;48.3706166666667;7.89943452228448;15.5035131809856;5661
-5.91234333333333;48.3714766666667;7.94483374544207;15.5926141732964;5673
-5.91166;48.372325;8.21575234875309;15.4515828750312;5688
-5.910955;48.3731666666667;7.89943452228448;15.5035131809856;5698
-5.908185;48.3765683333333;7.99023296859965;15.6817151656073;5745
-5.90610166666667;48.3791216666667;7.89943452228448;15.5035131809856;5780
-5.90261333333333;48.383365;7.94483374544207;15.5926141732964;5841
-5.9019;48.3842116666667;7.94483374544207;15.5926141732964;5855
-5.90118166666667;48.38506;7.99023296859965;15.6817151656073;5864
-5.90011166666667;48.3863333333333;7.94483374544207;15.5926141732964;5883
-5.89941833333333;48.387185;7.94483374544207;15.5926141732964;5894
-5.899065;48.38761;7.94483374544207;15.5926141732964;5901
-5.89837166666667;48.388465;7.89943452228448;15.5035131809856;5918
-5.89767666666667;48.3893216666667;7.99023296859965;15.6817151656073;5926
-5.89695833333333;48.39017;8.16880501338531;15.3632877789276;5941
-5.89587333333333;48.3914366666667;8.21575234875309;15.4515828750312;5954
-5.8955;48.391855;8.26269968412087;15.5398779711349;5961
-5.89473833333333;48.392695;8.03563219175724;15.7708161579181;5973
-5.8955;48.391855;8.26269968412087;15.5398779711349;5978
-5.89358;48.3940366666667;7.71533235071308;15.8187755577281;5995
-5.89294;48.3948233333333;7.43808156785238;15.951017397574;6001
-5.89226833333333;48.39569;7.71533235071308;15.8187755577281;6015
-5.891925;48.396125;7.80300607839493;15.9985333383997;6021
-5.89153;48.396635;7.75916963261731;15.9086553052207;6029
-5.88953333333333;48.39913;8.21575234875309;15.4515828750312;6061
-5.88880833333333;48.3999883333333;8.53264950127573;15.3933071792943;6076
-5.88801;48.400895;8.21575234875309;15.4515828750312;6091
-5.88663666666667;48.4025183333333;7.89943452228448;15.5035131809856;6114
-5.88592666666667;48.4033683333333;7.89943452228448;15.5035131809856;6123
-5.88524;48.4042166666667;7.89943452228448;15.5035131809856;6134
-5.884885;48.4046416666667;7.67149506880885;15.7288958102354;6140
-5.88449;48.40514;7.89943452228448;15.5035131809856;6148
-5.88351333333333;48.4063583333333;7.94483374544207;15.5926141732964;6163
-5.88318;48.4067816666667;7.94483374544207;15.5926141732964;6172
-5.88247666666667;48.4076233333333;7.94483374544207;15.5926141732964;6184
-5.88176833333333;48.40848;8.21575234875309;15.4515828750312;6195
-5.88141333333333;48.408905;7.94483374544207;15.5926141732964;6200
-5.88068666666667;48.40977;7.94483374544207;15.5926141732964;6213
-5.87999166666667;48.4106166666667;7.94483374544207;15.5926141732964;6223
-5.87963666666667;48.4110433333333;7.94483374544207;15.5926141732964;6231
-5.87789666666667;48.4131733333333;7.94483374544207;15.5926141732964;6262
-5.8772;48.41403;7.99023296859965;15.6817151656073;6275
-5.87684833333333;48.4144566666667;7.99023296859965;15.6817151656073;6283
-5.876155;48.41531;7.94483374544207;15.5926141732964;6290
-5.87580666666667;48.4157366666667;7.99023296859965;15.6817151656073;6301
-5.87438166666667;48.4174283333333;7.99023296859965;15.6817151656073;6322
-5.87403333333333;48.417855;7.94483374544207;15.5926141732964;6330
-5.87326833333333;48.41878;7.99023296859965;15.6817151656073;6339
-5.87228333333333;48.4199916666667;7.94483374544207;15.5926141732964;6356
-5.87193166666667;48.42042;7.94483374544207;15.5926141732964;6361
-5.87123333333333;48.4212716666667;7.94483374544207;15.5926141732964;6374
-5.87088;48.4216966666667;7.99023296859965;15.6817151656073;6382
-5.870515;48.4221183333333;7.99023296859965;15.6817151656073;6389
-5.87016166666667;48.422545;7.99023296859965;15.6817151656073;6394
-5.86975166666667;48.4230416666667;7.94483374544207;15.5926141732964;6403
-5.868385;48.4246633333333;7.94483374544207;15.5926141732964;6424
-5.866195;48.4272883333333;7.99023296859965;15.6817151656073;6462
-5.86520333333333;48.4285;7.94483374544207;15.5926141732964;6478
-5.86486333333333;48.428935;8.03563219175724;15.7708161579181;6484
-5.86415166666667;48.429795;7.99023296859965;15.6817151656073;6502
-5.86242166666667;48.4319583333333;8.03563219175724;15.7708161579181;6523
-5.86206166666667;48.43239;8.35659345941048;15.7164664792533;6529
-5.861695;48.432825;8.35659345941048;15.7164664792533;6537
-5.86024666666667;48.4345333333333;8.03563219175724;15.7708161579181;6564
-5.859095;48.4358716666667;7.99023296859965;15.6817151656073;6579
-5.8588;48.436235;8.03563219175724;15.7708161579181;6588
-5.858085;48.4370933333333;7.71533235071308;15.8187755577281;6597
-5.85773166666667;48.437525;7.71533235071308;15.8187755577281;6602
-5.857045;48.438395;7.71533235071308;15.8187755577281;6614
-5.85670333333333;48.4388266666667;7.99023296859965;15.6817151656073;6620
-5.8563;48.439335;8.08103054899667;15.8599154507689;6631
-5.85561;48.4402066666667;7.99023296859965;15.6817151656073;6640
-5.855325;48.4405683333333;7.99023296859965;15.6817151656073;6648
-5.85463666666667;48.4414333333333;8.26269968412087;15.5398779711349;6658
-5.85358833333333;48.4427283333333;8.58113064824055;15.4807694836492;6674
-5.852065;48.4444933333333;7.99023296859965;15.6817151656073;6701
-5.84964833333333;48.447405;7.94483374544207;15.5926141732964;6740
-5.84921833333333;48.4479;7.99023296859965;15.6817151656073;6749
-5.84964833333333;48.447405;7.94483374544207;15.5926141732964;6758
-5.84782333333333;48.44953;7.99023296859965;15.6817151656073;6774
-5.84710833333333;48.4503866666667;7.75916963261731;15.9086553052207;6784
-5.84642833333333;48.451255;7.67149506880885;15.7288958102354;6796
-5.84608333333333;48.4516866666667;7.67149506880885;15.7288958102354;6803
-5.84567833333333;48.4521883333333;7.99023296859965;15.6817151656073;6810
-5.84540333333333;48.4525466666667;7.99023296859965;15.6817151656073;6818
-5.844355;48.4538316666667;8.26269968412087;15.5398779711349;6831
-5.843995;48.45426;8.26269968412087;15.5398779711349;6837
-5.84362;48.4546783333333;8.16880501338531;15.3632877789276;6845
-5.84250666666667;48.45594;8.30964701948865;15.6281730672386;6861
-5.84207833333333;48.4564283333333;8.21575234875309;15.4515828750312;6874
-5.84138166666667;48.4572016666667;8.08103054899667;15.8599154507689;6880
-5.84101166666667;48.4576283333333;8.03563219175724;15.7708161579181;6893
-5.84028333333333;48.458475;7.75916963261731;15.9086553052207;6899
-5.83992166666667;48.4589066666667;7.75916963261731;15.9086553052207;6905
-5.83923;48.4597783333333;7.43808156785238;15.951017397574;6915
-5.83889333333333;48.4602116666667;7.43808156785238;15.951017397574;6920
-5.83856833333333;48.4606483333333;7.75916963261731;15.9086553052207;6931
-5.83757833333333;48.4619566666667;8.21575234875309;15.4515828750312;6949
-5.83686666666667;48.4628166666667;8.30964701948865;15.6281730672386;6958
-5.83581;48.4641;8.53264950127573;15.3933071792943;6974
-5.83544666666667;48.4645266666667;8.58113064824055;15.4807694836492;6980
-5.83506833333333;48.4649483333333;8.26269968412087;15.5398779711349;6992
-5.83397;48.4662133333333;8.03563219175724;15.7708161579181;7006
-5.83356666666667;48.4667133333333;7.94483374544207;15.5926141732964;7012
-5.83286666666667;48.467565;7.71533235071308;15.8187755577281;7027
-5.832245;48.468355;7.62765778690463;15.6390160627428;7034
-5.83191166666667;48.4687866666667;7.67149506880885;15.7288958102354;7042
-5.83123166666667;48.4696516666667;7.99023296859965;15.6817151656073;7051
-5.830545;48.4705116666667;8.03563219175724;15.7708161579181;7069
-5.82985666666667;48.4713733333333;7.89943452228448;15.5035131809856;7079
-5.82945833333333;48.471875;7.94483374544207;15.5926141732964;7089
-5.82812;48.4735216666667;8.03563219175724;15.7708161579181;7109
-5.82776333333333;48.47395;8.03563219175724;15.7708161579181;7114
-5.827055;48.4748016666667;7.94483374544207;15.5926141732964;7131
-5.82636333333333;48.47566;7.99023296859965;15.6817151656073;7140
-5.82531;48.476945;8.26269968412087;15.5398779711349;7154
-5.82458666666667;48.4778016666667;8.03563219175724;15.7708161579181;7169
-5.823875;48.47866;8.03563219175724;15.7708161579181;7183
-5.823125;48.4795916666667;7.71533235071308;15.8187755577281;7194
-5.82283;48.4799483333333;7.71533235071308;15.8187755577281;7201
-5.82180333333333;48.4812416666667;8.21575234875309;15.4515828750312;7219
-5.82109;48.4820983333333;8.26269968412087;15.5398779711349;7228
-5.82066666666667;48.4825883333333;8.21575234875309;15.4515828750312;7233
-5.81999333333333;48.4833666666667;8.03563219175724;15.7708161579181;7245
-5.81956666666667;48.4838616666667;7.99023296859965;15.6817151656073;7251
-5.81926833333333;48.484215;7.94483374544207;15.5926141732964;7259
-5.81885;48.4847116666667;7.67149506880885;15.7288958102354;7264
-5.81956666666667;48.4838616666667;7.99023296859965;15.6817151656073;7272
-5.81821;48.4855016666667;7.99023296859965;15.6817151656073;7278
-5.81751166666667;48.4863583333333;7.94483374544207;15.5926141732964;7287
-5.81710166666667;48.4868583333333;8.03563219175724;15.7708161579181;7294
-5.81644833333333;48.48764;7.67149506880885;15.7288958102354;7310
-5.81576;48.4884983333333;7.99023296859965;15.6817151656073;7317
-5.81466666666667;48.4898533333333;7.94483374544207;15.5926141732964;7336
-5.81361666666667;48.4911416666667;8.21575234875309;15.4515828750312;7353
-5.81294666666667;48.4919183333333;8.26269968412087;15.5398779711349;7365
-5.81250166666667;48.4924116666667;8.30964701948865;15.6281730672386;7370
-5.81218;48.4927583333333;8.30964701948865;15.6281730672386;7375
-5.81174333333333;48.4932483333333;7.99023296859965;15.6817151656073;7385
-5.811;48.4941;7.80300607839493;15.9985333383997;7394
-5.81030333333333;48.4949583333333;7.71533235071308;15.8187755577281;7407
-5.80995;48.4953866666667;7.71533235071308;15.8187755577281;7413
-5.80933333333333;48.4961866666667;7.75916963261731;15.9086553052207;7426
-5.80893666666667;48.4966916666667;7.71533235071308;15.8187755577281;7432
-5.80826333333333;48.4975566666667;8.21575234875309;15.4515828750312;7446
-5.80755;48.498415;8.30964701948865;15.6281730672386;7460
-5.80681666666667;48.4992616666667;8.26269968412087;15.5398779711349;7467
-5.80645;48.4996833333333;8.26269968412087;15.5398779711349;7473
-5.80575666666667;48.500455;7.99023296859965;15.6817151656073;7485
-5.80539333333333;48.5008783333333;7.99023296859965;15.6817151656073;7495
-5.80392;48.5026633333333;7.71533235071308;15.8187755577281;7515
-5.80358;48.5030933333333;7.67149506880885;15.7288958102354;7520
-5.80323666666667;48.5035266666667;7.99023296859965;15.6817151656073;7527
-5.80260666666667;48.50432;7.99023296859965;15.6817151656073;7538
-5.80224666666667;48.5047466666667;7.99023296859965;15.6817151656073;7546
-5.801125;48.5061;8.26269968412087;15.5398779711349;7564
-5.80004833333333;48.5073766666667;8.26269968412087;15.5398779711349;7582
-5.79973833333333;48.50773;8.30964701948865;15.6281730672386;7587
-5.79930333333333;48.508225;8.03563219175724;15.7708161579181;7594
-5.79863666666667;48.5090083333333;7.75916963261731;15.9086553052207;7605
-5.79828333333333;48.5094416666667;7.80300607839493;15.9985333383997;7610
-5.79795333333333;48.5098783333333;7.71533235071308;15.8187755577281;7618
-5.796905;48.5112616666667;7.99023296859965;15.6817151656073;7638
-5.79626;48.5120533333333;8.26269968412087;15.5398779711349;7646
-5.795555;48.5129083333333;8.26269968412087;15.5398779711349;7661
-5.79519666666667;48.513335;8.26269968412087;15.5398779711349;7668
-5.79484;48.5137633333333;8.26269968412087;15.5398779711349;7677
-5.794055;48.51468;8.21575234875309;15.4515828750312;7686
-5.79339;48.5154566666667;7.94483374544207;15.5926141732964;7699
-5.791315;48.5180366666667;7.99023296859965;15.6817151656073;7739
-5.78949166666667;48.52027;8.30964701948865;15.6281730672386;7760
-5.78919833333333;48.5206316666667;8.35659345941048;15.7164664792533;7766
-5.78949166666667;48.52027;8.30964701948865;15.6281730672386;7774
-5.78774333333333;48.5223433333333;8.03563219175724;15.7708161579181;7792
-5.78738;48.5227716666667;8.03563219175724;15.7708161579181;7798
-5.78631;48.5240566666667;7.75916963261731;15.9086553052207;7815
-5.78596666666667;48.52449;7.71533235071308;15.8187755577281;7821
-5.78494333333333;48.5257883333333;7.71533235071308;15.8187755577281;7840
-5.78427;48.5266566666667;7.71533235071308;15.8187755577281;7851
-5.783945;48.527095;7.99023296859965;15.6817151656073;7858
-5.782935;48.5283916666667;8.26269968412087;15.5398779711349;7875
-5.78180333333333;48.52975;8.30964701948865;15.6281730672386;7894
-5.781495;48.5301016666667;8.30964701948865;15.6281730672386;7900
-5.782935;48.5283916666667;8.26269968412087;15.5398779711349;7905
-5.780775;48.5309633333333;8.08103054899667;15.8599154507689;7911
-5.78041666666667;48.531395;8.08103054899667;15.8599154507689;7917
-5.78007333333333;48.5318316666667;8.03563219175724;15.7708161579181;7927
-5.77904666666667;48.5331333333333;8.03563219175724;15.7708161579181;7941
-5.77870333333333;48.5335683333333;7.99023296859965;15.6817151656073;7946
-5.77802;48.53444;8.08103054899667;15.8599154507689;7961
-5.77732833333333;48.5352966666667;8.16880501338531;15.3632877789276;7971
-5.776605;48.53615;8.26269968412087;15.5398779711349;7983
-5.77588666666667;48.53699;8.16880501338531;15.3632877789276;7995
-5.77552166666667;48.5374133333333;7.99023296859965;15.6817151656073;8001
-5.77515833333333;48.5378383333333;7.99023296859965;15.6817151656073;8007
-5.77474666666667;48.53833;7.89943452228448;15.5035131809856;8014
-5.774115;48.53911;7.67149506880885;15.7288958102354;8025
-5.77376666666667;48.53954;7.67149506880885;15.7288958102354;8034
-5.77309666666667;48.5404033333333;7.62765778690463;15.6390160627428;8043
-5.77241833333333;48.541265;7.99023296859965;15.6817151656073;8055
-5.77208166666667;48.5417;7.94483374544207;15.5926141732964;8061
-5.771735;48.5421216666667;7.89943452228448;15.5035131809856;8066
-5.77132666666667;48.5426216666667;7.99023296859965;15.6817151656073;8072
-5.77068;48.54341;7.99023296859965;15.6817151656073;8085
-5.76997166666667;48.5442666666667;7.99023296859965;15.6817151656073;8097
-5.76894;48.5455516666667;7.71533235071308;15.8187755577281;8116
-5.76860166666667;48.5459866666667;7.99023296859965;15.6817151656073;8121
-5.76825666666667;48.5464183333333;7.99023296859965;15.6817151656073;8128
-5.76792;48.546855;8.03563219175724;15.7708161579181;8134
-5.76721333333333;48.5477116666667;8.30964701948865;15.6281730672386;8144
-5.76686333333333;48.5481416666667;8.26269968412087;15.5398779711349;8151
-5.76860166666667;48.5459866666667;7.99023296859965;15.6817151656073;8162
-5.764765;48.55073;7.99023296859965;15.6817151656073;8187
-5.76441333333333;48.5511616666667;8.03563219175724;15.7708161579181;8193
-5.76406666666667;48.5515983333333;8.08103054899667;15.8599154507689;8199
-5.76372333333333;48.5520283333333;7.99023296859965;15.6817151656073;8204
-5.76302833333333;48.5529;8.08103054899667;15.8599154507689;8217
-5.76268333333333;48.5533366666667;8.03563219175724;15.7708161579181;8223
-5.76166666666667;48.5546433333333;8.03563219175724;15.7708161579181;8240
-5.76130333333333;48.5550666666667;8.03563219175724;15.7708161579181;8246
-5.76096;48.5555;8.03563219175724;15.7708161579181;8254
-5.76130333333333;48.5550666666667;8.03563219175724;15.7708161579181;8262
-5.75960833333333;48.5572366666667;7.99023296859965;15.6817151656073;8279
-5.758575;48.558535;8.03563219175724;15.7708161579181;8296
-5.75822833333333;48.55897;8.03563219175724;15.7708161579181;8303
-5.75787833333333;48.5594016666667;8.26269968412087;15.5398779711349;8308
-5.75683166666667;48.5606983333333;8.03563219175724;15.7708161579181;8327
-5.75573;48.562065;7.99023296859965;15.6817151656073;8345
-5.75476166666667;48.5632933333333;7.39581958046224;15.8603862731414;8362
-5.75409666666667;48.5641633333333;7.48034355524253;16.0416485220067;8374
-5.75346166666667;48.5650416666667;7.39581958046224;15.8603862731414;8385
-5.75282166666667;48.56592;7.43808156785238;15.951017397574;8397
-5.75245166666667;48.5664333333333;7.67149506880885;15.7288958102354;8403
-5.75185333333333;48.5672316666667;7.71533235071308;15.8187755577281;8416
-5.75151666666667;48.567665;7.71533235071308;15.8187755577281;8421
-5.75117833333333;48.5681033333333;7.48034355524253;16.0416485220067;8427
-5.75084166666667;48.5685383333333;7.43808156785238;15.951017397574;8434
-5.75051833333333;48.5689766666667;7.43808156785238;15.951017397574;8439
-5.75018833333333;48.5694166666667;7.43808156785238;15.951017397574;8445
-5.749525;48.57029;7.43808156785238;15.951017397574;8457
-5.74915;48.5707983333333;7.39581958046224;15.8603862731414;8463
-5.748535;48.5716016666667;7.48034355524253;16.0416485220067;8477
-5.748215;48.5720416666667;7.1178912538265;15.9870455087455;8483
-5.74757666666667;48.57292;7.43808156785238;15.951017397574;8495
-5.747255;48.57336;7.43808156785238;15.951017397574;8503
-5.74688666666667;48.5738766666667;7.48034355524253;16.0416485220067;8511
-5.74630166666667;48.5746833333333;7.39581958046224;15.8603862731414;8525
-5.74533333333333;48.576005;7.43808156785238;15.951017397574;8534
-5.74467833333333;48.57688;7.48034355524253;16.0416485220067;8547
-5.74434166666667;48.57732;7.48034355524253;16.0416485220067;8553
-5.74363666666667;48.5782733333333;7.48034355524253;16.0416485220067;8568
-5.74303166666667;48.57908;7.48034355524253;16.0416485220067;8577
-5.742705;48.5795183333333;7.43808156785238;15.951017397574;8585
-5.74173333333333;48.5808433333333;7.43808156785238;15.951017397574;8602
-5.74107333333333;48.5817183333333;7.43808156785238;15.951017397574;8615
-5.74036666666667;48.5826683333333;7.43808156785238;15.951017397574;8626
-5.739765;48.5834766666667;7.43808156785238;15.951017397574;8636
-5.73781333333333;48.5861183333333;7.71533235071308;15.8187755577281;8672
-5.73709;48.5870666666667;7.75916963261731;15.9086553052207;8686
-5.73645833333333;48.5878633333333;7.75916963261731;15.9086553052207;8697
-5.73542666666667;48.5891733333333;7.80300607839493;15.9985333383997;8715
-5.73508166666667;48.58961;7.75916963261731;15.9086553052207;8720
-5.73438166666667;48.59048;7.56486672394245;16.2229090422271;8736
-5.73404333333333;48.59092;7.5226047365523;16.1322779177944;8741
-5.73364;48.5914333333333;7.28058575589911;16.3524633433126;8750
-5.73303833333333;48.592255;7.23991193643381;16.2611084490584;8758
-5.73271;48.5926983333333;6.95501378900488;16.384985689164;8765
-5.73207166666667;48.593585;7.1992388927571;16.1697552972539;8778
-5.731435;48.5944783333333;7.5226047365523;16.1322779177944;8788
-5.73072333333333;48.59544;7.75916963261731;15.9086553052207;8799
-5.73038166666667;48.5958783333333;7.80300607839493;15.9985333383997;8804
-5.73009;48.5962433333333;7.5226047365523;16.1322779177944;8810
-5.72975166666667;48.596685;7.5226047365523;16.1322779177944;8817
-5.72941833333333;48.5971216666667;7.48034355524253;16.0416485220067;8824
-5.72876;48.5980033333333;7.5226047365523;16.1322779177944;8836
-5.72843333333333;48.5984416666667;7.75916963261731;15.9086553052207;8845
-5.72735333333333;48.5998216666667;7.75916963261731;15.9086553052207;8861
-5.72701166666667;48.6002566666667;7.39581958046224;15.8603862731414;8868
-5.72638833333333;48.6010566666667;7.48034355524253;16.0416485220067;8878
-5.72605;48.6014916666667;7.48034355524253;16.0416485220067;8885
-5.7254;48.6023733333333;7.48034355524253;16.0416485220067;8899
-5.72506333333333;48.6028083333333;7.43808156785238;15.951017397574;8906
-5.72440333333333;48.6036816666667;7.71533235071308;15.8187755577281;8915
-5.72399666666667;48.604185;7.75916963261731;15.9086553052207;8921
-5.72365333333333;48.60462;7.75916963261731;15.9086553052207;8927
-5.72336333333333;48.6049833333333;7.75916963261731;15.9086553052207;8932
-5.723005;48.6054116666667;7.75916963261731;15.9086553052207;8939
-5.72266166666667;48.6058516666667;7.80300607839493;15.9985333383997;8944
-5.721935;48.6067133333333;7.5226047365523;16.1322779177944;8954
-5.72158666666667;48.607145;7.48034355524253;16.0416485220067;8961
-5.72123833333333;48.6075833333333;7.56486672394245;16.2229090422271;8967
-5.71952666666667;48.609785;7.28058575589911;16.3524633433126;8999
-5.71920166666667;48.6102283333333;7.23991193643381;16.2611084490584;9004
-5.71855333333333;48.61111;7.48034355524253;16.0416485220067;9017
-5.717875;48.6119933333333;7.5226047365523;16.1322779177944;9028
-5.71754;48.6124316666667;7.5226047365523;16.1322779177944;9034
-5.71647833333333;48.6138216666667;7.48034355524253;16.0416485220067;9053
-5.71619333333333;48.614185;7.75916963261731;15.9086553052207;9058
-5.715855;48.6146216666667;7.75916963261731;15.9086553052207;9064
-5.71483;48.61594;7.5226047365523;16.1322779177944;9080
-5.71449166666667;48.6163783333333;7.48034355524253;16.0416485220067;9090
-5.71382666666667;48.61726;7.5226047365523;16.1322779177944;9102
-5.71311833333333;48.6182116666667;7.43808156785238;15.951017397574;9112
-5.71283333333333;48.6185766666667;7.48034355524253;16.0416485220067;9119
-5.71181;48.61989;7.80300607839493;15.9985333383997;9139
-5.710725;48.6211916666667;7.84684336029916;16.0884130858924;9154
-5.70957666666667;48.6225616666667;7.56486672394245;16.2229090422271;9172
-5.70824833333333;48.624235;7.1992388927571;16.1697552972539;9199
-5.70757166666667;48.625125;7.28058575589911;16.3524633433126;9208
-5.70725;48.6255683333333;7.23991193643381;16.2611084490584;9214
-5.70625333333333;48.6268933333333;7.80300607839493;15.9985333383997;9231
-5.70486333333333;48.6286266666667;7.48034355524253;16.0416485220067;9256
-5.70453666666667;48.629065;7.48034355524253;16.0416485220067;9261
-5.70384333333333;48.6299366666667;7.48034355524253;16.0416485220067;9272
-5.703175;48.6308133333333;7.1992388927571;16.1697552972539;9287
-5.70283166666667;48.631255;7.1992388927571;16.1697552972539;9292
-5.702515;48.6316966666667;7.1585650732918;16.0784004029997;9299
-5.70154833333333;48.6330133333333;7.1992388927571;16.1697552972539;9316
-5.700575;48.6343283333333;7.1992388927571;16.1697552972539;9333
-5.699915;48.635205;7.1178912538265;15.9870455087455;9347
-5.69924833333333;48.63608;7.1992388927571;16.1697552972539;9355
-5.69892333333333;48.6365183333333;7.1585650732918;16.0784004029997;9361
-5.69826166666667;48.6373933333333;7.1585650732918;16.0784004029997;9376
-5.697935;48.6378283333333;7.1992388927571;16.1697552972539;9383
-5.69755166666667;48.63833;7.1585650732918;16.0784004029997;9389
-5.69694166666667;48.639135;7.1992388927571;16.1697552972539;9400
-5.69661;48.639575;7.1585650732918;16.0784004029997;9407
-5.69595;48.64045;7.1585650732918;16.0784004029997;9415
-5.69562666666667;48.64089;7.1585650732918;16.0784004029997;9421
-5.69463166666667;48.6422016666667;7.1585650732918;16.0784004029997;9444
-5.69334833333333;48.6439416666667;7.1585650732918;16.0784004029997;9467
-5.69268;48.644825;7.23991193643381;16.2611084490584;9478
-5.69236;48.6452666666667;7.23991193643381;16.2611084490584;9485
-5.69137166666667;48.6465866666667;7.1992388927571;16.1697552972539;9504
-5.68970166666667;48.6488016666667;7.1585650732918;16.0784004029997;9531
-5.68904333333333;48.6496633333333;7.1585650732918;16.0784004029997;9546
-5.68837666666667;48.6505533333333;7.1992388927571;16.1697552972539;9554
-5.68803;48.6509933333333;7.1992388927571;16.1697552972539;9561
-5.68766166666667;48.6515;7.48034355524253;16.0416485220067;9567
-5.68700333333333;48.6523566666667;7.1585650732918;16.0784004029997;9579
-5.686725;48.6527233333333;7.1585650732918;16.0784004029997;9584
-5.68638333333333;48.6531583333333;7.1178912538265;15.9870455087455;9592
-5.68572333333333;48.6540333333333;7.48034355524253;16.0416485220067;9607
-5.68464833333333;48.6554;7.1585650732918;16.0784004029997;9622
-5.68366666666667;48.6567083333333;7.1178912538265;15.9870455087455;9640
-5.683395;48.6570666666667;7.1178912538265;15.9870455087455;9648
-5.68274;48.6579466666667;7.1992388927571;16.1697552972539;9657
-5.682395;48.6583883333333;7.1585650732918;16.0784004029997;9667
-5.681735;48.659275;7.1585650732918;16.0784004029997;9675
-5.68135333333333;48.6597833333333;7.1992388927571;16.1697552972539;9682
-5.681025;48.66022;7.1992388927571;16.1697552972539;9690
-5.68075333333333;48.660585;7.1992388927571;16.1697552972539;9699
-5.68003333333333;48.6615233333333;7.1585650732918;16.0784004029997;9704
-5.67976;48.661885;7.1585650732918;16.0784004029997;9711
-5.67938333333333;48.6623916666667;7.1585650732918;16.0784004029997;9721
-5.67910166666667;48.6627566666667;7.1992388927571;16.1697552972539;9727
-5.67841333333333;48.663625;7.1585650732918;16.0784004029997;9743
-5.67769833333333;48.6645683333333;7.1585650732918;16.0784004029997;9749
-5.67742166666667;48.6649366666667;7.1585650732918;16.0784004029997;9754
-5.67703166666667;48.665455;7.1178912538265;15.9870455087455;9762
-5.67670166666667;48.6658883333333;7.1585650732918;16.0784004029997;9770
-5.676055;48.6667616666667;7.1178912538265;15.9870455087455;9779
-5.675115;48.6679983333333;7.1585650732918;16.0784004029997;9797
-5.674395;48.6689316666667;7.07721743436121;15.8956906144913;9809
-5.67372833333333;48.6697983333333;7.1178912538265;15.9870455087455;9822
-5.673115;48.6705783333333;7.39581958046224;15.8603862731414;9830
-5.67271833333333;48.6710866666667;7.39581958046224;15.8603862731414;9837
-5.67243;48.6714466666667;7.1585650732918;16.0784004029997;9843
-5.67073666666667;48.6736116666667;7.1178912538265;15.9870455087455;9871
-5.669995;48.6745433333333;7.1585650732918;16.0784004029997;9890
-5.66931833333333;48.6754016666667;7.1178912538265;15.9870455087455;9897
-5.66836;48.6766066666667;7.1178912538265;15.9870455087455;9914
-5.668015;48.6770383333333;7.1585650732918;16.0784004029997;9920
-5.66762166666667;48.6775383333333;7.07721743436121;15.8956906144913;9930
-5.666585;48.6788316666667;7.1178912538265;15.9870455087455;9948
-5.665905;48.6797133333333;7.07721743436121;15.8956906144913;9957
-5.66561333333333;48.6800766666667;6.87686801046331;16.2008857719077;9963
-5.66494666666667;48.680945;7.07721743436121;15.8956906144913;9977
-5.66421833333333;48.68188;6.87686801046331;16.2008857719077;9988
-5.66357333333333;48.682755;7.07721743436121;15.8956906144913;9999
-5.662965;48.6835466666667;7.1585650732918;16.0784004029997;10011
-5.662565;48.6840483333333;7.1178912538265;15.9870455087455;10018
-5.66229833333333;48.6844083333333;7.31129560568195;15.6791240242761;10023
-5.661285;48.6856816666667;7.07721743436121;15.8956906144913;10043
-5.660895;48.6861783333333;7.07721743436121;15.8956906144913;10048
-5.66060333333333;48.6865383333333;7.39581958046224;15.8603862731414;10053
-5.66021166666667;48.68703;7.1178912538265;15.9870455087455;10060
-5.65958833333333;48.6878066666667;7.39581958046224;15.8603862731414;10069
-5.65917333333333;48.6883083333333;7.39581958046224;15.8603862731414;10078
-5.65887833333333;48.6886633333333;7.1178912538265;15.9870455087455;10083
-5.65785;48.6899483333333;7.1178912538265;15.9870455087455;10103
-5.657445;48.6904466666667;7.1178912538265;15.9870455087455;10109
-5.65683;48.69124;7.07721743436121;15.8956906144913;10119
-5.65650666666667;48.69167;7.03654361489591;15.8043357202371;10124
-5.65617166666667;48.6920983333333;7.03654361489591;15.8043357202371;10137
-5.6548;48.69382;7.1178912538265;15.9870455087455;10157
-5.65412666666667;48.6946766666667;7.07721743436121;15.8956906144913;10166
-5.65378833333333;48.6951033333333;7.03654361489591;15.8043357202371;10173
-5.65344833333333;48.6955233333333;7.07721743436121;15.8956906144913;10181
-5.65277833333333;48.6963716666667;7.07721743436121;15.8956906144913;10189
-5.65243166666667;48.696805;7.07721743436121;15.8956906144913;10199
-5.65106666666667;48.698525;7.07721743436121;15.8956906144913;10223
-5.650385;48.6993783333333;7.31129560568195;15.6791240242761;10235
-5.65003666666667;48.6997983333333;7.03654361489591;15.8043357202371;10244
-5.649355;48.7006483333333;7.07721743436121;15.8956906144913;10249
-5.64901;48.7010783333333;7.07721743436121;15.8956906144913;10256
-5.64800166666667;48.7023483333333;7.03654361489591;15.8043357202371;10275
-5.64761166666667;48.7028533333333;7.03654361489591;15.8043357202371;10282
-5.64697833333333;48.703625;7.3535575930721;15.7697551487087;10293
-5.645565;48.7052966666667;7.26903442437218;15.5884946284883;10320
-5.64447166666667;48.7065633333333;7.07721743436121;15.8956906144913;10334
-5.64405166666667;48.7070483333333;7.07721743436121;15.8956906144913;10340
-5.64341166666667;48.7078266666667;6.79872148666127;16.0167840989277;10352
-5.64271666666667;48.708675;6.51815458253579;16.1329987157695;10373
-5.64206333333333;48.7095266666667;6.48069378029313;16.0402799766203;10380
-5.64108166666667;48.71083;6.99587057121919;15.7129825684326;10402
-5.640075;48.712105;7.3535575930721;15.7697551487087;10412
-5.63974;48.7125166666667;7.26903442437218;15.5884946284883;10419
-5.63939333333333;48.7129366666667;7.3535575930721;15.7697551487087;10424
-5.639035;48.7133533333333;7.39581958046224;15.8603862731414;10431
-5.63867833333333;48.7137716666667;7.3535575930721;15.7697551487087;10441
-5.63762833333333;48.7150283333333;7.03654361489591;15.8043357202371;10459
-5.63691166666667;48.7158733333333;7.03654361489591;15.8043357202371;10468
-5.63622;48.7167166666667;7.07721743436121;15.8956906144913;10479
-5.635875;48.71714;6.79872148666127;16.0167840989277;10484
-5.63554833333333;48.7175633333333;6.99587057121919;15.7129825684326;10491
-5.63521333333333;48.7179866666667;6.99587057121919;15.7129825684326;10497
-5.63487833333333;48.7184133333333;7.03654361489591;15.8043357202371;10507
-5.63419833333333;48.7192566666667;7.03654361489591;15.8043357202371;10520
-5.63313333333333;48.7206;6.99587057121919;15.7129825684326;10533
-5.63284833333333;48.72096;7.31129560568195;15.6791240242761;10541
-5.63182166666667;48.7222233333333;6.99587057121919;15.7129825684326;10556
-5.630795;48.7234783333333;6.99587057121919;15.7129825684326;10575
-5.63044666666667;48.7238966666667;7.03654361489591;15.8043357202371;10583
-5.6297;48.7248133333333;6.99587057121919;15.7129825684326;10596
-5.629075;48.7255883333333;7.03654361489591;15.8043357202371;10603
-5.62873;48.7260133333333;7.03654361489591;15.8043357202371;10610
-5.62839666666667;48.726445;7.03654361489591;15.8043357202371;10622
-5.62738333333333;48.7276983333333;6.99587057121919;15.7129825684326;10639
-5.62631666666667;48.7290283333333;6.99587057121919;15.7129825684326;10652
-5.625695;48.7298016666667;6.99587057121919;15.7129825684326;10664
-5.62535166666667;48.7302183333333;6.99587057121919;15.7129825684326;10672
-5.62500666666667;48.7306383333333;7.03654361489591;15.8043357202371;10678
-5.62465833333333;48.7310616666667;7.03654361489591;15.8043357202371;10685
-5.62360666666667;48.7323183333333;7.07721743436121;15.8956906144913;10705
-5.62285666666667;48.73323;7.03654361489591;15.8043357202371;10712
-5.62250666666667;48.7336583333333;7.07721743436121;15.8956906144913;10719
-5.622225;48.7340183333333;7.03654361489591;15.8043357202371;10724
-5.621885;48.7344466666667;7.03654361489591;15.8043357202371;10731
-5.62155333333333;48.73487;6.99587057121919;15.7129825684326;10736
-5.62120666666667;48.7352966666667;7.31129560568195;15.6791240242761;10742
-5.62285666666667;48.73323;7.03654361489591;15.8043357202371;10749
-5.62051666666667;48.7361333333333;7.31129560568195;15.6791240242761;10757
-5.62015666666667;48.7365466666667;7.26903442437218;15.5884946284883;10762
-5.619795;48.7369666666667;7.07721743436121;15.8956906144913;10769
-5.61905;48.7378716666667;6.99587057121919;15.7129825684326;10780
-5.61805333333333;48.73906;7.31129560568195;15.6791240242761;10796
-5.61698333333333;48.7403183333333;6.75964822476024;15.9247332624377;10817
-5.61664166666667;48.7407416666667;6.75964822476024;15.9247332624377;10823
-5.61632333333333;48.7411683333333;6.7205757081197;15.8326841816714;10829
-5.61593666666667;48.7416616666667;6.7205757081197;15.8326841816714;10835
-5.61529;48.74251;6.99587057121919;15.7129825684326;10844
-5.61501833333333;48.74286;6.99587057121919;15.7129825684326;10852
-5.61463166666667;48.74336;7.03654361489591;15.8043357202371;10858
-5.61367333333333;48.7445616666667;6.99587057121919;15.7129825684326;10876
-5.61298666666667;48.745405;7.26903442437218;15.5884946284883;10889
-5.61259166666667;48.7458983333333;7.26903442437218;15.5884946284883;10896
-5.61230833333333;48.7462533333333;7.31129560568195;15.6791240242761;10901
-5.61191;48.7467383333333;7.26903442437218;15.5884946284883;10911
-5.61121166666667;48.7475733333333;6.99587057121919;15.7129825684326;10921
-5.60995833333333;48.7492016666667;6.9551967517539;15.6216276741784;10939
-5.60965;48.7496283333333;7.22677243698203;15.4978635040557;10947
-5.60921166666667;48.750195;7.26903442437218;15.5884946284883;10955
-5.60858333333333;48.75097;7.03654361489591;15.8043357202371;10965
-5.608305;48.7513216666667;6.99587057121919;15.7129825684326;10972
-5.60792;48.7518133333333;6.99587057121919;15.7129825684326;10983
-5.60858333333333;48.75097;7.03654361489591;15.8043357202371;10991
-5.606685;48.753445;6.99587057121919;15.7129825684326;11006
-5.60602333333333;48.754295;6.99587057121919;15.7129825684326;11013
-5.6057;48.754725;7.31129560568195;15.6791240242761;11020
-5.605315;48.7552233333333;7.03654361489591;15.8043357202371;11028
-5.60465;48.75607;6.9551967517539;15.6216276741784;11036
-5.60438;48.7564266666667;6.9551967517539;15.6216276741784;11043
-5.60339833333333;48.7577016666667;6.9551967517539;15.6216276741784;11063
-5.60204;48.7594633333333;6.9551967517539;15.6216276741784;11085
-5.601775;48.7598183333333;6.99587057121919;15.7129825684326;11090
-5.60204;48.7594633333333;6.9551967517539;15.6216276741784;11099
-5.600495;48.7615183333333;6.99587057121919;15.7129825684326;11117
-5.59981333333333;48.7624433333333;6.9551967517539;15.6216276741784;11127
-5.59955833333333;48.7627933333333;6.9145229322886;15.5302727799242;11133
-5.59885666666667;48.7637166666667;6.99587057121919;15.7129825684326;11144
-5.59859333333333;48.7640733333333;7.18451044959189;15.407232379623;11153
-5.59795666666667;48.7649283333333;7.89943452228448;15.5035131809856;11160
-5.59729833333333;48.7657716666667;8.5;14.7224318643355;11174
-5.59707666666667;48.7660483333333;8.75564727347092;14.5718441119359;11181
-5.59652333333333;48.766665;9.42225489023336;14.509000185601;11187
-5.59645833333333;48.7667316666667;9.67403680341359;14.3423493726967;11192
-5.595655;48.7675266666667;10.3512188573637;13.736531382124;11202
-5.59509666666667;48.768045;10.6509430534215;13.6325854361918;11214
-5.59421666666667;48.7688;11.1530034928386;12.8300628637871;11222
-5.59391333333333;48.7690466666667;11.3752203081006;12.6334620331157;11228
-5.59312166666667;48.7696533333333;12.3036577229061;12.3036577229061;11234
-5.59279;48.76989;12.5165122514862;12.0870553809954;11242
-5.59229;48.7702366666667;12.5792842258283;11.7303723133984;11247
-5.59178166666667;48.770575;12.8300628637871;11.1530034928386;11252
-5.591435;48.770795;13.0993602695573;10.9916683708438;11257
-5.58999333333333;48.771645;13.9150929204801;10.1099067878751;11274
-5.58943833333333;48.77194;14.0894157867341;9.86551514284209;11279
-5.5881;48.772605;14.5864279008999;9.11461174910744;11291
-5.58711;48.7730466666667;14.8090347350764;8.55000019073487;11300
-5.58638833333333;48.7733366666667;15.0434596300795;8.33872583811739;11306
-5.58587;48.77354;14.9559973257246;8.29024469115256;11312
-5.58462166666667;48.7740166666667;15.0434596300795;8.33872583811739;11324
-5.58399833333333;48.7742583333333;14.9559973257246;8.29024469115256;11329
-5.58337333333333;48.7744883333333;14.9559973257246;8.29024469115256;11336
-5.58149833333333;48.7751966666667;14.8090347350764;8.55000019073487;11354
-5.58014666666667;48.7757033333333;14.8956376058173;8.60000038146973;11367
-5.57962333333333;48.7759;14.8956376058173;8.60000038146973;11373
-5.57838166666667;48.7763866666667;14.8090347350764;8.55000019073487;11385
-5.57776333333333;48.77663;14.8090347350764;8.55000019073487;11394
-5.57528166666667;48.7776033333333;14.8090347350764;8.55000019073487;11414
-5.57465166666667;48.77785;14.9822388247458;8.64999961853028;11421
-5.57340833333333;48.778345;14.8956376058173;8.60000038146973;11433
-5.57216833333333;48.7788366666667;14.9822388247458;8.64999961853028;11445
-5.57092166666667;48.7793266666667;14.8090347350764;8.55000019073487;11457
-5.5702;48.7796066666667;14.8956376058173;8.60000038146973;11462
-5.56716833333333;48.7807633333333;14.9822388247458;8.64999961853028;11491
-5.56654333333333;48.7810066666667;14.9822388247458;8.64999961853028;11498
-5.565915;48.781245;14.8289936481798;8.91015830300107;11503
-5.565295;48.7814966666667;14.8289936481798;8.91015830300107;11511
-5.56467333333333;48.7817466666667;15.0688416954868;8.69999980926514;11518
-5.56394333333333;48.78204;15.0688416954868;8.69999980926514;11523
-5.56279833333333;48.7824866666667;14.9822388247458;8.64999961853028;11534
-5.56206833333333;48.7827716666667;15.2183825705845;8.43568720734607;11540
-5.56092;48.78322;15.0434596300795;8.33872583811739;11555
-5.559025;48.7839366666667;14.9822388247458;8.64999961853028;11573
-5.55839333333333;48.7841766666667;15.0688416954868;8.69999980926514;11581
-5.556525;48.784915;14.9822388247458;8.64999961853028;11594
-5.55578333333333;48.7852016666667;15.0688416954868;8.69999980926514;11603
-5.556525;48.784915;14.9822388247458;8.64999961853028;11622
-5.55213666666667;48.7866166666667;14.8956376058173;8.60000038146973;11642
-5.54952333333333;48.7876416666667;14.9822388247458;8.64999961853028;11663
-5.54827;48.7881266666667;15.2183825705845;8.43568720734607;11673
-5.54763166666667;48.7883616666667;15.0688416954868;8.69999980926514;11678
-5.54710833333333;48.7885583333333;14.8956376058173;8.60000038146973;11684
-5.54585166666667;48.78904;15.0688416954868;8.69999980926514;11696
-5.54324333333333;48.7900683333333;15.0688416954868;8.69999980926514;11723
-5.53957;48.7914916666667;15.0688416954868;8.69999980926514;11758
-5.53883333333333;48.791765;14.9822388247458;8.64999961853028;11763
-5.53767333333333;48.7921933333333;15.0688416954868;8.69999980926514;11774
-5.53692833333333;48.7924533333333;15.0688416954868;8.69999980926514;11780
-5.53566666666667;48.7929283333333;15.0688416954868;8.69999980926514;11794
-5.53452166666667;48.79339;15.1554445662277;8.75;11804
-5.53325833333333;48.79388;15.0688416954868;8.69999980926514;11819
-5.53136;48.7946166666667;15.1554445662277;8.75;11837
-5.530105;48.7951166666667;15.0688416954868;8.69999980926514;11849
-5.52935666666667;48.79539;15.2420474369686;8.80000019073487;11856
-5.528195;48.795825;14.9822388247458;8.64999961853028;11866
-5.526935;48.79632;15.2420474369686;8.80000019073487;11876
-5.52431;48.7973583333333;15.1554445662277;8.75;11903
-5.52187666666667;48.7982966666667;15.2183825705845;8.43568720734607;11924
-5.519865;48.7990833333333;15.1554445662277;8.75;11946
-5.51807666666667;48.7997783333333;15.1554445662277;8.75;11961
-5.516715;48.8002966666667;14.9822388247458;8.64999961853028;11974
-5.51112166666667;48.802435;15.1554445662277;8.75;12028
-5.51048166666667;48.8026833333333;15.3933071792943;8.53264950127573;12033
-5.50974;48.802965;15.3058448749394;8.4841683543109;12038
-5.509215;48.8031633333333;15.2183825705845;8.43568720734607;12047
-5.50793166666667;48.8036416666667;15.2420474369686;8.80000019073487;12057
-5.50729666666667;48.8038816666667;15.0688416954868;8.69999980926514;12065
-5.505375;48.804585;15.1554445662277;8.75;12085
-5.50335833333333;48.80534;15.1554445662277;8.75;12101
-5.50156833333333;48.8060333333333;15.0688416954868;8.69999980926514;12117
-5.50093833333333;48.8062716666667;15.0688416954868;8.69999980926514;12125
-5.49902666666667;48.8070016666667;15.1554445662277;8.75;12141
-5.49775833333333;48.8074833333333;15.1554445662277;8.75;12156
-5.49521666666667;48.80846;15.3286503077095;8.85000038146973;12177
-5.49457833333333;48.8086983333333;15.1554445662277;8.75;12187
-5.492675;48.80943;15.1554445662277;8.75;12201
-5.49204;48.8096783333333;15.1554445662277;8.75;12207
-5.49012833333333;48.81041;15.2420474369686;8.80000019073487;12227
-5.48885666666667;48.81089;15.0688416954868;8.69999980926514;12241
-5.48694833333333;48.8116233333333;15.1554445662277;8.75;12254
-5.48630833333333;48.811865;15.2420474369686;8.80000019073487;12265
-5.48503;48.8123483333333;15.1554445662277;8.75;12272
-5.48428;48.81263;15.2420474369686;8.80000019073487;12278
-5.48375833333333;48.8128266666667;15.0688416954868;8.69999980926514;12283
-5.48053333333333;48.8140433333333;15.2420474369686;8.80000019073487;12314
-5.4799;48.8142883333333;15.2420474369686;8.80000019073487;12322
-5.47925333333333;48.8145283333333;15.2420474369686;8.80000019073487;12327
-5.47786666666667;48.815045;15.1554445662277;8.75;12344
-5.47540333333333;48.8159583333333;15.2420474369686;8.80000019073487;12363
-5.47410833333333;48.8164366666667;15.2420474369686;8.80000019073487;12379
-5.47282333333333;48.816915;15.2420474369686;8.80000019073487;12392
-5.47090166666667;48.8176416666667;15.000427762287;9.01316631092595;12407
-5.47026166666667;48.8178866666667;15.000427762287;9.01316631092595;12413
-5.467;48.8191716666667;15.000427762287;9.01316631092595;12441
-5.46646333333333;48.819375;15.000427762287;9.01316631092595;12447
-5.464555;48.820105;15.000427762287;9.01316631092595;12466
-5.46327333333333;48.8206;15.000427762287;9.01316631092595;12484
-5.46063333333333;48.8216133333333;15.000427762287;9.01316631092595;12502
-5.46009666666667;48.8218166666667;14.9147107052334;8.96166230696351;12507
-5.45946;48.8220583333333;15.000427762287;9.01316631092595;12516
-5.45883333333333;48.8223066666667;14.9147107052334;8.96166230696351;12521
-5.45756166666667;48.8228016666667;15.000427762287;9.01316631092595;12530
-5.45501666666667;48.8237783333333;15.000427762287;9.01316631092595;12552
-5.45427166666667;48.8240683333333;15.0861448193406;9.06467031488839;12566
-5.45310333333333;48.8245183333333;15.000427762287;9.01316631092595;12572
-5.45119666666667;48.8252566666667;15.000427762287;9.01316631092595;12590
-5.44672;48.8269416666667;15.0861448193406;9.06467031488839;12633
-5.44608333333333;48.8271883333333;15.000427762287;9.01316631092595;12638
-5.445445;48.82743;15.000427762287;9.01316631092595;12644
-5.44352333333333;48.82815;15.0861448193406;9.06467031488839;12662
-5.44224666666667;48.8286316666667;14.9147107052334;8.96166230696351;12681
-5.44097;48.8291183333333;15.0861448193406;9.06467031488839;12687
-5.44033333333333;48.8293633333333;15.0861448193406;9.06467031488839;12692
-5.439695;48.8296033333333;14.9147107052334;8.96166230696351;12701
-5.43713333333333;48.8305616666667;14.9147107052334;8.96166230696351;12722
-5.43457166666667;48.8315166666667;15.000427762287;9.01316631092595;12744
-5.43394166666667;48.8317633333333;14.9147107052334;8.96166230696351;12752
-5.43266333333333;48.8322533333333;15.0861448193406;9.06467031488839;12764
-5.43139;48.8327383333333;15.000427762287;9.01316631092595;12777
-5.42946833333333;48.83346;15.000427762287;9.01316631092595;12794
-5.42883333333333;48.8336983333333;14.9147107052334;8.96166230696351;12805
-5.42755166666667;48.8341783333333;15.0861448193406;9.06467031488839;12814
-5.42691666666667;48.834425;15.000427762287;9.01316631092595;12822
-5.42628;48.834665;15.000427762287;9.01316631092595;12831
-5.42500166666667;48.8351466666667;15.000427762287;9.01316631092595;12837
-5.42436333333333;48.83539;15.000427762287;9.01316631092595;12842
-5.42308;48.8358683333333;15.000427762287;9.01316631092595;12854
-5.42243833333333;48.8361083333333;15.0861448193406;9.06467031488839;12864
-5.42116333333333;48.8365966666667;15.1554445662277;8.75;12874
-5.42052833333333;48.8368333333333;14.9147107052334;8.96166230696351;12880
-5.41924166666667;48.8373116666667;15.0861448193406;9.06467031488839;12892
-5.41796166666667;48.837785;15.000427762287;9.01316631092595;12902
-5.41668666666667;48.83827;15.000427762287;9.01316631092595;12917
-5.41540666666667;48.83875;14.9147107052334;8.96166230696351;12926
-5.41412833333333;48.8392266666667;15.1554445662277;8.75;12941
-5.41348333333333;48.83946;15.000427762287;9.01316631092595;12947
-5.41284166666667;48.8396983333333;15.000427762287;9.01316631092595;12956
-5.41026666666667;48.8406366666667;14.7560365496171;9.22059499550961;12974
-5.40963;48.8408766666667;14.7560365496171;9.22059499550961;12980
-5.40390666666667;48.8430466666667;15.000427762287;9.01316631092595;13036
-5.40326833333333;48.8432833333333;14.9147107052334;8.96166230696351;13043
-5.40390666666667;48.8430466666667;15.000427762287;9.01316631092595;13052
-5.40134166666667;48.8439933333333;14.9147107052334;8.96166230696351;13061
-5.40069833333333;48.8442233333333;14.9147107052334;8.96166230696351;13066
-5.39942166666667;48.8447;15.000427762287;9.01316631092595;13078
-5.39686166666667;48.8456466666667;15.000427762287;9.01316631092595;13102
-5.39622666666667;48.8458883333333;14.9147107052334;8.96166230696351;13109
-5.39558833333333;48.8461266666667;15.000427762287;9.01316631092595;13114
-5.39430166666667;48.8465966666667;14.9147107052334;8.96166230696351;13127
-5.39366166666667;48.8468333333333;15.000427762287;9.01316631092595;13133
-5.39301333333333;48.84707;15.000427762287;9.01316631092595;13138
-5.391085;48.84778;15.000427762287;9.01316631092595;13156
-5.389795;48.8482466666667;15.000427762287;9.01316631092595;13171
-5.38915666666667;48.848485;14.9147107052334;8.96166230696351;13176
-5.38787;48.8489533333333;15.000427762287;9.01316631092595;13186
-5.38722666666667;48.8491916666667;15.000427762287;9.01316631092595;13196
-5.38593833333333;48.8496566666667;14.9147107052334;8.96166230696351;13203
-5.38465833333333;48.8501283333333;15.000427762287;9.01316631092595;13213
-5.38080166666667;48.8515366666667;15.000427762287;9.01316631092595;13252
-5.379505;48.852005;15.1554445662277;8.75;13263
-5.37820833333333;48.8524633333333;15.000427762287;9.01316631092595;13273
-5.37692;48.8529283333333;14.9147107052334;8.96166230696351;13294
-5.374355;48.8538716666667;14.9147107052334;8.96166230696351;13312
-5.37372;48.8541133333333;14.9147107052334;8.96166230696351;13317
-5.373075;48.85435;14.9147107052334;8.96166230696351;13325
-5.37179666666667;48.8548216666667;14.9147107052334;8.96166230696351;13337
-5.371155;48.8550566666667;15.000427762287;9.01316631092595;13342
-5.37051;48.8552883333333;14.9147107052334;8.96166230696351;13347
-5.36536666666667;48.857145;14.9147107052334;8.96166230696351;13394
-5.36408833333333;48.8576116666667;14.9147107052334;8.96166230696351;13411
-5.36216666666667;48.8583083333333;14.9147107052334;8.96166230696351;13425
-5.361525;48.8585416666667;14.9147107052334;8.96166230696351;13437
-5.36023;48.8589966666667;15.000427762287;9.01316631092595;13446
-5.35894333333333;48.8594666666667;15.000427762287;9.01316631092595;13457
-5.35830333333333;48.8597;14.9147107052334;8.96166230696351;13465
-5.35700666666667;48.860165;15.000427762287;9.01316631092595;13472
-5.35571666666667;48.8606333333333;15.000427762287;9.01316631092595;13485
-5.354425;48.8611;15.000427762287;9.01316631092595;13496
-5.35378;48.861335;15.000427762287;9.01316631092595;13503
-5.35248666666667;48.8618033333333;15.000427762287;9.01316631092595;13518
-5.35184166666667;48.8620333333333;15.000427762287;9.01316631092595;13526
-5.35056333333333;48.8625066666667;15.0861448193406;9.06467031488839;13532
-5.34991666666667;48.86274;15.000427762287;9.01316631092595;13539
-5.34927833333333;48.86297;14.9147107052334;8.96166230696351;13545
-5.347985;48.8634333333333;15.000427762287;9.01316631092595;13557
-5.347335;48.8636633333333;15.000427762287;9.01316631092595;13563
-5.34540833333333;48.8643616666667;14.8408416827375;9.27358712408109;13582
-5.34476166666667;48.864595;14.8408416827375;9.27358712408109;13589
-5.34412;48.8648283333333;14.7560365496171;9.22059499550961;13596
-5.34348333333333;48.865065;14.509000185601;9.42225489023336;13606
-5.34158333333333;48.8657916666667;14.509000185601;9.42225489023336;13619
-5.34095;48.8660283333333;14.509000185601;9.42225489023336;13625
-5.33842166666667;48.8670066666667;14.509000185601;9.42225489023336;13648
-5.33779;48.8672516666667;14.5928675623229;9.47671900149817;13656
-5.33652666666667;48.8677383333333;14.5928675623229;9.47671900149817;13664
-5.33336333333333;48.868955;14.5928675623229;9.47671900149817;13695
-5.33272833333333;48.869195;14.5928675623229;9.47671900149817;13700
-5.33209166666667;48.8694366666667;14.6767349390449;9.53118311276298;13709
-5.33081333333333;48.8699133333333;14.5928675623229;9.47671900149817;13718
-5.32954833333333;48.8703966666667;14.5928675623229;9.47671900149817;13732
-5.32829333333333;48.8708816666667;14.509000185601;9.42225489023336;13743
-5.32701333333333;48.8713683333333;14.5928675623229;9.47671900149817;13755
-5.32637666666667;48.8716083333333;14.509000185601;9.42225489023336;13767
-5.32511;48.8720916666667;14.6767349390449;9.53118311276298;13774
-5.32320833333333;48.8728216666667;14.6767349390449;9.53118311276298;13790
-5.32258333333333;48.8730733333333;14.6767349390449;9.53118311276298;13799
-5.32069166666667;48.8738166666667;14.425253446205;9.72995630707583;13815
-5.32006333333333;48.87407;14.5928675623229;9.47671900149817;13821
-5.31943666666667;48.874325;14.6767349390449;9.53118311276298;13830
-5.318805;48.874575;14.5928675623229;9.47671900149817;13839
-5.31755;48.8750766666667;14.7560365496171;9.22059499550961;13847
-5.31628833333333;48.8755766666667;14.7560365496171;9.22059499550961;13856
-5.31374333333333;48.8765516666667;14.7560365496171;9.22059499550961;13881
-5.31311333333333;48.8767933333333;14.6712314164968;9.16760286693813;13891
-5.31121333333333;48.8775366666667;14.8408416827375;9.27358712408109;13907
-5.31058333333333;48.87778;14.5928675623229;9.47671900149817;13915
-5.30931666666667;48.878275;14.7606023157669;9.58564722402778;13921
-5.30805666666667;48.8787733333333;14.5928675623229;9.47671900149817;13940
-5.30679666666667;48.8792733333333;14.7606023157669;9.58564722402778;13949
-5.305425;48.87981;14.5928675623229;9.47671900149817;13958
-5.3049;48.8800183333333;14.6767349390449;9.53118311276298;13966
-5.304265;48.8802666666667;14.6767349390449;9.53118311276298;13974
-5.30300333333333;48.8807733333333;14.6767349390449;9.53118311276298;13985
-5.30173166666667;48.881265;14.6767349390449;9.53118311276298;13994
-5.30110166666667;48.881515;14.7606023157669;9.58564722402778;14001
-5.30047;48.8817683333333;14.7606023157669;9.58564722402778;14014
-5.29857666666667;48.8825166666667;14.6767349390449;9.53118311276298;14027
-5.29730333333333;48.8830166666667;14.6767349390449;9.53118311276298;14039
-5.29539;48.8837583333333;14.7606023157669;9.58564722402778;14055
-5.294745;48.8840016666667;14.7606023157669;9.58564722402778;14061
-5.29411666666667;48.884255;14.6767349390449;9.53118311276298;14067
-5.29348166666667;48.8845016666667;14.6767349390449;9.53118311276298;14072
-5.29273666666667;48.8847933333333;14.7606023157669;9.58564722402778;14082
-5.29220833333333;48.8850016666667;14.7606023157669;9.58564722402778;14087
-5.29031166666667;48.8857533333333;14.6767349390449;9.53118311276298;14103
-5.28840666666667;48.8865016666667;14.6767349390449;9.53118311276298;14121
-5.28640166666667;48.8872983333333;14.7606023157669;9.58564722402778;14141
-5.285245;48.887755;14.5928675623229;9.47671900149817;14151
-5.28397;48.888255;14.7606023157669;9.58564722402778;14165
-5.28270166666667;48.88875;14.5928675623229;9.47671900149817;14177
-5.28144;48.8892466666667;14.6767349390449;9.53118311276298;14191
-5.280075;48.8897883333333;14.5928675623229;9.47671900149817;14203
-5.27891;48.8902383333333;14.6767349390449;9.53118311276298;14214
-5.27764166666667;48.890725;14.6767349390449;9.53118311276298;14222
-5.27639333333333;48.89122;14.509000185601;9.42225489023336;14239
-5.27377666666667;48.8922383333333;14.509000185601;9.42225489023336;14259
-5.27261;48.892685;14.5928675623229;9.47671900149817;14271
-5.26884333333333;48.8941516666667;14.509000185601;9.42225489023336;14309
-5.26632833333333;48.895125;14.509000185601;9.42225489023336;14330
-5.26569833333333;48.8953683333333;14.509000185601;9.42225489023336;14339
-5.26507;48.8956133333333;14.5928675623229;9.47671900149817;14345
-5.26382166666667;48.8961066666667;14.509000185601;9.42225489023336;14357
-5.26319833333333;48.8963533333333;14.509000185601;9.42225489023336;14363
-5.262575;48.8966033333333;14.509000185601;9.42225489023336;14370
-5.26123;48.8971416666667;14.509000185601;9.42225489023336;14382
-5.260085;48.897595;14.509000185601;9.42225489023336;14393
-5.25633833333333;48.8990783333333;14.509000185601;9.42225489023336;14427
-5.25571;48.8993233333333;14.6712314164968;9.16760286693813;14434
-5.25445166666667;48.899805;14.6712314164968;9.16760286693813;14447
-5.25059666666667;48.9013133333333;14.4251344085162;9.36779181778508;14483
-5.250075;48.9015133333333;14.4251344085162;9.36779181778508;14491
-5.24883333333333;48.9020083333333;14.5864279008999;9.11461174910744;14501
-5.246945;48.9027316666667;14.4251344085162;9.36779181778508;14517
-5.24506666666667;48.903455;14.4251344085162;9.36779181778508;14541
-5.24381166666667;48.9039366666667;14.509000185601;9.42225489023336;14551
-5.24257666666667;48.9044316666667;14.3412670317942;9.31332770652027;14561
-5.241965;48.9046766666667;14.1765428069439;9.56219886266493;14567
-5.24072833333333;48.905175;14.4251344085162;9.36779181778508;14577
-5.24010666666667;48.9054183333333;14.3412670317942;9.31332770652027;14583
-5.23815;48.9061916666667;14.3412670317942;9.31332770652027;14600
-5.23764;48.9064;14.4251344085162;9.36779181778508;14611
-5.23639333333333;48.9068916666667;14.3412670317942;9.31332770652027;14621
-5.23256666666667;48.908395;14.4251344085162;9.36779181778508;14654
-5.23141166666667;48.9088366666667;14.3412670317942;9.31332770652027;14671
-5.23017;48.909315;14.4251344085162;9.36779181778508;14678
-5.2283;48.9100483333333;14.3412670317942;9.31332770652027;14698
-5.22768166666667;48.9102916666667;14.3412670317942;9.31332770652027;14703
-5.22634666666667;48.910825;14.4251344085162;9.36779181778508;14718
-5.22521666666667;48.9112783333333;14.3412670317942;9.31332770652027;14727
-5.22398333333333;48.9117716666667;14.5864279008999;9.11461174910744;14738
-5.22274;48.9122533333333;14.2573996550722;9.25886359525546;14750
-5.22016166666667;48.9132633333333;14.2573996550722;9.25886359525546;14778
-5.219035;48.91371;14.3412670317942;9.31332770652027;14787
-5.218415;48.913955;14.3412670317942;9.31332770652027;14792
-5.21719166666667;48.914445;14.1735322783502;9.20439948399066;14807
-5.21595333333333;48.914935;14.4251344085162;9.36779181778508;14818
-5.21339;48.9159533333333;14.4251344085162;9.36779181778508;14841
-5.21288166666667;48.91616;14.2573996550722;9.25886359525546;14849
-5.21042166666667;48.9171383333333;14.3412670317942;9.31332770652027;14873
-5.20980333333333;48.9173783333333;14.2573996550722;9.25886359525546;14880
-5.20919;48.91762;14.2573996550722;9.25886359525546;14889
-5.207235;48.91839;14.2573996550722;9.25886359525546;14901
-5.20425666666667;48.9195633333333;14.2573996550722;9.25886359525546;14935
-5.20107166666667;48.92082;14.3412670317942;9.31332770652027;14963
-5.20056333333333;48.921025;14.2573996550722;9.25886359525546;14972
-5.19810166666667;48.9220016666667;14.3412670317942;9.31332770652027;14993
-5.19748;48.9222416666667;14.3412670317942;9.31332770652027;15000
-5.19552833333333;48.9230033333333;14.3412670317942;9.31332770652027;15019
-5.19440166666667;48.9234516666667;14.3412670317942;9.31332770652027;15026
-5.192545;48.92417;14.3412670317942;9.31332770652027;15048
-5.19071;48.92491;14.3412670317942;9.31332770652027;15063
-5.18875166666667;48.9256816666667;14.2573996550722;9.25886359525546;15084
-5.18824166666667;48.9258866666667;14.3412670317942;9.31332770652027;15089
-5.187005;48.9263733333333;14.3412670317942;9.31332770652027;15099
-5.18638166666667;48.9266083333333;14.3412670317942;9.31332770652027;15108
-5.18576666666667;48.926855;14.3412670317942;9.31332770652027;15113
-5.18453333333333;48.9273416666667;14.3412670317942;9.31332770652027;15123
-5.18205166666667;48.9283016666667;14.3412670317942;9.31332770652027;15152
-5.18081;48.9287866666667;14.3412670317942;9.31332770652027;15159
-5.18018833333333;48.9290233333333;14.2573996550722;9.25886359525546;15167
-5.17956833333333;48.929265;14.3412670317942;9.31332770652027;15173
-5.17894666666667;48.9295083333333;14.3412670317942;9.31332770652027;15179
-5.17638;48.9305233333333;14.5864279008999;9.11461174910744;15201
-5.17586166666667;48.9307233333333;14.3412670317942;9.31332770652027;15212
-5.17462;48.9312;14.3412670317942;9.31332770652027;15219
-5.173995;48.9314383333333;14.3412670317942;9.31332770652027;15227
-5.17338333333333;48.9316866666667;14.4168176346592;9.00862749196448;15233
-5.17214333333333;48.93216;14.2573996550722;9.25886359525546;15243
-5.17091666666667;48.9326466666667;14.2573996550722;9.25886359525546;15253
-5.16906666666667;48.93337;14.4168176346592;9.00862749196448;15273
-5.167835;48.9338483333333;14.4168176346592;9.00862749196448;15285
-5.16659;48.9343183333333;14.5016227677796;9.06161962053596;15299
-5.16285333333333;48.9357233333333;14.4168176346592;9.00862749196448;15333
-5.16159333333333;48.936185;14.5016227677796;9.06161962053596;15349
-5.15846666666667;48.93736;14.5864279008999;9.11461174910744;15377
-5.15721666666667;48.9378166666667;14.3320125015389;8.95563536339301;15387
-5.15596666666667;48.93828;14.5016227677796;9.06161962053596;15399
-5.15472333333333;48.9387383333333;14.2472073684186;8.90264323482153;15413
-5.15223166666667;48.9396566666667;14.3320125015389;8.95563536339301;15437
-5.15098833333333;48.9401183333333;14.4168176346592;9.00862749196448;15451
-5.14974166666667;48.9405783333333;14.3320125015389;8.95563536339301;15459
-5.14850333333333;48.941035;14.3320125015389;8.95563536339301;15475
-5.14787833333333;48.941265;14.4168176346592;9.00862749196448;15480
-5.14601833333333;48.9419583333333;14.3320125015389;8.95563536339301;15496
-5.145395;48.942185;14.4168176346592;9.00862749196448;15504
-5.14342333333333;48.9429116666667;14.4861270548823;8.70414326950849;15519
-5.13668833333333;48.9453533333333;14.1624038528217;8.84965211699084;15585
-5.13108;48.9474466666667;14.0775987197013;8.79665998841936;15639
-5.12985833333333;48.9478983333333;14.0775987197013;8.79665998841936;15650
-5.12751166666667;48.94875;14.0775987197013;8.79665998841936;15674
-5.12496;48.9496816666667;14.0775987197013;8.79665998841936;15700
-5.12444833333333;48.9498633333333;14.0775987197013;8.79665998841936;15705
-5.12323666666667;48.95032;14.0775987197013;8.79665998841936;15718
-5.12078166666667;48.951245;14.1624038528217;8.84965211699084;15743
-5.118325;48.9521266666667;14.0775987197013;8.79665998841936;15765
-5.117615;48.9523916666667;13.992793586581;8.74366785984788;15770
-5.117105;48.9525766666667;13.992793586581;8.74366785984788;15778
-5.11650333333333;48.9528066666667;13.992793586581;8.74366785984788;15788
-5.11528333333333;48.9532583333333;14.0775987197013;8.79665998841936;15797
-5.111535;48.95463;14.0775987197013;8.79665998841936;15831
-5.111035;48.9548183333333;14.0775987197013;8.79665998841936;15837
-5.11042166666667;48.9550283333333;13.992793586581;8.74366785984788;15847
-5.10485;48.9571016666667;13.992793586581;8.74366785984788;15900
-5.09880666666667;48.959395;13.9219317478215;9.04100818901276;15957
-5.09591;48.9605083333333;13.8380643710995;8.98654407774795;15988
-5.086325;48.9642033333333;13.7541969943775;8.93207996648314;16082
-5.07193166666667;48.9697616666667;13.8380643710995;8.98654407774795;16227
-5.05518666666667;48.9762183333333;13.9079884534607;8.6906757312764;16395
-5.053985;48.9766783333333;14.0775987197013;8.79665998841936;16407
-5.05338;48.9769033333333;13.7541969943775;8.93207996648314;16412
-5.05278;48.97713;13.7541969943775;8.93207996648314;16419
-5.04264833333333;48.981095;13.9079884534607;8.6906757312764;16521
-5.03488833333333;48.9841216666667;13.8380643710995;8.98654407774795;16598
-5.02655666666667;48.9873516666667;13.7541969943775;8.93207996648314;16685
-5.01942166666667;48.9901216666667;13.7541969943775;8.93207996648314;16759
-5.01705166666667;48.9910533333333;13.6703296176555;8.87761585521834;16777
-5.01646666666667;48.9912933333333;13.6703296176555;8.87761585521834;16784
-5.015875;48.991525;13.7541969943775;8.93207996648314;16794
-5.01469666666667;48.9919933333333;13.5864638405707;8.82315278277005;16806
-4.94897833333333;49.0166333333333;13.8231833203404;8.63768360270493;17464
-4.910455;49.030655;13.8231833203404;8.63768360270493;17850
