"x";"y";"vx";"vy";"t"
-6.98516666666667;47.034;6.73885353648389;12.1572135955967;0
-6.53363333333333;47.6286366666667;7.80000019073486;13.5099966293997;10104
-6.526875;47.6377616666667;7.80000019073486;13.5099966293997;10254
-6.51641;47.6522216666667;7.90000009536743;13.6832015449754;10463
-6.45283333333333;47.7356666666667;7.41758728223905;13.3816816860532;11779
-6.16273833333333;48.113435;6.75091549332647;13.8414279701445;17696
-6.15698;48.1211766666667;6.42379749785059;13.7758781900926;17817
-6.14710666666667;48.1341383333333;6.83859005713493;14.0211874651297;18019
-6.049765;48.2603583333333;6.31254434653739;12.9426339238453;20065
-5.98134833333333;48.3457216666667;6.18103333695131;12.672996395681;21538
-5.97581833333333;48.35242;6.31046777319607;12.3849903463263;21673
-5.96946833333333;48.360175;6.13719605504708;12.5831166481883;21816
-5.96272;48.3683933333333;6.18103333695131;12.672996395681;21962
-5.95635;48.3762933333333;6.35586699635365;12.4740913386371;22069
-5.95416666666667;48.379;6.13719605504708;12.5831166481883;22155
-5.94796;48.38653;6.40126621951124;12.563192330948;22253
-5.92637833333333;48.4145966666667;5.65363918359591;12.6982815127422;22743
-5.921085;48.4215083333333;5.65363918359591;12.6982815127422;22875
-5.91233333333333;48.4331666666667;5.6129657520249;12.6069274897129;23064
-5.90566666666667;48.4421666666667;5.6129657520249;12.6069274897129;23223
-5.89877;48.451045;5.87439367697965;12.5976778940804;23397
-5.89351;48.4578516666667;5.6129657520249;12.6069274897129;23526
-5.88818666666667;48.4646566666667;5.6129657520249;12.6069274897129;23617
-5.88233333333333;48.4723333333333;5.87439367697965;12.5976778940804;23760
-5.87667333333333;48.4793666666667;5.5316185009886;12.4242185724293;23900
-5.871;48.4866666666667;5.6129657520249;12.6069274897129;24007
-5.8655;48.4933333333333;5.5722919325596;12.5155725954587;24144
-5.85983333333333;48.5003333333333;5.6129657520249;12.6069274897129;24260
-5.85416666666667;48.5075;5.39208964767803;12.702967153216;24385
-5.84827333333333;48.5147933333333;5.5722919325596;12.5155725954587;24522
-5.84223;48.5220583333333;5.65363918359591;12.6982815127422;24660
-5.83642833333333;48.529415;5.6129657520249;12.6069274897129;24785
-5.83054166666667;48.53673;5.83213209262969;12.5070476339703;24895
-5.82433333333333;48.5443333333333;5.5722919325596;12.5155725954587;25053
-5.81845333333333;48.5515916666667;5.39208964767803;12.702967153216;25161
-5.81016666666667;48.5621666666667;5.15765082153237;12.1506638899998;25383
-5.80460166666667;48.5693616666667;5.15765082153237;12.1506638899998;25496
-5.79869;48.5768466666667;5.3282501794507;11.967445843608;25640
-5.79272833333333;48.584325;4.90734651664952;12.1461088485175;25777
-5.786525;48.5921666666667;5.11857793226158;12.0586139313717;25959
-5.77516666666667;48.6063333333333;5.11857793226158;12.0586139313717;26184
-5.76975;48.61316;5.11857793226158;12.0586139313717;26300
-5.76283333333333;48.6216666666667;5.07950467036056;11.9665630948817;26465
-5.75633333333333;48.6295;5.07950467036056;11.9665630948817;26636
-5.74483333333333;48.6436666666667;5.04043140845953;11.8745122583917;26877
-5.65933333333333;48.748;4.80599295494411;11.3222098730374;28933
-5.646;48.7643333333333;9.48118058154622;7.67770865077468;29263
-5.64233333333333;48.766;10.7387146765646;6.19999980926514;29302
-5.63154833333333;48.7696033333333;10.6945843697073;7.21358824145747;29433
-5.62242333333333;48.7733166666667;10.4032308062293;7.28442063225726;29555
-5.61045;48.7783916666667;10.321316070523;7.22706331682523;29723
-5.598;48.7836666666667;10.5287770133227;7.1017497674209;29918
-5.58633333333333;48.7886666666667;10.7702106594343;6.72997455468762;30043
-5.576985;48.792415;10.7702106594343;6.72997455468762;30167
-5.56745166666667;48.7960666666667;10.7702106594343;6.72997455468762;30307
-5.5035;48.8203333333333;10.8550157925546;6.7829666832591;31148
-5.49283333333333;48.8241666666667;10.9717416124787;6.59248745708441;31272
-5.48298333333333;48.8278683333333;10.7702106594343;6.72997455468762;31393
-5.472;48.8318333333333;10.8550157925546;6.7829666832591;31537
-5.45942833333333;48.836345;10.8550157925546;6.7829666832591;31698
-5.27983333333333;48.8993333333333;10.5670610588463;7.39913581012645;34062
-5.26887333333333;48.9037233333333;10.4363189188213;7.58242953035062;34185
-5.25883333333333;48.9078333333333;10.6489765757569;7.4564936725636;34323
-5.24876833333333;48.911975;10.5172209268743;7.64120827980215;34452
-5.238;48.9165;10.7308920926675;7.51385153500075;34567
-4.66814;49.1431666666667;9.44589300392594;5.23594399113054;42883
