"x";"y";"vx";"vy";"t"
-5.95041666666667;48.3421833333333;7.64939069872273;16.4041712910923;0
-5.93983333333333;48.3552166666667;7.1585650732918;16.0784004029997;150
-5.93285;48.3640666666667;7.5246278969023;16.9005909663881;260
-5.92445;48.3745;7.23991193643381;16.2611084490584;390
-5.91678333333333;48.3838166666667;7.03316031280693;16.5690873621439;600
-5.90893333333333;48.3936333333333;7.07223357470795;16.6611381986339;722
-5.90071666666667;48.4037333333333;7.64939069872273;16.4041712910923;790
-5.89295;48.4134333333333;7.3619333948297;16.535173131821;959
-5.88633333333333;48.42175;7.3212595753644;16.4438182375668;1040
-5.87868333333333;48.4314833333333;7.28058575589911;16.3524633433126;1195
-5.87085;48.4411833333333;7.23991193643381;16.2611084490584;1311
-5.86293333333333;48.4509833333333;6.91594127236434;16.2929366083977;1443
-5.85466666666667;48.4610166666667;7.28058575589911;16.3524633433126;1560
-5.84725;48.4703666666667;7.1585650732918;16.0784004029997;1702
-5.83965;48.4793666666667;7.1585650732918;16.0784004029997;1848
-5.83148333333333;48.48955;7.5226047365523;16.1322779177944;1950
-5.82391666666667;48.4989166666667;7.56486672394245;16.2229090422271;2060
-5.82225;48.5008333333333;6.9940870509059;16.4770365256539;2089
-5.81518333333333;48.5097833333333;7.69165268611288;16.494802415525;2202
-5.80753333333333;48.51925;7.44328025797171;16.7178811778797;2333
-5.79926666666667;48.5291833333333;7.40260721429499;16.6265280260752;2476
-5.79048333333333;48.5385833333333;7.3619333948297;16.535173131821;2577
-5.78343333333333;48.5481333333333;7.5653017163676;16.9919458606423;2719
-5.77555;48.5572166666667;6.95501378900488;16.384985689164;2843
-5.76698333333333;48.5670666666667;6.95501378900488;16.384985689164;3001
-5.75851666666667;48.5774333333333;7.3212595753644;16.4438182375668;3093
-5.75078333333333;48.5866166666667;7.28058575589911;16.3524633433126;3220
-5.74251666666667;48.5966166666667;7.23991193643381;16.2611084490584;3360
-5.73505;48.6056;6.91594127236434;16.2929366083977;3504
-5.72743333333333;48.6147166666667;7.1585650732918;16.0784004029997;3615
-5.71935;48.6244666666667;7.1992388927571;16.1697552972539;3741
-5.71153333333333;48.63375;7.1992388927571;16.1697552972539;3862
-5.70363333333333;48.6432333333333;7.28058575589911;16.3524633433126;4017
-5.69605;48.6523166666667;7.60712871133259;16.3135401666597;4140
-5.68708333333333;48.6631666666667;7.64939069872273;16.4041712910923;4259
-5.6798;48.6719833333333;7.07223357470795;16.6611381986339;4398
-5.67178333333333;48.6817333333333;7.3619333948297;16.535173131821;4490
-5.66423333333333;48.6907333333333;7.44328025797171;16.7178811778797;4615
-5.65596666666667;48.7006;7.7761758548128;16.6760629357454;4773
-5.6481;48.7101;7.44328025797171;16.7178811778797;4890
-5.63955;48.7195;8.92049682759241;16.0930022777239;5021
-5.62825;48.7286;12.1370920363244;13.9621272341213;5129
-5.61711666666667;48.7361;12.2683043426558;14.1130697259636;5292
-5.60641666666667;48.7432166666667;11.8272917730283;14.0952174611664;5369
-5.59485;48.7511;11.7630127668556;14.0186127246318;5504
-5.58395;48.7586;11.698734986703;13.9420094492109;5629
-5.57735;48.7632;11.698734986703;13.9420094492109;5681
-5.56601666666667;48.7703833333333;13.0919849149762;12.642782872336;5811
-5.55388333333333;48.7774833333333;12.8693439570748;12.8693439570748;5946
-5.5403;48.7853833333333;12.7122476494174;13.1639177973846;6082
-5.52936666666667;48.7916666666667;13.3106379274475;12.4123706734609;6198
-5.51718333333333;48.79885;12.8693439570748;12.8693439570748;6300
-5.50466666666667;48.8061666666667;12.642782872336;13.0919849149762;6443
-5.49201666666667;48.8138;12.8693439570748;12.8693439570748;6545
-5.4801;48.8206166666667;14.377200286954;11.642427234422;6680
-5.46803333333333;48.8263333333333;14.1718221977011;11.891570779201;6786
-5.45513333333333;48.8328166666667;14.0952174611664;11.8272917730283;6939
-5.44181666666667;48.8394666666667;14.2994853943506;11.5794949552503;7066
-5.42756666666667;48.8464333333333;14.1718221977011;11.891570779201;7200
-5.41525;48.8525333333333;14.1718221977011;11.891570779201;7326
-5.40141666666667;48.8593166666667;14.0375984800424;12.2026981894901;7459
-5.38743333333333;48.8662833333333;14.2484269342358;11.9558497853736;7560
-5.3743;48.8728333333333;13.9621272341213;12.1370920363244;7667
-5.36135;48.8789833333333;14.0952174611664;11.8272917730283;7821
-5.34788333333333;48.88555;14.4205961897985;11.2666045287471;7930
-5.33435;48.8912666666667;14.8050103798306;10.7564696685077;8061
-5.3204;48.8970833333333;14.9085678310231;10.4390915791931;8169
-5.3039;48.9038166666667;14.8859123878835;10.8152484179592;8356
-5.29058333333333;48.9091666666667;15.3371950922683;10.3450687142088;8449
-5.27725;48.9143333333333;15.1713869452518;10.2332297068843;8580
-5.2625;48.92;15.5192795126532;9.69752213117134;8680
-5.24866666666667;48.9249833333333;15.6888897788939;9.80350638831429;8821
-5.23386666666667;48.9305333333333;15.6888897788939;9.80350638831429;8930
-5.22033333333333;48.9354;15.7736949120142;9.85649851688577;9072
-5.20583333333333;48.9408333333333;15.8585000451345;9.90949064545724;9168
-5.19366666666667;48.9454166666667;15.6831402604343;10.1847503703076;9299
-5.1789;48.9509166666667;15.8585000451345;9.90949064545724;9422
-5.16426666666667;48.9563833333333;15.9433121200427;9.57970838979844;9529
-5.1502;48.9614666666667;15.0884844530072;10.1773112697979;9648
-5.13625;48.9667;15.5884572681199;9;9774
-5.12145;48.9720833333333;15.1799375997396;9.8579667415353;9955
-5.1075;48.9772166666667;15.3371950922683;10.3450687142088;10021
-5.09325;48.9828;15.7736949120142;9.85649851688577;10182
-5.07738333333333;48.9886333333333;15.9433121200427;9.57970838979844;10290
-5.06318333333333;48.9939333333333;15.5992728837123;10.1302862590428;10431
-5.04926666666667;48.9991;15.8585000451345;9.90949064545724;10551
-5.03536666666667;49.0042;15.6831402604343;10.1847503703076;10690
-5.0202;49.0098;15.6831402604343;10.1847503703076;10780
-5.00545;49.0151666666667;16.0290291770963;9.63121239376088;10926
-4.99085;49.0206166666667;15.8585000451345;9.90949064545724;11017
-4.97686666666667;49.0257166666667;15.9433035607315;9.96248176328794;11152
-4.9616;49.03115;16.114744599233;9.68271541536616;11262
-4.94646666666667;49.0365;15.9433035607315;9.96248176328794;11430
-4.93256666666667;49.0415333333333;15.9433035607315;9.96248176328794;11539
-4.91651666666667;49.0471666666667;16.194675711494;9.35000038146973;11672
-4.90055;49.0528;16.2812769304225;9.39999961853028;11801
-4.8869;49.05765;16.0290291770963;9.63121239376088;11901
-4.86596666666667;49.0650833333333;16.7926990443583;9.30834507861006;12097
-4.85055;49.07035;16.0290291770963;9.63121239376088;12239
-4.83465;49.0760666666667;15.6888897788939;9.80350638831429;12353
-4.81878333333333;49.08165;16.0290291770963;9.63121239376088;12550
-4.79211666666667;49.09105;15.8585000451345;9.90949064545724;12713
