"x";"y";"vx";"vy";"t"
-5.25421666666667;48.96375;0.565228337406085;-10.7851991658229;0
-5.25363333333333;48.9541166666667;0.383894463727508;-10.9932990972101;180
-5.25311666666667;48.9480666666667;0.376914571043558;-10.7934211224249;300
-5.25243333333333;48.9385;0.387384426710859;-11.0932385611493;508
-5.2519;48.9302333333333;0.380404500744156;-10.8933596332708;632
-5.2515;48.9235333333333;0.193721718111411;-11.0983097976476;770
-5.25103333333333;48.9158833333333;0.191976470810118;-10.9983246467203;960
-5.2506;48.9093166666667;0.191976470810118;-10.9983246467203;1084
-5.25011666666667;48.90125;0.190231223508825;-10.898339495793;1247
-5.24966666666667;48.8940333333333;0.190231223508825;-10.898339495793;1350
-5.24925;48.8879333333333;0.774296885169776;-11.0729613384245;1478
-5.24736666666667;48.8779166666667;1.36493662289292;-11.1165167090697;1658
-5.24536666666667;48.8709166666667;1.30400195119035;-10.620243633249;1834
-5.24391666666667;48.8643833333333;-0.930303283207668;-8.85124448939764;1954
-5.24821666666667;48.8598166666667;-6.18632255731875;-5.97406225093852;2090
-5.25346666666667;48.85595;-6.43477302997665;-5.39941567616292;2217
-5.25918333333333;48.8527833333333;-6.34415450925655;-2.9583278321849;2421
-5.26565;48.8508833333333;-6.52541589379939;-3.042851403925;2500
-5.27161666666667;48.8491166666667;-6.57752712078176;-2.9285037525669;2690
-5.27686666666667;48.8471333333333;-5.83127965184031;-4.55589497612392;2795
-5.2809;48.8427;-2.30973649519236;-7.55480766330831;2898
-5.28188333333333;48.83785;-1.12730217086686;-8.02117173456401;3053
-5.2821;48.8314833333333;0.439622012476145;-8.38848771099148;3210
-5.2806;48.8269666666667;2.3429175244445;-8.17072441547571;3325
-5.27796666666667;48.8224666666667;2.54363377532234;-8.31985119447775;3440
-5.27423333333333;48.8174666666667;2.94137336307108;-8.0813568972231;3579
-5.27126666666667;48.8131333333333;2.87296907346529;-7.89341765613734;3706
-5.26823333333333;48.8088166666667;2.68844779212173;-8.2741915103682;3817
-5.26528333333333;48.8047166666667;2.07041380337183;-6.37207847777789;3940
-5.26316666666667;48.8021833333333;1.33387859158769;-3.66480131068111;4071
-5.26131666666667;48.8004166666667;1.17204532499717;-3.40386678198586;4224
-5.25913333333333;48.7983333333333;0.826912067450999;-2.88378508781496;4405
-5.25746666666667;48.79685;0.772542485937369;-2.37764129073788;4549
-5.25611666666667;48.7956833333333;0.84647717054001;-2.45834820638655;4646
-5.25473333333333;48.7944;1.06026241169199;-2.91304703482024;4756
-5.25288333333333;48.7926333333333;0.865247569514774;-2.66295820027652;4895
-5.25146666666667;48.7916166666667;0.651136308914314;-1.89103715119863;5055
-5.24996666666667;48.7903833333333;1.10693175620293;-3.21476324720935;5157
-5.24773333333333;48.7879666666667;1.64169675319838;-4.5105247590045;5303
-5.24576666666667;48.7857666666667;1.59528398788867;-4.63304111060833;5423
-5.2438;48.7839166666667;0.261321158169134;-2.48630473842068;5550
-5.2443;48.7822833333333;-3.08580220078176;-1.85413702055834;5670
-5.24773333333333;48.7821666666667;-3.60010249945718;2.16315981638651;5811
-5.24923333333333;48.7846666666667;-2.90885772147802;5.24771824283637;5940
-5.2518;48.7886833333333;-2.8327094120053;4.71442015386162;6084
-5.25391666666667;48.7923;-2.98722093271403;4.97157050756394;6242
-5.25511666666667;48.7961166666667;-1.4334717981812;3.73432170598881;6385
-5.25555;48.7987666666667;-1.43648453673264;3.94670882806867;6517
-5.25593333333333;48.8024333333333;-1.26971583343151;3.68752253500901;6720
-5.25605;48.8037333333333;-1.30227261782863;3.78207430239727;6790
-5.25596666666667;48.8070333333333;-1.23606797749979;3.80422606518061;6983
-5.25576666666667;48.81145;-1.23606797749979;3.80422606518061;7225
-5.25566666666667;48.8149666666667;-1.14024967630141;3.72958863945617;7427
-5.2554;48.8191666666667;-1.16948681889095;3.82521902385214;7650
-5.25488333333333;48.8247666666667;-1.16948681889095;3.82521902385214;7935
-5.25446666666667;48.8287833333333;-1.07498571397313;3.7489207058325;8160
-5.25443333333333;48.8315166666667;-1.3976350374033;3.64096375237225;8304
-5.25433333333333;48.8335;-1.36179819118383;3.54760557617278;8424
-5.25436666666667;48.8375;-1.16948681889095;3.82521902385214;8652
-5.25325;48.8461;-0.449472411988132;4.27644433977357;9115
-5.25205;48.84885;-0.279025894976499;3.9902562010393;9237
-5.24921666666667;48.8552666666667;-0.153557788819279;4.39731973419336;9627
-5.24448333333333;48.8646166666667;0.894020310172373;4.20603486972221;10075
-5.23991666666667;48.86955;0.967289576584628;4.18979146442285;10338
-5.23685;48.8728333333333;1.04026419722151;4.17227180805601;10536
-5.22208333333333;48.8859;3.06899262028124;3.29109165728627;11378
-5.20375;48.8956333333333;2.96984834611358;2.96984834611358;12154
-5.19793333333333;48.8979666666667;3.55967485240364;2.58625516614245;12382
-5.06276666666667;48.9107166666667;6.06962980019561;4.57379411856201;17308
-5.04816666666667;48.91735;6.87664445218705;4.99617464448602;17610
-5.03773333333333;48.9220833333333;6.94812878508381;5.23579058663571;17812
-5.02543333333333;48.9281166666667;6.31673101655785;5.6876101540503;18084
-5.00656666666667;48.9402666666667;-5.79698606053124;6.21650646376295;18493
-5.01323333333333;48.9451;-6.56059028990507;7.54709580222772;18628
-5.02488333333333;48.9543333333333;-6.69130606358858;7.43144825477394;18894
-5.03433333333333;48.9652333333333;-5.05000019073487;8.7468569085853;19173
-5.04128333333333;48.9735666666667;-5.25;9.0932667397366;19371
-5.05238333333333;48.9868833333333;-4.84809620246337;8.74619707139396;19702
