"x";"y";"vx";"vy";"t"
-6.009865;48.2391383333333;9.47670038187356;15.7718780059355;0
-5.91157;48.369815;8.77911858227453;16.5111206600975;1692
-5.90834166666667;48.3739566666667;8.77911858227453;16.5111206600975;1748
-5.90798166666667;48.3744133333333;8.77911858227453;16.5111206600975;1753
-5.90727833333333;48.3753366666667;9.06594026848689;16.3553891907886;1766
-5.90697833333333;48.3757166666667;9.01745912152206;16.2679268864337;1776
-5.90579166666667;48.3772566666667;9.01745912152206;16.2679268864337;1788
-5.90404;48.37948;8.73217124690676;16.4228255639938;1820
-5.90116666666667;48.383145;9.01745912152206;16.2679268864337;1866
-5.89904166666667;48.3858116666667;8.73217124690676;16.4228255639938;1902
-5.898245;48.38682;8.73217124690676;16.4228255639938;1914
-5.89645833333333;48.3891233333333;9.01745912152206;16.2679268864337;1945
-5.89397166666667;48.3923533333333;9.01745912152206;16.2679268864337;1988
-5.88965166666667;48.397845;9.25;16.0214699700121;2058
-5.885975;48.402385;9.25;16.0214699700121;2118
-5.88522833333333;48.4032916666667;9.25;16.0214699700121;2132
-5.88446833333333;48.40419;9.30000019073486;16.108072840753;2145
-5.88372166666667;48.4050933333333;8.96897797455724;16.1804645820788;2157
-5.88341833333333;48.4054733333333;8.96897797455724;16.1804645820788;2169
-5.88116333333333;48.4082666666667;9.25;16.0214699700121;2196
-5.88078833333333;48.4087133333333;9.25;16.0214699700121;2201
-5.88042;48.409165;9.25;16.0214699700121;2217
-5.879735;48.4099883333333;9.25;16.0214699700121;2235
-5.87744;48.4127716666667;9.25;16.0214699700121;2256
-5.87669166666667;48.4136666666667;9.25;16.0214699700121;2268
-5.87638;48.41404;8.96897797455724;16.1804645820788;2273
-5.875945;48.414565;8.96897797455724;16.1804645820788;2286
-5.87515;48.415545;8.92049682759241;16.0930022777239;2292
-5.87448333333333;48.416375;9.19999980926513;15.9348670992712;2305
-5.874105;48.4168166666667;9.19999980926513;15.9348670992712;2310
-5.873745;48.417275;9.25;16.0214699700121;2318
-5.873065;48.4180966666667;9.25;16.0214699700121;2328
-5.87269666666667;48.418545;9.19999980926513;15.9348670992712;2336
-5.87188833333333;48.419515;9.19999980926513;15.9348670992712;2346
-5.870395;48.4213016666667;9.19999980926513;15.9348670992712;2370
-5.86934666666667;48.4225733333333;9.19999980926513;15.9348670992712;2388
-5.86897;48.42302;8.92049682759241;16.0930022777239;2394
-5.86859666666667;48.42347;8.92049682759241;16.0930022777239;2402
-5.86678666666667;48.4257283333333;8.92049682759241;16.0930022777239;2430
-5.86594666666667;48.4267833333333;9.19999980926513;15.9348670992712;2442
-5.865345;48.4275383333333;9.19999980926513;15.9348670992712;2453
-5.86497666666667;48.42799;9.19999980926513;15.9348670992712;2460
-5.864245;48.4288933333333;9.19999980926513;15.9348670992712;2477
-5.863515;48.4297966666667;9.19999980926513;15.9348670992712;2484
-5.86156333333333;48.43219;9.19999980926513;15.9348670992712;2516
-5.86130166666667;48.4324783333333;9.14999961853027;15.8482642285303;2522
-5.86009333333333;48.433885;9.19999980926513;15.9348670992712;2540
-5.859335;48.4347716666667;8.92049682759241;16.0930022777239;2549
-5.85828;48.43604;8.92049682759241;16.0930022777239;2568
-5.857555;48.43694;9.19999980926513;15.9348670992712;2580
-5.85719;48.4373866666667;9.19999980926513;15.9348670992712;2585
-5.85682166666667;48.43784;9.19999980926513;15.9348670992712;2592
-5.85645166666667;48.4382883333333;9.19999980926513;15.9348670992712;2599
-5.85602166666667;48.4388133333333;9.19999980926513;15.9348670992712;2606
-5.85565833333333;48.4392633333333;8.87201568062758;16.0055399733691;2616
-5.85468666666667;48.44046;8.92049682759241;16.0930022777239;2628
-5.85390666666667;48.4414316666667;9.19999980926513;15.9348670992712;2640
-5.85353166666667;48.4418766666667;9.14999961853027;15.8482642285303;2646
-5.85169166666667;48.4440866666667;9.14999961853027;15.8482642285303;2675
-5.85120833333333;48.4446833333333;8.87201568062758;16.0055399733691;2682
-5.85089666666667;48.44505;8.87201568062758;16.0055399733691;2688
-5.85048166666667;48.4455783333333;8.87201568062758;16.0055399733691;2696
-5.85023666666667;48.445875;8.87201568062758;16.0055399733691;2703
-5.849145;48.4472183333333;9.14999961853027;15.8482642285303;2718
-5.84835666666667;48.4481866666667;9.14999961853027;15.8482642285303;2731
-5.84804333333333;48.448555;9.14999961853027;15.8482642285303;2736
-5.84762166666667;48.4490783333333;9.14999961853027;15.8482642285303;2742
-5.84682333333333;48.45004;9.14999961853027;15.8482642285303;2756
-5.84621333333333;48.4507816666667;9.14999961853027;15.8482642285303;2766
-5.84584666666667;48.4512266666667;9.14999961853027;15.8482642285303;2775
-5.84505333333333;48.4521916666667;9.14999961853027;15.8482642285303;2786
-5.84437333333333;48.4530116666667;9.14999961853027;15.8482642285303;2796
-5.84357666666667;48.453975;9.14999961853027;15.8482642285303;2808
-5.84290666666667;48.4547916666667;9.14999961853027;15.8482642285303;2822
-5.84242833333333;48.4553883333333;8.87201568062758;16.0055399733691;2829
-5.84103833333333;48.4570966666667;9.14999961853027;15.8482642285303;2851
-5.84068166666667;48.4575433333333;9.14999961853027;15.8482642285303;2865
-5.83958333333333;48.4588733333333;9.14999961853027;15.8482642285303;2874
-5.838485;48.4602116666667;9.14999961853027;15.8482642285303;2891
-5.83775;48.4611033333333;8.87201568062758;16.0055399733691;2906
-5.83702;48.4619983333333;9.14999961853027;15.8482642285303;2916
-5.83665333333333;48.462445;8.87201568062758;16.0055399733691;2924
-5.83562666666667;48.463715;9.14999961853027;15.8482642285303;2939
-5.834905;48.4646133333333;9.10000038146972;15.7616630096017;2952
-5.83406166666667;48.4656616666667;9.14999961853027;15.8482642285303;2966
-5.83375666666667;48.466035;9.14999961853027;15.8482642285303;2974
-5.83303333333333;48.466925;9.14999961853027;15.8482642285303;2982
-5.83261;48.4674466666667;9.10000038146972;15.7616630096017;2988
-5.83194666666667;48.4682683333333;9.14999961853027;15.8482642285303;3001
-5.83043833333333;48.4701116666667;9.10000038146972;15.7616630096017;3026
-5.829775;48.4709233333333;8.87201568062758;16.0055399733691;3038
-5.82870666666667;48.4722633333333;9.10000038146972;15.7616630096017;3053
-5.82834333333333;48.4727066666667;9.10000038146972;15.7616630096017;3060
-5.82768;48.4735283333333;9.10000038146972;15.7616630096017;3072
-5.82681333333333;48.4745666666667;9.14999961853027;15.8482642285303;3084
-5.826515;48.4749433333333;9.10000038146972;15.7616630096017;3090
-5.82572;48.47591;8.87201568062758;16.0055399733691;3108
-5.82505;48.476725;9.10000038146972;15.7616630096017;3115
-5.82469833333333;48.4771733333333;9.10000038146972;15.7616630096017;3126
-5.82427166666667;48.4776916666667;9.10000038146972;15.7616630096017;3132
-5.82319333333333;48.4790283333333;9.10000038146972;15.7616630096017;3144
-5.82289333333333;48.4794016666667;9.14999961853027;15.8482642285303;3150
-5.822455;48.4799166666667;9.10000038146972;15.7616630096017;3156
-5.82171666666667;48.4808083333333;9.10000038146972;15.7616630096017;3168
-5.82142;48.4811816666667;9.10000038146972;15.7616630096017;3174
-5.82105166666667;48.4816266666667;8.87201568062758;16.0055399733691;3180
-5.820635;48.48215;8.82353545836372;15.9180793372189;3188
-5.820395;48.4824466666667;9.14999961853027;15.8482642285303;3194
-5.81961666666667;48.4834116666667;9.10000038146972;15.7616630096017;3205
-5.81882333333333;48.484375;9.14999961853027;15.8482642285303;3216
-5.81844833333333;48.484815;9.14999961853027;15.8482642285303;3222
-5.81819666666667;48.4851083333333;9.14999961853027;15.8482642285303;3228
-5.81778;48.4856316666667;9.14999961853027;15.8482642285303;3234
-5.81739666666667;48.4860666666667;9.14999961853027;15.8482642285303;3252
-5.81515833333333;48.4888016666667;9.14999961853027;15.8482642285303;3276
-5.81375333333333;48.490505;9.14999961853027;15.8482642285303;3302
-5.813325;48.4910283333333;9.14999961853027;15.8482642285303;3308
-5.81313333333333;48.4912516666667;9.14999961853027;15.8482642285303;3314
-5.81158833333333;48.493115;8.87201568062758;16.0055399733691;3336
-5.81007833333333;48.4949783333333;9.19999980926513;15.9348670992712;3360
-5.80935166666667;48.4958916666667;9.14999961853027;15.8482642285303;3374
-5.80866833333333;48.4967116666667;9.19999980926513;15.9348670992712;3386
-5.807925;48.4976033333333;8.87201568062758;16.0055399733691;3396
-5.80719166666667;48.498495;9.14999961853027;15.8482642285303;3410
-5.80573333333333;48.500295;9.14999961853027;15.8482642285303;3434
-5.80536;48.50074;9.14999961853027;15.8482642285303;3439
-5.80498833333333;48.5011866666667;9.19999980926513;15.9348670992712;3446
-5.80449333333333;48.5017866666667;8.92049682759241;16.0930022777239;3451
-5.80423666666667;48.5020816666667;8.87201568062758;16.0055399733691;3456
-5.803385;48.5031366666667;8.87201568062758;16.0055399733691;3468
-5.80308333333333;48.5035133333333;8.92049682759241;16.0930022777239;3476
-5.80277666666667;48.5038866666667;9.19999980926513;15.9348670992712;3482
-5.801675;48.5052333333333;9.19999980926513;15.9348670992712;3498
-5.80130333333333;48.5056816666667;9.19999980926513;15.9348670992712;3508
-5.80055833333333;48.506575;9.19999980926513;15.9348670992712;3516
-5.80007;48.5071833333333;8.92049682759241;16.0930022777239;3522
-5.799695;48.5076333333333;8.92049682759241;16.0930022777239;3530
-5.79938833333333;48.5080116666667;8.96897797455724;16.1804645820788;3536
-5.79902333333333;48.50846;8.92049682759241;16.0930022777239;3542
-5.79835;48.5092883333333;9.19999980926513;15.9348670992712;3554
-5.79761666666667;48.51018;9.19999980926513;15.9348670992712;3569
-5.79687166666667;48.5110766666667;9.19999980926513;15.9348670992712;3576
-5.79599833333333;48.5121333333333;9.25;16.0214699700121;3589
-5.795745;48.5124333333333;9.25;16.0214699700121;3596
-5.79530166666667;48.5129516666667;8.96897797455724;16.1804645820788;3616
-5.79426166666667;48.51424;8.96897797455724;16.1804645820788;3621
-5.79383666666667;48.5147733333333;9.25;16.0214699700121;3628
-5.79316666666667;48.5156183333333;9.25;16.0214699700121;3638
-5.79272666666667;48.5161433333333;9.25;16.0214699700121;3646
-5.79229666666667;48.5166716666667;9.25;16.0214699700121;3652
-5.79204166666667;48.5169683333333;9.25;16.0214699700121;3662
-5.79122666666667;48.5179416666667;9.25;16.0214699700121;3669
-5.79091;48.5183166666667;8.96897797455724;16.1804645820788;3676
-5.790105;48.51929;8.96897797455724;16.1804645820788;3685
-5.78943333333333;48.5201316666667;9.25;16.0214699700121;3696
-5.789;48.520665;9.25;16.0214699700121;3705
-5.788315;48.52149;9.25;16.0214699700121;3715
-5.78788333333333;48.52202;9.30000019073486;16.108072840753;3720
-5.7875;48.5224683333333;9.25;16.0214699700121;3728
-5.78719;48.522845;9.25;16.0214699700121;3734
-5.78680333333333;48.523295;9.25;16.0214699700121;3746
-5.78524833333333;48.5251783333333;9.25;16.0214699700121;3764
-5.78486666666667;48.5256266666667;9.25;16.0214699700121;3772
-5.784565;48.5260116666667;9.30000019073486;16.108072840753;3788
-5.78342833333333;48.5273666666667;9.30000019073486;16.108072840753;3796
-5.78260833333333;48.5283466666667;9.30000019073486;16.108072840753;3805
-5.78185833333333;48.5292516666667;9.01745912152206;16.2679268864337;3818
-5.78146833333333;48.529695;9.01745912152206;16.2679268864337;3823
-5.78036;48.5310516666667;9.01745912152206;16.2679268864337;3842
-5.77999166666667;48.5315033333333;9.30000019073486;16.108072840753;3856
-5.77886;48.532855;9.30000019073486;16.108072840753;3865
-5.778495;48.53331;9.30000019073486;16.108072840753;3874
-5.777735;48.5342116666667;9.06594026848689;16.3553891907886;3883
-5.7773;48.5347416666667;9.06594026848689;16.3553891907886;3890
-5.77692666666667;48.5352;9.01745912152206;16.2679268864337;3895
-5.77662333333333;48.53558;9.06594026848689;16.3553891907886;3905
-5.77594166666667;48.5364133333333;9.35000038146972;16.194675711494;3916
-5.77512166666667;48.5373983333333;9.35000038146972;16.194675711494;3924
-5.77469166666667;48.5379366666667;9.35000038146972;16.194675711494;3931
-5.77435666666667;48.5383066666667;9.35000038146972;16.194675711494;3936
-5.77404833333333;48.53869;9.35000038146972;16.194675711494;3943
-5.77366;48.5391383333333;9.35000038146972;16.194675711494;3952
-5.77283166666667;48.54012;9.35000038146972;16.194675711494;3961
-5.77244333333333;48.54057;9.35000038146972;16.194675711494;3966
-5.77213666666667;48.54095;9.35000038146972;16.194675711494;3972
-5.77175;48.5414083333333;9.35000038146972;16.194675711494;3979
-5.77131166666667;48.5419466666667;9.35000038146972;16.194675711494;3986
-5.77054833333333;48.5428616666667;9.35000038146972;16.194675711494;3996
-5.770225;48.5432366666667;9.06594026848689;16.3553891907886;4003
-5.76933666666667;48.5442966666667;9.06594026848689;16.3553891907886;4021
-5.76826;48.5455983333333;9.06594026848689;16.3553891907886;4033
-5.76794666666667;48.5459883333333;9.06594026848689;16.3553891907886;4038
-5.76751;48.546525;9.35000038146972;16.194675711494;4046
-5.76675;48.54744;9.06594026848689;16.3553891907886;4056
-5.76643;48.5478266666667;9.06594026848689;16.3553891907886;4062
-5.76605;48.548275;9.11442049075075;16.4428498269388;4068
-5.76555;48.5488866666667;9.06594026848689;16.3553891907886;4074
-5.765235;48.5492633333333;9.06594026848689;16.3553891907886;4080
-5.764865;48.5497233333333;9.35000038146972;16.194675711494;4088
-5.764045;48.55069;9.35000038146972;16.194675711494;4099
-5.76373166666667;48.5510816666667;9.35000038146972;16.194675711494;4104
-5.76341666666667;48.55147;9.35000038146972;16.194675711494;4111
-5.76297166666667;48.5520166666667;9.35000038146972;16.194675711494;4116
-5.76226833333333;48.55286;9.35000038146972;16.194675711494;4127
-5.76176;48.5534716666667;9.39999961853027;16.2812769304225;4134
-5.76145166666667;48.5538533333333;9.35000038146972;16.194675711494;4144
-5.760695;48.5547566666667;9.35000038146972;16.194675711494;4153
-5.75993666666667;48.5556716666667;9.35000038146972;16.194675711494;4166
-5.75924833333333;48.556515;9.06594026848689;16.3553891907886;4176
-5.758365;48.55758;9.11442049075075;16.4428498269388;4192
-5.75730833333333;48.558875;9.39999961853027;16.2812769304225;4208
-5.75649333333333;48.5598616666667;9.39999961853027;16.2812769304225;4218
-5.755855;48.56062;9.39999961853027;16.2812769304225;4229
-5.75507666666667;48.561535;9.39999961853027;16.2812769304225;4242
-5.75463333333333;48.5620716666667;9.11442049075075;16.4428498269388;4251
-5.75430833333333;48.56245;9.11442049075075;16.4428498269388;4258
-5.75349166666667;48.563445;9.11442049075075;16.4428498269388;4266
-5.75311833333333;48.5639066666667;9.39999961853027;16.2812769304225;4278
-5.752055;48.5652166666667;9.39999961853027;16.2812769304225;4289
-5.75160833333333;48.5657516666667;9.39999961853027;16.2812769304225;4296
-5.750785;48.5667516666667;9.39999961853027;16.2812769304225;4308
-5.75053166666667;48.5670566666667;9.39999961853027;16.2812769304225;4315
-5.75008833333333;48.5675883333333;9.39999961853027;16.2812769304225;4323
-5.74933;48.5685066666667;9.39999961853027;16.2812769304225;4336
-5.74971166666667;48.56805;9.39999961853027;16.2812769304225;4344
-5.74826;48.5698166666667;9.44999980926513;16.3678798011634;4356
-5.74744166666667;48.570825;9.44999980926513;16.3678798011634;4361
-5.747815;48.5703583333333;9.44999980926513;16.3678798011634;4366
-5.746745;48.5716816666667;9.44999980926513;16.3678798011634;4375
-5.74593;48.5726866666667;9.39999961853027;16.2812769304225;4388
-5.74517666666667;48.5736083333333;9.39999961853027;16.2812769304225;4398
-5.744735;48.57415;9.44999980926513;16.3678798011634;4405
-5.74448;48.5744566666667;9.39999961853027;16.2812769304225;4414
-5.74321333333333;48.5759866666667;9.39999961853027;16.2812769304225;4431
-5.74213833333333;48.577295;9.11442049075075;16.4428498269388;4445
-5.74095;48.578775;9.39999961853027;16.2812769304225;4465
-5.74070333333333;48.5790866666667;9.39999961853027;16.2812769304225;4470
-5.73989;48.5800883333333;9.44999980926513;16.3678798011634;4481
-5.73956833333333;48.5804683333333;9.44999980926513;16.3678798011634;4488
-5.73918333333333;48.580925;9.44999980926513;16.3678798011634;4494
-5.73874;48.58146;9.44999980926513;16.3678798011634;4501
-5.73797333333333;48.5823766666667;9.44999980926513;16.3678798011634;4520
-5.737145;48.583375;9.44999980926513;16.3678798011634;4525
-5.73690333333333;48.5836866666667;9.44999980926513;16.3678798011634;4532
-5.73608;48.584685;9.44999980926513;16.3678798011634;4541
-5.73538166666667;48.585525;9.44999980926513;16.3678798011634;4554
-5.734935;48.5860616666667;9.44999980926513;16.3678798011634;4565
-5.73379833333333;48.5874516666667;9.16290163771558;16.5303121312936;4580
-5.73310666666667;48.5883066666667;9.2113827846804;16.6177744356485;4590
-5.73078833333333;48.59116;9.5;16.4544826719043;4626
-5.73040166666667;48.5916216666667;9.5;16.4544826719043;4632
-5.73002166666667;48.592085;9.2113827846804;16.6177744356485;4637
-5.72957333333333;48.5926233333333;9.2113827846804;16.6177744356485;4644
-5.72888333333333;48.5934766666667;9.5;16.4544826719043;4656
-5.72857333333333;48.593865;9.5;16.4544826719043;4664
-5.728195;48.5943283333333;9.5;16.4544826719043;4669
-5.727815;48.594795;9.5;16.4544826719043;4674
-5.72737833333333;48.59534;9.5;16.4544826719043;4680
-5.72698833333333;48.5958033333333;9.5;16.4544826719043;4686
-5.72661333333333;48.5962733333333;9.5;16.4544826719043;4692
-5.72622833333333;48.5967366666667;9.5;16.4544826719043;4699
-5.72578833333333;48.5972833333333;9.5;16.4544826719043;4708
-5.72553333333333;48.5975966666667;9.5;16.4544826719043;4715
-5.72477333333333;48.5985316666667;9.5;16.4544826719043;4721
-5.72437666666667;48.598995;9.5;16.4544826719043;4728
-5.72394166666667;48.5995533333333;9.5;16.4544826719043;4736
-5.723545;48.6000116666667;9.5;16.4544826719043;4742
-5.72277333333333;48.600945;9.5;16.4544826719043;4753
-5.72238333333333;48.60141;9.25986393164523;16.7052367400034;4759
-5.72193833333333;48.6019566666667;9.25986393164523;16.7052367400034;4765
-5.721675;48.6022616666667;9.2113827846804;16.6177744356485;4775
-5.72092;48.6031966666667;9.2113827846804;16.6177744356485;4784
-5.72054333333333;48.6036666666667;9.55000019073486;16.5410855426453;4789
-5.720105;48.604215;9.55000019073486;16.5410855426453;4794
-5.71935166666667;48.6051533333333;9.55000019073486;16.5410855426453;4810
-5.71895666666667;48.6056116666667;9.5;16.4544826719043;4821
-5.71787833333333;48.606925;9.55000019073486;16.5410855426453;4832
-5.71711333333333;48.6078516666667;9.55000019073486;16.5410855426453;4844
-5.71635166666667;48.60878;9.55000019073486;16.5410855426453;4855
-5.71553166666667;48.60979;9.55000019073486;16.5410855426453;4866
-5.71515833333333;48.61026;9.55000019073486;16.5410855426453;4872
-5.71477;48.6107233333333;9.55000019073486;16.5410855426453;4878
-5.714075;48.6115783333333;9.55000019073486;16.5410855426453;4892
-5.71368833333333;48.6120416666667;9.55000019073486;16.5410855426453;4899
-5.71329666666667;48.61251;9.55000019073486;16.5410855426453;4904
-5.71284666666667;48.6130533333333;9.55000019073486;16.5410855426453;4909
-5.71245666666667;48.6135183333333;9.55000019073486;16.5410855426453;4918
-5.71168166666667;48.6144516666667;9.55000019073486;16.5410855426453;4926
-5.71091333333333;48.6153833333333;9.55000019073486;16.5410855426453;4938
-5.70980833333333;48.6167033333333;9.60000038146972;16.6276884133862;4956
-5.70942;48.6171716666667;9.60000038146972;16.6276884133862;4963
-5.70894666666667;48.6177066666667;9.60000038146972;16.6276884133862;4968
-5.708565;48.6181766666667;9.60000038146972;16.6276884133862;4975
-5.70815833333333;48.618635;9.60000038146972;16.6276884133862;4980
-5.70730833333333;48.6196416666667;9.60000038146972;16.6276884133862;4994
-5.70698166666667;48.6200316666667;9.60000038146972;16.6276884133862;5000
-5.70652333333333;48.620575;9.60000038146972;16.6276884133862;5010
-5.70592666666667;48.62127;9.60000038146972;16.6276884133862;5020
-5.7046;48.62282;9.30834507861006;16.7926990443583;5038
-5.703365;48.6242983333333;9.60000038146972;16.6276884133862;5055
-5.70258833333333;48.6252333333333;9.60000038146972;16.6276884133862;5065
-5.702335;48.6255466666667;9.60000038146972;16.6276884133862;5072
-5.70109166666667;48.6270233333333;9.30834507861006;16.7926990443583;5090
-5.70031833333333;48.62796;9.30834507861006;16.7926990443583;5101
-5.69999166666667;48.6283483333333;9.30834507861006;16.7926990443583;5106
-5.69915166666667;48.62936;9.60000038146972;16.6276884133862;5118
-5.698775;48.6298333333333;9.60000038146972;16.6276884133862;5125
-5.69837833333333;48.6302983333333;9.30834507861006;16.7926990443583;5136
-5.69767166666667;48.63116;9.30834507861006;16.7926990443583;5144
-5.69612666666667;48.6330383333333;9.60000038146972;16.6276884133862;5165
-5.69574333333333;48.6335133333333;9.60000038146972;16.6276884133862;5176
-5.69529;48.6340616666667;9.60000038146972;16.6276884133862;5186
-5.69457333333333;48.6349283333333;9.60000038146972;16.6276884133862;5198
-5.69379666666667;48.6358683333333;9.60000038146972;16.6276884133862;5204
-5.69302333333333;48.6368116666667;9.60000038146972;16.6276884133862;5216
-5.69224833333333;48.6377533333333;9.60000038146972;16.6276884133862;5225
-5.69184833333333;48.6382216666667;9.60000038146972;16.6276884133862;5233
-5.69140333333333;48.6387766666667;9.60000038146972;16.6276884133862;5239
-5.69100333333333;48.63924;9.60000038146972;16.6276884133862;5245
-5.69061333333333;48.63971;9.60000038146972;16.6276884133862;5250
-5.69022333333333;48.64018;9.60000038146972;16.6276884133862;5257
-5.68988;48.6405583333333;9.60000038146972;16.6276884133862;5264
-5.68908333333333;48.6414866666667;9.60000038146972;16.6276884133862;5273
-5.68829;48.64242;9.30834507861006;16.7926990443583;5285
-5.68789166666667;48.6428866666667;9.30834507861006;16.7926990443583;5298
-5.686665;48.6443733333333;9.64999961853027;16.7142896323147;5310
-5.68595;48.6452316666667;9.60000038146972;16.6276884133862;5323
-5.68543166666667;48.6458566666667;9.64999961853027;16.7142896323147;5328
-5.68517;48.6461633333333;9.64999961853027;16.7142896323147;5336
-5.683585;48.6480283333333;9.35682530087392;16.8801596805085;5358
-5.68318666666667;48.6484933333333;9.35682530087392;16.8801596805085;5364
-5.68273833333333;48.6490433333333;9.35682530087392;16.8801596805085;5370
-5.68234333333333;48.6495066666667;9.35682530087392;16.8801596805085;5378
-5.681575;48.6504516666667;9.64999961853027;16.7142896323147;5388
-5.68124833333333;48.6508433333333;9.64999961853027;16.7142896323147;5395
-5.6808;48.651395;9.64999961853027;16.7142896323147;5400
-5.68045833333333;48.6517816666667;9.64999961853027;16.7142896323147;5408
-5.68007333333333;48.6522566666667;9.64999961853027;16.7142896323147;5413
-5.679275;48.6531916666667;9.64999961853027;16.7142896323147;5423
-5.67881833333333;48.65374;9.64999961853027;16.7142896323147;5430
-5.67810666666667;48.654605;9.64999961853027;16.7142896323147;5442
-5.67733;48.6555516666667;9.64999961853027;16.7142896323147;5453
-5.67693833333333;48.656025;9.64999961853027;16.7142896323147;5461
-5.67655166666667;48.6564966666667;9.64999961853027;16.7142896323147;5470
-5.67576833333333;48.6574366666667;9.64999961853027;16.7142896323147;5478
-5.67537833333333;48.6579066666667;9.64999961853027;16.7142896323147;5484
-5.67493;48.65846;9.64999961853027;16.7142896323147;5489
-5.67453666666667;48.65893;9.64999961853027;16.7142896323147;5497
-5.67375166666667;48.6598683333333;9.64999961853027;16.7142896323147;5508
-5.67342666666667;48.6602633333333;9.64999961853027;16.7142896323147;5513
-5.67304;48.660735;9.64999961853027;16.7142896323147;5520
-5.672645;48.6612033333333;9.64999961853027;16.7142896323147;5525
-5.67102;48.6631716666667;9.64999961853027;16.7142896323147;5555
-5.67029666666667;48.66403;9.64999961853027;16.7142896323147;5563
-5.669755;48.66465;9.64999961853027;16.7142896323147;5568
-5.66910166666667;48.6654366666667;9.64999961853027;16.7142896323147;5580
-5.66871666666667;48.6659116666667;9.64999961853027;16.7142896323147;5588
-5.66708833333333;48.66787;9.64999961853027;16.7142896323147;5614
-5.66558;48.6696633333333;9.64999961853027;16.7142896323147;5635
-5.66518833333333;48.6701333333333;9.69999980926513;16.8008925030556;5641
-5.66392333333333;48.6716166666667;9.69999980926513;16.8008925030556;5657
-5.66359833333333;48.6720116666667;9.40530644783875;16.9676219848633;5664
-5.66313;48.6725583333333;9.69999980926513;16.8008925030556;5670
-5.66267;48.67311;9.69999980926513;16.8008925030556;5676
-5.66240166666667;48.6734216666667;9.69999980926513;16.8008925030556;5683
-5.66161833333333;48.6743683333333;9.69999980926513;16.8008925030556;5698
-5.660825;48.6753133333333;9.40530644783875;16.9676219848633;5705
-5.659965;48.6763283333333;9.40530644783875;16.9676219848633;5718
-5.65916833333333;48.67727;9.40530644783875;16.9676219848633;5730
-5.65957;48.6768;9.40530644783875;16.9676219848633;5735
-5.65806833333333;48.6786183333333;9.69999980926513;16.8008925030556;5748
-5.65721;48.6796466666667;9.69999980926513;16.8008925030556;5760
-5.65607166666667;48.6809783333333;9.40530644783875;16.9676219848633;5777
-5.655625;48.6815333333333;9.40530644783875;16.9676219848633;5785
-5.65522833333333;48.682;9.69999980926513;16.8008925030556;5790
-5.65484166666667;48.6824783333333;9.40530644783875;16.9676219848633;5796
-5.654455;48.6829516666667;9.69999980926513;16.8008925030556;5805
-5.65373666666667;48.683815;9.69999980926513;16.8008925030556;5815
-5.65329166666667;48.6843733333333;9.69999980926513;16.8008925030556;5823
-5.65210666666667;48.6857783333333;9.40530644783875;16.9676219848633;5838
-5.65132833333333;48.6867283333333;9.40530644783875;16.9676219848633;5850
-5.65094166666667;48.6872033333333;9.40530644783875;16.9676219848633;5856
-5.65055166666667;48.687675;9.69999980926513;16.8008925030556;5863
-5.65017166666667;48.6881533333333;9.69999980926513;16.8008925030556;5869
-5.64984666666667;48.688545;9.69999980926513;16.8008925030556;5878
-5.64821166666667;48.69051;9.69999980926513;16.8008925030556;5898
-5.64781833333333;48.69098;9.69999980926513;16.8008925030556;5910
-5.64748833333333;48.69137;9.69999980926513;16.8008925030556;5915
-5.64592833333333;48.693255;9.69999980926513;16.8008925030556;5933
-5.64476166666667;48.694675;9.40530644783875;16.9676219848633;5954
-5.64392166666667;48.6957016666667;9.40530644783875;16.9676219848633;5965
-5.642435;48.6975166666667;9.69999980926513;16.8008925030556;5988
-5.642045;48.6979883333333;9.69999980926513;16.8008925030556;5993
-5.64159666666667;48.6985416666667;9.69999980926513;16.8008925030556;6006
-5.64088333333333;48.6994083333333;9.69999980926513;16.8008925030556;6012
-5.64003166666667;48.7004266666667;9.69999980926513;16.8008925030556;6024
-5.63964833333333;48.7009016666667;9.69999980926513;16.8008925030556;6030
-5.638865;48.7018466666667;9.69999980926513;16.8008925030556;6044
-5.63649333333333;48.7046666666667;9.69999980926513;16.8008925030556;6080
-5.63570833333333;48.70561;9.69999980926513;16.8008925030556;6090
-5.63532;48.7060816666667;9.69999980926513;16.8008925030556;6096
-5.63408833333333;48.70758;9.69999980926513;16.8008925030556;6116
-5.63375166666667;48.7079666666667;9.69999980926513;16.8008925030556;6127
-5.63141333333333;48.7108083333333;9.69999980926513;16.8008925030556;6156
-5.629525;48.7131;9.69999980926513;16.8008925030556;6186
-5.62824833333333;48.71459;9.69999980926513;16.8008925030556;6204
-5.62588666666667;48.7174133333333;9.69999980926513;16.8008925030556;6240
-5.62555833333333;48.717805;9.69999980926513;16.8008925030556;6245
-5.62470333333333;48.7188283333333;9.69999980926513;16.8008925030556;6258
-5.623915;48.7197766666667;9.69999980926513;16.8008925030556;6271
-5.62312833333333;48.72072;9.40530644783875;16.9676219848633;6284
-5.62227833333333;48.7217433333333;9.69999980926513;16.8008925030556;6296
-5.62078333333333;48.723555;9.69999980926513;16.8008925030556;6318
-5.61999333333333;48.7244983333333;9.69999980926513;16.8008925030556;6336
-5.61960333333333;48.7249733333333;9.69999980926513;16.8008925030556;6343
-5.61686;48.7282816666667;9.69999980926513;16.8008925030556;6377
-5.61459;48.7310283333333;11.3442549208002;15.6140273742055;6416
-5.6137;48.731935;11.3442549208002;15.6140273742055;6425
-5.61318666666667;48.7324483333333;11.3442549208002;15.6140273742055;6433
-5.61228;48.733345;11.6150294876861;15.4136647346022;6443
-5.61138333333333;48.7342366666667;11.8822660040728;15.2086069434052;6459
-5.61093333333333;48.7346816666667;11.8822660040728;15.2086069434052;6464
-5.61008166666667;48.7354833333333;11.8822660040728;15.2086069434052;6476
-5.60905;48.736425;12.1458830671285;14.9989164632042;6488
-5.60857;48.736855;12.1458830671285;14.9989164632042;6493
-5.608085;48.7372833333333;12.1458830671285;14.9989164632042;6498
-5.60761166666667;48.7377216666667;12.1458830671285;14.9989164632042;6503
-5.60719833333333;48.7380783333333;12.1458830671285;14.9989164632042;6510
-5.60663;48.7385833333333;12.1458830671285;14.9989164632042;6521
-5.60556166666667;48.7395116666667;12.1458830671285;14.9989164632042;6528
-5.60523666666667;48.739795;12.1458830671285;14.9989164632042;6533
-5.60465666666667;48.7402933333333;12.1458830671285;14.9989164632042;6541
-5.60368;48.7411533333333;12.1458830671285;14.9989164632042;6552
-5.60319833333333;48.7415833333333;12.4058003765422;14.7846571677507;6558
-5.60232833333333;48.7423816666667;12.9142201922198;14.3426945647392;6571
-5.600655;48.7437916666667;13.6471603374207;13.6471603374207;6588
-5.600305;48.7440666666667;13.6471603374207;13.6471603374207;6593
-5.59966166666667;48.74453;13.8832575977233;13.4069060198764;6603
-5.59912166666667;48.74493;13.8832575977233;13.4069060198764;6616
-5.597475;48.74611;14.1151258832714;13.1625678288828;6625
-5.596375;48.7468933333333;14.2683812161405;12.8473081525962;6636
-5.59581166666667;48.7472733333333;14.2683812161405;12.8473081525962;6646
-5.59477333333333;48.7479766666667;14.2683812161405;12.8473081525962;6662
-5.59352;48.74879;14.2683812161405;12.8473081525962;6668
-5.59294333333333;48.7491633333333;14.4904245160749;12.5963338571511;6673
-5.59236333333333;48.7495333333333;14.4904245160749;12.5963338571511;6678
-5.59122;48.7502716666667;14.4904245160749;12.5963338571511;6690
-5.59063166666667;48.7506383333333;14.4904245160749;12.5963338571511;6699
-5.59005;48.7510116666667;14.4904245160749;12.5963338571511;6705
-5.588985;48.7516966666667;14.7080538923299;12.3415225963896;6714
-5.58831666666667;48.7521366666667;14.9212030528892;12.0829519882902;6728
-5.58714;48.7528716666667;15.1298070704536;11.8207007959651;6734
-5.58652833333333;48.7532333333333;15.1298070704536;11.8207007959651;6747
-5.58468666666667;48.7542816666667;15.3338024022186;11.5548489036678;6756
-5.58335166666667;48.755015;15.3338024022186;11.5548489036678;6769
-5.58221666666667;48.7556666666667;15.3338024022186;11.5548489036678;6782
-5.58045666666667;48.7566466666667;15.53312690923;11.28547729246;6798
-5.57973;48.7570383333333;15.53312690923;11.28547729246;6804
-5.57909666666667;48.7573633333333;15.53312690923;11.28547729246;6810
-5.57847;48.7576983333333;15.53312690923;11.28547729246;6817
-5.57783166666667;48.75802;15.452224901177;11.2266985430085;6823
-5.5771;48.75841;15.53312690923;11.28547729246;6828
-5.57668;48.7586266666667;15.53312690923;11.28547729246;6834
-5.57594;48.759005;15.53312690923;11.28547729246;6840
-5.57521333333333;48.7593933333333;15.53312690923;11.28547729246;6847
-5.57467833333333;48.7596583333333;15.6458043584014;10.955310153107;6853
-5.57340833333333;48.760315;15.6458043584014;10.955310153107;6865
-5.57276833333333;48.76064;15.7277198753121;11.0126680155442;6870
-5.57213166666667;48.760965;15.7277198753121;11.0126680155442;6876
-5.57148833333333;48.7612833333333;15.53312690923;11.28547729246;6882
-5.57085666666667;48.7616133333333;15.452224901177;11.2266985430085;6887
-5.569585;48.762265;15.6458043584014;10.955310153107;6902
-5.56883833333333;48.7626383333333;15.6458043584014;10.955310153107;6908
-5.56841666666667;48.7628583333333;15.6458043584014;10.955310153107;6918
-5.56703333333333;48.7635633333333;15.7277198753121;11.0126680155442;6926
-5.56639;48.7638833333333;15.7277198753121;11.0126680155442;6934
-5.56511333333333;48.7645333333333;15.7277198753121;11.0126680155442;6944
-5.56394333333333;48.765125;15.6458043584014;10.955310153107;6954
-5.56245;48.7658833333333;15.6458043584014;10.955310153107;6966
-5.56202833333333;48.7661;15.6458043584014;10.955310153107;6974
-5.56138166666667;48.7664183333333;15.6458043584014;10.955310153107;6979
-5.560635;48.7667966666667;15.6458043584014;10.955310153107;6985
-5.55999333333333;48.7671183333333;15.6458043584014;10.955310153107;6990
-5.55870833333333;48.7677633333333;15.452224901177;11.2266985430085;7002
-5.558065;48.768085;15.6458043584014;10.955310153107;7007
-5.55753333333333;48.7683566666667;15.6458043584014;10.955310153107;7015
-5.556785;48.76873;15.6458043584014;10.955310153107;7024
-5.55561333333333;48.7693216666667;15.6458043584014;10.955310153107;7034
-5.55422;48.770025;15.6458043584014;10.955310153107;7048
-5.55293166666667;48.7706633333333;15.6458043584014;10.955310153107;7056
-5.55240833333333;48.7709366666667;15.53312690923;11.28547729246;7064
-5.550385;48.7719766666667;15.7277198753121;11.0126680155442;7082
-5.54857;48.7728866666667;15.7277198753121;11.0126680155442;7104
-5.54719;48.773585;15.53312690923;11.28547729246;7113
-5.54603;48.774185;15.7277198753121;11.0126680155442;7124
-5.54528833333333;48.77456;15.7277198753121;11.0126680155442;7131
-5.54476;48.7748316666667;15.7277198753121;11.0126680155442;7138
-5.54402333333333;48.775215;15.7277198753121;11.0126680155442;7144
-5.54285666666667;48.77581;15.7277198753121;11.0126680155442;7156
-5.54147;48.77651;15.53312690923;11.28547729246;7164
-5.53966666666667;48.7774383333333;15.7277198753121;11.0126680155442;7182
-5.53839333333333;48.7781;15.7277198753121;11.0126680155442;7193
-5.53764166666667;48.7784783333333;15.7277198753121;11.0126680155442;7206
-5.536465;48.7790766666667;15.7277198753121;11.0126680155442;7214
-5.53582;48.7794;15.7277198753121;11.0126680155442;7223
-5.53443333333333;48.78011;15.53312690923;11.28547729246;7235
-5.53326166666667;48.7807133333333;15.7277198753121;11.0126680155442;7241
-5.53251666666667;48.7810983333333;15.7277198753121;11.0126680155442;7247
-5.53198333333333;48.78137;15.7277198753121;11.0126680155442;7253
-5.53134833333333;48.7817016666667;15.7277198753121;11.0126680155442;7263
-5.529415;48.7826766666667;15.7277198753121;11.0126680155442;7285
-5.52739333333333;48.7837183333333;15.7277198753121;11.0126680155442;7298
-5.52611666666667;48.784375;15.7277198753121;11.0126680155442;7307
-5.52559;48.7846516666667;15.7277198753121;11.0126680155442;7313
-5.524945;48.784975;15.7277198753121;11.0126680155442;7326
-5.52367333333333;48.7856333333333;15.6140273742055;11.3442549208002;7334
-5.52304333333333;48.785965;15.6140273742055;11.3442549208002;7339
-5.521675;48.7866816666667;15.8096338298141;11.0700247839711;7355
-5.52105166666667;48.7870183333333;15.8096338298141;11.0700247839711;7360
-5.519785;48.787685;15.8096338298141;11.0700247839711;7367
-5.51925166666667;48.7879583333333;15.8096338298141;11.0700247839711;7374
-5.51861333333333;48.7882933333333;15.8096338298141;11.0700247839711;7379
-5.5167;48.7892933333333;15.8096338298141;11.0700247839711;7398
-5.51605166666667;48.7896133333333;15.8096338298141;11.0700247839711;7403
-5.515315;48.7900116666667;15.6949293822585;11.4030336702517;7409
-5.51477666666667;48.7902816666667;15.8096338298141;11.0700247839711;7415
-5.514145;48.7906183333333;15.8096338298141;11.0700247839711;7423
-5.513395;48.7910016666667;15.8096338298141;11.0700247839711;7429
-5.51286;48.791275;15.8096338298141;11.0700247839711;7436
-5.512225;48.7916133333333;15.8915493467247;11.1273826464082;7443
-5.51029333333333;48.7926;15.8915493467247;11.1273826464082;7457
-5.50965333333333;48.7929316666667;15.8915493467247;11.1273826464082;7465
-5.50836833333333;48.7935933333333;15.8096338298141;11.0700247839711;7476
-5.50774166666667;48.7939366666667;15.8915493467247;11.1273826464082;7485
-5.50698666666667;48.794315;15.8915493467247;11.1273826464082;7492
-5.50570833333333;48.7949816666667;15.8915493467247;11.1273826464082;7500
-5.50495833333333;48.7953683333333;15.8915493467247;11.1273826464082;7508
-5.50324333333333;48.796255;15.8915493467247;11.1273826464082;7523
-5.50387666666667;48.7959116666667;15.8915493467247;11.1273826464082;7529
-5.50248333333333;48.7966333333333;15.8915493467247;11.1273826464082;7534
-5.501315;48.7972483333333;15.8915493467247;11.1273826464082;7543
-5.50067166666667;48.797585;15.8915493467247;11.1273826464082;7548
-5.50003166666667;48.7979166666667;15.8915493467247;11.1273826464082;7554
-5.49928;48.7983016666667;15.8915493467247;11.1273826464082;7561
-5.49853;48.7986866666667;15.8915493467247;11.1273826464082;7567
-5.4981;48.7989083333333;15.8915493467247;11.1273826464082;7574
-5.49680833333333;48.7995666666667;15.8915493467247;11.1273826464082;7584
-5.49615666666667;48.7998916666667;15.8915493467247;11.1273826464082;7590
-5.4954;48.8002816666667;15.8915493467247;11.1273826464082;7598
-5.49356666666667;48.8012266666667;15.9734648636353;11.1847405088454;7614
-5.48956333333333;48.8032933333333;15.9734648636353;11.1847405088454;7649
-5.48836666666667;48.8039016666667;15.9734648636353;11.1847405088454;7665
-5.487605;48.8042816666667;15.9734648636353;11.1847405088454;7670
-5.48631333333333;48.8049466666667;15.8915493467247;11.1273826464082;7686
-5.48512833333333;48.8055583333333;15.9734648636353;11.1847405088454;7691
-5.48436666666667;48.8059433333333;15.8915493467247;11.1273826464082;7698
-5.48371333333333;48.806275;15.9734648636353;11.1847405088454;7704
-5.48306333333333;48.8066116666667;15.9734648636353;11.1847405088454;7716
-5.48240666666667;48.8069366666667;15.8915493467247;11.1273826464082;7726
-5.48056166666667;48.80787;15.9734648636353;11.1847405088454;7734
-5.47980833333333;48.8082616666667;15.9734648636353;11.1847405088454;7739
-5.47926333333333;48.8085316666667;15.9734648636353;11.1847405088454;7747
-5.47785166666667;48.8092483333333;15.9734648636353;11.1847405088454;7759
-5.47655166666667;48.809905;15.8915493467247;11.1273826464082;7771
-5.47589833333333;48.810235;15.9734648636353;11.1847405088454;7778
-5.47406333333333;48.81117;15.9734648636353;11.1847405088454;7794
-5.47329833333333;48.8115466666667;15.9734648636353;11.1847405088454;7802
-5.47200166666667;48.812205;15.9734648636353;11.1847405088454;7813
-5.470695;48.812865;15.9734648636353;11.1847405088454;7823
-5.469375;48.8135283333333;15.9734648636353;11.1847405088454;7837
-5.468825;48.813795;15.7758313903115;11.4618124197032;7845
-5.46817333333333;48.8141266666667;15.9734648636353;11.1847405088454;7854
-5.466765;48.8148466666667;15.9734648636353;11.1847405088454;7862
-5.464915;48.815775;15.9734648636353;11.1847405088454;7877
-5.46349166666667;48.816485;15.9734648636353;11.1847405088454;7891
-5.462835;48.816805;15.9734648636353;11.1847405088454;7898
-5.46218;48.8171366666667;15.9734648636353;11.1847405088454;7904
-5.46097666666667;48.8177366666667;15.9734648636353;11.1847405088454;7914
-5.46022;48.81813;15.9734648636353;11.1847405088454;7919
-5.459665;48.818395;15.9734648636353;11.1847405088454;7927
-5.45890333333333;48.81878;15.9734648636353;11.1847405088454;7934
-5.458355;48.8190483333333;15.9734648636353;11.1847405088454;7941
-5.45693166666667;48.819755;15.7758313903115;11.4618124197032;7951
-5.45627333333333;48.820075;15.9734648636353;11.1847405088454;7958
-5.45562666666667;48.8204116666667;15.9734648636353;11.1847405088454;7963
-5.45507666666667;48.8206766666667;15.9734648636353;11.1847405088454;7970
-5.45562666666667;48.8204116666667;15.9734648636353;11.1847405088454;7975
-5.45365833333333;48.821385;15.9734648636353;11.1847405088454;7982
-5.45310833333333;48.8216516666667;15.9734648636353;11.1847405088454;7989
-5.452345;48.82203;15.9734648636353;11.1847405088454;7996
-5.45102833333333;48.822675;15.9734648636353;11.1847405088454;8006
-5.44915833333333;48.8236;15.7758313903115;11.4618124197032;8022
-5.44849833333333;48.8239266666667;15.9734648636353;11.1847405088454;8027
-5.44784333333333;48.8242583333333;15.9734648636353;11.1847405088454;8034
-5.44707333333333;48.8246383333333;15.9734648636353;11.1847405088454;8039
-5.44576166666667;48.8252983333333;15.9734648636353;11.1847405088454;8052
-5.44455666666667;48.8258966666667;15.9734648636353;11.1847405088454;8068
-5.44256666666667;48.82686;15.9734648636353;11.1847405088454;8083
-5.440485;48.827895;15.9734648636353;11.1847405088454;8099
-5.439935;48.828165;15.9734648636353;11.1847405088454;8105
-5.43916333333333;48.82854;15.9734648636353;11.1847405088454;8116
-5.43795;48.829125;15.9734648636353;11.1847405088454;8125
-5.43652166666667;48.8298266666667;15.9734648636353;11.1847405088454;8136
-5.43575833333333;48.8302033333333;15.9734648636353;11.1847405088454;8142
-5.43454833333333;48.8307916666667;15.7758313903115;11.4618124197032;8154
-5.43257833333333;48.8317616666667;15.7758313903115;11.4618124197032;8175
-5.43059666666667;48.8327383333333;15.9734648636353;11.1847405088454;8192
-5.42916833333333;48.833435;15.9734648636353;11.1847405088454;8206
-5.428605;48.8337;15.9734648636353;11.1847405088454;8218
-5.42728333333333;48.8343483333333;15.9734648636353;11.1847405088454;8224
-5.425975;48.8349933333333;15.9734648636353;11.1847405088454;8235
-5.42475166666667;48.8355983333333;15.9734648636353;11.1847405088454;8249
-5.42333166666667;48.8362866666667;15.9734648636353;11.1847405088454;8256
-5.42255666666667;48.8366683333333;15.9734648636353;11.1847405088454;8268
-5.42077;48.8375166666667;15.9734648636353;11.1847405088454;8279
-5.41932166666667;48.8381866666667;15.9734648636353;11.1847405088454;8294
-5.417415;48.83906;15.9734648636353;11.1847405088454;8309
-5.41663333333333;48.83943;15.9734648636353;11.1847405088454;8316
-5.414055;48.8406233333333;15.9734648636353;11.1847405088454;8339
-5.41327833333333;48.8409866666667;15.8915493467247;11.1273826464082;8346
-5.412055;48.841565;15.8915493467247;11.1273826464082;8357
-5.41137166666667;48.841865;15.8915493467247;11.1273826464082;8363
-5.41071333333333;48.8421883333333;15.6949293822585;11.4030336702517;8374
-5.40915333333333;48.8429133333333;15.6949293822585;11.4030336702517;8384
-5.407935;48.8434833333333;15.6949293822585;11.4030336702517;8393
-5.407395;48.8437566666667;15.8915493467247;11.1273826464082;8399
-5.40660833333333;48.8441166666667;15.8915493467247;11.1273826464082;8407
-5.40528166666667;48.8447433333333;15.6949293822585;11.4030336702517;8417
-5.40077333333333;48.846905;15.8096338298141;11.0700247839711;8459
-5.39879;48.8478433333333;16.0833285913151;10.8483421140173;8480
-5.39813166666667;48.8481583333333;16.0833285913151;10.8483421140173;8488
-5.39667333333333;48.8488233333333;16.0833285913151;10.8483421140173;8500
-5.394085;48.8499816666667;16.2702086982138;10.5659970715282;8521
-5.39273833333333;48.850595;16.2702086982138;10.5659970715282;8535
-5.39138666666667;48.8512016666667;16.2702086982138;10.5659970715282;8546
-5.38991333333333;48.8518533333333;16.2702086982138;10.5659970715282;8558
-5.38922;48.8521433333333;16.2702086982138;10.5659970715282;8564
-5.38797666666667;48.8527033333333;16.2702086982138;10.5659970715282;8575
-5.38502333333333;48.854005;16.2702086982138;10.5659970715282;8598
-5.38296666666667;48.8549016666667;16.5369378750503;10.3334256525475;8616
-5.38113666666667;48.855705;16.5369378750503;10.3334256525475;8634
-5.38045;48.8560033333333;16.5369378750503;10.3334256525475;8639
-5.37966166666667;48.8563466666667;16.5369378750503;10.3334256525475;8647
-5.38045;48.8560033333333;16.5369378750503;10.3334256525475;8661
-5.37617833333333;48.8578616666667;16.5369378750503;10.3334256525475;8680
-5.37483166666667;48.85843;16.5369378750503;10.3334256525475;8689
-5.37426;48.85867;16.5369378750503;10.3334256525475;8694
-5.37356666666667;48.858975;16.5369378750503;10.3334256525475;8702
-5.37;48.8605283333333;16.5369378750503;10.3334256525475;8731
-5.36931666666667;48.8607966666667;16.5369378750503;10.3334256525475;8736
-5.368055;48.861335;16.5369378750503;10.3334256525475;8747
-5.36735666666667;48.8616266666667;16.5369378750503;10.3334256525475;8753
-5.366555;48.8619816666667;16.5369378750503;10.3334256525475;8762
-5.36515833333333;48.86259;16.5369378750503;10.3334256525475;8772
-5.36309833333333;48.8634733333333;16.5369378750503;10.3334256525475;8790
-5.36159666666667;48.8641133333333;16.5369378750503;10.3334256525475;8809
-5.36044666666667;48.8646083333333;16.5369378750503;10.3334256525475;8815
-5.35953166666667;48.8650116666667;16.5369378750503;10.3334256525475;8823
-5.35759;48.8658716666667;16.6217430081706;10.386417781119;8839
-5.356905;48.8661716666667;16.6217430081706;10.386417781119;8844
-5.35622166666667;48.866475;16.5369378750503;10.3334256525475;8850
-5.35552666666667;48.86677;16.6217430081706;10.386417781119;8858
-5.35472833333333;48.8671283333333;16.6217430081706;10.386417781119;8863
-5.35552666666667;48.86677;16.6217430081706;10.386417781119;8868
-5.35209166666667;48.8682866666667;16.6217430081706;10.386417781119;8890
-5.34866;48.8698016666667;16.6217430081706;10.386417781119;8916
-5.347395;48.8703516666667;16.6217430081706;10.386417781119;8927
-5.34659666666667;48.8707066666667;16.6217430081706;10.386417781119;8935
-5.34590833333333;48.8710083333333;16.4379434516577;10.6749252940578;8941
-5.34454333333333;48.8716216666667;16.6217430081706;10.386417781119;8958
-5.34191666666667;48.8727933333333;16.6217430081706;10.386417781119;8980
-5.33893166666667;48.8741033333333;16.6217430081706;10.386417781119;9000
-5.338355;48.8743533333333;16.6217430081706;10.386417781119;9006
-5.33767333333333;48.8746566666667;16.6217430081706;10.386417781119;9012
-5.3363;48.875265;16.6217430081706;10.386417781119;9024
-5.33367666666667;48.8764366666667;16.7065481412909;10.4394099096905;9047
-5.33207;48.8771383333333;16.7065481412909;10.4394099096905;9061
-5.33137333333333;48.87743;16.7065481412909;10.4394099096905;9066
-5.33080333333333;48.877685;16.7065481412909;10.4394099096905;9072
-5.330115;48.877985;16.7065481412909;10.4394099096905;9080
-5.32862166666667;48.878635;16.7065481412909;10.4394099096905;9090
-5.32723833333333;48.8792383333333;16.8861964777984;10.1462504686709;9103
-5.32457166666667;48.88038;16.7065481412909;10.4394099096905;9129
-5.32387833333333;48.8806816666667;16.7065481412909;10.4394099096905;9136
-5.321795;48.8815866666667;16.8861964777984;10.1462504686709;9150
-5.31970833333333;48.8824816666667;16.8861964777984;10.1462504686709;9174
-5.318195;48.8831166666667;16.8861964777984;10.1462504686709;9188
-5.31691333333333;48.8836583333333;16.8861964777984;10.1462504686709;9196
-5.314125;48.884845;16.8861964777984;10.1462504686709;9218
-5.31330833333333;48.8851883333333;16.9719118999351;10.1977534902762;9223
-5.31272333333333;48.8854316666667;16.9719118999351;10.1977534902762;9229
-5.31051333333333;48.886375;16.9719118999351;10.1977534902762;9246
-5.308535;48.8872216666667;16.9719118999351;10.1977534902762;9267
-5.30714166666667;48.88783;16.9719118999351;10.1977534902762;9275
-5.30632166666667;48.8881716666667;16.9719118999351;10.1977534902762;9284
-5.30574833333333;48.8884316666667;16.9719118999351;10.1977534902762;9289
-5.30504;48.8887216666667;16.9719118999351;10.1977534902762;9296
-5.30422833333333;48.8890783333333;16.9719118999351;10.1977534902762;9303
-5.30294;48.889625;16.9719118999351;10.1977534902762;9315
-5.30223666666667;48.88992;16.9719118999351;10.1977534902762;9320
-5.30153666666667;48.890225;16.9719118999351;10.1977534902762;9327
-5.30084;48.8905266666667;16.9719118999351;10.1977534902762;9333
-5.29955833333333;48.8910816666667;16.9719118999351;10.1977534902762;9341
-5.29874;48.89143;16.9719118999351;10.1977534902762;9354
-5.29524;48.89293;16.9719118999351;10.1977534902762;9377
-5.29384666666667;48.8935383333333;16.9719118999351;10.1977534902762;9394
-5.29257166666667;48.8941;16.9719118999351;10.1977534902762;9403
-5.29174833333333;48.8944466666667;16.9719118999351;10.1977534902762;9410
-5.29094;48.8948083333333;16.9719118999351;10.1977534902762;9416
-5.289765;48.8953083333333;16.9719118999351;10.1977534902762;9428
-5.28755166666667;48.8962733333333;16.9719118999351;10.1977534902762;9445
-5.28683666666667;48.8965666666667;16.9719118999351;10.1977534902762;9453
-5.283255;48.89814;16.9719118999351;10.1977534902762;9485
-5.281275;48.898995;16.9719118999351;10.1977534902762;9504
-5.27917833333333;48.8999066666667;16.9719118999351;10.1977534902762;9518
-5.27777333333333;48.9005;16.9719118999351;10.1977534902762;9529
-5.27636666666667;48.901095;16.9719118999351;10.1977534902762;9541
-5.27357333333333;48.902295;16.9719118999351;10.1977534902762;9566
-5.27287333333333;48.902595;16.9719118999351;10.1977534902762;9571
-5.27229833333333;48.9028533333333;16.8861964777984;10.1462504686709;9577
-5.27078833333333;48.903505;17.1473023342069;9.89999961853028;9589
-5.26797166666667;48.9046733333333;17.0607011152784;9.85000038146973;9614
-5.26586;48.905545;17.0607011152784;9.85000038146973;9631
-5.26457833333333;48.9060816666667;17.0607011152784;9.85000038146973;9646
-5.26175333333333;48.907235;17.230008897928;9.55074988873323;9666
-5.26021166666667;48.9078466666667;17.0607011152784;9.85000038146973;9679
-5.25950666666667;48.908135;17.0607011152784;9.85000038146973;9685
-5.2575;48.9089416666667;17.230008897928;9.55074988873323;9705
-5.25596833333333;48.909565;17.230008897928;9.55074988873323;9715
-5.25466833333333;48.91009;17.230008897928;9.55074988873323;9727
-5.25324166666667;48.910655;17.230008897928;9.55074988873323;9740
-5.252405;48.9109883333333;17.230008897928;9.55074988873323;9745
-5.25158333333333;48.9113066666667;17.230008897928;9.55074988873323;9750
-5.25111833333333;48.911495;17.1425465935731;9.5022687417684;9759
-5.25028666666667;48.91182;17.1425465935731;9.5022687417684;9764
-5.24957666666667;48.9121083333333;17.1425465935731;9.5022687417684;9769
-5.24815333333333;48.9126716666667;17.1425465935731;9.5022687417684;9785
-5.24460666666667;48.9140716666667;17.230008897928;9.55074988873323;9810
-5.24401333333333;48.914305;17.230008897928;9.55074988873323;9815
-5.24045333333333;48.91569;17.3940682529564;9.24859014506043;9848
-5.23961166666667;48.916005;17.3940682529564;9.24859014506043;9854
-5.23829;48.9165016666667;17.230008897928;9.55074988873323;9864
-5.23529;48.9176416666667;17.3940682529564;9.24859014506043;9889
-5.23397166666667;48.91814;17.3940682529564;9.24859014506043;9906
-5.23241;48.91872;17.3940682529564;9.24859014506043;9912
-5.23012333333333;48.919575;17.3940682529564;9.24859014506043;9932
-5.22964;48.919755;17.3940682529564;9.24859014506043;9938
-5.22808;48.92035;17.3940682529564;9.24859014506043;9950
-5.22736166666667;48.9206233333333;17.3940682529564;9.24859014506043;9956
-5.22459666666667;48.921665;17.3940682529564;9.24859014506043;9979
-5.22315333333333;48.9222033333333;17.3940682529564;9.24859014506043;9990
-5.222435;48.922475;17.3940682529564;9.24859014506043;9995
-5.221715;48.922745;17.3940682529564;9.24859014506043;10001
-5.22088;48.923065;17.3057731568527;9.20164280969265;10010
-5.21884333333333;48.9238366666667;17.3057731568527;9.20164280969265;10025
-5.21812;48.9241;17.3057731568527;9.20164280969265;10031
-5.21596333333333;48.9249033333333;17.3057731568527;9.20164280969265;10050
-5.21525166666667;48.925175;17.3057731568527;9.20164280969265;10056
-5.21453666666667;48.92544;17.3057731568527;9.20164280969265;10064
-5.21370666666667;48.9257616666667;17.3057731568527;9.20164280969265;10069
-5.21168833333333;48.9265266666667;17.2174780607491;9.15469547432487;10089
-5.21025;48.9270533333333;17.3057731568527;9.20164280969265;10099
-5.20940833333333;48.9273666666667;17.3057731568527;9.20164280969265;10105
-5.20880166666667;48.9275833333333;17.3057731568527;9.20164280969265;10110
-5.207965;48.9279016666667;17.3057731568527;9.20164280969265;10118
-5.206525;48.9284416666667;17.3057731568527;9.20164280969265;10129
-5.20580333333333;48.9287066666667;17.3057731568527;9.20164280969265;10134
-5.205205;48.92893;17.2174780607491;9.15469547432487;10142
-5.20304833333333;48.9297383333333;17.3057731568527;9.20164280969265;10158
-5.20219666666667;48.93004;17.3057731568527;9.20164280969265;10165
-5.2016;48.9302716666667;17.3057731568527;9.20164280969265;10171
-5.20075666666667;48.9305766666667;17.3057731568527;9.20164280969265;10178
-5.19932;48.9311183333333;17.3057731568527;9.20164280969265;10188
-5.19788166666667;48.93166;17.3057731568527;9.20164280969265;10207
-5.19656166666667;48.9321533333333;17.3057731568527;9.20164280969265;10214
-5.19499666666667;48.93273;17.3057731568527;9.20164280969265;10225
-5.19439666666667;48.9329533333333;17.3057731568527;9.20164280969265;10237
-5.19295333333333;48.93349;17.3057731568527;9.20164280969265;10243
-5.18852;48.9351566666667;17.3940682529564;9.24859014506043;10280
-5.18718333333333;48.93564;17.3940682529564;9.24859014506043;10292
-5.18562333333333;48.9362216666667;17.3940682529564;9.24859014506043;10304
-5.18490166666667;48.9364916666667;17.3940682529564;9.24859014506043;10309
-5.18418333333333;48.93677;17.3940682529564;9.24859014506043;10320
-5.18346;48.9370366666667;17.3940682529564;9.24859014506043;10327
-5.18214166666667;48.9375416666667;17.3940682529564;9.24859014506043;10332
-5.18140166666667;48.9378116666667;17.3940682529564;9.24859014506043;10337
-5.18214166666667;48.9375416666667;17.3940682529564;9.24859014506043;10344
-5.17976166666667;48.9384033333333;17.3940682529564;9.24859014506043;10350
-5.17913833333333;48.938635;17.3940682529564;9.24859014506043;10356
-5.17763833333333;48.9392166666667;17.3940682529564;9.24859014506043;10367
-5.17692333333333;48.9394816666667;17.3940682529564;9.24859014506043;10375
-5.17044833333333;48.9419383333333;17.4823616649712;9.29553658498226;10429
-5.10595666666667;48.9661483333333;17.7472469532822;9.43637859108559;10958
-5.09789166666667;48.9691166666667;17.7472469532822;9.43637859108559;11025
-5.08663666666667;48.9732583333333;17.8355420493859;9.48332592645337;11113
-5.06650166666667;48.980615;17.8355420493859;9.48332592645337;11274
-5.06575666666667;48.9808883333333;17.8355420493859;9.48332592645337;11282
-5.06125333333333;48.98252;17.8355420493859;9.48332592645337;11317
-5.06050833333333;48.9828016666667;17.8355420493859;9.48332592645337;11323
-5.059135;48.9833066666667;17.8355420493859;9.48332592645337;11335
-5.05739;48.9839283333333;17.8355420493859;9.48332592645337;11352
-5.05676666666667;48.9841583333333;17.8355420493859;9.48332592645337;11366
-5.05378333333333;48.9852633333333;17.8355420493859;9.48332592645337;11378
-5.052415;48.9857766666667;17.8355420493859;9.48332592645337;11387
-5.050795;48.986365;17.8355420493859;9.48332592645337;11402
-5.04867333333333;48.9871316666667;17.6673187514977;9.7931546988564;11425
-5.044215;48.9887766666667;17.8355420493859;9.48332592645337;11454
-5.03886;48.9907366666667;17.8355420493859;9.48332592645337;11496
-5.03374833333333;48.9926;17.6673187514977;9.7931546988564;11540
-5.03138666666667;48.9934666666667;17.8355420493859;9.48332592645337;11556
-5.029145;48.9942866666667;17.8355420493859;9.48332592645337;11574
-5.02776166666667;48.9947683333333;17.8355420493859;9.48332592645337;11588
-5.02626;48.9953033333333;17.6673187514977;9.7931546988564;11601
-5.02476;48.9958516666667;17.8355420493859;9.48332592645337;11609
-5.02027666666667;48.9975083333333;17.6673187514977;9.7931546988564;11646
-5.01864333333333;48.9981033333333;17.8355420493859;9.48332592645337;11659
-5.017235;48.998585;17.8355420493859;9.48332592645337;11672
-5.01485666666667;48.999445;17.8355420493859;9.48332592645337;11689
-5.01409333333333;48.9997033333333;17.8355420493859;9.48332592645337;11697
-5.01185;49.000515;17.8355420493859;9.48332592645337;11713
-5.01111833333333;49.000795;17.8355420493859;9.48332592645337;11720
-5.01038666666667;49.0010716666667;17.8355420493859;9.48332592645337;11725
-5.00958833333333;49.0013183333333;17.8355420493859;9.48332592645337;11730
-5.00896166666667;49.0015416666667;17.8355420493859;9.48332592645337;11736
-5.00362;49.003465;17.8355420493859;9.48332592645337;11786
-5.00211666666667;49.0039983333333;17.8355420493859;9.48332592645337;11798
-4.99612;49.0061716666667;17.8355420493859;9.48332592645337;11839
-4.99073666666667;49.00811;17.6673187514977;9.7931546988564;11882
-4.98923666666667;49.0086466666667;17.8355420493859;9.48332592645337;11895
-4.986365;49.009685;17.8355420493859;9.48332592645337;11917
-4.98560833333333;49.0099533333333;17.8355420493859;9.48332592645337;11928
-4.97808166666667;49.0126133333333;17.8355420493859;9.48332592645337;11982
-4.964555;49.0174716666667;17.8355420493859;9.48332592645337;12090
-4.96168166666667;49.0185283333333;17.8355420493859;9.48332592645337;12113
-4.898675;49.0408833333333;17.3205080756888;10;12619
-4.87982666666667;49.0481333333333;17.3205080756888;10;12776
-4.87546833333333;49.0498166666667;17.1433460140422;10.3007614982011;12814
-4.87450166666667;49.0501933333333;17.3205080756888;10;12819
-4.87329;49.0506616666667;17.3205080756888;10;12829
-4.84232666666667;49.0626366666667;17.2290630710958;10.3522655021635;13080
-4.83513;49.06543;17.2290630710958;10.3522655021635;13140
-4.83293;49.0663083333333;17.4071109464297;10.0500001907349;13159
-4.82274166666667;49.0702466666667;17.4937138171706;10.1000003814697;13243
-4.82197333333333;49.0705233333333;17.4937138171706;10.1000003814697;13249
-4.81963333333333;49.0714166666667;17.3147801281494;10.403769506126;13267
-4.818905;49.0717;17.3147801281494;10.403769506126;13274
-4.80933;49.0754516666667;17.5803150360992;10.1499996185303;13350
-4.80797833333333;49.075985;17.5803150360992;10.1499996185303;13364
-4.80562666666667;49.07689;17.4862126073397;10.5067765316937;13382
-4.80415;49.0774633333333;17.4004955502861;10.4552725277312;13394
-4.80058;49.078865;17.6669179068401;10.1999998092651;13423
-4.78711;49.08411;17.6669179068401;10.1999998092651;13530
-4.78648666666667;49.0843516666667;17.6669179068401;10.1999998092651;13537
-4.78202;49.0860233333333;17.6669179068401;10.1999998092651;13574
-4.76101333333333;49.0940033333333;17.3147801281494;10.403769506126;13742
-4.75965;49.0945266666667;17.3147801281494;10.403769506126;13762
-4.75667333333333;49.0956516666667;17.4937138171706;10.1000003814697;13777
-4.64154333333333;49.1392466666667;16.4544826719043;9.5;14737
-4.64071333333333;49.13956;16.4544826719043;9.5;14744
-4.64012333333333;49.139775;16.4544826719043;9.5;14751
-4.63873333333333;49.1403033333333;16.4544826719043;9.5;14760
-4.64154333333333;49.1392466666667;16.4544826719043;9.5;14765
-4.63873333333333;49.1403033333333;16.4544826719043;9.5;14779
-4.63539;49.1415883333333;16.4544826719043;9.5;14789
-4.63457833333333;49.141895;16.4544826719043;9.5;14798
-4.63539;49.1415883333333;16.4544826719043;9.5;14805
-4.63457833333333;49.141895;16.4544826719043;9.5;14811
-4.59641333333333;49.1563766666667;16.2812769304225;9.39999961853028;15129
-4.59558333333333;49.1566816666667;16.114744599233;9.68271541536616;15140
-4.59432666666667;49.157165;16.114744599233;9.68271541536616;15146
-4.592365;49.1579166666667;16.2812769304225;9.39999961853028;15164
-4.505215;49.1903883333333;16.2812769304225;9.39999961853028;15920
-4.450575;49.2099166666667;16.2004616562865;9.73421941932859;16386
-3.92777333333333;49.4114583333333;15.5859057315293;10.5128261586197;20920
