"x";"y";"vx";"vy";"t"
-10.4755833333333;46.1554216666667;-0.894944871718932;17.0765654252501;0
-10.4763416666667;46.1812716666667;-0.603761266327061;17.2894605449557;317
-10.476965;46.2051016666667;-0.915879234251527;17.476016858205;614
-10.4772833333333;46.22105;-0.905412003073772;17.2762901893603;813
-10.477565;46.2354733333333;-0.900178487307809;17.1764287596725;997
-10.477845;46.2497683333333;-0.900178487307809;17.1764287596725;1169
-10.4785916666667;46.2854083333333;-0.910645618662649;17.3761535237826;1612
-10.4791183333333;46.297515;-0.915879234251527;17.476016858205;1763
-10.4798983333333;46.3101483333333;-0.607251229310413;17.3894000088949;1920
-10.4805483333333;46.3213116666667;-0.915879234251527;17.476016858205;2061
-10.48109;46.3314883333333;-0.607251229310413;17.3894000088949;2185
-10.4816216666667;46.3411933333333;-0.915879234251527;17.476016858205;2306
-10.4830183333333;46.3649833333333;-0.915879234251527;17.476016858205;2607
-10.4854133333333;46.396545;-0.610741192293764;17.4893394728342;2989
-10.48622;46.4086133333333;-0.603761266327061;17.2894605449557;3139
-10.4884666666667;46.4377316666667;-0.905412003073772;17.2762901893603;3501
-10.489245;46.4473816666667;-0.600271369909217;17.1895229872031;3623
-10.4931083333333;46.5070116666667;-0.596781406925866;17.0895835232639;4373
-10.4944116666667;46.5268433333333;-0.596781406925866;17.0895835232639;4627
-10.4957533333333;46.546335;-0.596781406925866;17.0895835232639;4872
-10.4976616666667;46.5757066666667;-0.596781406925866;17.0895835232639;5244
-10.4992266666667;46.595005;-0.874010509186337;16.6771139922953;5489
-10.5000483333333;46.603845;-0.586311517975811;16.7897651314461;5610
-10.5057683333333;46.6713333333333;-0.900178487307809;17.1764287596725;6468
-10.5074233333333;46.6908733333333;-0.600271369909217;17.1895229872031;6709
-10.5130816666667;46.7642916666667;-0.617721118260467;17.6892184007127;7634
-10.51393;46.80777;-0.301926618049892;17.2973643633823;8171
-10.5141366666667;46.8183783333333;-0.305417112652478;17.4973346652368;8294
-10.515285;46.8706016666667;-0.303671865351185;17.3973495143096;8947
-10.5156083333333;46.8803016666667;-0.303671865351185;17.3973495143096;9061
-10.5159216666667;46.89055;-0.301926618049892;17.2973643633823;9184
-10.5165466666667;46.9337283333333;-0.296690909433836;16.9974108176587;9744
-10.5164816666667;46.9726466666667;-0.298436156735129;17.0973959685859;10232
-10.516345;46.9932416666667;-0.298436156735129;17.0973959685859;10484
-10.5200333333333;47.1780116666667;-0.894944871718932;17.0765654252501;12804
-10.5207166666667;47.1875383333333;-0.600271369909217;17.1895229872031;12928
-10.5220866666667;47.20716;-0.900178487307809;17.1764287596725;13171
-10.5228083333333;47.2166733333333;-0.600271369909217;17.1895229872031;13293
-10.5267883333333;47.268915;-0.915879234251527;17.476016858205;13940
-10.5302366666667;47.3189466666667;-0.621211014678312;17.7891559584652;14562
-10.5312583333333;47.3396466666667;-0.617721118260467;17.6892184007127;14808
-10.5326466666667;47.38018;-0.307162359953771;17.5973198161641;15307
-10.5354616666667;47.4605033333333;-0.305417112652478;17.4973346652368;16278
-10.5358883333333;47.4702316666667;-0.305417112652478;17.4973346652368;16397
-10.542175;47.6013866666667;-0.607251229310413;17.3894000088949;18032
-10.542825;47.6111233333333;-0.305417112652478;17.4973346652368;18150
-10.5474433333333;47.6714316666667;-0.607251229310413;17.3894000088949;18892
-10.5482333333333;47.6805433333333;-0.305417112652478;17.4973346652368;19013
-10.5505016666667;47.710745;-0.303671865351185;17.3973495143096;19385
-10.557085;47.8397366666667;-0.308907607255064;17.6973049670914;20965
-10.5583416666667;47.854415;-0.308907607255064;17.6973049670914;21146
-10.5683966666667;47.9760683333333;0.31239806856981;17.8972733618878;22614
-10.57002;47.99607;0.314143315871103;17.997258512815;22858
-10.57444;48.06523;0.308907607255048;17.6973049670914;23698
-10.5730516666667;48.150635;0.931579981195234;17.7756049567375;24751
-10.5728916666667;48.160515;0.310652821268517;17.7972882109605;24884
-10.5725233333333;48.18265;0.614231155277118;17.5892789367734;25135
-10.572205;48.1924833333333;0.308907607255048;17.6973049670914;25257
-10.576605;48.4472266666667;-0.942047212372999;17.9753316255823;28341
-10.5826566666667;48.519645;-0.617721118260467;17.6892184007127;29219
