"x";"y";"vx";"vy";"t"
-5.700775;48.69298;5.08722513878692;-8.14126204660636;0
-5.70054333333333;48.6927616666667;4.94436571560796;-8.22880641372365;7
-5.59542;48.61517;7.28281943142209;-6.55748006994335;2575
-5.58108;48.6060583333333;7.50723568867737;-6.29931869753009;2869
-5.57910666666667;48.6047733333333;7.47162455630658;-6.49498413673937;2907
-5.578115;48.604125;7.19339800338651;-6.94658370458997;2926
-5.57376;48.6012316666667;7.28281943142209;-6.55748006994335;3014
-5.572795;48.600585;7.47162455630658;-6.49498413673937;3035
-5.57182666666667;48.59993;7.24040136704049;-6.75178350445701;3055
-5.5698;48.5985433333333;7.35713348873895;-6.62439274769963;3096
-5.56936333333333;48.5982433333333;7.54709580222772;-6.56059028990508;3107
-5.56892333333333;48.5979433333333;7.54709580222772;-6.56059028990508;3115
-5.568435;48.5976133333333;7.43144825477394;-6.69130606358858;3125
-5.56740666666667;48.5969183333333;7.19339800338651;-6.94658370458997;3147
-5.568435;48.5976133333333;7.43144825477394;-6.69130606358858;3154
-5.56590166666667;48.5958916666667;7.54709580222772;-6.56059028990508;3177
-5.56503166666667;48.5953033333333;7.54709580222772;-6.56059028990508;3196
-5.5645;48.59494;7.31353701619171;-6.81998360062498;3206
-5.563535;48.5942683333333;7.43144825477394;-6.69130606358858;3226
-5.56256833333333;48.5935933333333;7.54709580222772;-6.56059028990508;3245
-5.561075;48.5925516666667;7.43144825477394;-6.69130606358858;3276
-5.56064333333333;48.59225;7.43144825477394;-6.69130606358858;3287
-5.560115;48.5918816666667;7.54709580222772;-6.56059028990508;3298
-5.55968166666667;48.5915783333333;7.54709580222772;-6.56059028990508;3305
-5.55779166666667;48.5902783333333;7.66044443118978;-6.42787609686539;3346
-5.55632166666667;48.5892866666667;7.54709580222772;-6.56059028990508;3377
-5.55578333333333;48.588925;7.35713348873895;-6.62439274769963;3387
-5.55524166666667;48.5885666666667;7.54709580222772;-6.56059028990508;3397
-5.55425833333333;48.5879183333333;7.43144825477394;-6.69130606358858;3417
-5.55336833333333;48.587335;7.43144825477394;-6.69130606358858;3435
-5.55229;48.5866183333333;7.35713348873895;-6.62439274769963;3457
-5.55091833333333;48.5856983333333;7.43144825477394;-6.69130606358858;3486
-5.549365;48.5846383333333;7.43144825477394;-6.69130606358858;3517
-5.54800666666667;48.5836966666667;7.50576302080893;-6.75821937947754;3545
-5.54645833333333;48.5826333333333;7.66044443118978;-6.42787609686539;3576
-5.54607333333333;48.5823683333333;7.54709580222772;-6.56059028990508;3588
-5.54509833333333;48.5817066666667;7.43144825477394;-6.69130606358858;3606
-5.54461;48.581375;7.54709580222772;-6.56059028990508;3614
-5.54354166666667;48.5806416666667;7.43144825477394;-6.69130606358858;3642
-5.54168666666667;48.5793633333333;7.31353701619171;-6.81998360062498;3675
-5.54060666666667;48.578635;7.43144825477394;-6.69130606358858;3697
-5.539675;48.5780116666667;7.43144825477394;-6.69130606358858;3716
-5.53923666666667;48.5777166666667;7.43144825477394;-6.69130606358858;3726
-5.53874666666667;48.5773883333333;7.43144825477394;-6.69130606358858;3737
-5.538165;48.5769933333333;7.47162455630658;-6.49498413673937;3747
-5.53767833333333;48.576665;7.12146374894629;-6.87711760255293;3757
-5.537245;48.576365;7.35713348873895;-6.62439274769963;3767
-5.53676166666667;48.5760366666667;7.35713348873895;-6.62439274769963;3778
-5.53632333333333;48.57574;7.47162455630658;-6.49498413673937;3787
-5.53583833333333;48.5754083333333;7.43144825477394;-6.69130606358858;3796
-5.53526166666667;48.5750066666667;7.54709580222772;-6.56059028990508;3806
-5.53477833333333;48.5746716666667;7.54709580222772;-6.56059028990508;3820
-5.53342833333333;48.5737283333333;7.54709580222772;-6.56059028990508;3848
-5.532945;48.5733933333333;7.43144825477394;-6.69130606358858;3856
-5.53188166666667;48.5726583333333;7.58383969465512;-6.36359709069273;3876
-5.53091666666667;48.5719983333333;7.47162455630658;-6.49498413673937;3896
-5.53048666666667;48.5717;7.24040136704049;-6.75178350445701;3905
-5.52949166666667;48.5710016666667;7.35713348873895;-6.62439274769963;3927
-5.52665;48.5689766666667;7.47162455630658;-6.49498413673937;3987
-5.52617333333333;48.5686383333333;7.54709580222772;-6.56059028990508;3997
-5.52579166666667;48.5683683333333;7.54709580222772;-6.56059028990508;4004
-5.52521833333333;48.5679633333333;7.54709580222772;-6.56059028990508;4017
-5.52478666666667;48.5676616666667;7.35713348873895;-6.62439274769963;4028
-5.522925;48.56636;7.35713348873895;-6.62439274769963;4065
-5.522355;48.5659566666667;7.24040136704049;-6.75178350445701;4077
-5.52150833333333;48.5653516666667;7.35713348873895;-6.62439274769963;4097
-5.52094166666667;48.5649483333333;7.47162455630658;-6.49498413673937;4107
-5.51954333333333;48.5639316666667;7.24040136704049;-6.75178350445701;4136
-5.51912666666667;48.563625;7.58383969465512;-6.36359709069273;4147
-5.51871;48.56332;7.47162455630658;-6.49498413673937;4156
-5.5182;48.5629433333333;7.24040136704049;-6.75178350445701;4171
-5.517735;48.5626033333333;7.12146374894629;-6.87711760255293;4181
-5.51685166666667;48.5619583333333;7.35713348873895;-6.62439274769963;4196
-5.51592166666667;48.5612833333333;7.39615403013259;-6.4293786092403;4215
-5.51493666666667;48.5605833333333;7.16726641536252;-6.68358405869335;4237
-5.51310333333333;48.5592766666667;7.43144825477394;-6.69130606358858;4277
-5.51258333333333;48.558905;7.54709580222772;-6.56059028990508;4294
-5.51210833333333;48.5585683333333;7.54709580222772;-6.56059028990508;4301
-5.51068666666667;48.557555;7.66044443118978;-6.42787609686539;4327
-5.50973666666667;48.556885;7.47162455630658;-6.49498413673937;4346
-5.50883666666667;48.5562483333333;7.47162455630658;-6.49498413673937;4366
-5.508365;48.5559116666667;7.58383969465512;-6.36359709069273;4375
-5.506445;48.5545366666667;7.50723568867737;-6.29931869753009;4417
-5.50602833333333;48.5542333333333;7.35713348873895;-6.62439274769963;4424
-5.50552166666667;48.55386;7.58383969465512;-6.36359709069273;4438
-5.50505333333333;48.5535233333333;7.31353701619171;-6.81998360062498;4447
-5.50367333333333;48.55249;7.58383969465512;-6.36359709069273;4477
-5.50325666666667;48.5521816666667;7.47162455630658;-6.49498413673937;4484
-5.50274666666667;48.55181;7.47162455630658;-6.49498413673937;4500
-5.50228666666667;48.5514716666667;7.35713348873895;-6.62439274769963;4507
-5.50187333333333;48.5511633333333;7.28281943142209;-6.55748006994335;4516
-5.50137333333333;48.5507866666667;7.16726641536252;-6.68358405869335;4529
-5.50092;48.550445;7.39615403013259;-6.4293786092403;4537
-5.500015;48.5497633333333;7.04953018052196;-6.80765216299374;4557
-5.4991;48.54908;7.69374472196636;-6.23027163132671;4576
-5.49775666666667;48.5480916666667;7.35713348873895;-6.62439274769963;4604
-5.497245;48.54772;7.35713348873895;-6.62439274769963;4617
-5.49539166666667;48.5463516666667;7.66044443118978;-6.42787609686539;4656
-5.49493;48.5460116666667;7.35713348873895;-6.62439274769963;4667
-5.49447333333333;48.5456683333333;7.58383969465512;-6.36359709069273;4677
-5.49354666666667;48.5449866666667;7.35713348873895;-6.62439274769963;4697
-5.49313;48.54468;7.58383969465512;-6.36359709069273;4704
-5.492615;48.5443083333333;7.47162455630658;-6.49498413673937;4718
-5.49168166666667;48.543625;7.88010753606722;-6.15661475325658;4736
-5.49126;48.5433183333333;7.88010753606722;-6.15661475325658;4747
-5.49028;48.5426666666667;7.98635510047293;-6.01815023152048;4764
-5.489735;48.542315;7.98635510047293;-6.01815023152048;4775
-5.48773666666667;48.54105;7.69374472196636;-6.23027163132671;4817
-5.48679666666667;48.540445;7.69374472196636;-6.23027163132671;4834
-5.48625333333333;48.5400933333333;7.69374472196636;-6.23027163132671;4856
-5.485315;48.539485;7.92836669918223;-5.76029558457738;4864
-5.48477333333333;48.5391366666667;7.8266281507911;-5.89778734167718;4877
-5.48384666666667;48.5385316666667;7.722505535647;-6.03348257561956;4897
-5.482815;48.5378616666667;7.90649124481293;-5.95796849963107;4917
-5.482375;48.5375733333333;7.8013061601043;-6.0950483708678;4925
-5.48183333333333;48.53722;7.69374472196636;-6.23027163132671;4936
-5.48041;48.5362866666667;8.00926793569649;-5.8190737734732;4965
-5.47987166666667;48.5359383333333;7.8266281507911;-5.89778734167718;4977
-5.47943;48.535655;7.722505535647;-6.03348257561956;4984
-5.478445;48.5350233333333;7.50723568867737;-6.29931869753009;5005
-5.47795166666667;48.5347066666667;7.722505535647;-6.03348257561956;5014
-5.47692;48.534035;7.8013061601043;-6.0950483708678;5037
-5.47592833333333;48.5333933333333;7.90649124481293;-5.95796849963107;5056
-5.47548;48.5331083333333;7.90649124481293;-5.95796849963107;5065
-5.474985;48.53279;7.8013061601043;-6.0950483708678;5077
-5.47449333333333;48.5324716666667;8.00926793569649;-5.8190737734732;5088
-5.47394833333333;48.5321233333333;7.69374472196636;-6.23027163132671;5097
-5.473455;48.5318;7.69374472196636;-6.23027163132671;5107
-5.47203;48.5308683333333;7.8013061601043;-6.0950483708678;5134
-5.47153666666667;48.53055;8.02769019027298;-5.62104918564127;5145
-5.47104166666667;48.5302316666667;7.8013061601043;-6.0950483708678;5157
-5.47050166666667;48.5298783333333;8.00926793569649;-5.8190737734732;5167
-5.46957;48.5292733333333;7.8266281507911;-5.89778734167718;5185
-5.469075;48.5289583333333;7.722505535647;-6.03348257561956;5195
-5.46858333333333;48.5286416666667;7.50723568867737;-6.29931869753009;5208
-5.46809333333333;48.528325;7.61603057050714;-6.16733995232174;5217
-5.46755166666667;48.5279783333333;7.8266281507911;-5.89778734167718;5227
-5.46705333333333;48.5276633333333;7.8266281507911;-5.89778734167718;5236
-5.46611833333333;48.5270583333333;8.00926793569649;-5.8190737734732;5256
-5.465625;48.5267416666667;7.90649124481293;-5.95796849963107;5265
-5.464575;48.5260816666667;7.8013061601043;-6.0950483708678;5286
-5.464075;48.525765;7.8013061601043;-6.0950483708678;5298
-5.46362666666667;48.52548;7.8013061601043;-6.0950483708678;5305
-5.464075;48.525765;7.8013061601043;-6.0950483708678;5310
-5.46312833333333;48.5251616666667;7.8266281507911;-5.89778734167718;5317
-5.46263166666667;48.5248466666667;7.69374472196636;-6.23027163132671;5325
-5.46213333333333;48.5245333333333;8.00926793569649;-5.8190737734732;5335
-5.46158333333333;48.5241883333333;7.8013061601043;-6.0950483708678;5353
-5.46108333333333;48.5238733333333;8.00926793569649;-5.8190737734732;5359
-5.46063333333333;48.5235933333333;7.8013061601043;-6.0950483708678;5365
-5.46013166666667;48.5232816666667;7.8013061601043;-6.0950483708678;5377
-5.45963333333333;48.522965;7.90649124481293;-5.95796849963107;5386
-5.45913166666667;48.52265;7.8266281507911;-5.89778734167718;5395
-5.45807833333333;48.5219966666667;7.8013061601043;-6.0950483708678;5417
-5.45762833333333;48.5217133333333;7.722505535647;-6.03348257561956;5425
-5.45713;48.5214033333333;7.722505535647;-6.03348257561956;5437
-5.45612666666667;48.5207833333333;7.90649124481293;-5.95796849963107;5455
-5.45507833333333;48.520125;7.722505535647;-6.03348257561956;5481
-5.45462833333333;48.5198433333333;7.8013061601043;-6.0950483708678;5494
-5.45313;48.5189016666667;8.10960492597932;-5.67840650107331;5515
-5.45207666666667;48.5182466666667;7.8013061601043;-6.0950483708678;5535
-5.45142833333333;48.517835;8.57365116710347;-4.94999980926513;5549
-5.45127833333333;48.51774;8.7411808324856;-4.64776829249113;5555
-5.4506;48.5173616666667;8.65288657842637;-4.60082140484632;5564
-5.45022166666667;48.5171683333333;8.48704912226874;-4.90000009536743;5572
-5.45005833333333;48.5170883333333;8.57127329678655;-4.7511343708842;5582
-5.449455;48.516795;8.48381099243167;-4.70265322391937;5594
-5.44841;48.5162966666667;8.40044625152782;-4.84999990463257;5604
-5.44780333333333;48.5160083333333;8.64276311468116;-4.40370776088179;5615
-5.44675;48.5155183333333;8.48381099243167;-4.70265322391937;5635
-5.44614;48.5152366666667;8.48381099243167;-4.70265322391937;5647
-5.44564;48.515005;8.64276311468116;-4.40370776088179;5654
-5.443965;48.5142383333333;8.48381099243167;-4.70265322391937;5688
-5.44280333333333;48.5136933333333;8.21897172582887;-5.33746264702892;5708
-5.44231166666667;48.5134516666667;7.94577467336237;-5.56369132320412;5714
-5.44209833333333;48.5133383333333;7.50723568867737;-6.29931869753009;5726
-5.441575;48.5130466666667;7.47162455630658;-6.49498413673937;5732
-5.44122;48.5128283333333;7.61603057050714;-6.16733995232174;5743
-5.43974166666667;48.5118683333333;7.58383969465512;-6.36359709069273;5768
-5.43877;48.5112166666667;7.00035686400699;-7.00035686400699;5787
-5.43831166666667;48.5108783333333;7.00035686400699;-7.00035686400699;5798
-5.43790333333333;48.5105683333333;7.12146374894629;-6.87711760255293;5805
-5.43745333333333;48.5102233333333;7.39615403013259;-6.4293786092403;5816
-5.43695833333333;48.5098433333333;7.04953018052196;-6.80765216299374;5827
-5.43560833333333;48.5088033333333;7.12146374894629;-6.87711760255293;5857
-5.43475333333333;48.5081416666667;7.12146374894629;-6.87711760255293;5874
-5.43430166666667;48.5077933333333;7.24040136704049;-6.75178350445701;5887
-5.43385333333333;48.5074433333333;7.12146374894629;-6.87711760255293;5897
-5.43335833333333;48.50706;7.12146374894629;-6.87711760255293;5906
-5.43250333333333;48.5063983333333;7.31353701619171;-6.81998360062498;5925
-5.432055;48.5060466666667;6.94658370458997;-7.19339800338651;5935
-5.43161;48.5056933333333;7.12146374894629;-6.87711760255293;5947
-5.43116333333333;48.50534;7.24040136704049;-6.75178350445701;5957
-5.43067333333333;48.5049533333333;7.24040136704049;-6.75178350445701;5965
-5.43022333333333;48.5046033333333;7.12146374894629;-6.87711760255293;5977
-5.42982166666667;48.5042866666667;7.43144825477394;-6.69130606358858;5986
-5.42937666666667;48.503935;7.35713348873895;-6.62439274769963;5995
-5.42892833333333;48.5035866666667;7.35713348873895;-6.62439274769963;6014
-5.42798333333333;48.502855;7.12146374894629;-6.87711760255293;6025
-5.42757666666667;48.50254;7.12146374894629;-6.87711760255293;6037
-5.42798333333333;48.502855;7.12146374894629;-6.87711760255293;6045
-5.427125;48.5021883333333;7.31353701619171;-6.81998360062498;6054
-5.42623166666667;48.5014833333333;7.07106781186548;-7.07106781186547;6067
-5.42574333333333;48.5010933333333;6.94658370458997;-7.19339800338651;6076
-5.42489666666667;48.500415;7.43144825477394;-6.69130606358858;6095
-5.42353166666667;48.49936;6.94658370458997;-7.19339800338651;6124
-5.42217333333333;48.4982966666667;7.19339800338651;-6.94658370458997;6157
-5.42172166666667;48.497945;7.19339800338651;-6.94658370458997;6169
-5.42118166666667;48.49752;7.31353701619171;-6.81998360062498;6177
-5.42082166666667;48.4972383333333;7.31353701619171;-6.81998360062498;6187
-5.41983;48.49646;7.31353701619171;-6.81998360062498;6206
-5.419015;48.49582;7.38667266534292;-6.88818369679296;6226
-5.41847166666667;48.49539;7.58007707812579;-6.82513205723382;6236
-5.41810333333333;48.4951033333333;7.45980761702089;-6.95638314255662;6247
-5.41759833333333;48.49471;7.38667266534292;-6.88818369679296;6255
-5.41673333333333;48.4940333333333;7.38667266534292;-6.88818369679296;6276
-5.41627666666667;48.4936783333333;7.38667266534292;-6.88818369679296;6288
-5.41573166666667;48.4932533333333;7.14177875972396;-7.14177875972396;6296
-5.41488;48.4925783333333;7.31353701619171;-6.81998360062498;6322
-5.41443333333333;48.4922216666667;7.26533225782674;-7.01604980662701;6330
-5.41403333333333;48.4918966666667;7.14177875972396;-7.14177875972396;6336
-5.413545;48.4915;7.38667266534292;-6.88818369679296;6349
-5.41314166666667;48.4911783333333;6.94658370458997;-7.19339800338651;6357
-5.4122;48.49043;7.26533225782674;-7.01604980662701;6377
-5.41134333333333;48.4897566666667;7.19339800338651;-6.94658370458997;6396
-5.41045333333333;48.489045;7.19339800338651;-6.94658370458997;6415
-5.41000833333333;48.48869;7.26533225782674;-7.01604980662701;6424
-5.40906166666667;48.48794;7.38667266534292;-6.88818369679296;6446
-5.40865166666667;48.4876216666667;7.26533225782674;-7.01604980662701;6456
-5.40815333333333;48.4872266666667;7.33726582625107;-7.0855152461862;6468
-5.407745;48.4869033333333;7.14177875972396;-7.14177875972396;6477
-5.40634333333333;48.485805;7.24040136704049;-6.75178350445701;6506
-5.40594166666667;48.4854883333333;7.24040136704049;-6.75178350445701;6516
-5.405045;48.48479;7.31353701619171;-6.81998360062498;6534
-5.40459833333333;48.48444;7.24040136704049;-6.75178350445701;6547
-5.40415;48.48409;7.12146374894629;-6.87711760255293;6555
-5.40366166666667;48.483705;7.12146374894629;-6.87711760255293;6566
-5.40326333333333;48.4833916666667;7.16726641536252;-6.68358405869335;6576
-5.402775;48.4830116666667;7.16726641536252;-6.68358405869335;6590
-5.40237833333333;48.4827016666667;7.04953018052196;-6.80765216299374;6597
-5.40150166666667;48.4820116666667;7.09413076621131;-6.61538396252537;6616
-5.40062833333333;48.4813316666667;7.2085046653871;-6.49056675405439;6635
-5.40015166666667;48.4809566666667;7.2085046653871;-6.49056675405439;6646
-5.39975333333333;48.4806566666667;7.13419060807024;-6.42365407629811;6656
-5.398855;48.4799933333333;6.97759592608174;-6.7381860609567;6675
-5.39836;48.479625;6.97759592608174;-6.7381860609567;6687
-5.39795666666667;48.47932;7.16726641536252;-6.68358405869335;6696
-5.39746333333333;48.47895;6.8589356426396;-6.8589356426396;6708
-5.39706166666667;48.4786483333333;6.90566235765741;-6.66872062139751;6716
-5.39618;48.47798;6.90566235765741;-6.66872062139751;6735
-5.39569166666667;48.477615;7.02099581453333;-6.54718451676171;6747
-5.39528333333333;48.47732;6.78822536913069;-6.78822536913069;6756
-5.39483833333333;48.476985;6.78822536913069;-6.78822536913069;6765
-5.39439666666667;48.4766483333333;7.09413076621131;-6.61538396252537;6779
-5.39395833333333;48.4763116666667;6.97759592608174;-6.7381860609567;6786
-5.39351666666667;48.475975;6.97759592608174;-6.7381860609567;6795
-5.39303;48.4756016666667;6.8589356426396;-6.8589356426396;6805
-5.39218166666667;48.4749583333333;7.16726641536252;-6.68358405869335;6826
-5.39172333333333;48.474625;7.16726641536252;-6.68358405869335;6837
-5.39126166666667;48.4742883333333;6.92964659049808;-6.92964659049808;6846
-5.39080666666667;48.4739466666667;7.04953018052196;-6.80765216299374;6855
-5.39031;48.4735683333333;7.12146374894629;-6.87711760255293;6865
-5.38990833333333;48.4732583333333;7.16726641536252;-6.68358405869335;6875
-5.38857;48.4722133333333;7.24040136704049;-6.75178350445701;6905
-5.388075;48.4718333333333;7.28281943142209;-6.55748006994335;6922
-5.38762666666667;48.47149;7.16726641536252;-6.68358405869335;6927
-5.387225;48.4711833333333;7.04953018052196;-6.80765216299374;6937
-5.38677666666667;48.4708416666667;7.24040136704049;-6.75178350445701;6948
-5.38632666666667;48.4705;7.24040136704049;-6.75178350445701;6955
-5.385875;48.4701566666667;7.24040136704049;-6.75178350445701;6967
-5.38537833333333;48.4697783333333;7.24040136704049;-6.75178350445701;6976
-5.38492833333333;48.4694333333333;7.24040136704049;-6.75178350445701;6986
-5.384065;48.4687833333333;7.28281943142209;-6.55748006994335;7008
-5.38360833333333;48.4684416666667;7.12146374894629;-6.87711760255293;7017
-5.383155;48.4680966666667;7.12146374894629;-6.87711760255293;7025
-5.38221166666667;48.4673633333333;7.43144825477394;-6.69130606358858;7046
-5.38180333333333;48.4670516666667;7.12146374894629;-6.87711760255293;7059
-5.38088666666667;48.466355;7.43144825477394;-6.69130606358858;7076
-5.38042833333333;48.4660083333333;7.07106781186548;-7.07106781186547;7087
-5.37992666666667;48.4656266666667;7.31353701619171;-6.81998360062498;7097
-5.37905666666667;48.4649733333333;7.19339800338651;-6.94658370458997;7117
-5.37855833333333;48.46459;7.43144825477394;-6.69130606358858;7132
-5.37815333333333;48.4642733333333;7.31353701619171;-6.81998360062498;7137
-5.37769833333333;48.4639233333333;7.07106781186548;-7.07106781186547;7148
-5.3772;48.463535;7.26533225782674;-7.01604980662701;7163
-5.37674666666667;48.4631816666667;7.38667266534292;-6.88818369679296;7173
-5.37538166666667;48.462115;7.26533225782674;-7.01604980662701;7201
-5.37497833333333;48.4617916666667;7.26533225782674;-7.01604980662701;7207
-5.37538166666667;48.462115;7.26533225782674;-7.01604980662701;7215
-5.37403;48.461045;7.19339800338651;-6.94658370458997;7225
-5.37362;48.4607266666667;7.19339800338651;-6.94658370458997;7235
-5.37312;48.4603333333333;7.38667266534292;-6.88818369679296;7247
-5.37266;48.4599766666667;7.45980761702089;-6.95638314255662;7256
-5.37174166666667;48.4592616666667;7.38667266534292;-6.88818369679296;7277
-5.371285;48.458905;7.14177875972396;-7.14177875972396;7285
-5.37087333333333;48.4585833333333;7.26533225782674;-7.01604980662701;7304
-5.370325;48.4581533333333;7.33726582625107;-7.0855152461862;7312
-5.36904666666667;48.4571516666667;7.21248903323287;-7.21248903323287;7335
-5.36854333333333;48.4567566666667;7.40920008069129;-7.15498134822324;7347
-5.36813166666667;48.4564316666667;7.33726582625107;-7.0855152461862;7354
-5.36758166666667;48.455995;7.45980761702089;-6.95638314255662;7372
-5.36716833333333;48.4556683333333;7.53294326617211;-7.0245832387246;7380
-5.36670833333333;48.4553033333333;7.53294326617211;-7.0245832387246;7390
-5.36629166666667;48.4549766666667;7.40920008069129;-7.15498134822324;7396
-5.365375;48.4542433333333;7.28319998109136;-7.28319998109135;7414
-5.36395333333333;48.4531033333333;7.65439184416079;-6.89204537312277;7450
-5.363025;48.452375;7.35391025460026;-7.35391025460026;7467
-5.36260666666667;48.4520483333333;7.48113364911562;-7.22444678778243;7474
-5.36205;48.4516066666667;7.72870590147765;-6.95895805087906;7488
-5.36163333333333;48.4512766666667;7.53294326617211;-7.0245832387246;7506
-5.359815;48.4498533333333;7.72870590147765;-6.95895805087906;7534
-5.35924666666667;48.4494183333333;7.60607821785008;-7.09278268448826;7549
-5.35881833333333;48.4490966666667;7.40920008069129;-7.15498134822324;7556
-5.358385;48.448775;7.40920008069129;-7.15498134822324;7567
-5.35791;48.4484133333333;7.35391025460026;-7.35391025460026;7574
-5.35739333333333;48.44801;7.60607821785008;-7.09278268448826;7587
-5.35697333333333;48.44768;7.48113364911562;-7.22444678778243;7597
-5.35458;48.4458316666667;7.48113364911562;-7.22444678778243;7645
-5.35415833333333;48.4455066666667;7.60607821785008;-7.09278268448826;7655
-5.3536;48.4450683333333;7.60607821785008;-7.09278268448826;7671
-5.35322833333333;48.4447766666667;7.40920008069129;-7.15498134822324;7682
-5.35277166666667;48.4444083333333;7.40920008069129;-7.15498134822324;7687
-5.35231666666667;48.4440383333333;7.65439184416079;-6.89204537312277;7695
-5.35181;48.4436366666667;7.53294326617211;-7.0245832387246;7707
-5.35047166666667;48.442565;7.72870590147765;-6.95895805087906;7734
-5.35000666666667;48.4421966666667;7.72870590147765;-6.95895805087906;7746
-5.34954;48.4418316666667;7.35391025460026;-7.35391025460026;7754
-5.349025;48.44143;7.48113364911562;-7.22444678778243;7767
-5.34860666666667;48.4411016666667;7.40920008069129;-7.15498134822324;7779
-5.348095;48.4407;7.35391025460026;-7.35391025460026;7792
-5.34767833333333;48.44037;7.48113364911562;-7.22444678778243;7802
-5.34721833333333;48.440005;7.53294326617211;-7.0245832387246;7808
-5.34675833333333;48.43964;7.53294326617211;-7.0245832387246;7815
-5.34630166666667;48.4392716666667;7.40920008069129;-7.15498134822324;7827
-5.34584666666667;48.4389033333333;7.53294326617211;-7.0245832387246;7836
-5.34493666666667;48.438165;7.40920008069129;-7.15498134822324;7854
-5.34448;48.4377983333333;7.53294326617211;-7.0245832387246;7872
-5.34402;48.4374383333333;7.53294326617211;-7.0245832387246;7879
-5.34356333333333;48.437075;7.28319998109136;-7.28319998109135;7886
-5.34260833333333;48.4363;7.60607821785008;-7.09278268448826;7906
-5.34219666666667;48.435965;7.60607821785008;-7.09278268448826;7917
-5.341275;48.435225;7.35391025460026;-7.35391025460026;7934
-5.34035833333333;48.4344833333333;7.60607821785008;-7.09278268448826;7955
-5.33985666666667;48.4340766666667;7.53294326617211;-7.0245832387246;7966
-5.33944666666667;48.4337433333333;7.40920008069129;-7.15498134822324;7978
-5.33899833333333;48.4333766666667;7.58007707812579;-6.82513205723382;7985
-5.33854666666667;48.43301;7.33726582625107;-7.0855152461862;7998
-5.33765166666667;48.43227;7.33726582625107;-7.0855152461862;8020
-5.337155;48.4318666666667;7.33726582625107;-7.0855152461862;8027
-5.33674666666667;48.431535;7.53294326617211;-7.0245832387246;8038
-5.33583833333333;48.4307983333333;7.53294326617211;-7.0245832387246;8054
-5.33533833333333;48.4303916666667;7.53294326617211;-7.0245832387246;8065
-5.33438666666667;48.4296133333333;7.60607821785008;-7.09278268448826;8086
-5.33356833333333;48.4289533333333;7.15498134822324;-7.40920008069129;8107
-5.33311333333333;48.428585;7.45980761702089;-6.95638314255662;8118
-5.33220333333333;48.427855;7.40920008069129;-7.15498134822324;8135
-5.33165833333333;48.4274166666667;7.40920008069129;-7.15498134822324;8151
-5.33084333333333;48.4267566666667;7.45980761702089;-6.95638314255662;8166
-5.33039333333333;48.4263933333333;7.45980761702089;-6.95638314255662;8176
-5.329895;48.4259916666667;7.53294326617211;-7.0245832387246;8186
-5.32948833333333;48.4256633333333;7.45980761702089;-6.95638314255662;8196
-5.329895;48.4259916666667;7.53294326617211;-7.0245832387246;8205
-5.32853833333333;48.4248966666667;7.33726582625107;-7.0855152461862;8216
-5.32813166666667;48.4245666666667;7.33726582625107;-7.0855152461862;8226
-5.327685;48.4241983333333;7.33726582625107;-7.0855152461862;8235
-5.32719666666667;48.4237916666667;7.45980761702089;-6.95638314255662;8245
-5.32630333333333;48.423055;7.33726582625107;-7.0855152461862;8267
-5.325855;48.4226883333333;7.69803757432284;-6.69180197056985;8276
-5.32544833333333;48.4223633333333;7.69803757432284;-6.69180197056985;8285
-5.32447333333333;48.42162;7.58007707812579;-6.82513205723382;8306
-5.324055;48.4213016666667;7.58007707812579;-6.82513205723382;8316
-5.32307333333333;48.42056;7.81365317370219;-6.55643349620069;8337
-5.322645;48.4202433333333;7.58007707812579;-6.82513205723382;8345
-5.321215;48.4191966666667;7.50576302080893;-6.75821937947754;8374
-5.32070166666667;48.418815;7.50576302080893;-6.75821937947754;8388
-5.319805;48.4181516666667;7.58007707812579;-6.82513205723382;8408
-5.31838;48.4170966666667;7.81365317370219;-6.55643349620069;8441
-5.31785333333333;48.4167116666667;7.58007707812579;-6.82513205723382;8447
-5.31737333333333;48.4163616666667;7.65439184416079;-6.89204537312277;8456
-5.31694333333333;48.4160416666667;7.65439184416079;-6.89204537312277;8467
-5.31647333333333;48.4156816666667;7.77350882024398;-6.75740812373556;8479
-5.31595;48.41529;7.77350882024398;-6.75740812373556;8490
-5.31499333333333;48.4145783333333;7.53294326617211;-7.0245832387246;8508
-5.31452;48.4142216666667;7.77350882024398;-6.75740812373556;8515
-5.31409;48.4139033333333;7.53294326617211;-7.0245832387246;8527
-5.31361333333333;48.4135466666667;7.77350882024398;-6.75740812373556;8539
-5.31308833333333;48.4131566666667;7.53294326617211;-7.0245832387246;8545
-5.31265833333333;48.412835;7.65439184416079;-6.89204537312277;8557
-5.31213333333333;48.412445;7.77350882024398;-6.75740812373556;8567
-5.31170333333333;48.412125;7.89025791023686;-6.62071250237336;8577
-5.311225;48.4117716666667;7.77350882024398;-6.75740812373556;8587
-5.31074666666667;48.4114183333333;7.65439184416079;-6.89204537312277;8595
-5.31022166666667;48.4110283333333;7.89025791023686;-6.62071250237336;8606
-5.30926333333333;48.4103166666667;7.65439184416079;-6.89204537312277;8626
-5.30883166666667;48.4099966666667;7.89025791023686;-6.62071250237336;8637
-5.30835;48.4096433333333;7.40920008069129;-7.15498134822324;8645
-5.30787666666667;48.4092866666667;7.89025791023686;-6.62071250237336;8655
-5.30735333333333;48.4088966666667;7.77350882024398;-6.75740812373556;8666
-5.306875;48.40854;7.72870590147765;-6.95895805087906;8676
-5.306445;48.40822;7.65439184416079;-6.89204537312277;8684
-5.30596833333333;48.4078616666667;7.53294326617211;-7.0245832387246;8695
-5.305015;48.4071483333333;7.53294326617211;-7.0245832387246;8714
-5.30400833333333;48.4064033333333;7.53294326617211;-7.0245832387246;8736
-5.30357666666667;48.4060833333333;7.77350882024398;-6.75740812373556;8744
-5.30214833333333;48.40501;7.72870590147765;-6.95895805087906;8779
-5.30162333333333;48.4046183333333;7.84897934641797;-6.82301365123462;8786
-5.30071166666667;48.40394;7.77350882024398;-6.75740812373556;8804
-5.29970166666667;48.4031916666667;7.72870590147765;-6.95895805087906;8826
-5.29927;48.4028716666667;7.65439184416079;-6.89204537312277;8840
-5.298745;48.4024783333333;7.65439184416079;-6.89204537312277;8846
-5.29736;48.4014433333333;7.84897934641797;-6.82301365123462;8875
-5.296345;48.4006866666667;7.72870590147765;-6.95895805087906;8898
-5.29586666666667;48.4003233333333;7.72870590147765;-6.95895805087906;8907
-5.29538166666667;48.3999616666667;8.04346665274927;-6.74926990170866;8916
-5.29344;48.3985166666667;7.84897934641797;-6.82301365123462;8957
-5.29295666666667;48.3981583333333;8.04346665274927;-6.74926990170866;8967
-5.29247666666667;48.397795;7.9244505923391;-6.88861980440033;8977
-5.29203833333333;48.39747;7.80302066751264;-7.02587136676801;8984
-5.291555;48.3971083333333;7.67921386700129;-7.16098278065623;8995
-5.29054;48.3963383333333;7.9244505923391;-6.88861980440033;9017
-5.29004833333333;48.39597;7.87733543354763;-7.09278468265697;9026
-5.28912;48.39527;7.7523495161525;-7.22918287682421;9044
-5.28863333333333;48.3949016666667;7.99992183826024;-6.95422595756604;9055
-5.28810166666667;48.394495;8.12007138928393;-6.81354890788133;9069
-5.28760833333333;48.39413;7.87733543354763;-7.09278468265697;9075
-5.28663;48.3933966666667;7.99992183826024;-6.95422595756604;9097
-5.28618666666667;48.3930666666667;7.95164949086449;-7.15969736041325;9107
-5.28514666666667;48.3922916666667;7.99992183826024;-6.95422595756604;9128
-5.28465166666667;48.391925;7.95164949086449;-7.15969736041325;9135
-5.284155;48.3915583333333;8.07539236443423;-7.0198314850651;9153
-5.28317;48.390825;7.99992183826024;-6.95422595756604;9168
-5.28272333333333;48.390495;8.07539236443423;-7.0198314850651;9175
-5.28218;48.39009;8.07539236443423;-7.0198314850651;9188
-5.28168166666667;48.3897233333333;8.19667539526168;-6.87782730104396;9198
-5.28117666666667;48.3893566666667;8.07539236443423;-7.0198314850651;9206
-5.28067166666667;48.3889916666667;8.19667539526168;-6.87782730104396;9215
-5.28017;48.3886266666667;7.95164949086449;-7.15969736041325;9226
-5.279175;48.3878966666667;8.19667539526168;-6.87782730104396;9247
-5.27867333333333;48.3875383333333;7.9244505923391;-6.88861980440033;9255
-5.278175;48.3871833333333;7.9244505923391;-6.88861980440033;9267
-5.277675;48.38683;7.9244505923391;-6.88861980440033;9276
-5.27672666666667;48.3861516666667;7.67921386700129;-7.16098278065623;9295
-5.27617333333333;48.38576;8.04346665274927;-6.74926990170866;9306
-5.27516666666667;48.3850566666667;7.87733543354763;-7.09278468265697;9327
-5.27373;48.384025;7.9244505923391;-6.88861980440033;9361
-5.27318166666667;48.38364;7.84897934641797;-6.82301365123462;9367
-5.27268666666667;48.38329;7.84897934641797;-6.82301365123462;9375
-5.27219333333333;48.38294;7.84897934641797;-6.82301365123462;9387
-5.27076666666667;48.3819283333333;7.53294326617211;-7.0245832387246;9414
-5.27023166666667;48.3815466666667;7.81365317370219;-6.55643349620069;9429
-5.26785333333333;48.3798416666667;7.65439184416079;-6.89204537312277;9476
-5.26732;48.3794583333333;7.65439184416079;-6.89204537312277;9486
-5.26688333333333;48.3791433333333;7.65439184416079;-6.89204537312277;9496
-5.265905;48.378445;7.96686191621461;-6.684990895536;9516
-5.26536833333333;48.3780583333333;7.77350882024398;-6.75740812373556;9528
-5.26394833333333;48.37705;7.89025791023686;-6.62071250237336;9558
-5.26242;48.375975;7.72870590147765;-6.95895805087906;9588
-5.26146333333333;48.3753166666667;7.77350882024398;-6.75740812373556;9609
-5.26096;48.3749733333333;7.65439184416079;-6.89204537312277;9614
-5.26046666666667;48.3746266666667;7.89025791023686;-6.62071250237336;9624
-5.25997333333333;48.3742816666667;7.77350882024398;-6.75740812373556;9639
-5.258995;48.37359;7.77350882024398;-6.75740812373556;9655
-5.25803333333333;48.3728966666667;7.69803757432284;-6.69180197056985;9675
-5.25755166666667;48.3725516666667;7.58007707812579;-6.82513205723382;9683
-5.257075;48.3722066666667;7.62256704814885;-6.62619644307078;9696
-5.25655333333333;48.3718283333333;7.62256704814885;-6.62619644307078;9710
-5.25613;48.3715183333333;7.50576302080893;-6.75821937947754;9716
-5.25565833333333;48.371175;7.50576302080893;-6.75821937947754;9727
-5.25518666666667;48.3708283333333;7.50576302080893;-6.75821937947754;9734
-5.25423333333333;48.3701416666667;7.58007707812579;-6.82513205723382;9756
-5.25370833333333;48.3697616666667;7.62256704814885;-6.62619644307078;9767
-5.25187166666667;48.3684133333333;7.38667266534292;-6.88818369679296;9806
-5.25043833333333;48.367375;7.69803757432284;-6.69180197056985;9835
-5.249955;48.3670283333333;7.45980761702089;-6.95638314255662;9845
-5.24948;48.3666783333333;7.58007707812579;-6.82513205723382;9855
-5.249005;48.3663266666667;7.69803757432284;-6.69180197056985;9871
-5.24800666666667;48.3655933333333;7.45980761702089;-6.95638314255662;9886
-5.24758;48.3652766666667;7.69803757432284;-6.69180197056985;9895
-5.24662166666667;48.3645766666667;7.65439184416079;-6.89204537312277;9914
-5.24472666666667;48.3631666666667;7.92688865863228;-6.419067868675;9957
-5.24420333333333;48.36278;7.58007707812579;-6.82513205723382;9967
-5.243775;48.362465;7.89025791023686;-6.62071250237336;9975
-5.24229166666667;48.361385;7.58007707812579;-6.82513205723382;10009
-5.24090833333333;48.36037;7.77350882024398;-6.75740812373556;10038
-5.24042833333333;48.3600183333333;7.65439184416079;-6.89204537312277;10047
-5.239405;48.3592816666667;7.65439184416079;-6.89204537312277;10067
-5.23841333333333;48.3585866666667;7.72870590147765;-6.95895805087906;10085
-5.23791666666667;48.3582416666667;7.72870590147765;-6.95895805087906;10095
-5.23747333333333;48.35793;8.00460355123563;-6.48200014784666;10106
-5.23643666666667;48.3572066666667;7.77350882024398;-6.75740812373556;10128
-5.23495166666667;48.3561683333333;7.84897934641797;-6.82301365123462;10158
-5.23450666666667;48.355855;7.65439184416079;-6.89204537312277;10164
-5.23392;48.3554383333333;7.89025791023686;-6.62071250237336;10182
-5.23304166666667;48.3548116666667;7.53294326617211;-7.0245832387246;10194
-5.23250333333333;48.354425;7.77350882024398;-6.75740812373556;10207
-5.23200833333333;48.3540766666667;7.77350882024398;-6.75740812373556;10217
-5.23107;48.353415;7.84897934641797;-6.82301365123462;10235
-5.230525;48.3530333333333;7.72870590147765;-6.95895805087906;10246
-5.23003333333333;48.352685;7.89025791023686;-6.62071250237336;10256
-5.22959166666667;48.35237;7.65439184416079;-6.89204537312277;10266
-5.22905333333333;48.3519916666667;7.77350882024398;-6.75740812373556;10278
-5.22813333333333;48.35133;7.45980761702089;-6.95638314255662;10296
-5.22765333333333;48.3509833333333;7.62256704814885;-6.62619644307078;10306
-5.22670166666667;48.350295;7.50576302080893;-6.75821937947754;10326
-5.226185;48.3499166666667;7.50576302080893;-6.75821937947754;10337
-5.22576333333333;48.349605;7.73704916772444;-6.49215510303806;10346
-5.22528833333333;48.3492616666667;7.50576302080893;-6.75821937947754;10355
-5.22482;48.348915;7.50576302080893;-6.75821937947754;10365
-5.22429833333333;48.3485366666667;7.58007707812579;-6.82513205723382;10376
-5.223875;48.3482216666667;7.62256704814885;-6.62619644307078;10389
-5.22291833333333;48.3475383333333;7.38667266534292;-6.88818369679296;10406
-5.22244;48.3471966666667;7.73704916772444;-6.49215510303806;10417
-5.22196333333333;48.346855;7.38667266534292;-6.88818369679296;10426
-5.22143666666667;48.346475;7.62256704814885;-6.62619644307078;10436
-5.22100166666667;48.346165;7.62256704814885;-6.62619644307078;10445
-5.22047;48.3457883333333;7.81365317370219;-6.55643349620069;10458
-5.21854;48.3444266666667;7.50576302080893;-6.75821937947754;10496
-5.21806333333333;48.344085;7.38667266534292;-6.88818369679296;10507
-5.21758333333333;48.3437416666667;7.62256704814885;-6.62619644307078;10515
-5.21566833333333;48.3423766666667;7.73704916772444;-6.49215510303806;10556
-5.21518666666667;48.342035;7.45980761702089;-6.95638314255662;10565
-5.21471;48.3416916666667;7.62256704814885;-6.62619644307078;10580
-5.21379;48.3410366666667;7.81365317370219;-6.55643349620069;10597
-5.21277333333333;48.34031;7.69803757432284;-6.69180197056985;10616
-5.21180833333333;48.3396216666667;7.50576302080893;-6.75821937947754;10635
-5.21132166666667;48.33928;7.69803757432284;-6.69180197056985;10646
-5.21039666666667;48.338625;7.58007707812579;-6.82513205723382;10666
-5.20986;48.3382466666667;7.69803757432284;-6.69180197056985;10677
-5.20937333333333;48.337905;7.58007707812579;-6.82513205723382;10687
-5.20888333333333;48.3375633333333;7.45980761702089;-6.95638314255662;10697
-5.2084;48.3372183333333;7.81365317370219;-6.55643349620069;10706
-5.20795833333333;48.3369133333333;7.45980761702089;-6.95638314255662;10716
-5.20692666666667;48.3361966666667;7.69803757432284;-6.69180197056985;10736
-5.20643833333333;48.3358516666667;7.45980761702089;-6.95638314255662;10747
-5.20546666666667;48.3351566666667;7.65439184416079;-6.89204537312277;10767
-5.20502333333333;48.33485;7.53294326617211;-7.0245832387246;10778
-5.20351333333333;48.33378;7.69803757432284;-6.69180197056985;10806
-5.20254166666667;48.33309;7.77350882024398;-6.75740812373556;10826
-5.20210666666667;48.3327766666667;7.45980761702089;-6.95638314255662;10836
-5.20108833333333;48.3320483333333;7.33726582625107;-7.0855152461862;10856
-5.20060666666667;48.3316983333333;7.69803757432284;-6.69180197056985;10867
-5.20012;48.3313516666667;7.77350882024398;-6.75740812373556;10880
-5.199195;48.33069;7.84897934641797;-6.82301365123462;10896
-5.19865333333333;48.33031;7.53294326617211;-7.0245832387246;10907
-5.19816;48.3299633333333;7.65439184416079;-6.89204537312277;10915
-5.19766333333333;48.3296166666667;7.53294326617211;-7.0245832387246;10927
-5.19721666666667;48.329305;7.84897934641797;-6.82301365123462;10936
-5.19672;48.3289583333333;7.96686191621461;-6.684990895536;10945
-5.19622666666667;48.3286116666667;7.77350882024398;-6.75740812373556;10957
-5.19518666666667;48.32788;7.55306790355584;-7.29391288981947;10976
-5.19425166666667;48.3272066666667;7.72870590147765;-6.95895805087906;10998
-5.19375666666667;48.326855;7.84897934641797;-6.82301365123462;11005
-5.19326333333333;48.326505;7.84897934641797;-6.82301365123462;11013
-5.19272166666667;48.3261183333333;7.84897934641797;-6.82301365123462;11028
-5.19222666666667;48.3257666666667;7.84897934641797;-6.82301365123462;11036
-5.19128;48.3251033333333;7.72870590147765;-6.95895805087906;11058
-5.19078666666667;48.3247516666667;7.72870590147765;-6.95895805087906;11065
-5.190295;48.3243983333333;7.84897934641797;-6.82301365123462;11077
-5.18926666666667;48.32366;7.84897934641797;-6.82301365123462;11096
-5.18877666666667;48.3233083333333;7.65439184416079;-6.89204537312277;11107
-5.18833333333333;48.3229916666667;7.72870590147765;-6.95895805087906;11115
-5.18784;48.32264;7.84897934641797;-6.82301365123462;11125
-5.18680833333333;48.3219;7.89025791023686;-6.62071250237336;11148
-5.18631333333333;48.3215533333333;7.77350882024398;-6.75740812373556;11156
-5.185375;48.3208966666667;7.65439184416079;-6.89204537312277;11175
-5.18488333333333;48.3205516666667;7.53294326617211;-7.0245832387246;11195
-5.18385666666667;48.31982;7.77350882024398;-6.75740812373556;11207
-5.182875;48.319125;7.65439184416079;-6.89204537312277;11227
-5.18243333333333;48.3188116666667;7.72870590147765;-6.95895805087906;11235
-5.18193833333333;48.3184616666667;7.84897934641797;-6.82301365123462;11247
-5.18144333333333;48.3181133333333;7.96686191621461;-6.684990895536;11255
-5.180895;48.31773;7.84897934641797;-6.82301365123462;11266
-5.18039333333333;48.31738;7.80302066751264;-7.02587136676801;11276
-5.17988833333333;48.317035;7.84897934641797;-6.82301365123462;11287
-5.17943;48.3167233333333;7.84897934641797;-6.82301365123462;11296
-5.17891833333333;48.3163816666667;7.60607821785008;-7.09278268448826;11305
-5.17841333333333;48.3160383333333;7.84897934641797;-6.82301365123462;11316
-5.177855;48.315665;7.72870590147765;-6.95895805087906;11327
-5.17685166666667;48.31498;7.65439184416079;-6.89204537312277;11347
-5.17640333333333;48.3146716666667;7.77350882024398;-6.75740812373556;11357
-5.175855;48.3142966666667;7.77350882024398;-6.75740812373556;11366
-5.17540666666667;48.3139866666667;7.77350882024398;-6.75740812373556;11377
-5.17441833333333;48.3132983333333;7.45980761702089;-6.95638314255662;11395
-5.17387666666667;48.3129216666667;7.69803757432284;-6.69180197056985;11405
-5.173435;48.3126166666667;7.50576302080893;-6.75821937947754;11415
-5.17190833333333;48.3115716666667;7.62256704814885;-6.62619644307078;11447
-5.171465;48.31127;7.73704916772444;-6.49215510303806;11454
-5.16995333333333;48.3102266666667;7.58007707812579;-6.82513205723382;11487
-5.16952166666667;48.30992;7.50576302080893;-6.75821937947754;11497
-5.168995;48.3095466666667;7.62256704814885;-6.62619644307078;11507
-5.168565;48.3092416666667;7.54709580222772;-6.56059028990508;11515
-5.16760333333333;48.30857;7.50576302080893;-6.75821937947754;11538
-5.167075;48.3081966666667;7.38667266534292;-6.88818369679296;11547
-5.16664333333333;48.3078933333333;7.19339800338651;-6.94658370458997;11557
-5.16612833333333;48.3075166666667;7.07106781186548;-7.07106781186547;11568
-5.16571;48.3072066666667;7.19339800338651;-6.94658370458997;11575
-5.16524666666667;48.3068666666667;7.31353701619171;-6.81998360062498;11585
-5.16478;48.3065183333333;7.26533225782674;-7.01604980662701;11595
-5.16385166666667;48.3058216666667;7.38667266534292;-6.88818369679296;11614
-5.16292666666667;48.3051266666667;7.19339800338651;-6.94658370458997;11635
-5.16246333333333;48.30478;7.07106781186548;-7.07106781186547;11647
-5.16199666666667;48.304435;7.43144825477394;-6.69130606358858;11656
-5.16148333333333;48.304055;7.19339800338651;-6.94658370458997;11667
-5.161065;48.3037433333333;7.38667266534292;-6.88818369679296;11674
-5.16055;48.3033633333333;7.31353701619171;-6.81998360062498;11687
-5.16013166666667;48.30305;7.01604980662701;-7.26533225782673;11705
-5.15869333333333;48.3019733333333;7.43144825477394;-6.69130606358858;11727
-5.15776166666667;48.301285;7.19339800338651;-6.94658370458997;11748
-5.15687;48.30063;7.31353701619171;-6.81998360062498;11766
-5.15640166666667;48.30029;7.43144825477394;-6.69130606358858;11781
-5.155885;48.299915;7.31353701619171;-6.81998360062498;11787
-5.155415;48.2995716666667;7.07106781186548;-7.07106781186547;11800
-5.15495333333333;48.2992266666667;7.31353701619171;-6.81998360062498;11811
-5.154485;48.2988866666667;7.07106781186548;-7.07106781186547;11817
-5.15357833333333;48.2982466666667;7.24040136704049;-6.75178350445701;11837
-5.15309;48.29792;7.00035686400699;-7.00035686400699;11852
-5.15211;48.2972683333333;7.31353701619171;-6.81998360062498;11870
-5.15156666666667;48.2969116666667;7.07106781186548;-7.07106781186547;11877
-5.15112333333333;48.29662;7.31353701619171;-6.81998360062498;11884
-5.15013666666667;48.2959683333333;7.19339800338651;-6.94658370458997;11907
-5.14959833333333;48.2956083333333;7.12146374894629;-6.87711760255293;11924
-5.14861833333333;48.2949616666667;7.31353701619171;-6.81998360062498;11938
-5.14665666666667;48.2936533333333;7.31353701619171;-6.81998360062498;11976
-5.146215;48.2933583333333;7.24040136704049;-6.75178350445701;11984
-5.14567666666667;48.293;7.31353701619171;-6.81998360062498;12002
-5.14470333333333;48.292345;7.31353701619171;-6.81998360062498;12017
-5.14373333333333;48.2916883333333;7.19339800338651;-6.94658370458997;12036
-5.14232833333333;48.2907283333333;7.43144825477394;-6.69130606358858;12065
-5.14082333333333;48.289695;6.94658370458997;-7.19339800338651;12096
-5.14039666666667;48.289395;6.62439274769963;-7.35713348873895;12108
-5.13988666666667;48.2890183333333;6.49498413673936;-7.47162455630659;12116
-5.139475;48.2887066666667;6.69130606358858;-7.43144825477394;12127
-5.13897833333333;48.2883216666667;6.69130606358858;-7.43144825477394;12137
-5.13853166666667;48.2879683333333;7.00035686400699;-7.00035686400699;12147
-5.13812833333333;48.2876516666667;6.56059028990507;-7.54709580222772;12154
-5.13768333333333;48.287295;6.56059028990507;-7.54709580222772;12164
-5.137195;48.2869016666667;6.62619644307078;-7.62256704814885;12175
-5.13679333333333;48.28658;7.01604980662701;-7.26533225782673;12187
-5.13585166666667;48.28583;6.75821937947754;-7.50576302080893;12205
-5.13451166666667;48.2847533333333;6.75821937947754;-7.50576302080893;12235
-5.13406666666667;48.2843933333333;6.88818369679296;-7.38667266534292;12246
-5.13361666666667;48.2840366666667;6.88818369679296;-7.38667266534292;12257
-5.13276166666667;48.28336;6.88818369679296;-7.38667266534292;12276
-5.13230166666667;48.28301;6.88818369679296;-7.38667266534292;12287
-5.13179166666667;48.2826233333333;6.62619644307078;-7.62256704814885;12297
-5.13133166666667;48.2822733333333;6.69130606358858;-7.43144825477394;12305
-5.13087166666667;48.2819233333333;6.56059028990507;-7.54709580222772;12317
-5.13040833333333;48.2815783333333;6.69130606358858;-7.43144825477394;12326
-5.129995;48.281265;6.81998360062499;-7.3135370161917;12336
-5.12949166666667;48.280885;6.69130606358858;-7.43144825477394;12348
-5.12903333333333;48.2805383333333;6.69130606358858;-7.43144825477394;12357
-5.12857333333333;48.28019;6.69130606358858;-7.43144825477394;12365
-5.12811833333333;48.27984;6.69130606358858;-7.43144825477394;12377
-5.12857333333333;48.28019;6.69130606358858;-7.43144825477394;12384
-5.12725;48.2791766666667;6.69130606358858;-7.43144825477394;12395
-5.12674666666667;48.2787916666667;6.81998360062499;-7.3135370161917;12406
-5.12628666666667;48.2784416666667;6.88818369679296;-7.38667266534292;12416
-5.12582833333333;48.27809;6.88818369679296;-7.38667266534292;12426
-5.12491333333333;48.2773916666667;6.94658370458997;-7.19339800338651;12446
-5.12450166666667;48.2770816666667;6.87711760255293;-7.12146374894629;12455
-5.12353333333333;48.2763666666667;6.75178350445701;-7.24040136704049;12476
-5.12307666666667;48.276025;6.62439274769963;-7.35713348873895;12486
-5.12261833333333;48.275685;6.23027163132672;-7.69374472196635;12501
-5.12175833333333;48.275035;6.55748006994335;-7.28281943142209;12516
-5.12126;48.2746633333333;6.68358405869335;-7.16726641536252;12526
-5.11990166666667;48.2736533333333;6.4293786092403;-7.39615403013259;12557
-5.11949333333333;48.2733516666667;6.80765216299374;-7.04953018052196;12570
-5.11853333333333;48.2726483333333;6.80765216299374;-7.04953018052196;12586
-5.11808166666667;48.2723083333333;6.92964659049808;-6.92964659049808;12596
-5.11853333333333;48.2726483333333;6.80765216299374;-7.04953018052196;12602
-5.11716666666667;48.2716366666667;6.68358405869335;-7.16726641536252;12617
-5.11675333333333;48.271335;6.55748006994335;-7.28281943142209;12625
-5.11494166666667;48.2699833333333;6.80765216299374;-7.04953018052196;12666
-5.11357833333333;48.2689733333333;6.55748006994335;-7.28281943142209;12696
-5.11307333333333;48.2686016666667;6.29931869753009;-7.50723568867737;12706
-5.11082666666667;48.266935;6.62439274769963;-7.35713348873895;12755
-5.10987333333333;48.2662216666667;6.49498413673936;-7.47162455630659;12775
-5.10946166666667;48.2659183333333;6.68358405869335;-7.16726641536252;12786
-5.10895666666667;48.2655466666667;6.55748006994335;-7.28281943142209;12795
-5.10854166666667;48.265245;6.75178350445701;-7.24040136704049;12804
-5.108085;48.2649083333333;6.49498413673936;-7.47162455630659;12814
-5.10712666666667;48.2642;6.68358405869335;-7.16726641536252;12836
-5.10671666666667;48.2638966666667;6.80765216299374;-7.04953018052196;12847
-5.10580166666667;48.2632283333333;6.55748006994335;-7.28281943142209;12865
-5.104385;48.2621966666667;6.49056675405439;-7.2085046653871;12896
-5.10397666666667;48.261895;6.7381860609567;-6.97759592608174;12904
-5.10347666666667;48.2615266666667;6.4293786092403;-7.39615403013259;12918
-5.10307333333333;48.2612233333333;6.61538396252537;-7.0941307662113;12926
-5.10262;48.2608883333333;6.4293786092403;-7.39615403013259;12936
-5.101675;48.2601866666667;6.49056675405439;-7.2085046653871;12960
-5.10126833333333;48.259885;6.61538396252537;-7.0941307662113;12967
-5.10077166666667;48.259515;6.7381860609567;-6.97759592608174;12976
-5.09991;48.2588816666667;6.49056675405439;-7.2085046653871;12993
-5.09941333333333;48.2585116666667;6.49056675405439;-7.2085046653871;13006
-5.09896333333333;48.2581766666667;6.68358405869335;-7.16726641536252;13014
-5.09806333333333;48.2575033333333;6.49056675405439;-7.2085046653871;13038
-5.09721166666667;48.256865;6.61538396252537;-7.0941307662113;13059
-5.09586666666667;48.2558566666667;6.42365407629811;-7.13419060807024;13085
-5.09537333333333;48.2554883333333;6.61538396252537;-7.0941307662113;13098
-5.09492;48.2551566666667;6.49056675405439;-7.2085046653871;13107
-5.09451333333333;48.2548566666667;6.49056675405439;-7.2085046653871;13116
-5.09406666666667;48.2545216666667;6.36377245607459;-7.32068278421146;13126
-5.09357333333333;48.2541533333333;6.49056675405439;-7.2085046653871;13137
-5.09317;48.2538533333333;6.17076129819479;-7.35402694616495;13144
-5.09223666666667;48.25315;6.61538396252537;-7.0941307662113;13166
-5.09183666666667;48.25285;6.54718451676171;-7.02099581453333;13178
-5.09138833333333;48.2525166666667;6.29816692857553;-7.24521225803747;13189
-5.090895;48.25215;6.49056675405439;-7.2085046653871;13197
-5.09049333333333;48.2518483333333;6.42365407629811;-7.13419060807024;13204
-5.09000333333333;48.2514833333333;6.36377245607459;-7.32068278421146;13215
-5.08955833333333;48.2511483333333;6.61538396252537;-7.0941307662113;13227
-5.08915666666667;48.2508483333333;6.49056675405439;-7.2085046653871;13234
-5.08821166666667;48.2501483333333;6.61538396252537;-7.0941307662113;13257
-5.08780833333333;48.2498483333333;6.61538396252537;-7.0941307662113;13270
-5.087315;48.2494833333333;6.7381860609567;-6.97759592608174;13278
-5.08687166666667;48.24915;6.61538396252537;-7.0941307662113;13287
-5.08646833333333;48.24885;6.36377245607459;-7.32068278421146;13297
-5.08602166666667;48.248515;6.61538396252537;-7.0941307662113;13309
-5.08512833333333;48.2478466666667;6.49056675405439;-7.2085046653871;13326
-5.08463666666667;48.2474783333333;6.49056675405439;-7.2085046653871;13336
-5.08423833333333;48.247175;6.61538396252537;-7.0941307662113;13345
-5.08379333333333;48.2468433333333;6.61538396252537;-7.0941307662113;13356
-5.08285666666667;48.24615;6.54718451676171;-7.02099581453333;13377
-5.08245333333333;48.2458533333333;6.42365407629811;-7.13419060807024;13386
-5.08196333333333;48.2454883333333;6.54718451676171;-7.02099581453333;13396
-5.08113166666667;48.2448766666667;5.83892510774886;-6.71691497608381;13419
-5.08074;48.2445866666667;5.41995816675982;-6.01947336985415;13425
-5.08034333333333;48.2442916666667;5.11498770046874;-5.48515276214378;13435
-5.08003666666667;48.2440616666667;4.8846535540462;-5.4249573677286;13446
-5.07906166666667;48.2433333333333;4.61700124768939;-5.12769936666583;13476
-5.07874166666667;48.243095;4.61700124768939;-5.12769936666583;13487
-5.07775666666667;48.24236;4.70578874947167;-5.0463406109196;13515
-5.07715833333333;48.24191;4.55008825086677;-5.05338495498991;13535
-5.07684;48.2416733333333;4.61700124768939;-5.12769936666583;13546
-5.07649166666667;48.2414133333333;4.70578874947167;-5.0463406109196;13557
-5.07585;48.2409383333333;4.55008825086677;-5.05338495498991;13584
-5.07524666666667;48.2404933333333;4.63758897850585;-4.97320531050501;13594
-5.07493;48.24026;4.48317493497782;-4.97907018895491;13605
-5.074585;48.240005;4.55008825086677;-5.05338495498991;13617
-5.07395833333333;48.23954;4.56938888233788;-4.90006966135379;13639
-5.07336333333333;48.2391;4.48317493497782;-4.97907018895491;13656
-5.07270833333333;48.2386133333333;4.48317493497782;-4.97907018895491;13677
-5.07242833333333;48.2384066666667;4.48317493497782;-4.97907018895491;13686
-5.072085;48.2381533333333;4.39559536910307;-5.05655404354314;13696
-5.07148833333333;48.2377133333333;4.48317493497782;-4.97907018895491;13714
-5.07082833333333;48.2372283333333;4.55008825086677;-5.05338495498991;13735
-5.07054666666667;48.2370183333333;4.55008825086677;-5.05338495498991;13744
-5.06989;48.2365283333333;4.46120152226878;-5.13202528946428;13767
-5.06960833333333;48.2363183333333;4.46120152226878;-5.13202528946428;13776
-5.06894833333333;48.235825;4.55008825086677;-5.05338495498991;13797
-5.068665;48.2356116666667;4.55008825086677;-5.05338495498991;13804
-5.06831833333333;48.235355;4.63758897850585;-4.97320531050501;13817
-5.06772166666667;48.2349083333333;4.63758897850585;-4.97320531050501;13834
-5.06740666666667;48.23467;4.79314282241486;-4.96344469093828;13848
-5.06704333333333;48.2343966666667;5.14047200764436;-5.32311459110761;13860
-5.066725;48.2341583333333;5.31958733856835;-5.70455901212418;13866
-5.06554666666667;48.233275;6.08908877311868;-6.76261819533154;13897
-5.06512833333333;48.2329583333333;6.3908568757272;-6.61792602591241;13905
-5.06427;48.2323133333333;6.52978841732343;-6.76179384877696;13927
-5.06383833333333;48.2319883333333;6.35674076040915;-7.05987584203524;13939
-5.06336166666667;48.231625;6.35674076040915;-7.05987584203524;13946
-5.06296833333333;48.2313266666667;6.29816692857553;-7.24521225803747;13955
-5.062535;48.23099;6.66872062139751;-6.90566235765741;13964
-5.06205333333333;48.2306216666667;6.54718451676171;-7.02099581453333;13977
-5.06165833333333;48.2303216666667;6.61538396252537;-7.0941307662113;13987
-5.06034;48.22932;6.17076129819479;-7.35402694616495;14017
-5.05990666666667;48.2289816666667;6.78822536913069;-6.78822536913069;14024
-5.05942666666667;48.22861;6.42365407629811;-7.13419060807024;14036
-5.059035;48.228305;6.54718451676171;-7.02099581453333;14046
-5.05860166666667;48.227965;6.54718451676171;-7.02099581453333;14055
-5.05812333333333;48.2275933333333;6.29816692857553;-7.24521225803747;14065
-5.05773333333333;48.2272883333333;6.66872062139751;-6.90566235765741;14076
-5.0573;48.2269516666667;6.29816692857553;-7.24521225803747;14084
-5.05683166666667;48.2265766666667;6.54718451676171;-7.02099581453333;14096
-5.056445;48.22627;6.49056675405439;-7.2085046653871;14107
-5.05601166666667;48.2259283333333;6.54718451676171;-7.02099581453333;14116
-5.05515;48.2252466666667;6.42365407629811;-7.13419060807024;14136
-5.05472333333333;48.224905;6.54718451676171;-7.02099581453333;14144
-5.05429;48.224565;6.29816692857553;-7.24521225803747;14154
-5.05386;48.2242233333333;6.54718451676171;-7.02099581453333;14166
-5.05342833333333;48.223885;6.66872062139751;-6.90566235765741;14175
-5.052955;48.2235133333333;6.29816692857553;-7.24521225803747;14186
-5.05128;48.2221983333333;6.42365407629811;-7.13419060807024;14228
-5.05003;48.22121;6.54718451676171;-7.02099581453333;14256
-5.04959666666667;48.2208716666667;6.29816692857553;-7.24521225803747;14264
-5.04912333333333;48.2204966666667;6.42365407629811;-7.13419060807024;14275
-5.04864833333333;48.220125;6.54718451676171;-7.02099581453333;14285
-5.04744;48.21918;6.66872062139751;-6.90566235765741;14313
-5.04692166666667;48.2187766666667;6.29816692857553;-7.24521225803747;14328
-5.04653666666667;48.21847;6.54718451676171;-7.02099581453333;14335
-5.04563833333333;48.2177616666667;6.35674076040915;-7.05987584203524;14357
-5.045255;48.2174566666667;6.59925451936047;-6.83372810321719;14365
-5.04435833333333;48.216745;6.78822536913069;-6.78822536913069;14389
-5.04397;48.2164416666667;6.04147599414512;-7.46060152644458;14396
-5.04350333333333;48.2160666666667;6.54718451676171;-7.02099581453333;14406
-5.04307833333333;48.2157283333333;6.35674076040915;-7.05987584203524;14419
-5.04269666666667;48.2154216666667;6.54718451676171;-7.02099581453333;14425
-5.04142;48.2144133333333;6.2898274445202;-6.98556107600025;14455
-5.04052166666667;48.2137266666667;6.3425848786621;-6.80158956455293;14480
-5.03924333333333;48.2127533333333;6.22291476676392;-6.91124701868339;14512
-5.038815;48.21243;6.3425848786621;-6.80158956455293;14521
-5.03838333333333;48.2121116666667;6.27438478249412;-6.72845391540172;14529
-5.03795;48.2117983333333;6.15600145087496;-6.8369322526484;14540
-5.03664166666667;48.21086;6.22291476676392;-6.91124701868339;14567
-5.03620666666667;48.2105416666667;6.16695462224411;-7.0942697661952;14575
-5.03577166666667;48.2102183333333;6.41078432442576;-6.87472451623091;14591
-5.03533;48.2098983333333;6.41078432442576;-6.87472451623091;14597
-5.032705;48.20799;6.2898274445202;-6.98556107600025;14660
-5.03231;48.2077016666667;6.52978841732343;-6.76179384877696;14667
-5.031385;48.207025;6.2898274445202;-6.98556107600025;14686
-5.03055333333333;48.20641;6.2898274445202;-6.98556107600025;14705
-5.03006833333333;48.2060566666667;6.2898274445202;-6.98556107600025;14720
-5.02967;48.2057683333333;6.2898274445202;-6.98556107600025;14731
-5.02874166666667;48.20509;6.41078432442576;-6.87472451623091;14747
-5.02829833333333;48.204765;6.2898274445202;-6.98556107600025;14756
-5.02874166666667;48.20509;6.41078432442576;-6.87472451623091;14769
-5.027015;48.2038216666667;6.35674076040915;-7.05987584203524;14786
-5.02658;48.203495;6.35674076040915;-7.05987584203524;14797
-5.026105;48.2031333333333;6.59925451936047;-6.83372810321719;14807
-5.02566833333333;48.202805;6.59925451936047;-6.83372810321719;14816
-5.02527333333333;48.2025133333333;6.35674076040915;-7.05987584203524;14825
-5.02395333333333;48.2015466666667;6.35674076040915;-7.05987584203524;14856
-5.02303;48.2008633333333;6.16695462224411;-7.0942697661952;14875
-5.022155;48.2002083333333;6.35674076040915;-7.05987584203524;14897
-5.02176166666667;48.199915;6.47898442059374;-6.94786016538212;14905
-5.02084;48.1992183333333;6.54718451676171;-7.02099581453333;14926
-5.0204;48.19889;6.42365407629811;-7.13419060807024;14941
-5.01952166666667;48.1982283333333;6.54718451676171;-7.02099581453333;14959
-5.01912666666667;48.1979333333333;6.42365407629811;-7.13419060807024;14969
-5.01863833333333;48.19757;6.54718451676171;-7.02099581453333;14976
-5.01775;48.1969116666667;6.29816692857553;-7.24521225803747;14995
-5.01735166666667;48.196615;6.47898442059374;-6.94786016538212;15007
-5.016865;48.1962533333333;6.54718451676171;-7.02099581453333;15017
-5.01642166666667;48.1959266666667;6.47898442059374;-6.94786016538212;15026
-5.01598;48.1955983333333;6.54718451676171;-7.02099581453333;15035
-5.01553666666667;48.19527;6.29816692857553;-7.24521225803747;15048
-5.0151;48.1949433333333;6.10648229202213;-7.27742220963029;15056
-5.01421833333333;48.194285;6.35674076040915;-7.05987584203524;15075
-5.01377833333333;48.19396;6.47898442059374;-6.94786016538212;15086
-5.01205333333333;48.19268;6.42365407629811;-7.13419060807024;15126
-5.011565;48.192315;6.42365407629811;-7.13419060807024;15137
-5.010725;48.19168;6.36377245607459;-7.32068278421146;15156
-5.00847;48.1899866666667;6.47898442059374;-6.94786016538212;15206
-5.00807166666667;48.1896933333333;6.35674076040915;-7.05987584203524;15216
-5.00758666666667;48.1893333333333;6.29816692857553;-7.24521225803747;15231
-5.00719333333333;48.1890383333333;6.35674076040915;-7.05987584203524;15239
-5.00627166666667;48.1883516666667;6.47898442059374;-6.94786016538212;15258
-5.00544333333333;48.1877266666667;6.35674076040915;-7.05987584203524;15277
-5.00496;48.18736;6.59925451936047;-6.83372810321719;15289
-5.00363666666667;48.1863766666667;6.59925451936047;-6.83372810321719;15315
-5.0032;48.1860483333333;6.35674076040915;-7.05987584203524;15326
-5.00232166666667;48.185395;6.47898442059374;-6.94786016538212;15348
-5.00100833333333;48.184415;6.35674076040915;-7.05987584203524;15376
-5.000615;48.1841216666667;6.35674076040915;-7.05987584203524;15385
-4.999705;48.1834316666667;6.47898442059374;-6.94786016538212;15406
-4.99931166666667;48.183135;6.47898442059374;-6.94786016538212;15419
-4.99800166666667;48.1821316666667;6.42365407629811;-7.13419060807024;15446
-4.995375;48.180135;6.47898442059374;-6.94786016538212;15506
-4.993595;48.1787983333333;6.47898442059374;-6.94786016538212;15548
-4.99315833333333;48.1784716666667;6.35674076040915;-7.05987584203524;15560
-4.992325;48.1778433333333;6.47898442059374;-6.94786016538212;15577
-4.99144166666667;48.177185;6.35674076040915;-7.05987584203524;15595
-4.99095833333333;48.1768233333333;6.29816692857553;-7.24521225803747;15606
-4.99060833333333;48.1765583333333;6.23256077540982;-7.16974101211633;15620
-4.99012833333333;48.17619;6.42365407629811;-7.13419060807024;15626
-4.98965166666667;48.1758216666667;6.35674076040915;-7.05987584203524;15635
-4.988825;48.17519;6.35674076040915;-7.05987584203524;15654
-4.98800833333333;48.17456;6.35674076040915;-7.05987584203524;15675
-4.98705333333333;48.17383;6.42365407629811;-7.13419060807024;15697
-4.98622333333333;48.1732;6.47898442059374;-6.94786016538212;15715
-4.98573666666667;48.1728366666667;6.42365407629811;-7.13419060807024;15727
-4.984905;48.172215;6.47898442059374;-6.94786016538212;15747
-4.98442166666667;48.171855;6.35674076040915;-7.05987584203524;15757
-4.98402833333333;48.17156;6.47898442059374;-6.94786016538212;15769
-4.98358833333333;48.1712333333333;6.59925451936047;-6.83372810321719;15775
-4.98310666666667;48.17087;6.47898442059374;-6.94786016538212;15791
-4.98275666666667;48.1706066666667;6.35674076040915;-7.05987584203524;15801
-4.98179833333333;48.1698783333333;6.66872062139751;-6.90566235765741;15817
-4.98096;48.1692516666667;6.54718451676171;-7.02099581453333;15837
-4.980475;48.168885;6.29816692857553;-7.24521225803747;15850
-4.97916;48.1678816666667;6.42365407629811;-7.13419060807024;15877
-4.97876666666667;48.1675833333333;6.35674076040915;-7.05987584203524;15886
-4.978335;48.1672483333333;6.47898442059374;-6.94786016538212;15894
-4.97785833333333;48.1668816666667;6.35674076040915;-7.05987584203524;15907
-4.977425;48.1665516666667;6.47898442059374;-6.94786016538212;15919
-4.97698833333333;48.1662233333333;6.47898442059374;-6.94786016538212;15927
-4.97655333333333;48.165895;6.47898442059374;-6.94786016538212;15934
-4.97611333333333;48.1655683333333;6.35674076040915;-7.05987584203524;15947
-4.97571833333333;48.1652733333333;6.59925451936047;-6.83372810321719;15957
-4.97523166666667;48.1649116666667;6.47898442059374;-6.94786016538212;15966
-4.97394833333333;48.1639566666667;6.42365407629811;-7.13419060807024;15997
-4.97306333333333;48.1632933333333;6.42365407629811;-7.13419060807024;16015
-4.97258;48.162925;6.42365407629811;-7.13419060807024;16027
-4.9717;48.1622583333333;6.54718451676171;-7.02099581453333;16047
-4.96994666666667;48.1609183333333;6.42365407629811;-7.13419060807024;16086
-4.96951166666667;48.1605833333333;6.35674076040915;-7.05987584203524;16094
-4.96908166666667;48.16025;6.47898442059374;-6.94786016538212;16106
-4.96823;48.159585;6.47898442059374;-6.94786016538212;16126
-4.96653166666667;48.15827;6.16695462224411;-7.0942697661952;16171
-4.96568166666667;48.1576166666667;6.22291476676392;-6.91124701868339;16187
-4.96483333333333;48.156965;6.10134909474505;-7.01879924002121;16207
-4.96441;48.15664;6.10134909474505;-7.01879924002121;16217
-4.96403333333333;48.1563466666667;6.27438478249412;-6.72845391540172;16225
-4.963575;48.1559933333333;6.3908568757272;-6.61792602591241;16245
-4.96232166666667;48.1550316666667;6.03574294157934;-6.94332799410007;16266
-4.96190333333333;48.1547133333333;6.08908877311868;-6.76261819533154;16283
-4.96106166666667;48.1540766666667;6.15600145087496;-6.8369322526484;16300
-4.96064;48.1537566666667;6.27438478249412;-6.72845391540172;16305
-4.95979833333333;48.1531183333333;6.15600145087496;-6.8369322526484;16335
-4.95937833333333;48.1527983333333;6.3908568757272;-6.61792602591241;16345
-4.95854;48.1521583333333;6.27438478249412;-6.72845391540172;16356
-4.9577;48.1515166666667;6.15600145087496;-6.8369322526484;16377
-4.95685166666667;48.150885;6.15600145087496;-6.8369322526484;16396
-4.95556833333333;48.1499383333333;6.03574294157934;-6.94332799410007;16426
-4.955135;48.1496216666667;6.22291476676392;-6.91124701868339;16437
-4.95470166666667;48.1493033333333;6.22291476676392;-6.91124701868339;16447
-4.95388166666667;48.1486966666667;6.3425848786621;-6.80158956455293;16466
-4.95214;48.147375;6.3425848786621;-6.80158956455293;16507
-4.95170833333333;48.1470533333333;6.22291476676392;-6.91124701868339;16515
-4.950885;48.1464383333333;6.2898274445202;-6.98556107600025;16536
-4.949965;48.1457616666667;6.2898274445202;-6.98556107600025;16556
-4.94909666666667;48.145115;6.3425848786621;-6.80158956455293;16577
-4.94693833333333;48.14352;6.3425848786621;-6.80158956455293;16626
-4.94611833333333;48.1429166666667;6.22291476676392;-6.91124701868339;16645
-4.94568833333333;48.1425983333333;6.22291476676392;-6.91124701868339;16661
-4.94264666666667;48.1403433333333;6.3425848786621;-6.80158956455293;16727
-4.93963833333333;48.1381366666667;6.15600145087496;-6.8369322526484;16798
-4.93925333333333;48.1378533333333;6.15600145087496;-6.8369322526484;16805
-4.93749833333333;48.1365466666667;6.22291476676392;-6.91124701868339;16847
-4.93707166666667;48.13623;6.03574294157934;-6.94332799410007;16861
-4.93621666666667;48.13559;6.3425848786621;-6.80158956455293;16877
-4.93329166666667;48.1334066666667;6.20618533673047;-6.65531896372375;16945
-4.93198333333333;48.1324433333333;6.25192533413097;-6.47405820304786;16977
-4.93073666666667;48.1315583333333;5.97013741408027;-6.86785746792608;17008
-4.930305;48.1312516666667;6.32139143616801;-6.54599245748808;17015
-4.92948333333333;48.1306683333333;6.20618533673047;-6.65531896372375;17035
-4.92284333333333;48.125995;6.22291476676392;-6.91124701868339;17184
-4.92199833333333;48.1254033333333;6.22291476676392;-6.91124701868339;17205
-4.92056333333333;48.1244083333333;6.22291476676392;-6.91124701868339;17237
-4.91340333333333;48.11944;6.3425848786621;-6.80158956455293;17398
-4.91026333333333;48.1172533333333;6.22291476676392;-6.91124701868339;17471
-4.90890833333333;48.1163166666667;6.59925451936047;-6.83372810321719;17497
-4.904885;48.1135233333333;6.59925451936047;-6.83372810321719;17587
-4.89664166666667;48.10782;6.42365407629811;-7.13419060807024;17767
-4.88971333333333;48.1029966666667;6.49056675405439;-7.2085046653871;17916
-4.889205;48.10264;6.61538396252537;-7.0941307662113;17926
-4.88323833333333;48.09845;6.42365407629811;-7.13419060807024;18056
-4.88227333333333;48.0977733333333;6.42365407629811;-7.13419060807024;18076
-4.88089166666667;48.0967983333333;6.61538396252537;-7.0941307662113;18106
-4.87494666666667;48.0925883333333;6.49056675405439;-7.2085046653871;18235
-4.86754833333333;48.0873533333333;6.49056675405439;-7.2085046653871;18397
-4.856115;48.078955;6.15600145087496;-6.8369322526484;18657
-4.85564333333333;48.0786083333333;6.27438478249412;-6.72845391540172;18682
-4.85184166666667;48.0757883333333;6.15600145087496;-6.8369322526484;18759
-4.85098666666667;48.0751516666667;6.03574294157934;-6.94332799410007;18775
-4.84889166666667;48.0735616666667;6.27438478249412;-6.72845391540172;18832
-4.84507666666667;48.0706666666667;6.3425848786621;-6.80158956455293;18914
-4.84464833333333;48.0703433333333;6.16695462224411;-7.0942697661952;18927
-4.84379833333333;48.0696966666667;6.22291476676392;-6.91124701868339;18945
