"x";"y";"vx";"vy";"t"
-4.42090333333333;48.9340883333333;-11.1431749091275;-6.69549497383071;0
-4.43980833333333;48.9273416666667;-10.80030831583;-6.48947994033812;234
-4.475855;48.9145416666667;-11.1951324182047;-6.20556323162321;682
-4.48850166666667;48.9101216666667;-10.9119204180464;-6.30000019073487;855
-4.50709166666667;48.903585;-10.757822564635;-5.96315842150004;1101
-4.51715333333333;48.90008;-10.9327463392424;-6.06012025307921;1209
-4.528375;48.89612;-10.5828987900276;-5.86619658992087;1378
-4.54296333333333;48.891035;-10.6521126317298;-6.15000009536744;1554
-4.55279666666667;48.887645;-10.757822564635;-5.96315842150004;1693
-4.567435;48.8825866666667;-10.9485498146329;-5.82144719945586;1870
-4.58150833333333;48.878;-10.6703602602802;-5.91467727453521;2056
-4.59898166666667;48.872255;-10.3205127110653;-5.72075361137687;2285
-4.61019666666667;48.8685566666667;-10.5953711143071;-5.63365875343069;2448
-4.62011333333333;48.86536;-10.5828987900276;-5.86619658992087;2558
-4.62917666666667;48.8624016666667;-10.1324970590967;-5.84999990463257;2679
-4.640395;48.85864;-10.4789077161542;-6.05000019073487;2829
-4.649425;48.8555733333333;-10.5828987900276;-5.86619658992087;2962
-4.65919166666667;48.8521916666667;-10.4954364856728;-5.81771544295604;3084
-4.66958333333333;48.84857;-10.4954364856728;-5.81771544295604;3243
-4.68185166666667;48.8442683333333;-10.045895014262;-5.80000019073487;3406
-4.69291666666667;48.8404333333333;-10.2330504067105;-5.67227246441204;3549
-4.70445166666667;48.8364883333333;-10.1324970590967;-5.84999990463257;3749
-4.71314833333333;48.8335466666667;-10.2330504067105;-5.67227246441204;3832
-4.72259166666667;48.8303266666667;-10.0581266321031;-5.57531063283287;3946
-4.73204333333333;48.827215;-10.1324970590967;-5.84999990463257;4088
-4.74088333333333;48.8243416666667;-9.95929214352104;-5.75000000000001;4216
-4.75100833333333;48.821005;-9.95929214352104;-5.75000000000001;4345
-4.76027833333333;48.8179816666667;-9.7717069010207;-5.87143385750319;4480
-4.76854833333333;48.815005;-9.49813851519963;-5.93509565833782;4599
-4.772745;48.8134366666667;-9.66774797267858;-6.04107941011038;4659
-4.783875;48.8092083333333;-9.83735823891922;-6.14706366725333;4836
-4.79307833333333;48.8058883333333;-10.045895014262;-5.80000019073487;4942
-4.80384666666667;48.8021733333333;-9.94314101512788;-5.97444186542807;5097
-4.81227;48.7991883333333;-9.51455736477682;-5.71692282797304;5239
-4.82107166666667;48.7961583333333;-9.24372392460037;-5.77611977799378;5346
-4.82982;48.7930766666667;-9.42884030772323;-5.6654188240106;5467
-4.83879333333333;48.7899633333333;-9.52627944162882;-5.50000000000001;5627
-4.84678333333333;48.7871683333333;-9.26647165531225;-5.34999990463257;5749
-4.85550666666667;48.7841183333333;-9.34312325066965;-5.61391482004816;5853
-4.86373166666667;48.7812683333333;-9.52627944162882;-5.50000000000001;5976
-4.87273833333333;48.7781883333333;-9.69948435720447;-5.59999990463257;6142
-4.88182666666667;48.7750916666667;-9.60027360437197;-5.76842634075689;6225
-4.89081666666667;48.771955;-9.35307452605317;-5.40000009536744;6380
-4.89889166666667;48.769175;-9.4396765708879;-5.44999980926514;6483
-4.908535;48.7658983333333;-9.69948435720447;-5.59999990463257;6659
-4.91671833333333;48.7631216666667;-9.51455736477682;-5.71692282797304;6752
-4.92658833333333;48.7598716666667;-9.68599066142555;-5.81993034471933;6890
-4.93563666666667;48.7567983333333;-9.69948435720447;-5.59999990463257;7017
-4.94468;48.7537216666667;-9.52627944162882;-5.50000000000001;7159
-4.95347333333333;48.7507316666667;-9.17986961047752;-5.30000019073487;7280
-4.96161333333333;48.747895;-9.34312325066965;-5.61391482004816;7391
-4.97053;48.74475;-9.61288231236974;-5.55000019073487;7534
-4.97917833333333;48.7417033333333;-9.4396765708879;-5.44999980926514;7653
-4.98802166666667;48.7386433333333;-9.4396765708879;-5.44999980926514;7778
-4.99622166666667;48.735745;-9.61288231236974;-5.55000019073487;7899
-5.00519333333333;48.7325866666667;-9.42884030772323;-5.6654188240106;8042
-5.0134;48.729745;-9.70827908288824;-5.38138696967453;8151
-5.02032;48.7273966666667;-9.69948435720447;-5.59999990463257;8249
-5.028575;48.7245483333333;-9.69948435720447;-5.59999990463257;8392
-5.03756333333333;48.7215016666667;-9.78608722794539;-5.65000009536744;8510
-5.04660833333333;48.7184066666667;-9.60027360437197;-5.76842634075689;8642
-5.055465;48.7153716666667;-9.51455736477682;-5.71692282797304;8768
-5.064315;48.71235;-9.34312325066965;-5.61391482004816;8900
-5.07255333333333;48.70957;-9.42884030772323;-5.6654188240106;9038
-5.08124833333333;48.7065883333333;-9.35307452605317;-5.40000009536744;9161
-5.0894;48.7037816666667;-9.34312325066965;-5.61391482004816;9262
-5.09817833333333;48.7007116666667;-9.03650922459721;-6.09520243451598;9400
-5.10647833333333;48.6972266666667;-8.9287569702683;-6.25198293742436;9548
-5.11426166666667;48.6939983333333;-9.51455736477682;-5.71692282797304;9651
-5.123145;48.6909233333333;-9.70827908288824;-5.38138696967453;9775
-5.13134;48.6881233333333;-9.62081677853336;-5.33290582270971;9896
-5.14008666666667;48.6853083333333;-10.8574387412789;-2.30781984738915;10023
-5.14982166666667;48.684515;-11.0298466458996;-1.94485955674886;10158
-5.15992666666667;48.68375;-10.9942242673833;-2.13706071182338;10279
-5.16912166666667;48.6826733333333;-10.1760262926868;-3.90621051333725;10390
-5.17799666666667;48.6799833333333;-8.95360594172081;-6.03928346414165;10543
-5.185645;48.6767066666667;-9.2023173716137;-6.20704144184046;10636
-5.193515;48.6731883333333;-9.36812472799834;-6.31887991587703;10789
-5.201395;48.6694816666667;-9.18430836554387;-6.92087276624856;10893
-5.21043666666667;48.6649416666667;-9.46549867987914;-6.8770873397108;11029
-5.21878333333333;48.6609283333333;-9.10444450988387;-6.86069103435914;11147
-5.22728;48.6567383333333;-9.18430836554387;-6.92087276624856;11284
-5.23487833333333;48.6529083333333;-7.64124207504897;-7.91273780372516;11409
-5.24088666666667;48.648095;-7.47907268022513;-8.60368892664074;11523
-5.24821;48.64242;-7.74149666722132;-8.90557319057814;11670
-5.255085;48.6370516666667;-7.82882796677211;-8.69479431634189;11803
-5.25826333333333;48.6346416666667;-7.69500197312687;-8.54616549299003;11861
-5.26505833333333;48.6294283333333;-7.45633651756787;-8.88611583240291;11992
-5.27160666666667;48.623935;-7.30011677624479;-9.01489344935852;12130
-5.27818333333333;48.61839;-7.58489391690317;-9.03932457491532;12242
-5.28544;48.612385;-7.55184469259805;-9.32575153748365;12387
-5.29169;48.60725;-7.74149666722132;-8.90557319057814;12525
-5.29855166666667;48.60168;-7.6491723100658;-9.11592858089307;12638
-5.30549;48.5961133333333;-7.77773032241114;-9.2691380539624;12784
-5.31200833333333;48.5909283333333;-7.77773032241114;-9.2691380539624;12899
-5.31861166666667;48.5856966666667;-7.84200871557377;-9.34574205994015;13022
-5.32635833333333;48.5795833333333;-7.80357260895131;-9.63660962560878;13143
-5.33339;48.5739883333333;-7.90628772174644;-9.42234679647481;13279
-5.34056166666667;48.5683466666667;-7.71345131623847;-9.19253331742774;13405
-5.34764333333333;48.562805;-7.77773032241114;-9.2691380539624;13545
-5.35418166666667;48.5576233333333;-7.74064092994634;-9.55889547414957;13657
-5.360775;48.5523666666667;-7.84200871557377;-9.34574205994015;13806
-5.367755;48.5467433333333;-7.84200871557377;-9.34574205994015;13912
-5.37413166666667;48.5415216666667;-7.77773032241114;-9.2691380539624;14045
-5.38116833333333;48.5358766666667;-7.97056611490907;-9.49895080245256;14150
-5.38872833333333;48.5298133333333;-7.84200871557377;-9.34574205994015;14307
-5.39513333333333;48.524665;-7.71345131623847;-9.19253331742774;14428
-5.40192666666667;48.519125;-7.77773032241114;-9.2691380539624;14553
-5.40886;48.5134816666667;-7.67770865077468;-9.48118058154622;14693
-5.41530333333333;48.50834;-6.12895289495821;-10.2002905513718;14794
-5.41842833333333;48.5020866666667;-1.49899294712805;-12.2083178545014;14916
-5.41938666666667;48.4945366666667;-2.22269670725747;-12.6055394263934;15054
-5.42080666666667;48.4868916666667;-1.76749835564767;-12.5764042841393;15184
-5.42179666666667;48.4797816666667;-1.80925031248085;-12.8734848936404;15292
-5.42307166666667;48.4714866666667;-2.01800453934396;-12.7411792169041;15442
-5.424305;48.46306;-1.58430146426692;-12.9030999713372;15575
-5.42532333333333;48.4552233333333;-1.35887002247949;-12.9287846397876;15701
-5.42629833333333;48.4467183333333;-1.39022858139701;-13.227141398088;15857
-5.427185;48.4385266666667;-1.69398382684209;-13.7963911291881;15992
-5.42809333333333;48.430835;-1.45294559954593;-13.823853966239;16114
-5.42895833333333;48.4228166666667;-1.45294559954593;-13.823853966239;16223
-5.429785;48.4150983333333;-1.46339848574714;-13.9233065351558;16340
-5.43062;48.4069283333333;-1.46339848574714;-13.9233065351558;16468
-5.43138333333333;48.3991383333333;-1.46339848574714;-13.9233065351558;16585
-5.43224333333333;48.3913116666667;-1.48430415846345;-14.1222107245395;16713
-5.43337333333333;48.382975;-1.74273163393835;-14.1934101577841;16850
-5.43474833333333;48.3736083333333;-1.47385137194835;-14.0227591040726;16973
-5.436215;48.36418;-1.48430415846345;-14.1222107245395;17127
-5.43729833333333;48.3558766666667;-1.75491849854466;-14.2926642050087;17239
-5.43862833333333;48.34721;-1.49475704466466;-14.2216632934563;17374
-5.43976666666667;48.3388916666667;-1.24632713791515;-14.245584372721;17507
-5.44091;48.33014;-1.255042662319;-14.345203272503;17637
-5.44195166666667;48.32146;-1.255042662319;-14.345203272503;17768
-5.44297666666667;48.3127016666667;-1.255042662319;-14.345203272503;17917
-5.44396333333333;48.3042416666667;-1.00449319530541;-14.364921943201;18030
-5.44467333333333;48.2962866666667;-1.01844454327421;-14.5644355143339;18174
-5.44555;48.287425;-0.748404184256384;-14.2804025374639;18293
-5.446365;48.27864;-1.00449319530541;-14.364921943201;18407
-5.44716333333333;48.2702033333333;-1.01844454327421;-14.5644355143339;18557
-5.447945;48.2617466666667;-0.764104981111559;-14.5799915883637;18670
-5.44870833333333;48.2536566666667;-1.01844454327421;-14.5644355143339;18803
-5.449605;48.24502;-0.769338546788979;-14.6798539704188;18915
-5.450245;48.2373166666667;-1.02542015073364;-14.6641913485492;19022
-5.45050833333333;48.23488;-1.02542015073364;-14.6641913485492;19062
-5.45143;48.2250366666667;-0.774572162377856;-14.7797173048412;19224
-5.45247333333333;48.2135066666667;-1.01844454327421;-14.5644355143339;19370
-5.45320666666667;48.2049766666667;-1.02542015073364;-14.6641913485492;19517
-5.45479666666667;48.1882566666667;-1.01844454327421;-14.5644355143339;19757
-5.45660166666667;48.1711616666667;-0.769338546788979;-14.6798539704188;20018
