"x";"y";"vx";"vy";"t"
-5.37515;47.9184666666667;-7.81365317370219;6.55643349620069;0
-5.39356666666667;47.9302666666667;-7.72870590147765;6.95895805087905;378
-5.44066666666667;47.9613333333333;-7.43144825477395;6.69130606358858;1312
-5.46523333333333;47.9772666666667;-7.4598076170209;6.95638314255662;1796
-5.48168333333333;47.988;-7.4598076170209;6.95638314255662;2114
-5.48376666666667;47.9893833333333;-7.26533225782674;7.016049806627;2162
-5.49218333333333;47.99495;-7.38667266534292;6.88818369679296;2328
-5.50393333333333;48.00565;-4.94999980926514;8.57365116710347;2626
-5.5163;48.0205;-4.7511343708842;8.57127329678655;3012
-5.5431;48.0566833333333;-4.60082140484632;8.65288657842637;3861
-5.54988333333333;48.0653333333333;-4.49450577423788;8.82096424957283;4098
-5.57121666666667;48.0925166666667;-4.44910698403938;8.73186410699201;4748
-5.57655;48.0993833333333;-4.29603732214562;8.8081818251632;4967
-5.58088333333333;48.10515;-4.33987418598654;8.89806071549904;5084
-5.5857;48.1116666666667;-4.29603732214562;8.8081818251632;5241
-5.58958333333333;48.1169;-4.25220004024139;8.71830207767056;5357
-5.5994;48.1302333333333;-4.16452589449623;8.53854343984209;5677
-5.60063333333333;48.1318666666667;-4.1416590456669;8.88181648582366;5717
-5.60875;48.1425666666667;-4.120688612592;8.44866369234945;6036
-5.6139;48.1492333333333;-4.40370776088179;8.64276311468116;6167
-5.61855;48.1551;-4.29603732214562;8.8081818251632;6312
-5.6244;48.16255;-4.40370776088179;8.64276311468116;6506
-5.6286;48.1679666666667;-4.26751052436811;8.37546098747864;6666
-5.63338333333333;48.1741333333333;-4.35830897068328;8.55366297210035;6822
-5.64188333333333;48.1850333333333;-4.26751052436811;8.37546098747864;7116
-5.64578333333333;48.19015;-4.120688612592;8.44866369234945;7237
-5.64921666666667;48.1948;-4.16452589449623;8.53854343984209;7334
-5.65295;48.1999166666667;-4.01487348653665;8.60992397684817;7501
-5.65665;48.205;-4.16452589449623;8.53854343984209;7637
-5.66158333333333;48.2117;-4.16452589449623;8.53854343984209;7766
-5.6653;48.2167666666667;-4.45997984646596;8.38800213215981;7898
-5.669;48.2213666666667;-4.41303251109818;8.29970703605614;8018
-5.67365;48.2271333333333;-4.26751052436811;8.37546098747864;8167
-5.67728333333333;48.2317166666667;-4.41303251109818;8.29970703605614;8281
-5.68183333333333;48.2373666666667;-4.36608562345338;8.21141278199691;8432
-5.68676666666667;48.2435;-4.2221117341696;8.28636084489783;8609
-5.6904;48.2479666666667;-4.27219140044079;8.03482343183401;8714
-5.69458333333333;48.2532166666667;-4.03301446684685;8.26890505452098;8870
-5.69871666666667;48.2585333333333;-3.90150303919746;7.99926666919987;9008
-5.70388333333333;48.2652166666667;-4.13131372081351;8.10815971000616;9167
-5.70961666666667;48.2727;-3.98917760300592;8.17902616418514;9372
-5.71388333333333;48.2783;-4.04051527449834;7.92995772538446;9552
-5.71755;48.2831166666667;-4.13131372081351;8.10815971000616;9689
-5.72363333333333;48.2910333333333;-4.13131372081351;8.10815971000616;9883
-5.72825;48.2969666666667;-4.08591449765592;8.01905871769531;10034
-5.73311666666667;48.30325;-4.13131372081351;8.10815971000616;10197
-5.73813333333333;48.3096166666667;-3.98917760300592;8.17902616418514;10377
-5.74193333333333;48.3144;-3.94534032110169;8.0891464166925;10497
-5.74988333333333;48.3243666666667;-4.2221117341696;8.28636084489783;10784
-5.75413333333333;48.32975;-4.07685174875108;8.35878480201361;10926
-5.75776666666667;48.3343;-4.13131372081351;8.10815971000616;11046
-5.76193333333333;48.3393666666667;-3.81382889345231;7.81950803137139;11176
-5.7668;48.3452833333333;-4.13131372081351;8.10815971000616;11344
-5.79355;48.3781;-3.7013036071475;8.3132640130376;12212
-5.80066666666667;48.3874;-3.76130236827616;8.0661389588972;12477
-5.82493333333333;48.42025;-3.59472630757528;8.46864447619008;13333
-5.82588333333333;48.4457833333333;3.98917760300593;8.17902616418514;14023
-5.8173;48.4578333333333;4.08591449765592;8.01905871769531;14323
-5.81296666666667;48.46395;4.13131372081351;8.10815971000616;14496
-5.80968333333333;48.4684833333333;4.13131372081351;8.10815971000616;14626
-5.80565;48.47415;4.03301446684685;8.26890505452098;14761
-5.80208333333333;48.4791166666667;3.98917760300593;8.17902616418514;14884
-5.79836666666667;48.48445;3.80356435566629;8.15677008332985;15022
-5.79515;48.4890333333333;3.9453403211017;8.0891464166925;15139
-5.79173333333333;48.4938;3.4979352856096;7.8564912842163;15302
-5.78785;48.49935;3.71904078392619;7.97550869878701;15427
-5.78458333333333;48.50405;3.5792825366459;8.03920020149986;15558
-5.77966666666667;48.5110333333333;3.76130236827615;8.0661389588972;15771
-5.77615;48.5159166666667;3.6606297876822;8.22190911878341;15907
-5.77271666666667;48.5207166666667;3.61995596821691;8.13055422452921;16023
-5.76896666666667;48.5258666666667;3.67677879653605;7.88487757435436;16139
-5.7655;48.5306333333333;3.5386087171806;7.94784530724566;16284
-5.76236666666667;48.5350166666667;3.5386087171806;7.94784530724566;16407
-5.75918333333333;48.53945;3.61995596821691;8.13055422452921;16510
-5.75895;48.5397666666667;3.61995596821691;8.13055422452921;16518
-5.75566666666667;48.5444666666667;3.5386087171806;7.94784530724566;16648
-5.75136666666667;48.5507;3.67677879653605;7.88487757435436;16842
-5.7474;48.55655;3.5792825366459;8.03920020149986;16983
-5.74381666666667;48.5617333333333;3.5792825366459;8.03920020149986;17138
-5.74058333333333;48.5664666666667;3.63451721218609;7.79424731424417;17270
-5.73703333333333;48.57155;3.67677879653605;7.88487757435436;17394
-5.73291666666667;48.5777666666667;3.61995596821691;8.13055422452921;17584
-5.72896666666667;48.5838833333333;3.6606297876822;8.22190911878341;17757
-5.72588333333333;48.5888;3.5792825366459;8.03920020149986;17868
-5.72281666666667;48.5937166666667;3.5386087171806;7.94784530724566;17982
-5.72011666666667;48.5981;3.4979352856096;7.8564912842163;18108
-5.71713333333333;48.6029333333333;3.5386087171806;7.94784530724566;18227
-5.71411666666667;48.6077166666667;3.61995596821691;8.13055422452921;18377
-5.70831666666667;48.61705;3.5386087171806;7.94784530724566;18618
-5.70516666666667;48.62195;3.76130236827615;8.0661389588972;18748
-5.70206666666667;48.62675;3.81382889345231;7.81950803137139;18888
-5.69896666666667;48.6316;3.67677879653605;7.88487757435436;18998
-5.69606666666667;48.6360833333333;3.85766617535654;7.90938777886403;19123
-5.693;48.64085;3.63451721218609;7.79424731424417;19256
-5.68993333333333;48.6456666666667;3.63451721218609;7.79424731424417;19391
-5.68693333333333;48.6504;3.63451721218609;7.79424731424417;19513
-5.68366666666667;48.6555333333333;3.63451721218609;7.79424731424417;19652
-5.68066666666667;48.6602666666667;3.76999202961139;7.72962914103556;19797
-5.67768333333333;48.6650166666667;3.72615474770716;7.63974939354292;19914
-5.6744;48.67015;3.76999202961139;7.72962914103556;20061
-5.67206666666667;48.67385;3.85766617535654;7.90938777886403;20178
-5.66896666666667;48.6787333333333;3.85766617535654;7.90938777886403;20299
-5.6658;48.6837833333333;4.53233515744419;7.54307240967028;20415
-5.6621;48.6881166666667;4.66328962632628;7.46282340792889;20573
-5.65815;48.6927666666667;4.4293276406979;7.37163911302154;20678
-5.65343333333333;48.6984333333333;4.48083115348175;7.45735535261669;20868
-5.64955;48.7030333333333;4.53233515744419;7.54307240967028;21009
-5.64596666666667;48.70735;4.66328962632628;7.46282340792889;21079
-5.64131666666667;48.7130833333333;4.48083115348175;7.45735535261669;21268
-5.63781666666667;48.7173666666667;4.44999980926514;7.70762576331903;21357
-5.6345;48.7216666666667;4.26632475063786;7.69665358964715;21478
-5.63051666666667;48.7270833333333;4.30000019073486;7.44781880290865;21665
-5.62705;48.7318;4.26632475063786;7.69665358964715;21767
-5.62383333333333;48.73625;4.13134984206043;7.76993898556745;21881
-5.62081666666667;48.74065;4.13134984206043;7.76993898556745;22016
-5.6176;48.7454166666667;4.17829672970524;7.85823323962667;22148
-5.61395;48.7506833333333;4.08440250669266;7.68164388946378;22307
-5.61076666666667;48.75505;4.31480543525221;7.78411505989968;22428
-5.60708333333333;48.7593166666667;6.18632255731876;5.97406225093852;22554
-5.60145;48.7632833333333;6.04352769049771;6.25825612574309;22676
-5.59606666666667;48.7671833333333;6.11299379253474;6.33019038018331;22795
-5.59068333333333;48.7710833333333;5.93338560246287;6.36277706459214;22948
-5.58535;48.7749666666667;6.04352769049771;6.25825612574309;23057
-5.57966666666667;48.7791166666667;6.11299379253474;6.33019038018331;23200
-5.57465;48.7827333333333;6.18245923209394;6.40212394860764;23339
-5.56965;48.7863166666667;6.00158569863085;6.43591271374335;23438
-5.56431666666667;48.79015;5.86518615669921;6.28964211291416;23579
-5.55938333333333;48.7937666666667;6.00158569863085;6.43591271374335;23689
-5.55195;48.7993666666667;6.13798524056249;6.58218331457253;23860
-5.54661666666667;48.8033666666667;6.11299379253474;6.33019038018331;23989
-5.54145;48.8073;5.93338560246287;6.36277706459214;24108
-5.5362;48.8112666666667;6.00158569863085;6.43591271374335;24239
-5.53143333333333;48.8149;6.04352769049771;6.25825612574309;24390
-5.52625;48.81885;5.93338560246287;6.36277706459214;24514
-5.52136666666667;48.8225666666667;6.00158569863085;6.43591271374335;24618
-5.51616666666667;48.8265166666667;6.00158569863085;6.43591271374335;24750
-5.51128333333333;48.8307;5.41215560309528;6.68345556498761;24889
-5.50628333333333;48.83505;5.52797368850825;6.58798250304597;25014
-5.50156666666667;48.8391666666667;5.34922332392362;6.60574067238425;25161
-5.49725;48.8430166666667;5.53801956127191;6.83888460905017;25276
-5.49175;48.8479833333333;5.60095124027688;6.91659876050938;25433
-5.48738333333333;48.8519666666667;5.53801956127191;6.83888460905017;25560
-5.48261666666667;48.8562833333333;5.78508848717885;6.8943999880708;25667
-5.4774;48.861;5.66388351944854;6.99431365311274;25837
-5.47265;48.8653333333333;5.60095124027688;6.91659876050938;25938
-5.4644;48.8727833333333;5.66388351944854;6.99431365311274;26167
-5.45953333333333;48.8771333333333;5.72080948100619;6.81779525153614;26289
-5.44396666666667;48.8907666666667;5.7268157986202;7.07202854571609;26721
-5.4202;48.9271166666667;0.655710826584795;9.37710169190186;27688
-5.42178333333333;48.9326833333333;-1.29430986547378;9.20949322817525;27792
-5.4256;48.9390833333333;-3.092897467343;8.98242646819351;27947
-5.43263333333333;48.9481;-3.28339350639675;9.02104951800901;28213
-5.43975;48.95725;-3.31759532502382;9.11501824239117;28439
-5.44846666666667;48.9680833333333;-3.35179746982672;9.20898786293405;28684
-5.4533;48.9741;-3.35179746982672;9.20898786293405;28827
-5.45723333333333;48.9789833333333;-3.38599928845379;9.30295658731621;28973
-5.46135;48.9842;-3.38599928845379;9.30295658731621;29089
-5.46615;48.99035;-3.42020143325669;9.39692620785909;29238
-5.47226666666667;48.9981;-3.19056797577734;9.26608222121666;29432
-5.4897;49.0209833333333;-3.44033245234141;8.96237245050581;30005
-5.50498333333333;49.04125;-3.19056797577734;9.26608222121666;30482
-5.51245;49.0510333333333;-2.18202518422949;9.45138944257044;30728
-5.51875;49.062;-2.20452037547589;9.54882682074165;31018
-5.52285;49.06915;-2.41921895599668;9.70295726275996;31171
-5.526;49.0747666666667;-2.20452037547589;9.54882682074165;31287
-5.53165;49.0849333333333;-2.53642669137052;9.4660732818686;31544
-5.53761666666667;49.0964;-2.09990815657139;9.87929114054513;31780
-5.55468333333333;49.1337166666667;-1.73648177666931;9.84807753012208;32622
-5.55741666666667;49.1399666666667;-1.90808995376545;9.81627183447664;32758
-5.56093333333333;49.1481333333333;-1.94625171644683;10.0125970839356;32961
-5.56401666666667;49.1552833333333;-1.77121137908194;10.0450388928873;33124
-5.577;49.1864333333333;-1.98441347912821;10.2089223333947;33778
-5.57938333333333;49.1923166666667;-1.94625171644683;10.0125970839356;33919
-5.58196666666667;49.1987666666667;-1.94625171644683;10.0125970839356;34067
-5.59073333333333;49.2208833333333;-1.75384666067753;9.94655868109764;34578
-5.59306666666667;49.2268833333333;-1.80594098149456;10.2420002556526;34686
-5.60191666666667;49.2496166666667;-1.96533268877234;10.1107601767415;35176
-5.6086;49.2676;-1.78857626309015;10.1435200438629;35551
-5.61191666666667;49.2765333333333;-1.80594098149456;10.2420002556526;35761
-5.61413333333333;49.2825333333333;-1.98441347912821;10.2089223333947;35872
-5.6164;49.2886333333333;-1.80594098149456;10.2420002556526;36013
-5.6191;49.29605;-2.00349445145372;10.3070854262005;36162
-5.6235;49.3083833333333;-2.00349445145372;10.3070854262005;36419
-5.62536666666667;49.3135666666667;-2.18307275358648;10.270549807705;36542
-5.62775;49.3202166666667;-2.00349445145372;10.3070854262005;36673
-5.62988333333333;49.3263666666667;-2.02257542377923;10.4052485190063;36814
-5.63216666666667;49.3326333333333;-2.40697623857335;10.4257595073557;36941
-5.6345;49.3383166666667;-2.38448126185699;10.3283230584162;37067
-5.637;49.3445166666667;-2.40697623857335;10.4257595073557;37184
-5.6399;49.3521;-2.18307275358648;10.270549807705;37338
-5.64225;49.3583;-2.42947142981975;10.5231968855269;37493
-5.6449;49.36515;-2.40697623857335;10.4257595073557;37628
-5.65123333333333;49.38225;-2.33949087936418;10.1334483020738;37978
-5.65361666666667;49.3885;-2.20386400198027;10.368364940912;38118
-5.65635;49.3954833333333;-2.74348197681835;10.2388141271356;38267
-5.6596;49.4030166666667;-2.71759997357647;10.1422211760352;38409
-5.66241666666667;49.4096;-2.56437218564236;10.285135068664;38574
-5.6652;49.4161666666667;-2.74348197681835;10.2388141271356;38711
-5.66775;49.4222333333333;-2.58856423677351;10.3821640860839;38818
-5.6704;49.4284833333333;-2.56437218564236;10.285135068664;38969
-5.67308333333333;49.4350833333333;-2.38448126185699;10.3283230584162;39093
-5.67785;49.4467333333333;-2.54017990379651;10.188105125898;39382
-5.68516666666667;49.4646833333333;-2.36198607061059;10.230885680245;39721
-5.6876;49.47075;-2.51598762195067;10.0910751831319;39858
-5.70425;49.5133666666667;-2.40697623857335;10.4257595073557;40779
-5.71205;49.5320833333333;-2.61275651861935;10.47919402885;41169
-5.71445;49.5379166666667;-2.79524573647304;10.4319991081577;41294
-5.71935;49.5501166666667;-2.61275651861935;10.47919402885;41537
-5.72295;49.55935;-2.45196640653612;10.6206333344664;41713
-5.73198333333333;49.5831833333333;-2.61275651861935;10.47919402885;42199
-5.73416666666667;49.5890666666667;-2.79524573647304;10.4319991081577;42321
-5.744;49.61345;-2.76936373323116;10.3354061570573;42830
-5.74621666666667;49.6191333333333;-2.58856423677351;10.3821640860839;42977
-5.7719;49.68185;-2.79524573647304;10.4319991081577;44263
-5.77661666666667;49.6938666666667;-2.61275651861935;10.47919402885;44518
