"x";"y";"vx";"vy";"t"
-4.66168;48.696665;-10.8960621107301;-2.11797992146751;0
-4.685085;48.693405;-10.6997359251185;-2.07981797681649;308
-4.714685;48.68918;-10.5231968855269;-2.42947142981975;710
-4.72484666666667;48.6877833333333;-10.5682650559814;-1.67384874609297;849
-4.733775;48.6865566666667;-10.3707275762489;-1.64256188292243;1006
-4.74241833333333;48.6853466666667;-10.4052485190063;-2.02257542377924;1086
-4.75552666666667;48.6835066666667;-10.3404814066282;-1.82330586550277;1275
-4.765525;48.6821;-10.2420002556526;-1.80594098149455;1433
-4.77836166666667;48.6803133333333;-10.3404814066282;-1.82330586550277;1603
-4.79755666666667;48.677695;-10.0450388928873;-1.77121137908193;1873
-4.806055;48.67654;-10.4389625576037;-1.84067074951098;1973
-4.81527166666667;48.6753366666667;-10.2719583654162;-1.62691837674339;2125
-4.81947;48.674785;-9.93857447496306;-2.29450071140142;2167
-4.82905166666667;48.6735383333333;-9.87929114054513;-2.09990815657139;2354
-4.83807;48.6723783333333;-9.97710534091797;-2.12069920668514;2452
-4.846895;48.671285;-9.71810874167082;-1.88900898143994;2562
-4.85576666666667;48.6701666666667;-9.64626326968115;-2.22701535219225;2730
-4.863915;48.6692083333333;-9.42362133555863;-1.83176642840269;2812
-4.87328833333333;48.6680016666667;-9.77811419511866;-1.54870114422327;2975
-4.88213166666667;48.6669283333333;-9.61994658501763;-1.86992819108407;3081
-4.89085;48.665895;-9.65111616735681;-1.70175217425668;3232
-4.899595;48.6648516666667;-9.74959637914652;-1.71911689266109;3352
-4.90754833333333;48.6639183333333;-9.55263501638125;-1.68438729024846;3477
-4.91683166666667;48.6628316666667;-9.61994658501763;-1.86992819108407;3612
-4.924735;48.661975;-9.35567365361598;-1.64965768783584;3723
-4.93324833333333;48.66097;-9.42362133555863;-1.83176642840269;3860
-4.94173166666667;48.6600133333333;-9.1291329932938;-1.7745236933958;4028
-4.94942333333333;48.659205;-9.45415480459154;-1.66702257184405;4111
-4.95761333333333;48.6583566666667;-9.08673254508867;-1.43919704853262;4252
-4.965185;48.6575333333333;-9.15871229085071;-1.61492808542321;4381
-4.974215;48.656595;-8.56782726336904;-1.51073911258153;4509
-4.98115333333333;48.6559166666667;-9.15871229085071;-1.61492808542321;4613
-4.98987833333333;48.6550883333333;-9.15871229085071;-1.61492808542321;4744
-4.99752666666667;48.6543683333333;-8.96175092808544;-1.58019848301059;4875
-5.00494;48.65367;-8.50988393981726;-1.8088316704585;5011
-5.01243833333333;48.652985;-8.88919506535624;-1.40791018536208;5124
-5.02054666666667;48.652305;-8.9328077438348;-1.73636193071442;5244
-5.02868;48.6516616666667;-8.96175092808544;-1.58019848301059;5375
-5.03680333333333;48.6509916666667;-8.9328077438348;-1.73636193071442;5505
-5.04482333333333;48.6503883333333;-8.9328077438348;-1.73636193071442;5643
-5.05224;48.6498016666667;-8.73648155822315;-1.6981999860634;5753
-5.06092;48.6491883333333;-9.1104660435438;-1.28039250228743;5904
-5.068225;48.6486783333333;-8.86326977710987;-1.56283359900237;6005
-5.07590333333333;48.648245;-8.73648155822315;-1.6981999860634;6145
-5.08441166666667;48.6478033333333;-8.70551327339717;-1.85041396896605;6276
-5.09273666666667;48.64742;-8.44199415211096;-1.64095743302615;6440
-5.10091833333333;48.64705;-8.63831940156997;-1.67911919570753;6570
-5.10842333333333;48.64672;-8.09904420449353;-1.28276258349239;6679
-5.11602;48.6464116666667;-8.00027593559382;-1.26711922650088;6810
-5.12319833333333;48.6461283333333;-8.3795829288457;-1.93457915316926;6974
-5.131975;48.6457683333333;-8.61533200917302;-1.2108059518074;7084
-5.13940166666667;48.6455083333333;-7.82518080587044;-1.66329352654208;7210
-5.14618166666667;48.6453166666667;-7.77998134271503;-1.37182062012913;7355
-5.15338166666667;48.6450883333333;-7.58301951035683;-1.3370909349146;7497
-5.16124666666667;48.6448166666667;-7.85301746758131;-1.52647196301236;7612
-5.16861166666667;48.6445766666667;-8.14750580984614;-1.58371469801926;7757
-5.17539666666667;48.6443283333333;-8.11862527265744;-1.72566707344341;7877
-5.18216166666667;48.64408;-7.75485484285181;-1.50739108167167;8019
-5.18949166666667;48.64386;-8.02081013945036;-1.70487582504962;8115
-5.19587333333333;48.64366;-6.99213495246809;-1.23290204487482;8236
-5.20288833333333;48.6434316666667;-7.97694317507323;-1.40655030534366;8376
-5.20949166666667;48.643295;-7.62955147229053;-1.62171122803453;8492
-5.21625666666667;48.642935;-7.27198843006046;-3.08677595232829;8624
-5.22242833333333;48.640935;-5.98672583552848;-4.34961092301987;8763
-5.228505;48.6389983333333;-6.25732145861711;-3.75977804507911;8885
-5.23420333333333;48.637155;-6.02114140183446;-3.76242672551872;9011
-5.24006;48.6353316666667;-6.00017110491478;-3.60526652437038;9133
-5.24559;48.6336933333333;-6.23538274206672;-3.59999990463257;9294
-5.25021166666667;48.6322283333333;-6.02114140183446;-3.76242672551872;9350
-5.25634;48.63027;-6.34303810694147;-3.81128180345226;9499
-5.26205333333333;48.6285383333333;-5.91445445659042;-3.55376276599723;9650
-5.268945;48.6264816666667;-5.7029600219926;-3.70354554198384;9803
-5.27456833333333;48.6247633333333;-5.76672721561603;-3.60345109785987;9921
-5.279615;48.6232616666667;-5.76672721561603;-3.60345109785987;10089
-5.2849;48.62144;-4.97422543533025;-3.35515742082448;10220
-5.28979666666667;48.6194883333333;-5.65214918371447;-3.95767746552273;10315
-5.29491333333333;48.61757;-5.58221733834101;-4.05571829687364;10441
-5.30031833333333;48.6152333333333;-4.11384076329485;-4.90268450901715;10594
-5.30414666666667;48.612345;-4.06756585460782;-4.67919925343176;10690
-5.307605;48.6092883333333;-3.33849146574327;-5.34270316753782;10814
-5.31032333333333;48.606225;-3.37676191321152;-5.19975736129791;10964
-5.31322333333333;48.6030583333333;-3.3992512452885;-5.6573041028881;11059
-5.31583;48.599935;-3.45075500366165;-5.74302075121247;11219
-5.31850166666667;48.5969266666667;-3.39148334162955;-5.4275078962773;11333
-5.32140333333333;48.593655;-3.44447521751583;-5.51231262501677;11463
-5.32402;48.5907883333333;-2.86156407739634;-4.57945980012087;11550
-5.32687666666667;48.5874983333333;-3.34774748691535;-5.57158745456373;11706
-5.32981833333333;48.5841266666667;-3.46699589486105;-5.14003279171489;11819
-5.33263;48.5809383333333;-3.07353183362667;-4.91867911945961;11953
-5.33550666666667;48.577655;-3.69067310957814;-5.47164789980009;12115
-5.33846833333333;48.5744333333333;-3.485689876037;-5.36749171483257;12235
-5.341405;48.571305;-3.19323596620662;-5.31443710086141;12366
-5.34428666666667;48.5682283333333;-3.59461757915835;-5.53522566845794;12470
-5.34706166666667;48.564895;-3.09851226961458;-5.82745402866447;12594
-5.34964666666667;48.5612233333333;-2.95767093509571;-5.56257000342013;12764
-5.35186666666667;48.5581383333333;-3.00581955305719;-5.42264201744378;12863
-5.35688166666667;48.5512233333333;-3.05156515810829;-5.73915935358302;13137
-5.35935;48.547765;-3.1027816158116;-5.59756620910237;13253
-5.362005;48.5441533333333;-2.76934200511532;-5.43513971257604;13405
-5.36470666666667;48.540345;-3.00581955305719;-5.42264201744378;13573
-5.36712833333333;48.53699;-2.95767093509571;-5.56257000342013;13733
-5.36931;48.5339466666667;-2.86377648822164;-5.38598023223501;13837
-5.37186;48.5303466666667;-2.91072359972793;-5.47427490731646;13985
-5.37435166666667;48.5266833333333;-2.81474101179337;-5.52424028002187;14071
-5.37648333333333;48.5236066666667;-2.67406395360704;-5.48264359670924;14244
-5.37875166666667;48.52018;-2.905539241629;-5.70244183977856;14353
-5.38091833333333;48.5167883333333;-2.81682937671535;-5.29768555715356;14465
-5.383175;48.51342;-2.76934200511532;-5.43513971257604;14588
-5.3855;48.5099633333333;-3.1027816158116;-5.59756620910237;14750
-5.387725;48.506555;-2.91072359972793;-5.47427490731646;14843
-5.39034833333333;48.50254;-2.86014023495096;-5.61334127233273;15005
-5.39246333333333;48.4993366666667;-2.95093824830705;-5.79154240722439;15117
-5.39476833333333;48.495895;-2.905539241629;-5.70244183977856;15274
-5.394435;48.4923733333333;0.773510638149249;-7.35946212057022;15361
-5.39333333333333;48.48831;-0.689887847597899;-6.56384441458561;15523
-5.39277166666667;48.4845416666667;-0.47434403476504;-6.78343573203705;15614
-5.39218833333333;48.4808233333333;-0.689887847597899;-6.56384441458561;15732
-5.39156166666667;48.4769033333333;-0.58394345978567;-6.67450428720564;15872
-5.39110666666667;48.4727366666667;-0.601374633270659;-6.87374351183757;16013
-5.390615;48.46901;-0.460392720058728;-6.58392263657972;16126
-5.39007;48.46458;-0.710793570157263;-6.76274907819426;16285
-5.38964;48.4608216666667;-0.710793570157263;-6.76274907819426;16379
-5.38918;48.457035;-0.592659067307713;-6.77412413703293;16526
-5.389;48.4551416666667;-0.731699242873571;-6.96165326757791;16560
-5.38851833333333;48.4510266666667;-0.601374633270659;-6.87374351183757;16686
-5.38805333333333;48.4469733333333;-0.840898481117886;-6.8485685409817;16872
-5.39273;48.4458333333333;-7.44409613730992;-0.914020075538604;16985
-5.399315;48.4465;-7.21012507473111;-1.14197162463119;17124
-5.40542666666667;48.4467066666667;-7.16587862639847;-1.39290570264271;17252
-5.41194666666667;48.4465;-6.25352381698513;-2.91606604631485;17372
-5.41718;48.4455366666667;-5.61334127233272;-2.86014023495096;17458
-5.42337;48.444545;-6.11179968626569;-2.98092388177839;17603
-5.42725166666667;48.4452483333333;-4.60749777621622;4.14860963179838;17714
-5.42942333333333;48.448305;-3.27081529496901;2.12409228849943;17852
-5.43101;48.4504733333333;-3.5383276426634;1.0817753214155;18028
-5.43406833333333;48.4524833333333;-4.61405632385005;1.32305936049525;18121
-5.43688333333333;48.4546016666667;-3.10098560378546;1.12866645666591;18301
-5.43828166666667;48.4568416666667;-2.85356495791638;1.21126646105372;18486
-5.43896333333333;48.4591033333333;-2.64229634306812;2.13968938958612;18600
-5.43907166666667;48.4612166666667;-2.29620660146678;2.6414835307797;18740
-5.438775;48.4633166666667;-1.79999995231629;3.11769137103336;18858
-5.43802333333333;48.4658066666667;-1.19707050163984;3.28892417275068;19024
-5.43727333333333;48.467685;-0.905866657858822;3.38074039201174;19133
-5.43645333333333;48.4697183333333;-0.787328690203529;3.41029522674832;19271
-5.43551;48.471705;-0.706899768608388;3.32570193577836;19413
-5.43455833333333;48.4736483333333;-0.305045099616804;3.48668144332111;19530
-5.433095;48.4756966666667;0.287613946911362;3.2874424562005;19692
-5.43163;48.477535;0.305045099616804;3.48668144332111;19857
-5.43019333333333;48.47947;0.547520627640808;3.45690919208298;19993
-5.428525;48.4814533333333;0.82253446811034;3.299005561873;20092
-5.42708333333333;48.4831933333333;0.607768621834256;3.44682713554273;20244
-5.42445666666667;48.4868933333333;0.607768621834256;3.44682713554273;20462
-5.42286833333333;48.4891416666667;0.547520627640808;3.45690919208298;20615
-5.42146833333333;48.4912016666667;0.438729624636165;3.57316605125218;20746
-5.42008833333333;48.493325;0.31376066557975;3.58630081812575;20868
-5.41846166666667;48.49588;0.244147658104439;3.49147417590938;21092
-5.41714666666667;48.4977916666667;0.426542701918016;3.47391153074463;21180
-5.41553833333333;48.500165;0.305045099616804;3.48668144332111;21360
-5.41410666666667;48.5021483333333;0.355396785078633;3.38137453909713;21519
-5.412875;48.5038433333333;0.305045099616804;3.48668144332111;21610
-5.411125;48.5068233333333;0.487105853360229;3.4659382405955;21810
-5.40990166666667;48.50867;0.230196360029366;3.29196131828986;21900
-5.408825;48.5103316666667;0.278898380948416;3.18782308139585;22038
-5.40748833333333;48.5122766666667;0.344943923798951;3.2819222072928;22161
-5.40597166666667;48.5143883333333;0.237172017382522;3.39171786601852;22314
-5.40464;48.5166616666667;0.115168337454116;3.29798968150835;22493
-5.40333166666667;48.5187183333333;0.278898380948416;3.18782308139585;22600
-5.40170333333333;48.5209866666667;0.223220719307449;3.192205008399;22779
-5.40046833333333;48.5227066666667;0.270182794205921;3.08820346907988;22924
-5.399225;48.524345;0.16224145936198;3.09575146250245;23043
-5.398145;48.5259483333333;0.270182794205921;3.08820346907988;23154
-5.396915;48.52765;0.270182794205921;3.08820346907988;23317
-5.39568;48.5293533333333;0.278898380948416;3.18782308139585;23451
-5.39447666666667;48.531025;0.270182794205921;3.08820346907988;23543
-5.39322666666667;48.53265;0.484946826705963;3.06183376165163;23679
-5.39232166666667;48.5338016666667;0.431436599703622;3.06983091865955;23804
-5.39108833333333;48.5352783333333;0.417519302880196;2.97080420622471;23885
-5.38983666666667;48.5368883333333;0.469303395120693;2.96306502178541;24046
-5.388565;48.5384483333333;0.602943923199506;2.83662813541146;24139
-5.38720166666667;48.5399683333333;0.572426986129634;2.94488155034299;24283
-5.38584333333333;48.5414783333333;0.602943923199506;2.83662813541146;24399
-5.38463666666667;48.5429066666667;0.652358079050213;2.82567328080035;24564
-5.383285;48.5443433333333;0.701573520310506;2.813857698735;24648
-5.38207833333333;48.5457283333333;0.582152724375724;2.73881323541294;24769
-5.380765;48.5472166666667;0.677381296143335;2.71682798730548;24923
-5.379485;48.5484833333333;0.789403616692759;2.58202288670036;25020
-5.37809833333333;48.5499016666667;0.750575255480218;2.80118498835616;25148
-5.37676833333333;48.551155;0.818640759282294;2.67765327109633;25316
-5.37528666666667;48.5525666666667;0.991858448262022;2.72510868989521;25444
-5.37395333333333;48.5538183333333;0.818640759282294;2.67765327109633;25544
-5.37252666666667;48.555155;0.889252340029156;2.44320072442729;25673
-5.37080666666667;48.5566433333333;1.0114378200856;2.5033964515419;25800
-5.36933;48.557795;1.13886258121753;2.55792723783804;25920
-5.36759833333333;48.5591666666667;1.09592786697269;2.24698511574792;26080
-5.36617833333333;48.5602933333333;1.0988074402218;2.35640015986304;26213
-5.36445333333333;48.5615266666667;1.29999995231628;2.25166596724892;26363
-5.362815;48.5626533333333;1.17367890696473;2.20736898214732;26481
-5.36119666666667;48.563715;1.28759518727514;2.14291825175528;26614
-5.35920833333333;48.5650033333333;1.30713373597689;2.01280944305088;26757
-5.35764666666667;48.565955;1.28759518727514;2.14291825175528;26913
-5.35581;48.5670216666667;1.39798225867687;2.0725939313876;27027
-5.35425;48.5678966666667;1.28614365131832;1.906786377345;27143
-5.35257333333333;48.5687966666667;1.34206302165858;1.98969025319528;27283
-5.35135333333333;48.5694116666667;1.3519060522449;1.86073904848544;27351
-5.34928166666667;48.5703833333333;1.46946313073118;2.02254248593737;27509
-5.34753333333333;48.57126;1.51036899853628;1.86515038161114;27639
-5.34581833333333;48.57206;1.47758759949563;1.89122588380669;27833
-5.34406333333333;48.5728666666667;1.47841147162854;1.7619021826458;27889
-5.34243333333333;48.573605;1.53900036271874;1.7092330631621;28021
-5.34068333333333;48.574345;1.44332989506245;1.66036111247746;28155
-5.33904166666667;48.575015;1.5977142189318;1.6544815064781;28275
-5.33710166666667;48.5757916666667;1.53900036271874;1.7092330631621;28415
-5.335445;48.5763516666667;1.7092330631621;1.53900036271874;28563
-5.33327333333333;48.57692;1.66036111247746;1.44332989506245;28684
-5.33120666666667;48.57742;1.81242469572018;1.41602136389199;28823
-5.32997333333333;48.5776683333333;0.264884288383234;0.140841474432304;28948
-5.33068833333333;48.5771783333333;0.644353386443435;0.273511785284614;29102
-5.3298;48.5772766666667;1.73583199852502;1.50893573539483;29224
-5.32809833333333;48.57803;1.13308378936105;1.88576810241757;29337
-5.327015;48.578635;0.391435025763424;0.580326290905631;29462
-5.32498166666667;48.5793416666667;2.91436890413303;1.75112950381204;29595
-5.32061333333333;48.5797733333333;5.81036583669061;1.02452426479527;29714
-5.31496166666667;48.5801283333333;6.01583331784196;1.499915706575;29832
-5.31817666666667;48.580535;-7.4339216722935;1.58012883038696;29955
-5.325125;48.5814233333333;-7.84169881649623;2.39744792296096;30105
-5.332565;48.5826383333333;-7.88106276381769;3.18415604403525;30236
-5.33991833333333;48.583905;-8.26685095176178;2.3704813651735;30350
-5.347505;48.58511;-8.15048373057993;2.03214383075133;30506
-5.35485333333333;48.58635;-7.84169881649623;2.39744792296096;30623
-5.36400333333333;48.5877816666667;-8.30696247455745;2.22584388661331;30749
-5.37110333333333;48.588855;-8.1285904256858;2.48515949014326;30869
-5.37575333333333;48.5896316666667;-8.30696247455745;2.22584388661331;30953
-5.38257;48.590765;-7.98887437408002;2.59574263486893;31071
-5.39029833333333;48.592075;-7.60845213036123;2.47213595499958;31213
-5.39431166666667;48.5905616666667;-3.4528311788287;-3.33436031069876;31335
-5.39632666666667;48.5894;-2.02254248593737;-1.46946313073118;31472
-5.398695;48.5880383333333;-3.34590098528492;-3.84901878716142;31586
-5.401855;48.5853083333333;-3.63240276313543;-4.64926352143022;31720
-5.40442666666667;48.5830966666667;-2.43130429660649;-2.51768930118528;31845
-5.40627;48.582015;-2.22943447643218;-2.00739181907658;31960
-5.40807166666667;48.580835;-2.42705098312484;-1.76335575687742;32096
-5.41023833333333;48.5796616666667;-2.17600865502231;-1.76209706493121;32238
-5.41216166666667;48.578445;-2.22290681859268;-2.30188739538448;32363
-5.41157833333333;48.5778266666667;-2.83683863783364;-2.21638125245832;32625
-5.41026166666667;48.5788733333333;-0.404508497187474;-0.293892626146237;32750
-5.41261833333333;48.578215;-2.88896471947059;0.252751662280027;32878
-5.41490333333333;48.578295;-1.52824844813369;1.58254759504583;32999
-5.41628666666667;48.578895;-0.854146911669751;1.91844537392698;33143
-5.41741833333333;48.57953;-1.67734113589085;1.08927807003005;33263
-5.41932166666667;48.5798316666667;-1.70972115226254;1.38450489031798;33406
-5.42130166666667;48.5802766666667;-3.00791665892098;0.749957853287499;33509
-5.42416833333333;48.57992;-3.07689297543152;-0.37779495293359;33648
-5.426825;48.5790816666667;-2.83683863783364;-2.21638125245832;33795
-5.42923666666667;48.57795;-2.4091524064022;-1.95089315223783;33893
-5.43149833333333;48.57669;-2.13968938958612;-2.64229634306812;34023
-5.433155;48.5751783333333;-1.8656265143778;-2.47577000498279;34144
-5.43477666666667;48.573855;-1.40841468835767;-2.64884277857678;34280
-5.436035;48.5724233333333;0.167415543638397;-2.3941538157587;34390
-5.43527;48.5707716666667;1.72641558941435;-1.66718015534938;34521
-5.43491;48.5702816666667;1.62490059120731;-2.1563159152096;34587
-5.43523;48.5676066666667;-1.79229862631501;-5.51612797591152;34686
-5.43745833333333;48.5638616666667;-0.779963809415312;-6.35229546516104;34845
-5.438885;48.5610883333333;-1.38290462524715;-3.10605464310733;34965
-5.440385;48.5594883333333;-1.69962562264425;-2.82865205144405;35082
-5.44189166666667;48.5576833333333;-1.4235782507653;-3.1974091017491;35255
-5.44321;48.55593;-0.994063823940042;-3.25143626147465;35383
-5.44450833333333;48.5539166666667;-0.905866657858821;-3.38074039201174;35484
-5.44557166666667;48.5519266666667;-0.964730745359496;-3.36441593578412;35599
-5.44652;48.5499366666667;-0.183175846850302;-3.49520337164101;35783
-5.44720166666667;48.5478633333333;-0.188409437483451;-3.59506622987973;35925
-5.44780166666667;48.545535;-0.177942256217154;-3.39534051340228;36006
-5.44840333333333;48.54358;-0.129128139463391;-3.69774610762532;36147
-5.448845;48.5416733333333;0.355396785078634;-3.38137453909713;36263
-5.44939666666667;48.5398166666667;-0.172708653106141;-3.29547741707173;36383
-5.45001833333333;48.5379466666667;-0.111678391112141;-3.19805069411577;36532
-5.450525;48.5359433333333;4.04133437879056e-16;-3.29999995231628;36626
-5.45098333333333;48.533895;0.846726634598837;-3.39603504196599;36762
-5.45072166666667;48.529595;1.34223090275543;-3.01469996665934;37054
-5.45025666666667;48.5275533333333;1.32848587412656;-3.12971658952448;37172
-5.44992666666667;48.5254066666667;1.3946402435923;-2.99081565400482;37301
-5.449555;48.5235866666667;1.64835275507259;-2.97370708768418;37422
-5.44930166666667;48.521475;0.82253446811034;-3.299005561873;37559
-5.44919;48.519585;0.879984778031479;-3.2841479015007;37724
-5.44920333333333;48.5175966666667;0.742338468608252;-3.21542116732969;37842
-5.44891666666667;48.515645;1.64835275507259;-2.97370708768418;37973
-5.448515;48.513915;1.25033962979719;-2.9456155749409;38075
-5.44835666666667;48.5125233333333;1.23620174040988;-3.05970667585883;38156
-5.44806166666667;48.51044;1.35237845772225;-2.9001849617334;38300
-5.44780166666667;48.5085683333333;1.28941270538309;-3.03766597249996;38442
-5.44759833333333;48.5064483333333;1.23620174040988;-3.05970667585883;38558
-5.447435;48.50468;1.19874111679355;-2.96698837882529;38673
-5.44723166666667;48.502735;1.07437489418432;-3.12021125439191;38811
-5.44699;48.5008266666667;1.0418181097872;-3.02565948700365;38943
-5.44687166666667;48.4990283333333;1.21126646105373;-2.85356495791638;39059
-5.44689;48.497055;1.10693175620293;-3.21476324720935;39183
-5.44683666666667;48.4950533333333;1.23620174040988;-3.05970667585883;39322
-5.44677833333333;48.4929833333333;1.0418181097872;-3.02565948700365;39459
-5.44679833333333;48.4910066666667;1.07437489418432;-3.12021125439191;39593
-5.446675;48.488845;1.0418181097872;-3.02565948700365;39765
-5.44673;48.4868733333333;1.01975606670225;-3.1384864584241;39903
-5.44674666666667;48.4847866666667;0.854102836496866;-3.18755518069499;40000
-5.44685833333333;48.4828383333333;0.742338468608252;-3.21542116732969;40173
-5.447;48.4810066666667;0.686108569784604;-3.22788703577985;40250
-5.44734;48.47918;0.719843384626869;-3.11798425377434;40433
-5.44752333333333;48.4772533333333;0.937167036064626;-3.26828985786334;40511
-5.44790666666667;48.4742716666667;0.500590295588116;-3.16060273700109;40735
-5.44790666666667;48.4723783333333;1.08635915663141;-2.68883326666683;40850
-5.447815;48.47152;1.2678547852221;-2.71892336110995;40923
-5.447795;48.4693883333333;1.14677745563328;-2.98745740930763;41074
-5.447845;48.4675833333333;1.22559299935205;-2.62829266883853;41211
-5.447735;48.4657933333333;1.19874111679355;-2.96698837882529;41327
-5.44747;48.4639933333333;0.906352256757746;-2.96454465228508;41447
-5.44744333333333;48.462185;1.1109406094138;-2.89409923310816;41568
-5.44713166666667;48.46041;1.0751038486359;-2.80074127949161;41686
-5.44687166666667;48.4586116666667;1.2202099292274;-2.7406363729278;41804
-5.4465;48.4569933333333;1.31657249254059;-2.58391900511927;41913
-5.44608833333333;48.4552316666667;1.31511344036723;-2.6963821388975;42110
-5.445625;48.4534566666667;1.36197149921864;-2.6730195725651;42223
-5.445165;48.4518816666667;1.5794532534844;-2.43214472702359;42303
-5.44468166666667;48.4501483333333;1.5657401030537;-2.32130516362252;42481
-5.44396;48.4485416666667;1.58702020921746;-2.18434592338929;42549
-5.443385;48.446825;1.39999997615814;-2.42487108930112;42743
-5.44279333333333;48.4453833333333;1.32479816058301;-2.12012024039106;42871
-5.442065;48.4438533333333;1.47052542051099;-2.26441057344357;42993
-5.44121666666667;48.4421933333333;1.6622860127363;-2.12762907231343;43115
-5.44062833333333;48.4406466666667;1.18333111272195;-2.5376617604865;43225
-5.440155;48.4390183333333;0.879034032558623;-2.55290019920399;43367
-5.43979833333333;48.4375533333333;1.09404714113846;-2.57741354577374;43488
-5.439415;48.4361233333333;1.48377391458445;-2.37453462879991;43573
-5.43880833333333;48.4346416666667;1.05654565435175;-2.26576946759162;43699
-5.438265;48.4330633333333;0.923454403288097;-2.53717012092999;43848
-5.43783833333333;48.4314433333333;0.923454403288097;-2.53717012092999;44023
-5.437355;48.42991;1.0114378200856;-2.5033964515419;44123
-5.43696;48.4284183333333;0.976827821223185;-2.3012621336311;44243
-5.43657333333333;48.4272966666667;0.824246266865875;-2.14723493642698;44364
-5.43620833333333;48.4259216666667;0.855050358314172;-2.34923155196477;44543
-5.435705;48.4244;0.976827821223185;-2.3012621336311;44643
-5.43517333333333;48.4229533333333;0.781363601745776;-2.26924467161004;44793
-5.434915;48.4215283333333;0.744220873849312;-2.59540662486999;44928
-5.43467666666667;48.419955;0.672929492583647;-2.51140705623371;45072
-5.434315;48.4185616666667;0.468850087980902;-2.65898098009225;45133
-5.434035;48.4170366666667;0.457405729713072;-2.15192476825608;45219
-5.43376;48.41561;0.689093389542499;-2.4031542398458;45392
-5.43331666666667;48.4141566666667;0.595283791394345;-2.22162935440592;45494
-5.43344666666667;48.4142666666667;0.458861155918401;-0.655321645196247;45649
-5.433225;48.41429;1.03923052583664;-0.600000023841858;45733
-5.432335;48.4140866666667;1.09849251203921;-0.0575695531150244;45903
-5.43059666666667;48.4139966666667;2.66946416279826;-1.13312030988192;46003
-5.42933833333333;48.4127;-3.08580220078176;-1.85413702055834;46144
-5.432185;48.4099416666667;-2.81189588989885;-5.07279446822897;46294
-5.433745;48.4079983333333;-1.67757871041224;-2.48711271766513;46361
-5.43533833333333;48.4069533333333;-1.14999997615814;-1.9918583874089;46491
-5.436765;48.40657;-1.44168180390401;-0.900862774464968;46623
-5.43809666666667;48.4063216666667;-0.82053533256445;-1.93306010446394;46773
-5.43943333333333;48.40543;-1.73664592614749;-1.79834950084663;46942
-5.442425;48.4040183333333;-3.38089692438848;-3.26489420866172;47009
-5.44546;48.40256;-2.29813332935693;-1.92836282905962;47150
-5.44761;48.40225;-1.75699816018595;-1.32399307963128;47279
-5.44945;48.4020683333333;-2.0398045242585;-0.824134523377641;47439
-5.45203333333333;48.4019083333333;-2.42730901985956;-0.931756634641151;47545
-5.455045;48.4017533333333;-3.03766597249996;-1.28941270538309;47692
-5.45718333333333;48.4020316666667;-2.02844414308918;-0.543519970032386;47809
-5.45941166666667;48.402905;-2.45406795861916;0.477022488441361;48025
-5.45854166666667;48.403245;-1.29805737428772;0.52444922185096;48165
-5.45805;48.40385;-1.45878251171611;1.51061351210958;48275
-5.4569;48.4059616666667;4.01040506972518;0.85243791252481;48426
-5.45387166666667;48.4056566666667;1.3946402435923;-2.99081565400482;48540
-5.451675;48.4042983333333;1.78399191620024;-3.3552008107617;48661
-5.44980833333333;48.4025166666667;1.73273483283285;-3.71586184041802;48845
-5.448295;48.4013933333333;1.05983852846641;-1.69609619231285;48947
-5.44682;48.4007133333333;1.08979521539186;-1.55638886461898;49053
-5.44548;48.4004716666667;1.02441394211346;-0.800359888566329;49163
-5.44294333333333;48.3997066666667;2.2671964052721;-2.11419485115331;49315
-5.440825;48.3990566666667;1.45878251171611;-1.51061351210958;49423
-5.43891833333333;48.3988366666667;1.55638886461898;-1.08979521539186;49549
-5.437235;48.3992783333333;1.7077086665395;-0.832905168447665;49693
-5.435515;48.3995083333333;1.16843221733108;-0.569882469922636;49823
-5.43259166666667;48.3994;3.28876356039088;-1.46425187628345;49941
-5.42984166666667;48.3994566666667;2.33686443466215;-1.13976493984527;50103
-5.42742;48.3996166666667;2.4106779334505;-0.973977107156103;50253
-5.424805;48.399925;2.68883326666683;-1.08635915663141;50392
-5.422435;48.4003166666667;2.33848824840774;-0.53988255187828;50527
-5.42042666666667;48.4008066666667;1.49977154273459;0.0261786096559251;50633
-5.42079833333333;48.4015983333333;1.24964015888329;0.358328549418686;50743
-5.41986166666667;48.4025366666667;3.02054710791106;-0.697348247012977;50858
-5.41708833333333;48.402125;0.909603261052686;-3.17216355075992;51007
-5.41560333333333;48.4005866666667;0.677227909461409;-3.8407503306662;51165
-5.41473833333333;48.3987;0.230196360029366;-3.29196131828986;51246
-5.41381666666667;48.3976383333333;0.104671912485888;-1.99725906950915;51395
-5.41296;48.3968316666667;0.125561649413178;-1.79561524290012;51523
-5.41178333333333;48.39582;0.183027051458264;-2.09200877098814;51703
-5.41035166666667;48.3949016666667;0.312566711520284;-1.77265390846268;51775
-5.40939833333333;48.3938866666667;0.280299484020656;-2.28285610144675;51913
-5.408535;48.3929466666667;0.240415460531298;-2.28740031192453;52023
-5.40754;48.392065;0.229962624173144;-2.1879482172327;52157
-5.40663666666667;48.3911233333333;0.183027051458264;-2.09200877098814;52279
-5.40587666666667;48.3902166666667;0.198604077716389;-1.88959157748847;52445
-5.40520166666667;48.38927;-0.0628190924003639;-1.7989034409797;52574
-5.40451833333333;48.3883916666667;0.0593291460583889;-1.69896445358713;52654
-5.403845;48.3876833333333;0.0732703374923349;-1.39808132484722;52793
-5.402655;48.3868883333333;0.0383894472048196;-1.09932993354834;52943
-5.40156166666667;48.3861683333333;0.362537086666194;-1.86509162514675;53047
-5.400295;48.3854083333333;0.156880332789876;-1.79315040906288;53181
-5.39894666666667;48.3846433333333;0.427406997890092;-1.85130309986115;53337
-5.39768666666667;48.3839566666667;0.551274711633999;-1.92252339187664;53443
-5.39619666666667;48.3833616666667;0.710739072327301;-2.18742994212894;53583
-5.39422666666667;48.3827433333333;1.05209079410012;-2.15710579683368;53699
-5.39222833333333;48.3825;1.28759518727514;-2.14291825175528;53839
-5.38978;48.3822883333333;1.57330097762459;-1.94286490364243;53963
-5.38706166666667;48.3823283333333;2.05060973287595;-2.05060973287595;54113
-5.38453666666667;48.382575;2.57001639585745;-1.73349794743052;54220
-5.38177666666667;48.383015;2.78626145781174;-1.35895051323981;54362
-5.380875;48.3844333333333;2.3941538157587;0.167415543638397;54561
-5.38085166666667;48.3857583333333;1.97148475074194;1.1845875477342;54640
-5.37961;48.38748;1.56859619562353;1.68211347885043;54748
-5.37792;48.3892666666667;1.39994312626297;4.06573005542042;54909
-5.37754166666667;48.392125;-4.42180370964321;1.26793181047137;55008
-5.379795;48.3936816666667;-3.47391153074463;-0.426542701918015;55151
-5.39066;48.3948416666667;-6.1818673559185;-2.00861046343716;55412
-5.39672666666667;48.39503;-6.79207008393197;-1.69345326919767;55531
-5.40257333333333;48.3947633333333;-6.61863002919522;-2.2789770812001;55654
-5.40908333333333;48.394355;-6.46718449220668;-2.10131562068996;55827
-5.41468;48.3941216666667;-6.14587074139556;-2.11619300397152;55931
-5.42272333333333;48.3935266666667;-6.58300527900105;-2.65970677752771;56083
-5.42846;48.3931366666667;-6.30485038790044;-2.54732490667874;56251
-5.43506166666667;48.3927166666667;-6.7657866904264;-2.46254496670965;56383
-5.44121666666667;48.3922433333333;-6.37207847777789;-2.07041380337183;56514
-5.44694166666667;48.3918916666667;-6.0867617949888;-1.97770879346982;56603
-5.45301666666667;48.3914583333333;-6.16738234255898;-2.61789848635209;56752
-5.4591;48.3909516666667;-6.85975631096927;-2.49674711151255;56883
-5.46467333333333;48.390655;-6.20989274070099;-1.54830015490934;56998
-5.47034;48.39032;-6.47170285190103;-1.73408755282107;57095
-5.47591333333333;48.390005;-6.21213164875119;-2.50986410443607;57259
-5.48217;48.389635;-5.48127274585561;-2.4404198584548;57367
-5.48816166666667;48.3885366666667;-5.42264201744378;-3.00581955305719;57519
-5.49314166666667;48.3874533333333;-5.4275078962773;-3.39148334162955;57646
-5.49917166666667;48.3862516666667;-5.51010432179867;-3.05430070002202;57777
-5.505285;48.3848166666667;-5.97557536870324;-3.45000004768372;57899
-5.51016833333333;48.3836716666667;-5.28362473801989;-3.43122602447632;58039
-5.51535833333333;48.3825583333333;-4.91867911945961;-3.07353183362667;58175
-5.52073;48.3814166666667;-5.6573041028881;-3.3992512452885;58296
-5.526595;48.3798966666667;-5.71576758238667;-3.29999995231629;58437
-5.53298666666667;48.3783266666667;-5.48587080623936;-3.29624372854221;58600
-5.54176666666667;48.3761283333333;-5.89100061573822;-2.74701870131455;58803
-5.54782333333333;48.37458;-5.22872045253704;-3.14173220783347;58977
-5.5566;48.3724483333333;-5.36935733828228;-3.09999990463257;59161
-5.56263833333333;48.37099;-5.65086467850158;-3.004618046602;59323
-5.56753333333333;48.369845;-5.54256266681102;-3.20000004768372;59421
-5.57645;48.3676416666667;-5.36935733828228;-3.09999990463257;59633
-5.58241833333333;48.366225;-5.34270316753782;-3.33849146574327;59793
-5.587825;48.3648883333333;-4.89132175713793;-3.2992381838062;59925
-5.59306833333333;48.3636516666667;-5.8023700401745;-3.34999990463257;60038
-5.59858833333333;48.3624433333333;-5.53522566845794;-3.59461757915835;60204
-5.60786166666667;48.3603066666667;-5.59711735375624;-3.49746709340211;60403
-5.61470833333333;48.3587616666667;-4.89132175713793;-3.2992381838062;60553
-5.62000833333333;48.3575466666667;-5.6573041028881;-3.3992512452885;60683
-5.62545666666667;48.3562333333333;-5.48587080623936;-3.29624372854221;60813
-5.63120166666667;48.3549466666667;-5.16783801023854;-2.63314498508119;60983
-5.64328166666667;48.352085;-5.88897291091542;-3.40000009536743;61233
-5.62680833333333;48.4299083333333;1.6622860127363;2.12762907231343;69868
-5.596365;48.4687483333333;0.503273599791474;0.746133795533741;73985
-5.59483;48.4694683333333;1.02299754009375;1.09703055242876;74176
-5.59228166666667;48.4710783333333;1.3946402435923;2.99081565400482;74334
-5.59320833333333;48.4753766666667;-0.548412045323167;4.46645768238595;74564
-5.59467166666667;48.4773816666667;-3.66399190156347;-0.514940480188531;74670
-5.59759166666667;48.4764366666667;-2.82543233925079;-1.502309023301;74823
-5.59928;48.47605;-1.73027100685244;-0.496147227327185;74965
-5.60128;48.47557;-1.97002688401681;-1.53915368831415;75063
-5.602955;48.4737016666667;-1.75829007820173;-4.14227184053598;75183
-5.60433833333333;48.47096;-1.88499601480569;-3.86481457051778;75324
-5.605645;48.4691433333333;-1.26088355474555;-2.83199083156958;75444
-5.60729;48.4671366666667;-1.08635915663141;-2.68883326666683;75618
-5.60856833333333;48.4656083333333;-1.40594794494943;-2.53639723411448;75754
-5.60981833333333;48.4641133333333;-0.800000011920929;-1.38564066670276;75904
-5.61116166666667;48.4624383333333;-1.31452035341435;-2.47225321790277;76048
-5.61201333333333;48.461685;-0.360526646297306;-0.600017100273248;76135
-5.61258833333333;48.4604133333333;-0.651136308914314;-1.89103715119863;76272
-5.61326333333333;48.45906;-0.907980999479092;-1.78201304837674;76393
-5.6145;48.457605;-1.13497624934887;-2.22751631047092;76564
-5.61604333333333;48.456015;-1.45442886073901;-2.62385912141819;76695
-5.61877166666667;48.453105;-1.13308378936105;-1.88576810241757;76932
-5.62009;48.4515233333333;-0.647047612756301;-2.41481456572267;77128
-5.62042333333333;48.450175;-0.494892330283005;-2.1436141889891;77248
-5.62043166666667;48.4489533333333;0.139512947488251;-1.99512810051965;77402
-5.62107;48.4473533333333;-0.526269054559556;-1.7213485151333;77513
-5.62162;48.4462183333333;-0.847877971578674;-2.77328388349313;77673
-5.62238666666667;48.44438;-0.417519302880197;-2.97080420622471;77766
-5.62284833333333;48.4425966666667;-0.389981904707656;-3.17614773258052;77914
-5.62328166666667;48.4405883333333;-0.162241459361979;-3.09575146250245;78065
-5.62323833333333;48.4386983333333;0.118658292116778;-3.39792890717426;78182
-5.62323833333333;48.436625;3.67394039744206e-16;-3;78322
-5.62300666666667;48.43488;0.520944533000791;-2.95442325903662;78443
-5.62234333333333;48.4330933333333;0.365849621436788;-3.48082663378896;78606
-5.62174166666667;48.4315833333333;0.457941607100672;-2.35590533388966;78703
-5.62100333333333;48.4302433333333;0.555674176814367;-3.15138485659836;78841
-5.62038833333333;48.42858;0.486214889187214;-2.75746166147489;78985
-5.61930666666667;48.42678;0.976827821223185;-2.3012621336311;79126
-5.61832166666667;48.42504;0.936516483539781;-2.31795963641697;79290
-5.61736833333333;48.4232166666667;1.08635915663141;-2.68883326666683;79454
-5.61592333333333;48.420905;1.31511344036723;-2.6963821388975;79624
-5.61403333333333;48.41823;1.18037525602691;-2.31661687791675;79863
-5.61283;48.41605;1.6904730469628;-3.6252311481466;80002
-5.61177;48.4141733333333;1.17953630370925;-2.64928191428603;80142
-5.61071;48.4119083333333;1.33387859158769;-3.66480131068111;80269
-5.610435;48.4112266666667;1.16128040386406;-2.8742698607339;80313
-5.609395;48.4092483333333;0.889252340029156;-2.44320072442729;80483
-5.60860666666667;48.4071483333333;1.18261421641118;-3.08081536292418;80655
-5.60776166666667;48.4057483333333;0.896149313157505;-2.75806398795576;80746
-5.60672833333333;48.4026416666667;1.29787131743447;-3.99443718704001;80935
-5.606065;48.4007933333333;1.02606042997701;-2.81907786235772;81037
-5.60537166666667;48.3991866666667;0.826912067450999;-2.88378508781496;81183
-5.604625;48.39719;0.802339015134908;-2.99436996937825;81323
-5.60413833333333;48.395355;0.95795265309218;-2.94827510981516;81441
-5.60357833333333;48.3934816666667;0.976704463371471;-2.83655572679795;81579
-5.60291333333333;48.3915166666667;0.776457135307563;-2.8977774788672;81694
-5.602315;48.3892733333333;1.2202099292274;-2.7406363729278;81883
-5.60194333333333;48.3873333333333;0.503579731794478;-2.85594257765399;81973
-5.60157166666667;48.3856383333333;0.623735072453278;-2.93444280220142;82082
-5.60098833333333;48.3836316666667;0.7499578532875;-3.00791665892098;82252
-5.600485;48.3818516666667;0.417519302880197;-2.97080420622471;82350
-5.59986833333333;48.3792583333333;0.809823774184909;-3.50773214030368;82534
-5.59955333333333;48.3780116666667;0.204599516148804;-0.219406119204167;82648
-5.600275;48.3786366666667;1.62165947339396;-2.4042090394728;82878
-5.60184166666667;48.3804066666667;0.219364812318082;-1.78658302562609;83023
-5.60214833333333;48.37807;-0.59715979430759;-4.86347623769905;83202
-5.60195;48.376;1.28759518727514;-2.14291825175528;83359
-5.60048333333333;48.374815;2.13252282129204;-0.861595146993963;83490
-5.59970666666667;48.3723766666667;-1.6269465723032;-3.6541818305704;83683
-5.59789166666667;48.3687783333333;6.37389623640336;-4.13925661417338;83823
-5.59224833333333;48.3650566666667;6.0617386475932;-4.90869917022207;83943
-5.586635;48.3643183333333;2.10131562068996;6.46718449220668;84114
-5.58295833333333;48.36908;1.98458890930874;6.92108402740978;84268
-5.56825666666667;48.3864683333333;1.83761519554499;6.85807327453452;84996
-5.55681833333333;48.400835;2.81326405059672;6.6276347692852;85468
-5.55258166666667;48.4064283333333;2.88783012704875;6.48617266213998;85683
-5.54900833333333;48.411175;3.00985119755035;6.76023647367773;85883
-5.54411666666667;48.41742;2.65970677752771;6.58300527900105;86074
-5.54119666666667;48.4214933333333;3.65644297374615;5.85153194435551;86213
-5.538585;48.42502;3.54999995231628;6.1487802842789;86303
-5.53532833333333;48.4288016666667;2.9583278321849;6.34415450925655;86427
-5.532345;48.432885;2.80954945061934;6.95387890925091;86549
-5.52876;48.4373766666667;3.75;6.49519052838329;86705
-5.52564666666667;48.441325;3.22333250485487;6.32614623676441;86874
-5.52146;48.4469033333333;3.70827404111667;6.17160440156352;87002
-5.51867666666667;48.4505866666667;3.79999995231628;6.58179298617112;87133
-5.51330833333333;48.4577683333333;3.16963696305525;6.79730840277487;87357
-5.50962166666667;48.46234;3.49062917330353;6.29726172458318;87543
-5.50659;48.46638;3.4049287480466;6.68254893141276;87668
-5.503805;48.47015;3.49572676140269;6.86075006630443;87796
-5.50031;48.475035;3.7330339834267;6.73457157815288;87933
-5.49786833333333;48.47823;2.93048346366955;6.9037864008933;88058
-5.49434833333333;48.48312;3.66187827927454;6.88699139270852;88206
-5.49105833333333;48.4872666666667;4.24986601304889;6.30068547235513;88304
-5.48797166666667;48.490945;3.59999990463257;6.23538274206672;88448
-5.48403666666667;48.49622;3.78151513039153;6.82203388250776;88604
-5.48067833333333;48.50047;3.37545774666324;6.92071398507223;88736
-5.477715;48.50418;3.26873151153292;6.41524680421024;88854
-5.47461833333333;48.5078683333333;4.24446568369825;6.06172520585897;88968
-5.471435;48.5119516666667;3.68455306763711;6.64710969084917;89097
-5.46709166666667;48.5175133333333;2.96955653925546;6.99583679845236;89327
-5.46386333333333;48.521705;3.97439448174904;6.36036072117319;89413
-5.460125;48.52671;3.79999995231628;6.58179298617112;89573
-5.45654333333333;48.5315066666667;2.53094909322753;6.95372548343179;89733
-5.44950833333333;48.5406716666667;3.21321951908825;7.21700920249903;90019
-5.44342666666667;48.5492416666667;3.75577250228713;7.06358074287142;90280
-5.43905833333333;48.5550683333333;4.19999980926514;7.27461306142681;90472
-5.43582833333333;48.5591116666667;3.49572676140269;6.86075006630443;90590
-5.43300833333333;48.5633683333333;3.97543879354987;7.17188143172257;90753
-5.429825;48.5678033333333;3.8784769619707;6.99695765711517;90854
-5.42677166666667;48.5717216666667;3.2538931446064;7.30836366114081;90977
-5.42167166666667;48.5778316666667;4.47389631293918;6.38938610169499;91145
-5.417225;48.5823333333333;4.52946273142821;6.71520465394857;91295
-5.41339;48.5860866666667;4.17180860324287;6.94305546267049;91451
-5.409115;48.5894983333333;2.8480992526341;2.94929311278688;91633
-5.40550333333333;48.5920716666667;2.33951357688047;2.99444082613026;91813
-5.40306166666667;48.5936933333333;2.34707864768654;3.11467856534826;91942
-5.40064166666667;48.5952166666667;2.27794748806196;2.91563982592015;92099
-5.398815;48.5961616666667;0.989949476802427;0.989949476802427;92186
-5.397055;48.5969116666667;1.09703055242876;1.02299754009375;92349
-5.39530833333333;48.5989583333333;2.32708626965251;4.19817476108957;92484
-5.393075;48.6012616666667;1.8656265143778;2.47577000498279;92643
-5.39158166666667;48.60223;1.41602136389199;1.81242469572018;92754
-5.38984333333333;48.6032583333333;1.23022441430004;1.82388269915268;92915
-5.38838;48.6041166666667;1.41413277196089;1.6852978113896;93065
-5.386795;48.6049866666667;1.70499590015625;1.82838425404793;93143
-5.38578;48.6056633333333;1.41068466155751;1.94164086365375;93235
-5.38425333333333;48.60669;1.28614365131832;1.906786377345;93348
-5.382585;48.6076683333333;1.53915368831415;1.9700268840168;93494
-5.38066833333333;48.6088533333333;1.60696902421635;1.91511110779744;93633
-5.37884666666667;48.609965;1.60696902421635;1.91511110779744;93779
-5.37713833333333;48.6109933333333;1.41602136389199;1.81242469572018;93902
-5.37546833333333;48.61196;1.67282651589715;1.85786206369349;94068
-5.37384166666667;48.61302;1.70499590015625;1.82838425404793;94172
-5.37234833333333;48.6139716666667;1.60591351907453;1.78354765201756;94285
-5.37059166666667;48.61499;1.73664592614749;1.79834950084663;94416
-5.36877333333333;48.6159933333333;1.83847756365007;1.83847756365007;94559
-5.36707333333333;48.61696;1.77319567112206;1.90151955446252;94684
-5.36486333333333;48.6183316666667;1.64014757247627;1.88677395055693;94892
-5.36314666666667;48.6194933333333;1.73552657680416;2.06832003294909;94979
-5.36138833333333;48.6205666666667;1.77319567112206;1.90151955446252;95105
-5.35955333333333;48.6217;1.671247723884;1.99171547905365;95279
-5.35710166666667;48.6229716666667;1.77319567112206;1.90151955446252;95399
-5.35515666666667;48.624065;2.04779032966002;1.90959537565478;95543
-5.35311;48.6250516666667;2.04779032966002;1.90959537565478;95663
-5.35098833333333;48.6260833333333;2.34827755025626;1.52498927207166;95813
-5.348965;48.62704;2.12762907231343;1.6622860127363;95923
-5.34695833333333;48.6279516666667;2.00649106422487;1.80665266907555;96057
-5.34467666666667;48.62892;2.23617939005051;1.68508203612896;96209
-5.34250833333333;48.6299366666667;2.33143788437091;1.88796117314951;96324
-5.33998166666667;48.63105;2.44283326103028;1.90855051479549;96474
-5.33779666666667;48.6318833333333;2.12092580444292;1.97779530922168;96616
-5.3356;48.6328916666667;2.15344088217511;2.22995331244823;96728
-5.33326333333333;48.633885;2.62894901720875;1.6427496685859;96839
-5.33012833333333;48.6354183333333;2.33143788437091;1.88796117314951;97023
-5.328;48.63644;2.30374888810811;2.07430481589919;97146
-5.325635;48.6376116666667;2.2671964052721;2.11419485115331;97302
-5.323065;48.638735;2.08608548958368;2.01450934057888;97466
-5.32110833333333;48.63954;2.03771590258884;1.7713594095577;97564
-5.31911833333333;48.6404133333333;2.28523126061006;1.78541833715846;97661
-5.316845;48.6412;2.22152895810073;1.86408412939197;97808
-5.314675;48.6420633333333;2.45745613286698;1.72072930905314;97924
-5.31211166666667;48.64314;3.26983730297235;2.94417473179224;98046
-5.30944166666667;48.6444283333333;2.01450934057888;2.08608548958368;98204
-5.30699166666667;48.6454583333333;2.26274173351443;2.26274173351443;98315
-5.30436;48.6466866666667;2.18239478472021;2.34033188005501;98459
-5.30201333333333;48.6477466666667;2.33345234419813;2.33345234419813;98593
-5.299215;48.6489883333333;1.92580810278333;2.55563367023325;98713
-5.29688666666667;48.650045;2.36183852580838;2.445755389753;98834
-5.29460833333333;48.6510583333333;2.31879448925293;2.4866026552525;98959
-5.29227166666667;48.65212;2.36183852580838;2.445755389753;99122
-5.28961333333333;48.653365;2.26274173351443;2.26274173351443;99234
-5.28732;48.6542683333333;2.52163444911679;1.97011675039913;99338
-5.28467333333333;48.6551666666667;2.66975604286039;1.93969130453738;99471
-5.28222833333333;48.6560066666667;2.58885442057677;1.8809128353637;99610
-5.27902666666667;48.657215;2.74293540311968;1.6481218642711;99785
-5.27622;48.658225;2.73582394990005;1.84533655478907;99914
-5.273565;48.6592083333333;2.79878310455118;1.5513908079058;100031
-5.27083;48.6602933333333;2.77128133340551;1.60000002384186;100210
-5.26849;48.6613183333333;2.75065785802869;1.99846991384998;100329
-5.26595166666667;48.6623616666667;2.52163444911679;1.97011675039913;100423
-5.26312;48.6635083333333;2.97370708768418;1.64835275507259;100581
-5.25949;48.6648583333333;2.98745740930763;1.14677745563328;100755
-5.25702666666667;48.6657183333333;2.96698837882529;1.19874111679355;100884
-5.254565;48.6666016666667;2.96698837882529;1.19874111679355;100993
-5.25127;48.667795;3.23359224610334;1.05065781034498;101142
-5.24856833333333;48.66875;3.05970667585883;1.23620174040988;101289
-5.24610333333333;48.6696416666667;3.08081536292418;1.18261421641118;101394
-5.243435;48.6705916666667;3.08081536292418;1.18261421641118;101525
-5.24075666666667;48.671565;3.01469996665934;1.34223090275543;101644
-5.23758333333333;48.6727833333333;3.05589984313285;1.49046194088919;101810
-5.234765;48.67379;2.57741354577374;1.09404714113845;101939
-5.23157166666667;48.6750166666667;3.6541818305704;1.6269465723032;102068
-5.22884333333333;48.6760383333333;2.94448645545771;1.70000004768372;102223
-5.22652333333333;48.6769083333333;2.80955405338137;1.31011657109215;102320
-5.22413166666667;48.6777816666667;2.76151456035732;1.17219338546782;102464
-5.22175833333333;48.67867;2.51662328677983;1.22743919010625;102600
-5.21943;48.679525;2.83199083156958;1.26088355474555;102738
-5.21649166666667;48.6805333333333;2.9456155749409;1.25033962979719;102855
-5.21394;48.6813733333333;2.92334550801756;1.30155727723728;103001
-5.21118666666667;48.682285;2.89409923310816;1.1109406094138;103120
-5.207925;48.6833516666667;2.78155156370036;1.12381978024774;103323
-5.20566166666667;48.6841283333333;2.66946416279826;1.13312030988192;103411
-5.20319666666667;48.6849216666667;2.85316954888546;0.927050983124842;103604
-5.20079;48.685585;2.94827510981516;0.95795265309218;103682
-5.198165;48.6863983333333;2.89409923310816;1.1109406094138;103822
-5.19645833333333;48.6870383333333;0.560148278156613;0.215020778271338;103983
-5.19654833333333;48.6871583333333;0.772740672545988;0.20705523916738;104014
-5.194865;48.68762;3.24986553798099;0.57303897802068;104163
-5.19152166666667;48.6883266666667;3.49520337164101;0.183175846850304;104304
-5.18759833333333;48.68924;4.24410489059963;4.09848445195587;104413
-5.18415166666667;48.6921216666667;-4.04956206362721;4.82608013776094;104541
-5.18697666666667;48.6956566666667;-4.98604855776119;5.73579273771835;104679
-5.190515;48.699565;-6.31033271043234;4.58472507999243;104785
-5.19437333333333;48.7030566666667;-5.9897663253547;4.51361267364036;104910
-5.19861666666667;48.7068866666667;-5.66311896062463;4.11449676604731;105069
-5.20257833333333;48.7104016666667;-5.59487627545716;4.37119641609812;105212
-5.20686166666667;48.714295;-5.90582421324486;4.29083245384619;105327
-5.211115;48.7181633333333;-5.9897663253547;4.51361267364036;105473
-5.21502166666667;48.7215816666667;-5.9897663253547;4.51361267364036;105653
-5.21839;48.7246833333333;-5.88616668607761;3.97026956131351;105711
-5.22225333333333;48.7279816666667;-5.64790060275639;5.08539254451405;105869
-5.22590666666667;48.7312983333333;-5.59545077426136;4.53110669552549;105973
-5.230675;48.7356166666667;-5.98888165226052;4.67902715376095;106139
-5.23462666666667;48.7390266666667;-5.97981007955049;4.18710809476366;106260
-5.23838833333333;48.74236;-6.06962980019561;4.57379411856201;106405
-5.24209333333333;48.7458883333333;-5.66872895213613;4.75662837298139;106565
-5.24630333333333;48.749345;-5.51551984434526;4.62807066714108;106680
-5.25048;48.75293;-5.59487627545716;4.37119641609812;106753
-5.2514;48.7577583333333;-2.75025113205641;8.4644026322276;106903
-5.25118166666667;48.763165;-2.1557042858806;4.84179109975075;107043
-5.25124666666667;48.7648633333333;-1.62861785089755;0.978572330049638;107193
-5.25157666666667;48.7659683333333;-2.09667641986356;1.36159758753757;107310
-5.24899833333333;48.7700566666667;0.835038605760393;5.94160841244942;107580
-5.24629666666667;48.7730416666667;1.32721124208181;5.74878347515606;107670
-5.243755;48.77499;1.13948854060005;3.30931501459761;107834
-5.24085333333333;48.7767133333333;1.4369021302224;3.08144656235686;107981
-5.23861166666667;48.77794;1.74531458665177;3.14863086229159;108115
-5.23615166666667;48.7792316666667;1.85471742481622;2.96816833654749;108209
-5.23387166666667;48.7803633333333;1.93969130453738;2.66975604286039;108372
-5.23069166666667;48.7818183333333;1.98598954770498;2.63549714507416;108508
-5.22819;48.7829166666667;2.23060076113439;2.56601264473214;108623
-5.22549666666667;48.7840483333333;2.43130429660649;2.51768930118528;108756
-5.22072;48.7858216666667;2.4866026552525;2.31879448925293;109015
-5.21469166666667;48.7881483333333;2.2923725893908;2.37382130681675;109283
-5.20582833333333;48.7910666666667;2.64229634306812;2.13968938958612;109755
-5.17978666666667;48.79785;3.01469996665934;1.34223090275543;110942
-5.176035;48.7987083333333;3.02942226721345;1.54356774241037;111106
-5.12884;48.8092366666667;2.6572185504307;1.59661798310331;113327
-5.12334;48.8104783333333;2.62128658078499;1.8354446236736;113603
-5.10982833333333;48.8138683333333;2.36403226082017;1.84698442597697;114346
-5.106165;48.81498;2.12092580444292;1.97779530922168;114489
-5.10298166666667;48.81608;2.18865785462075;1.90257124663914;114702
-5.10017666666667;48.8171133333333;2.06832003294909;1.73552657680416;114829
-5.097885;48.818005;2.18865785462075;1.90257124663914;114959
-5.095835;48.81861;1.6544815064781;1.5977142189318;115117
-5.09120166666667;48.8201766666667;1.83847756365007;1.83847756365007;115394
-5.08864333333333;48.8210733333333;1.94221749521515;1.87557763336319;115527
-5.08639833333333;48.8218416666667;1.8702834122789;1.80611169694561;115643
-5.07794333333333;48.8259166666667;2.23301999162079;3.43854924859438;116063
-5.05078333333333;48.850875;1.64999997615814;2.85788379119334;118536
-5.03202333333333;48.8599566666667;6.06768265247064;4.74059324257946;119445
-5.02365333333333;48.863605;6.55321635431193;4.58861149080837;119605
-5.01267833333333;48.8680366666667;6.06768265247064;4.74059324257946;119849
-4.991345;48.8772233333333;6.26408965979844;5.44529006575454;120324
-4.98104333333333;48.8816783333333;6.61929002969422;5.17155615787931;120536
-4.97038666666667;48.8863083333333;7.20840881732962;4.50431374598224;120737
-4.960825;48.8904583333333;6.70853797974199;5.05524596490299;120971
