"x";"y";"vx";"vy";"t"
-5.89809833333333;48.4163833333333;5.95115036339631;16.3506512432105;0
-5.88239666666667;48.44257;5.95115036339631;16.3506512432105;348
-5.88187833333333;48.4435783333333;6.51815458253579;16.1329987157695;361
-5.87298166666667;48.4556166666667;7.1992388927571;16.1697552972539;529
-5.87208666666667;48.4568633333333;7.1178912538265;15.9870455087455;553
-5.869795;48.4599866666667;7.39581958046224;15.8603862731414;588
-5.86646;48.4644;7.62765778690463;15.6390160627428;647
-5.86582;48.46518;7.3535575930721;15.7697551487087;664
-5.864435;48.4669733333333;7.1178912538265;15.9870455087455;683
-5.86289;48.46919;7.07721743436121;15.8956906144913;714
-5.86005166666667;48.4730666666667;7.3535575930721;15.7697551487087;769
-5.859735;48.4734983333333;7.3535575930721;15.7697551487087;774
-5.85942333333333;48.4739333333333;7.1178912538265;15.9870455087455;781
-5.85902666666667;48.4744333333333;7.39581958046224;15.8603862731414;787
-5.85872166666667;48.4748683333333;7.1178912538265;15.9870455087455;796
-5.85448666666667;48.48051;7.07721743436121;15.8956906144913;869
-5.85422;48.4808716666667;7.07721743436121;15.8956906144913;876
-5.85316333333333;48.4823216666667;6.75964822476024;15.9247332624377;894
-5.85260833333333;48.4831266666667;7.31129560568195;15.6791240242761;906
-5.85202;48.4839216666667;7.31129560568195;15.6791240242761;921
-5.851415;48.4847966666667;7.89943452228448;15.5035131809856;929
-5.84796333333333;48.4885416666667;10.0511280384236;13.8341909124271;983
-5.846695;48.4895983333333;9.922871911269;14.1713297412361;1003
-5.84570166666667;48.4905033333333;9.61811836632717;14.2594468804522;1015
-5.84541333333333;48.4907583333333;9.67403680341359;14.3423493726967;1021
-5.84492333333333;48.4912216666667;9.67403680341359;14.3423493726967;1033
-5.84322;48.49281;9.98022977370615;14.2532452581468;1050
-5.84034333333333;48.4955266666667;8.43568720734607;15.2183825705845;1091
-5.83882333333333;48.4972716666667;7.07721743436121;15.8956906144913;1117
-5.83849833333333;48.497715;7.07721743436121;15.8956906144913;1126
-5.83790666666667;48.4985133333333;7.07721743436121;15.8956906144913;1135
-5.8373;48.4993916666667;7.3535575930721;15.7697551487087;1146
-5.83667166666667;48.50027;7.62765778690463;15.6390160627428;1157
-5.834915;48.5024866666667;7.67149506880885;15.7288958102354;1191
-5.83360333333333;48.5041583333333;7.43808156785238;15.951017397574;1211
-5.83322833333333;48.50467;7.39581958046224;15.8603862731414;1219
-5.83260333333333;48.5054666666667;7.48034355524253;16.0416485220067;1230
-5.8319;48.5064216666667;7.48034355524253;16.0416485220067;1243
-5.831585;48.5068566666667;7.43808156785238;15.951017397574;1249
-5.831235;48.5072683333333;7.39581958046224;15.8603862731414;1254
-5.83059833333333;48.508145;7.71533235071308;15.8187755577281;1267
-5.83031666666667;48.5085016666667;7.39581958046224;15.8603862731414;1272
-5.82961833333333;48.5093666666667;7.1585650732918;16.0784004029997;1284
-5.82896166666667;48.5102416666667;7.1585650732918;16.0784004029997;1297
-5.828685;48.5106933333333;7.1178912538265;15.9870455087455;1303
-5.82798333333333;48.5116633333333;6.83779474856229;16.1088349354177;1314
-5.82708333333333;48.5129033333333;6.87686801046331;16.2008857719077;1331
-5.826785;48.5133533333333;6.55561538477846;16.2257174549188;1337
-5.82644833333333;48.5137933333333;6.83779474856229;16.1088349354177;1344
-5.82583166666667;48.51468;6.91594127236434;16.2929366083977;1355
-5.82554166666667;48.5151316666667;6.87686801046331;16.2008857719077;1361
-5.825185;48.51565;6.87686801046331;16.2008857719077;1369
-5.82487666666667;48.5160983333333;6.87686801046331;16.2008857719077;1374
-5.82362;48.5178533333333;6.91594127236434;16.2929366083977;1397
-5.823365;48.5182183333333;6.91594127236434;16.2929366083977;1405
-5.823045;48.5186533333333;6.87686801046331;16.2008857719077;1411
-5.82275333333333;48.519105;7.1178912538265;15.9870455087455;1421
-5.82212333333333;48.5199966666667;7.1585650732918;16.0784004029997;1428
-5.82114833333333;48.5213133333333;7.1585650732918;16.0784004029997;1446
-5.82012833333333;48.5227;7.1178912538265;15.9870455087455;1465
-5.819535;48.5235183333333;7.1178912538265;15.9870455087455;1475
-5.8192;48.5239616666667;7.1585650732918;16.0784004029997;1481
-5.81878833333333;48.5245516666667;6.83779474856229;16.1088349354177;1492
-5.81856666666667;48.5248466666667;7.1178912538265;15.9870455087455;1500
-5.81690833333333;48.5271083333333;6.91594127236434;16.2929366083977;1523
-5.81665333333333;48.5274866666667;7.1585650732918;16.0784004029997;1531
-5.815995;48.5283716666667;7.1992388927571;16.1697552972539;1541
-5.81530833333333;48.52933;6.87686801046331;16.2008857719077;1554
-5.815045;48.5296966666667;7.1992388927571;16.1697552972539;1559
-5.81476166666667;48.5300566666667;7.1585650732918;16.0784004029997;1565
-5.814;48.5310733333333;6.91594127236434;16.2929366083977;1579
-5.81343166666667;48.5318816666667;6.91594127236434;16.2929366083977;1590
-5.8131;48.53232;6.91594127236434;16.2929366083977;1601
-5.812175;48.53365;7.1178912538265;15.9870455087455;1615
-5.81152;48.53453;7.1992388927571;16.1697552972539;1627
-5.81085166666667;48.535405;7.1992388927571;16.1697552972539;1637
-5.81019333333333;48.536295;6.91594127236434;16.2929366083977;1651
-5.809545;48.53718;6.66799707700108;16.5038719039037;1663
-5.80923166666667;48.5376316666667;6.70545787924375;16.5965906430529;1669
-5.80864166666667;48.5385283333333;6.59307618702113;16.318436194068;1683
-5.807705;48.5398516666667;6.91594127236434;16.2929366083977;1699
-5.80701666666667;48.5408116666667;6.87686801046331;16.2008857719077;1711
-5.806085;48.5421416666667;7.1585650732918;16.0784004029997;1731
-5.80552666666667;48.542965;7.1992388927571;16.1697552972539;1740
-5.80519333333333;48.5434;7.1992388927571;16.1697552972539;1747
-5.80446;48.54437;6.91594127236434;16.2929366083977;1761
-5.80351333333333;48.5456716666667;6.83779474856229;16.1088349354177;1775
-5.80288333333333;48.5465416666667;6.87686801046331;16.2008857719077;1791
-5.80232166666667;48.54736;7.1178912538265;15.9870455087455;1800
-5.79963;48.5510333333333;7.1992388927571;16.1697552972539;1853
-5.79912333333333;48.5517983333333;7.1992388927571;16.1697552972539;1861
-5.79848666666667;48.552695;7.1992388927571;16.1697552972539;1876
-5.79743833333333;48.5540916666667;7.1992388927571;16.1697552972539;1891
-5.79593;48.5561333333333;7.1178912538265;15.9870455087455;1919
-5.79487166666667;48.55753;6.95501378900488;16.384985689164;1943
-5.79422166666667;48.5584183333333;7.1992388927571;16.1697552972539;1951
-5.79389;48.5588516666667;6.95501378900488;16.384985689164;1956
-5.7932;48.5598083333333;7.1992388927571;16.1697552972539;1969
-5.79293666666667;48.560185;6.87686801046331;16.2008857719077;1975
-5.79261166666667;48.5606216666667;6.91594127236434;16.2929366083977;1980
-5.79235;48.5609883333333;6.91594127236434;16.2929366083977;1987
-5.79004333333333;48.564265;7.1992388927571;16.1697552972539;2029
-5.78941666666667;48.565075;7.23991193643381;16.2611084490584;2040
-5.78906666666667;48.5655883333333;6.95501378900488;16.384985689164;2047
-5.78819666666667;48.5668516666667;6.91594127236434;16.2929366083977;2065
-5.78753833333333;48.5677316666667;6.91594127236434;16.2929366083977;2077
-5.78721;48.5681716666667;7.1585650732918;16.0784004029997;2083
-5.78658333333333;48.56906;6.91594127236434;16.2929366083977;2095
-5.78618;48.5696533333333;7.1585650732918;16.0784004029997;2100
-5.78531666666667;48.57084;6.91594127236434;16.2929366083977;2120
-5.78499666666667;48.5712833333333;7.1585650732918;16.0784004029997;2125
-5.78468333333333;48.57173;6.91594127236434;16.2929366083977;2133
-5.784065;48.5726216666667;7.1992388927571;16.1697552972539;2143
-5.78338833333333;48.5735783333333;7.1992388927571;16.1697552972539;2156
-5.78277833333333;48.5743866666667;7.48034355524253;16.0416485220067;2168
-5.78252166666667;48.5747533333333;7.43808156785238;15.951017397574;2173
-5.78206;48.575325;7.1992388927571;16.1697552972539;2181
-5.78137333333333;48.57619;6.91594127236434;16.2929366083977;2192
-5.781085;48.5766383333333;7.1178912538265;15.9870455087455;2200
-5.78081;48.5770033333333;7.1992388927571;16.1697552972539;2205
-5.78047333333333;48.5774483333333;6.91594127236434;16.2929366083977;2213
-5.77974333333333;48.578395;6.34311298036486;16.5243742612658;2220
-5.77827333333333;48.5806466666667;6.3789492284933;16.6177308793849;2251
-5.7775;48.5819;6.30727604870381;16.4310158624834;2268
-5.77638833333333;48.5836433333333;6.30727604870381;16.4310158624834;2295
-5.77601;48.5842666666667;6.63053698926379;16.4111549332173;2301
-5.775365;48.5851633333333;6.63053698926379;16.4111549332173;2312
-5.77512666666667;48.5855433333333;6.34311298036486;16.5243742612658;2319
-5.77481666666667;48.5859833333333;6.30727604870381;16.4310158624834;2324
-5.77452666666667;48.586435;6.34311298036486;16.5243742612658;2335
-5.773605;48.5877566666667;6.27143911704276;16.337657463701;2347
-5.77331;48.5882166666667;6.27143911704276;16.337657463701;2353
-5.77295333333333;48.588735;5.9853525081992;16.4446208637534;2361
-5.77246166666667;48.5895566666667;6.27143911704276;16.337657463701;2371
-5.77160333333333;48.59092;6.59307618702113;16.318436194068;2395
-5.77067666666667;48.592315;6.83779474856229;16.1088349354177;2407
-5.770385;48.59275;6.51815458253579;16.1329987157695;2413
-5.76974833333333;48.59363;6.27143911704276;16.337657463701;2425
-5.76859;48.5953633333333;6.34311298036486;16.5243742612658;2455
-5.76797166666667;48.5962733333333;6.34311298036486;16.5243742612658;2460
-5.76769666666667;48.5967066666667;6.3789492284933;16.6177308793849;2467
-5.76736166666667;48.5972366666667;6.30727604870381;16.4310158624834;2473
-5.767035;48.5976883333333;6.34311298036486;16.5243742612658;2479
-5.76555666666667;48.59992;6.34311298036486;16.5243742612658;2509
-5.76504166666667;48.6007716666667;6.63053698926379;16.4111549332173;2519
-5.76473166666667;48.6012216666667;6.59307618702113;16.318436194068;2527
-5.76409666666667;48.6021433333333;6.63053698926379;16.4111549332173;2539
-5.76320333333333;48.603475;6.63053698926379;16.4111549332173;2559
-5.76228166666667;48.60483;6.66799707700108;16.5038719039037;2576
-5.76198833333333;48.6052866666667;6.66799707700108;16.5038719039037;2581
-5.76139833333333;48.60619;6.63053698926379;16.4111549332173;2593
-5.76105666666667;48.6066266666667;6.63053698926379;16.4111549332173;2601
-5.76011333333333;48.6079716666667;6.3789492284933;16.6177308793849;2616
-5.75896;48.60976;6.30727604870381;16.4310158624834;2641
-5.75866333333333;48.6102116666667;6.3789492284933;16.6177308793849;2647
-5.75831;48.6107416666667;6.3789492284933;16.6177308793849;2653
-5.75807;48.6111266666667;6.34311298036486;16.5243742612658;2658
-5.75686;48.61294;6.30727604870381;16.4310158624834;2682
-5.75601833333333;48.6143066666667;6.63053698926379;16.4111549332173;2701
-5.75537;48.6152883333333;6.66799707700108;16.5038719039037;2713
-5.75477;48.6161783333333;6.63053698926379;16.4111549332173;2724
-5.75443666666667;48.61663;6.41478616015435;16.7110892781672;2730
-5.75413166666667;48.6170816666667;6.3789492284933;16.6177308793849;2739
-5.75387333333333;48.61746;6.66799707700108;16.5038719039037;2746
-5.75296666666667;48.6188283333333;6.34311298036486;16.5243742612658;2761
-5.75265166666667;48.6192833333333;6.66799707700108;16.5038719039037;2767
-5.75108166666667;48.621625;6.66799707700108;16.5038719039037;2797
-5.74953166666667;48.6238866666667;6.63053698926379;16.4111549332173;2829
-5.748915;48.6247883333333;6.41478616015435;16.7110892781672;2837
-5.748615;48.625245;6.41478616015435;16.7110892781672;2847
-5.74832;48.625705;6.41478616015435;16.7110892781672;2854
-5.74777833333333;48.6265416666667;6.74291868148642;16.6893093822022;2866
-5.746805;48.62796;6.41478616015435;16.7110892781672;2886
-5.74589666666667;48.6293283333333;6.08795829025624;16.7265279330606;2898
-5.74558166666667;48.62978;6.34311298036486;16.5243742612658;2907
-5.745335;48.6301533333333;6.34311298036486;16.5243742612658;2912
-5.74474;48.6310633333333;6.3789492284933;16.6177308793849;2925
-5.744085;48.6320383333333;6.3789492284933;16.6177308793849;2937
-5.743795;48.6324966666667;6.15636257986204;16.9144671741464;2949
-5.74320833333333;48.6334033333333;6.63053698926379;16.4111549332173;2955
-5.74207666666667;48.6351283333333;6.63053698926379;16.4111549332173;2975
-5.74143166666667;48.6360066666667;6.91594127236434;16.2929366083977;2991
-5.74081;48.63688;6.63053698926379;16.4111549332173;3000
-5.740195;48.6377633333333;6.55561538477846;16.2257174549188;3016
-5.73954833333333;48.6387233333333;6.51815458253579;16.1329987157695;3025
-5.739195;48.6392433333333;6.2356021853817;16.2442990649186;3032
-5.738985;48.6395416666667;6.63053698926379;16.4111549332173;3041
-5.73837666666667;48.6404383333333;6.66799707700108;16.5038719039037;3049
-5.73806166666667;48.64089;6.63053698926379;16.4111549332173;3055
-5.73769666666667;48.6413966666667;6.59307618702113;16.318436194068;3060
-5.73744;48.64177;6.55561538477846;16.2257174549188;3067
-5.73712666666667;48.6422133333333;6.3789492284933;16.6177308793849;3074
-5.73677166666667;48.6427416666667;6.34311298036486;16.5243742612658;3079
-5.73646833333333;48.643185;6.3789492284933;16.6177308793849;3085
-5.73617;48.6436366666667;6.3789492284933;16.6177308793849;3091
-5.735595;48.644455;6.30727604870381;16.4310158624834;3105
-5.73496833333333;48.6454516666667;6.0195546530021;16.5385904842963;3115
-5.73445666666667;48.6462766666667;6.79872148666127;16.0167840989277;3133
-5.73379833333333;48.6472333333333;7.1992388927571;16.1697552972539;3141
-5.73321166666667;48.6480416666667;7.71533235071308;15.8187755577281;3151
-5.73255666666667;48.64891;7.43808156785238;15.951017397574;3161
-5.73214333333333;48.64941;7.43808156785238;15.951017397574;3169
-5.731785;48.6498416666667;7.43808156785238;15.951017397574;3174
-5.73214333333333;48.64941;7.43808156785238;15.951017397574;3179
-5.73108333333333;48.65071;7.1178912538265;15.9870455087455;3187
-5.73044833333333;48.6515116666667;6.91594127236434;16.2929366083977;3199
-5.72978833333333;48.6524066666667;6.66799707700108;16.5038719039037;3214
-5.72914166666667;48.6532783333333;6.91594127236434;16.2929366083977;3221
-5.72874166666667;48.6537966666667;6.70545787924375;16.5965906430529;3227
-5.72780833333333;48.6551533333333;6.91594127236434;16.2929366083977;3249
-5.7275;48.6556;6.63053698926379;16.4111549332173;3255
-5.72691;48.6564116666667;6.95501378900488;16.384985689164;3263
-5.72595666666667;48.6577533333333;7.23991193643381;16.2611084490584;3285
-5.72524166666667;48.6586983333333;7.23991193643381;16.2611084490584;3294
-5.72489;48.6591433333333;7.56486672394245;16.2229090422271;3301
-5.724535;48.65958;7.56486672394245;16.2229090422271;3307
-5.72420166666667;48.6600233333333;7.23991193643381;16.2611084490584;3315
-5.72390166666667;48.6603933333333;7.28058575589911;16.3524633433126;3321
-5.72357333333333;48.6608533333333;6.9940870509059;16.4770365256539;3330
-5.72216833333333;48.6627116666667;6.70545787924375;16.5965906430529;3349
-5.72152833333333;48.6636116666667;6.95501378900488;16.384985689164;3361
-5.72127666666667;48.663985;6.9940870509059;16.4770365256539;3369
-5.72055;48.66495;7.23991193643381;16.2611084490584;3381
-5.71991666666667;48.6658533333333;7.3212595753644;16.4438182375668;3393
-5.718895;48.6671883333333;7.28058575589911;16.3524633433126;3409
-5.71814333333333;48.6681366666667;7.23991193643381;16.2611084490584;3421
-5.71795;48.6684433333333;6.9940870509059;16.4770365256539;3427
-5.71760166666667;48.6688816666667;7.28058575589911;16.3524633433126;3435
-5.71656833333333;48.670295;7.23991193643381;16.2611084490584;3453
-5.71558;48.6716316666667;6.95501378900488;16.384985689164;3471
-5.71524666666667;48.67208;6.95501378900488;16.384985689164;3478
-5.71492333333333;48.672525;6.9940870509059;16.4770365256539;3483
-5.71459833333333;48.672965;6.9940870509059;16.4770365256539;3488
-5.71398;48.673875;6.95501378900488;16.384985689164;3501
-5.71341833333333;48.6746083333333;7.23991193643381;16.2611084490584;3514
-5.71236833333333;48.6760233333333;7.28058575589911;16.3524633433126;3532
-5.71158333333333;48.6770766666667;6.95501378900488;16.384985689164;3540
-5.71135833333333;48.6773716666667;6.9940870509059;16.4770365256539;3545
-5.710975;48.6778883333333;6.9940870509059;16.4770365256539;3554
-5.71062666666667;48.6783266666667;6.9940870509059;16.4770365256539;3559
-5.71029666666667;48.6787816666667;6.9940870509059;16.4770365256539;3564
-5.71000833333333;48.679245;7.28058575589911;16.3524633433126;3571
-5.70905;48.6804883333333;7.5226047365523;16.1322779177944;3593
-5.70797;48.68188;7.5226047365523;16.1322779177944;3607
-5.70764;48.6823216666667;7.5226047365523;16.1322779177944;3615
-5.70728333333333;48.6827583333333;7.23991193643381;16.2611084490584;3620
-5.70667166666667;48.683565;7.5226047365523;16.1322779177944;3631
-5.70559833333333;48.684945;7.5226047365523;16.1322779177944;3648
-5.70528666666667;48.6853016666667;7.56486672394245;16.2229090422271;3655
-5.70488;48.6858066666667;7.28058575589911;16.3524633433126;3660
-5.70455;48.6862583333333;7.56486672394245;16.2229090422271;3665
-5.704195;48.6866966666667;7.5226047365523;16.1322779177944;3675
-5.70356166666667;48.687495;7.28058575589911;16.3524633433126;3685
-5.70321833333333;48.6879383333333;7.3212595753644;16.4438182375668;3695
-5.70254166666667;48.6888366666667;7.28058575589911;16.3524633433126;3701
-5.70147;48.6902583333333;7.56486672394245;16.2229090422271;3720
-5.70081;48.6911466666667;7.56486672394245;16.2229090422271;3735
-5.70010333333333;48.6920283333333;7.56486672394245;16.2229090422271;3744
-5.69979666666667;48.69248;7.5226047365523;16.1322779177944;3750
-5.69842;48.6941466666667;7.56486672394245;16.2229090422271;3775
-5.69776833333333;48.695045;7.5226047365523;16.1322779177944;3786
-5.6974;48.695575;7.23991193643381;16.2611084490584;3793
-5.69639833333333;48.6969083333333;7.5226047365523;16.1322779177944;3810
-5.69447;48.6994916666667;7.23991193643381;16.2611084490584;3846
-5.69413666666667;48.6999316666667;7.28058575589911;16.3524633433126;3851
-5.69346333333333;48.700825;7.5226047365523;16.1322779177944;3865
-5.69308666666667;48.7013433333333;7.48034355524253;16.0416485220067;3876
-5.69211166666667;48.7025716666667;7.48034355524253;16.0416485220067;3889
-5.69142333333333;48.703445;7.5226047365523;16.1322779177944;3901
-5.69106333333333;48.7038833333333;7.5226047365523;16.1322779177944;3906
-5.69064666666667;48.704395;7.5226047365523;16.1322779177944;3911
-5.69030166666667;48.7048266666667;7.5226047365523;16.1322779177944;3919
-5.690085;48.7051183333333;7.28058575589911;16.3524633433126;3924
-5.68959833333333;48.705695;7.56486672394245;16.2229090422271;3931
-5.68928333333333;48.7061416666667;7.28058575589911;16.3524633433126;3941
-5.68861;48.7070216666667;6.95501378900488;16.384985689164;3951
-5.68798833333333;48.707845;7.23991193643381;16.2611084490584;3961
-5.68766666666667;48.7082916666667;7.23991193643381;16.2611084490584;3966
-5.68731166666667;48.70873;7.56486672394245;16.2229090422271;3975
-5.686885;48.7093266666667;7.5226047365523;16.1322779177944;3980
-5.68631166666667;48.7100583333333;7.5226047365523;16.1322779177944;3995
-5.68564166666667;48.7109533333333;7.23991193643381;16.2611084490584;4001
-5.68529333333333;48.7113866666667;7.5226047365523;16.1322779177944;4009
-5.68497833333333;48.7118416666667;7.23991193643381;16.2611084490584;4015
-5.68424166666667;48.712795;7.5226047365523;16.1322779177944;4029
-5.68350166666667;48.713765;7.5226047365523;16.1322779177944;4038
-5.68328333333333;48.7140566666667;7.48034355524253;16.0416485220067;4045
-5.68287666666667;48.7145633333333;7.56486672394245;16.2229090422271;4051
-5.68254833333333;48.715005;7.56486672394245;16.2229090422271;4061
-5.68182333333333;48.7158966666667;7.3212595753644;16.4438182375668;4070
-5.68149833333333;48.7163483333333;7.28058575589911;16.3524633433126;4080
-5.68013333333333;48.7181333333333;7.3212595753644;16.4438182375668;4099
-5.67985833333333;48.7184966666667;7.23991193643381;16.2611084490584;4104
-5.67944666666667;48.71901;6.9940870509059;16.4770365256539;4116
-5.67879833333333;48.7198933333333;7.5226047365523;16.1322779177944;4123
-5.67817166666667;48.7207766666667;7.56486672394245;16.2229090422271;4135
-5.67720833333333;48.7220416666667;7.5226047365523;16.1322779177944;4151
-5.67673333333333;48.7226266666667;7.23991193643381;16.2611084490584;4160
-5.676535;48.7229316666667;7.28058575589911;16.3524633433126;4171
-5.67582;48.72389;7.5226047365523;16.1322779177944;4181
-5.67514333333333;48.7247766666667;7.28058575589911;16.3524633433126;4187
-5.67479166666667;48.72522;7.5226047365523;16.1322779177944;4195
-5.67548666666667;48.7243316666667;7.5226047365523;16.1322779177944;4200
-5.673145;48.72737;7.28058575589911;16.3524633433126;4223
-5.67243666666667;48.728335;7.56486672394245;16.2229090422271;4237
-5.67208333333333;48.72877;7.28058575589911;16.3524633433126;4243
-5.67149;48.7295916666667;7.56486672394245;16.2229090422271;4265
-5.67065666666667;48.7306283333333;7.23991193643381;16.2611084490584;4270
-5.670115;48.7313633333333;7.23991193643381;16.2611084490584;4279
-5.66981333333333;48.7318083333333;7.56486672394245;16.2229090422271;4284
-5.66939666666667;48.73232;7.56486672394245;16.2229090422271;4291
-5.66873333333333;48.7332133333333;7.56486672394245;16.2229090422271;4303
-5.66838333333333;48.7336466666667;7.23991193643381;16.2611084490584;4309
-5.66806166666667;48.734095;7.56486672394245;16.2229090422271;4316
-5.66768833333333;48.7345233333333;7.28058575589911;16.3524633433126;4321
-5.66672666666667;48.7357783333333;7.23991193643381;16.2611084490584;4339
-5.66641833333333;48.73623;7.23991193643381;16.2611084490584;4344
-5.666075;48.7366666666667;7.23991193643381;16.2611084490584;4349
-5.66534166666667;48.7376183333333;7.23991193643381;16.2611084490584;4363
-5.66508;48.7379933333333;7.28058575589911;16.3524633433126;4369
-5.664685;48.738505;7.5226047365523;16.1322779177944;4375
-5.6643;48.7389266666667;7.28058575589911;16.3524633433126;4383
-5.66405666666667;48.7393066666667;7.28058575589911;16.3524633433126;4395
-5.66303166666667;48.7406283333333;7.23991193643381;16.2611084490584;4403
-5.66265666666667;48.7410533333333;7.1992388927571;16.1697552972539;4410
-5.66235666666667;48.7415033333333;7.48034355524253;16.0416485220067;4416
-5.66126;48.74289;7.23991193643381;16.2611084490584;4437
-5.66062333333333;48.74378;7.23991193643381;16.2611084490584;4447
-5.66026333333333;48.7442133333333;7.5226047365523;16.1322779177944;4455
-5.659665;48.7450266666667;7.5226047365523;16.1322779177944;4464
-5.65931333333333;48.745465;7.56486672394245;16.2229090422271;4471
-5.65899666666667;48.745915;7.23991193643381;16.2611084490584;4477
-5.65859;48.7464233333333;7.5226047365523;16.1322779177944;4483
-5.65826666666667;48.7468733333333;7.5226047365523;16.1322779177944;4489
-5.65791166666667;48.7473133333333;7.56486672394245;16.2229090422271;4494
-5.65759333333333;48.7477533333333;7.5226047365523;16.1322779177944;4501
-5.65723833333333;48.7481883333333;7.5226047365523;16.1322779177944;4507
-5.6559;48.7498733333333;7.56486672394245;16.2229090422271;4531
-5.65547166666667;48.7503766666667;7.56486672394245;16.2229090422271;4537
-5.65511166666667;48.7508066666667;7.23991193643381;16.2611084490584;4543
-5.65446166666667;48.7516866666667;7.23991193643381;16.2611084490584;4556
-5.65384;48.7525016666667;7.23991193643381;16.2611084490584;4567
-5.65351833333333;48.75295;7.23991193643381;16.2611084490584;4573
-5.651435;48.7556883333333;7.56486672394245;16.2229090422271;4611
-5.65079166666667;48.7565;7.56486672394245;16.2229090422271;4621
-5.651435;48.7556883333333;7.56486672394245;16.2229090422271;4628
-5.65011333333333;48.7574;7.5226047365523;16.1322779177944;4633
-5.64970333333333;48.7579166666667;7.48034355524253;16.0416485220067;4639
-5.64935333333333;48.7583566666667;7.5226047365523;16.1322779177944;4647
-5.64872666666667;48.759165;7.56486672394245;16.2229090422271;4659
-5.64794;48.7600983333333;7.5226047365523;16.1322779177944;4669
-5.64759666666667;48.7605316666667;7.28058575589911;16.3524633433126;4677
-5.64724;48.7609766666667;7.56486672394245;16.2229090422271;4686
-5.64623166666667;48.7621983333333;7.28058575589911;16.3524633433126;4699
-5.64555833333333;48.7630783333333;7.1992388927571;16.1697552972539;4711
-5.64520833333333;48.7635116666667;7.23991193643381;16.2611084490584;4716
-5.644805;48.7640233333333;7.23991193643381;16.2611084490584;4724
-5.64447666666667;48.76446;7.23991193643381;16.2611084490584;4731
-5.64381166666667;48.76536;7.1992388927571;16.1697552972539;4741
-5.64352;48.7657266666667;7.5226047365523;16.1322779177944;4749
-5.64283333333333;48.76661;7.23991193643381;16.2611084490584;4759
-5.64248166666667;48.7670466666667;7.23991193643381;16.2611084490584;4767
-5.64215666666667;48.76749;7.23991193643381;16.2611084490584;4776
-5.64139833333333;48.7684366666667;7.23991193643381;16.2611084490584;4783
-5.6407;48.769305;7.48034355524253;16.0416485220067;4795
-5.640365;48.76975;7.5226047365523;16.1322779177944;4801
-5.64003;48.770195;7.80300607839493;15.9985333383997;4808
-5.639045;48.77143;8.21575234875309;15.4515828750312;4827
-5.63784333333333;48.7727233333333;8.69999980926513;15.0688416954868;4845
-5.63751166666667;48.7730766666667;8.69999980926513;15.0688416954868;4851
-5.63712;48.7734883333333;8.96166230696351;14.9147107052334;4857
-5.63626333333333;48.77438;8.96166230696351;14.9147107052334;4867
-5.63588;48.774795;8.69999980926513;15.0688416954868;4873
-5.63544;48.7751683333333;8.96166230696351;14.9147107052334;4882
-5.63465333333333;48.7759866666667;8.64999961853027;14.9822388247458;4889
-5.63429166666667;48.7763066666667;8.69999980926513;15.0688416954868;4896
-5.633925;48.776725;8.8586552813958;14.7432782260431;4906
-5.633135;48.7775333333333;9.61811836632717;14.2594468804522;4916
-5.63224166666667;48.7783833333333;9.86551514284209;14.0894157867341;4929
-5.63182;48.77877;10.0511280384236;13.8341909124271;4939
-5.631;48.77946;10.1686844162152;13.9959933854556;4949
-5.62997833333333;48.7803533333333;10.1099067878751;13.9150929204801;4957
-5.62921833333333;48.78097;9.922871911269;14.1713297412361;4968
-5.62877333333333;48.78135;9.98022977370615;14.2532452581468;4975
-5.62780666666667;48.78219;9.72995630707583;14.425253446205;4988
-5.62741833333333;48.7825066666667;9.72995630707583;14.425253446205;4996
-5.62511166666667;48.7845316666667;10.2096601294445;14.5809057633806;5026
-5.624245;48.78533;10.8972085829766;13.9477909400435;5038
-5.623395;48.78604;11.6122453136653;13.3583601457408;5049
-5.62243166666667;48.7867783333333;11.3773411818598;13.5589872276514;5059
-5.621915;48.7871266666667;11.6778502154977;13.4338299521676;5064
-5.620825;48.7879283333333;11.9105242826815;13.2279773265231;5077
-5.620345;48.7883133333333;12.207770384957;13.0912309799939;5088
-5.61831;48.7896833333333;13.2279773265231;11.9105242826815;5108
-5.61770833333333;48.7901066666667;13.3022920925581;11.9774375985705;5116
-5.61610333333333;48.79102;13.8331975210188;11.2019024805538;5129
-5.61532;48.7914316666667;14.0265908129952;10.9587737910843;5137
-5.61482;48.7916783333333;13.8331975210188;11.2019024805538;5143
-5.61421;48.7919616666667;13.9109124136221;11.2648347597254;5149
-5.61373;48.792225;13.7121952396069;11.505897968185;5155
-5.61182833333333;48.7931966666667;13.5093011980888;11.7434563686634;5176
-5.61074;48.7937733333333;13.5847724440099;11.8090625218291;5188
-5.60946;48.7944633333333;13.8654047126763;11.6344559805304;5197
-5.60887666666667;48.7947983333333;14.0663421988288;11.3906993180687;5203
-5.60709666666667;48.7957316666667;14.643207906802;10.638913290716;5220
-5.60657666666667;48.795975;14.5623058987491;10.5801345412645;5227
-5.604615;48.79691;14.8266523141125;10.381733716756;5250
-5.60343833333333;48.7974166666667;15.005580379499;10.1213917661357;5257
-5.60269166666667;48.79774;15.005580379499;10.1213917661357;5265
-5.600795;48.7985766666667;14.8266523141125;10.381733716756;5285
-5.59888666666667;48.7994216666667;14.724109914855;10.6976920401676;5299
-5.597615;48.800005;14.8050103798306;10.7564696685077;5310
-5.597185;48.8001866666667;14.8050103798306;10.7564696685077;5316
-5.59633;48.80059;14.8050103798306;10.7564696685077;5325
-5.593245;48.802005;14.9904817855251;10.4964483476201;5352
-5.58935;48.8037933333333;14.6948930802149;11.0733961964235;5388
-5.588695;48.804065;14.9904817855251;10.4964483476201;5394
-5.58818666666667;48.8043216666667;15.0723973024357;10.5538062100572;5399
-5.58449;48.8059966666667;14.9904817855251;10.4964483476201;5436
-5.583085;48.8065933333333;14.9904817855251;10.4964483476201;5450
-5.58042833333333;48.8078066666667;14.9668143959365;10.8740271674108;5477
-5.57728333333333;48.8092883333333;15.1543128193463;10.6111640724944;5501
-5.57674166666667;48.809525;14.9668143959365;10.8740271674108;5508
-5.57546833333333;48.8101083333333;14.9904817855251;10.4964483476201;5522
-5.57486166666667;48.8104316666667;14.8859123878835;10.8152484179592;5531
-5.57420833333333;48.8106983333333;14.9904817855251;10.4964483476201;5539
-5.572325;48.8115716666667;15.25429101876;10.2891492105466;5552
-5.57104166666667;48.8121266666667;14.9904817855251;10.4964483476201;5563
-5.56967;48.8127466666667;14.9904817855251;10.4964483476201;5577
-5.56914333333333;48.8129916666667;15.0723973024357;10.5538062100572;5582
-5.56776333333333;48.81362;14.8050103798306;10.7564696685077;5593
-5.56709333333333;48.813895;14.8859123878835;10.8152484179592;5599
-5.56655833333333;48.81413;14.8859123878835;10.8152484179592;5605
-5.56592;48.8144266666667;14.8050103798306;10.7564696685077;5611
-5.56466;48.815015;14.8050103798306;10.7564696685077;5621
-5.56390166666667;48.81533;14.9904817855251;10.4964483476201;5630
-5.56213666666667;48.8161583333333;15.0723973024357;10.5538062100572;5648
-5.56131166666667;48.8165516666667;14.8050103798306;10.7564696685077;5653
-5.56213666666667;48.8161583333333;15.0723973024357;10.5538062100572;5661
-5.55961;48.81733;14.8859123878835;10.8152484179592;5671
-5.55886333333333;48.8176716666667;14.9904817855251;10.4964483476201;5677
-5.55696166666667;48.8185333333333;14.8050103798306;10.7564696685077;5696
-5.55633666666667;48.8188333333333;14.9904817855251;10.4964483476201;5701
-5.555695;48.81911;14.724109914855;10.6976920401676;5707
-5.555175;48.8193566666667;14.9904817855251;10.4964483476201;5716
-5.55391333333333;48.8199116666667;14.8266523141125;10.381733716756;5727
-5.552565;48.8205533333333;14.9904817855251;10.4964483476201;5737
-5.55066666666667;48.8214;14.9085678310231;10.4390915791931;5755
-5.548745;48.822255;14.643207906802;10.638913290716;5775
-5.54830333333333;48.8224516666667;14.8266523141125;10.381733716756;5780
-5.54767333333333;48.822725;14.5623058987491;10.5801345412645;5787
-5.54560666666667;48.823675;14.4553030365113;10.8928521486263;5803
-5.54500666666667;48.82397;14.5623058987491;10.5801345412645;5812
-5.54384833333333;48.82451;14.8050103798306;10.7564696685077;5821
-5.54132333333333;48.82566;14.8266523141125;10.381733716756;5847
-5.53995;48.8262683333333;14.8266523141125;10.381733716756;5857
-5.53942166666667;48.8265083333333;14.8050103798306;10.7564696685077;5863
-5.53878;48.8267866666667;15.0884844530072;10.1773112697979;5869
-5.53815666666667;48.8270816666667;14.9085678310231;10.4390915791931;5875
-5.53490666666667;48.8284933333333;14.8050103798306;10.7564696685077;5906
-5.53437166666667;48.8287333333333;14.8050103798306;10.7564696685077;5918
-5.532995;48.82939;14.8050103798306;10.7564696685077;5923
-5.53247333333333;48.82964;14.9904817855251;10.4964483476201;5931
-5.53110833333333;48.8302666666667;14.643207906802;10.638913290716;5941
-5.53174833333333;48.8299866666667;14.8050103798306;10.7564696685077;5947
-5.52996666666667;48.8308033333333;14.8266523141125;10.381733716756;5955
-5.52799833333333;48.831705;15.005580379499;10.1213917661357;5969
-5.52547666666667;48.8328183333333;15.501854397379;8.94999980926514;5997
-5.52228666666667;48.8339466666667;15.501854397379;8.94999980926514;6026
-5.52163333333333;48.8341833333333;15.2575772985308;9.1676773404561;6031
-5.52021166666667;48.8347183333333;15.429011412638;9.27068534838098;6043
-5.51967;48.8349233333333;15.3432943555844;9.21918134441854;6048
-5.51891;48.835215;15.3432943555844;9.21918134441854;6057
-5.51698166666667;48.8359683333333;15.429011412638;9.27068534838098;6071
-5.516445;48.83617;15.3432943555844;9.21918134441854;6076
-5.51514833333333;48.836705;15.3432943555844;9.21918134441854;6092
-5.51371666666667;48.8372383333333;15.5147284696916;9.32218935234342;6105
-5.51108833333333;48.8382216666667;15.429011412638;9.27068534838098;6127
-5.50914333333333;48.83897;15.501854397379;8.94999980926514;6147
-5.50851;48.8392283333333;15.501854397379;8.94999980926514;6152
-5.50730166666667;48.8396666666667;15.3432943555844;9.21918134441854;6162
-5.50458666666667;48.840745;15.429011412638;9.27068534838098;6188
-5.50394;48.8409866666667;15.3432943555844;9.21918134441854;6194
-5.50341666666667;48.8412;15.2575772985308;9.1676773404561;6201
-5.50212666666667;48.841745;15.3432943555844;9.21918134441854;6214
-5.50137;48.842025;15.3432943555844;9.21918134441854;6219
-5.49689833333333;48.8438533333333;15.5884572681199;9;6260
-5.49440666666667;48.8448266666667;15.5884572681199;9;6286
-5.49231666666667;48.845615;15.5884572681199;9;6301
-5.49167833333333;48.8458816666667;15.5147284696916;9.32218935234342;6310
-5.49036833333333;48.846435;15.5147284696916;9.32218935234342;6320
-5.48842666666667;48.8471933333333;15.5884572681199;9;6337
-5.48779666666667;48.8474416666667;15.429011412638;9.27068534838098;6343
-5.48465666666667;48.8486866666667;15.2648657308157;9.53854675619769;6373
-5.48325833333333;48.849235;15.3432943555844;9.21918134441854;6387
-5.481305;48.8499883333333;15.1800605976953;9.48555462762621;6405
-5.48012833333333;48.85047;15.429011412638;9.27068534838098;6416
-5.47947166666667;48.8507416666667;15.429011412638;9.27068534838098;6423
-5.478185;48.8512833333333;15.501854397379;8.94999980926514;6431
-5.47752833333333;48.8515416666667;15.6556924241542;8.67809201746924;6439
-5.47679333333333;48.85183;15.804761575357;8.40354079477826;6451
-5.475465;48.852315;15.7431547285091;8.72657316443407;6457
-5.47482333333333;48.8525716666667;15.501854397379;8.94999980926514;6463
-5.47353833333333;48.8530766666667;15.5884572681199;9;6476
-5.47222;48.8535716666667;15.501854397379;8.94999980926514;6487
-5.47167;48.8537816666667;15.3432943555844;9.21918134441854;6492
-5.47036;48.8543233333333;15.429011412638;9.27068534838098;6507
-5.46960166666667;48.8546283333333;15.429011412638;9.27068534838098;6513
-5.468965;48.8549183333333;15.5884572681199;9;6521
-5.46701666666667;48.85567;15.5884572681199;9;6536
-5.46581;48.856105;15.3432943555844;9.21918134441854;6549
-5.46376166666667;48.8569333333333;15.349670863936;9.59153888476917;6567
-5.46319833333333;48.8571233333333;15.2648657308157;9.53854675619769;6572
-5.46181166666667;48.8577133333333;15.429011412638;9.27068534838098;6585
-5.459875;48.8585;15.501854397379;8.94999980926514;6601
-5.45931166666667;48.8586933333333;15.5884572681199;9;6607
-5.45867666666667;48.85896;15.5884572681199;9;6613
-5.45670166666667;48.8596816666667;15.5147284696916;9.32218935234342;6631
-5.4553;48.8602416666667;15.429011412638;9.27068534838098;6642
-5.45398666666667;48.86076;15.5884572681199;9;6656
-5.45267;48.8612566666667;15.6750601388608;9.05000019073487;6668
-5.452025;48.861525;15.429011412638;9.27068534838098;6673
-5.45134833333333;48.86177;15.349670863936;9.59153888476917;6680
-5.45008;48.8623066666667;15.429011412638;9.27068534838098;6689
-5.44939666666667;48.862535;15.5147284696916;9.32218935234342;6697
-5.44875;48.86281;15.5147284696916;9.32218935234342;6706
-5.447415;48.8633183333333;15.5147284696916;9.32218935234342;6714
-5.44482333333333;48.86436;15.7616630096017;9.10000038146973;6741
-5.444165;48.864605;15.6750601388608;9.05000019073487;6747
-5.44286166666667;48.86513;15.3432943555844;9.21918134441854;6755
-5.44168833333333;48.865625;15.830617032864;8.7750543113989;6769
-5.44103666666667;48.8658766666667;15.429011412638;9.27068534838098;6775
-5.44035666666667;48.866095;15.7431547285091;8.72657316443407;6780
-5.43971666666667;48.8663666666667;15.501854397379;8.94999980926514;6787
-5.43828166666667;48.8668866666667;15.501854397379;8.94999980926514;6798
-5.43762166666667;48.86713;15.3432943555844;9.21918134441854;6807
-5.43630666666667;48.8676366666667;15.5884572681199;9;6817
-5.43576;48.86784;15.5884572681199;9;6822
-5.43511666666667;48.8680933333333;15.429011412638;9.27068534838098;6829
-5.43301833333333;48.8688733333333;15.349670863936;9.59153888476917;6848
-5.43258;48.869045;15.5147284696916;9.32218935234342;6855
-5.43108833333333;48.86966;15.3432943555844;9.21918134441854;6864
-5.43043833333333;48.8699183333333;15.3432943555844;9.21918134441854;6872
-5.42978666666667;48.8701766666667;15.429011412638;9.27068534838098;6878
-5.42859166666667;48.8706533333333;15.5147284696916;9.32218935234342;6887
-5.427935;48.8709033333333;15.429011412638;9.27068534838098;6894
-5.42654166666667;48.8714883333333;15.6750601388608;9.05000019073487;6907
-5.42599833333333;48.871695;15.5884572681199;9;6917
-5.42324333333333;48.8727366666667;15.5147284696916;9.32218935234342;6934
-5.422035;48.8732333333333;15.9180793372189;8.82353545836372;6951
-5.42068666666667;48.8736933333333;15.5884572681199;9;6962
-5.41871666666667;48.8744616666667;15.5147284696916;9.32218935234342;6977
-5.415305;48.8757983333333;15.6004455267452;9.37369335630586;7011
-5.414625;48.8760466666667;15.6861609488819;9.42519637791113;7018
-5.41409;48.8762866666667;15.6861609488819;9.42519637791113;7027
-5.41276333333333;48.8767883333333;15.6004455267452;9.37369335630586;7035
-5.41209166666667;48.8770383333333;15.7616630096017;9.10000038146973;7040
-5.41087833333333;48.8774966666667;15.6750601388608;9.05000019073487;7058
-5.40874166666667;48.8782616666667;15.6750601388608;9.05000019073487;7067
-5.40808666666667;48.8785516666667;15.6861609488819;9.42519637791113;7073
-5.40739833333333;48.878785;15.7718780059355;9.47670038187357;7081
-5.40672666666667;48.8790316666667;15.6861609488819;9.42519637791113;7088
-5.40538666666667;48.8795283333333;15.6861609488819;9.42519637791113;7100
-5.40462166666667;48.8798566666667;15.6861609488819;9.42519637791113;7106
-5.40405833333333;48.8800566666667;15.6861609488819;9.42519637791113;7111
-5.40339333333333;48.88031;15.8482642285303;9.14999961853028;7117
-5.401965;48.8808533333333;15.9180793372189;8.82353545836372;7129
-5.40061333333333;48.88135;15.7616630096017;9.10000038146973;7140
-5.39925;48.8818316666667;15.6861609488819;9.42519637791113;7152
-5.39801333333333;48.8822733333333;15.6861609488819;9.42519637791113;7165
-5.39735833333333;48.8825316666667;15.6004455267452;9.37369335630586;7174
-5.393955;48.8838266666667;15.6004455267452;9.37369335630586;7206
-5.39271833333333;48.8842583333333;15.8482642285303;9.14999961853028;7213
-5.392175;48.8844766666667;15.5147284696916;9.32218935234342;7219
-5.391255;48.884785;15.6004455267452;9.37369335630586;7225
-5.39059833333333;48.885055;15.6861609488819;9.42519637791113;7231
-5.39005166666667;48.88527;15.6004455267452;9.37369335630586;7241
-5.38872833333333;48.88576;15.6004455267452;9.37369335630586;7247
-5.387395;48.88626;15.5147284696916;9.32218935234342;7266
-5.38594333333333;48.8868133333333;15.6750601388608;9.05000019073487;7273
-5.38538666666667;48.8870283333333;15.6750601388608;9.05000019073487;7279
-5.384055;48.8874933333333;15.6750601388608;9.05000019073487;7295
-5.38195166666667;48.8882683333333;15.5147284696916;9.32218935234342;7308
-5.37938833333333;48.8891983333333;15.5147284696916;9.32218935234342;7333
-5.378705;48.8894416666667;15.7616630096017;9.10000038146973;7342
-5.37794666666667;48.889745;15.5147284696916;9.32218935234342;7347
-5.37672166666667;48.8901916666667;15.5147284696916;9.32218935234342;7356
-5.37593666666667;48.8904566666667;15.5147284696916;9.32218935234342;7363
-5.37528666666667;48.8907183333333;15.429011412638;9.27068534838098;7369
-5.37462833333333;48.8909866666667;15.5147284696916;9.32218935234342;7375
-5.37393833333333;48.8912066666667;15.6004455267452;9.37369335630586;7384
-5.37284833333333;48.89163;15.6750601388608;9.05000019073487;7393
-5.37075166666667;48.8924016666667;15.7431547285091;8.72657316443407;7414
-5.369415;48.8928833333333;15.6750601388608;9.05000019073487;7425
-5.36796;48.893455;15.830617032864;8.7750543113989;7435
-5.36597333333333;48.89414;15.5147284696916;9.32218935234342;7453
-5.365285;48.894375;15.8482642285303;9.14999961853028;7459
-5.36474166666667;48.89459;15.5147284696916;9.32218935234342;7467
-5.36337333333333;48.895105;15.7616630096017;9.10000038146973;7477
-5.36271333333333;48.8953583333333;15.5147284696916;9.32218935234342;7485
-5.36060166666667;48.896135;15.6861609488819;9.42519637791113;7502
-5.35872;48.8968183333333;15.7718780059355;9.47670038187357;7521
-5.357945;48.8971166666667;15.8482642285303;9.14999961853028;7527
-5.35738;48.89732;15.7616630096017;9.10000038146973;7533
-5.35604166666667;48.897815;15.6004455267452;9.37369335630586;7545
-5.35257;48.8991033333333;15.5147284696916;9.32218935234342;7572
-5.351215;48.8995733333333;15.6004455267452;9.37369335630586;7585
-5.35067166666667;48.89979;15.5147284696916;9.32218935234342;7598
-5.34736333333333;48.9010333333333;15.7616630096017;9.10000038146973;7621
-5.346035;48.901485;15.6750601388608;9.05000019073487;7633
-5.34326;48.902505;15.5147284696916;9.32218935234342;7659
-5.34192833333333;48.90301;15.5147284696916;9.32218935234342;7668
-5.34126;48.9032516666667;15.429011412638;9.27068534838098;7678
-5.33993333333333;48.9037633333333;15.5147284696916;9.32218935234342;7690
-5.33936666666667;48.90396;15.6750601388608;9.05000019073487;7695
-5.33803;48.90445;15.6750601388608;9.05000019073487;7709
-5.336605;48.9049716666667;15.6750601388608;9.05000019073487;7719
-5.33528;48.905485;15.6750601388608;9.05000019073487;7732
-5.33406;48.9059283333333;15.5884572681199;9;7741
-5.33315666666667;48.90623;15.5884572681199;9;7746
-5.33406;48.9059283333333;15.5884572681199;9;7753
-5.33204666666667;48.9066466666667;15.7616630096017;9.10000038146973;7758
-5.3306;48.9071766666667;15.349670863936;9.59153888476917;7770
-5.33002333333333;48.907365;15.6750601388608;9.05000019073487;7776
-5.32938;48.9076333333333;15.5884572681199;9;7781
-5.32870833333333;48.9078433333333;15.5147284696916;9.32218935234342;7791
-5.32793333333333;48.9081233333333;15.5147284696916;9.32218935234342;7796
-5.32596;48.908885;15.5147284696916;9.32218935234342;7811
-5.32551666666667;48.9090466666667;15.6750601388608;9.05000019073487;7817
-5.32396333333333;48.9096333333333;15.6004455267452;9.37369335630586;7830
-5.32262;48.9101316666667;15.5147284696916;9.32218935234342;7841
-5.32194666666667;48.9103716666667;15.6750601388608;9.05000019073487;7850
-5.32138666666667;48.9105733333333;15.6750601388608;9.05000019073487;7856
-5.32071666666667;48.9108233333333;15.6750601388608;9.05000019073487;7864
-5.31993333333333;48.9111083333333;15.5147284696916;9.32218935234342;7872
-5.31801;48.9117883333333;15.349670863936;9.59153888476917;7884
-5.31723333333333;48.9120733333333;15.5147284696916;9.32218935234342;7891
-5.31603333333333;48.912515;15.5147284696916;9.32218935234342;7905
-5.31516333333333;48.91285;15.429011412638;9.27068534838098;7911
-5.314615;48.9130666666667;15.5147284696916;9.32218935234342;7916
-5.31393166666667;48.9133;15.6750601388608;9.05000019073487;7923
-5.31263333333333;48.9137983333333;15.3432943555844;9.21918134441854;7935
-5.31129666666667;48.9142833333333;15.429011412638;9.27068534838098;7944
-5.31074;48.914475;15.5884572681199;9;7955
-5.30863833333333;48.9152366666667;15.6750601388608;9.05000019073487;7968
-5.30800833333333;48.91551;15.429011412638;9.27068534838098;7975
-5.30730166666667;48.91571;15.5147284696916;9.32218935234342;7984
-5.30611166666667;48.9161966666667;15.5884572681199;9;7994
-5.303995;48.9169733333333;15.5884572681199;9;8015
-5.30334166666667;48.917215;15.7431547285091;8.72657316443407;8025
-5.30133666666667;48.9179533333333;15.429011412638;9.27068534838098;8040
-5.30011166666667;48.9183816666667;15.6750601388608;9.05000019073487;8045
-5.299415;48.9186033333333;15.5147284696916;9.32218935234342;8054
-5.29876166666667;48.9188566666667;15.5147284696916;9.32218935234342;8059
-5.298115;48.919105;15.5147284696916;9.32218935234342;8067
-5.29734333333333;48.9194;15.7616630096017;9.10000038146973;8081
-5.29538833333333;48.92016;15.6750601388608;9.05000019073487;8088
-5.29414833333333;48.9206233333333;15.5147284696916;9.32218935234342;8108
-5.29216333333333;48.9213816666667;15.5147284696916;9.32218935234342;8119
-5.29075166666667;48.9219466666667;15.6750601388608;9.05000019073487;8131
-5.28886333333333;48.9226283333333;15.429011412638;9.27068534838098;8148
-5.28742333333333;48.9231633333333;15.429011412638;9.27068534838098;8161
-5.28677166666667;48.9234166666667;15.429011412638;9.27068534838098;8167
-5.28635;48.9235716666667;15.429011412638;9.27068534838098;8175
-5.28547666666667;48.9239033333333;15.5147284696916;9.32218935234342;8182
-5.284265;48.9243683333333;15.5147284696916;9.32218935234342;8190
-5.28293333333333;48.9248666666667;15.7616630096017;9.10000038146973;8203
-5.28226666666667;48.925145;15.5147284696916;9.32218935234342;8209
-5.28293333333333;48.9248666666667;15.7616630096017;9.10000038146973;8215
-5.280805;48.9256733333333;15.6750601388608;9.05000019073487;8220
-5.28013;48.9259316666667;15.7616630096017;9.10000038146973;8225
-5.27957166666667;48.9261533333333;15.5147284696916;9.32218935234342;8231
-5.27890833333333;48.926385;15.5147284696916;9.32218935234342;8239
-5.27826833333333;48.926655;15.9180793372189;8.82353545836372;8246
-5.28013;48.9259316666667;15.7616630096017;9.10000038146973;8251
-5.27761666666667;48.9268966666667;15.5147284696916;9.32218935234342;8257
-5.27628166666667;48.9273883333333;15.6750601388608;9.05000019073487;8264
-5.27487166666667;48.9279133333333;15.6004455267452;9.37369335630586;8274
-5.27422833333333;48.92817;15.6750601388608;9.05000019073487;8286
-5.271755;48.9291283333333;15.7616630096017;9.10000038146973;8306
-5.26972333333333;48.9298816666667;15.8482642285303;9.14999961853028;8325
-5.26697666666667;48.9309483333333;15.6861609488819;9.42519637791113;8348
-5.26553666666667;48.931515;15.8482642285303;9.14999961853028;8357
-5.26500166666667;48.9317383333333;15.7616630096017;9.10000038146973;8366
-5.26355833333333;48.9322733333333;15.9348670992712;9.19999980926514;8380
-5.26289333333333;48.932525;15.7616630096017;9.10000038146973;8387
-5.26169333333333;48.933;15.7616630096017;9.10000038146973;8397
-5.26020666666667;48.93353;15.8482642285303;9.14999961853028;8405
-5.25888166666667;48.9340016666667;15.6861609488819;9.42519637791113;8420
-5.258235;48.9342916666667;15.6861609488819;9.42519637791113;8428
-5.25567833333333;48.935265;15.9180793372189;8.82353545836372;8449
-5.25424333333333;48.9357833333333;15.7616630096017;9.10000038146973;8460
-5.253605;48.9360783333333;15.5147284696916;9.32218935234342;8466
-5.25292833333333;48.9363;15.6861609488819;9.42519637791113;8473
-5.25227666666667;48.9365516666667;15.5147284696916;9.32218935234342;8478
-5.25160166666667;48.9368016666667;15.5147284696916;9.32218935234342;8485
-5.25092666666667;48.9370716666667;15.6004455267452;9.37369335630586;8494
-5.25027666666667;48.9373483333333;15.7616630096017;9.10000038146973;8499
-5.24895;48.9378416666667;15.6861609488819;9.42519637791113;8508
-5.24774333333333;48.9383316666667;15.8482642285303;9.14999961853028;8526
-5.24568;48.93916;15.6750601388608;9.05000019073487;8542
-5.24442333333333;48.9396;15.6861609488819;9.42519637791113;8550
-5.24374166666667;48.9398483333333;15.8482642285303;9.14999961853028;8559
-5.24299;48.940155;15.6004455267452;9.37369335630586;8566
-5.24113166666667;48.9409016666667;15.8482642285303;9.14999961853028;8580
-5.23839;48.9419466666667;15.6861609488819;9.42519637791113;8607
-5.237715;48.9422066666667;15.8482642285303;9.14999961853028;8617
-5.23649666666667;48.942685;15.6750601388608;9.05000019073487;8623
-5.23516;48.9431766666667;16.0055399733691;8.87201568062758;8634
-5.234445;48.9434833333333;15.6750601388608;9.05000019073487;8642
-5.23375666666667;48.9437083333333;15.6750601388608;9.05000019073487;8648
-5.23309;48.9439783333333;15.6750601388608;9.05000019073487;8655
-5.23184666666667;48.9444116666667;15.6004455267452;9.37369335630586;8665
-5.23055333333333;48.94493;15.349670863936;9.59153888476917;8677
-5.22911666666667;48.9455266666667;15.429011412638;9.27068534838098;8690
-5.22867166666667;48.945695;15.6004455267452;9.37369335630586;8698
-5.22778166666667;48.9460383333333;15.6004455267452;9.37369335630586;8705
-5.226625;48.946495;15.6004455267452;9.37369335630586;8712
-5.22516666666667;48.9470383333333;15.6004455267452;9.37369335630586;8728
-5.22393166666667;48.9475283333333;15.7616630096017;9.10000038146973;8735
-5.22250666666667;48.94809;15.6750601388608;9.05000019073487;8748
-5.22197166666667;48.948295;15.6750601388608;9.05000019073487;8753
-5.22055666666667;48.9488266666667;15.6004455267452;9.37369335630586;8766
-5.21872;48.949565;15.5147284696916;9.32218935234342;8787
-5.21801166666667;48.94979;15.9180793372189;8.82353545836372;8799
-5.21591;48.9505966666667;15.6750601388608;9.05000019073487;8808
-5.21458166666667;48.9510933333333;15.349670863936;9.59153888476917;8821
-5.21318166666667;48.9516266666667;15.5147284696916;9.32218935234342;8831
-5.21262;48.951835;15.5147284696916;9.32218935234342;8838
-5.21194;48.9520816666667;15.5147284696916;9.32218935234342;8844
-5.21134666666667;48.9523483333333;15.6750601388608;9.05000019073487;8849
-5.21091666666667;48.9525283333333;15.6750601388608;9.05000019073487;8856
-5.21001;48.9528533333333;15.6004455267452;9.37369335630586;8861
-5.20947833333333;48.95308;15.6750601388608;9.05000019073487;8868
-5.20881333333333;48.95333;15.5147284696916;9.32218935234342;8879
-5.207475;48.9538383333333;15.6004455267452;9.37369335630586;8885
-5.206695;48.95413;15.5884572681199;9;8896
-5.20535833333333;48.95464;15.6861609488819;9.42519637791113;8909
-5.20285;48.95564;15.2648657308157;9.53854675619769;8929
-5.20151833333333;48.95613;15.5884572681199;9;8940
-5.20016666666667;48.9566116666667;15.6750601388608;9.05000019073487;8952
-5.198865;48.957115;15.5884572681199;9;8964
-5.193545;48.95915;15.6750601388608;9.05000019073487;9014
-5.19287833333333;48.9594266666667;15.6750601388608;9.05000019073487;9019
-5.19156333333333;48.9599233333333;15.6750601388608;9.05000019073487;9033
-5.18955833333333;48.9606983333333;15.429011412638;9.27068534838098;9047
-5.18696166666667;48.961705;15.7616630096017;9.10000038146973;9071
-5.1864;48.9619133333333;15.9180793372189;8.82353545836372;9078
-5.18492;48.9624466666667;16.0055399733691;8.87201568062758;9090
-5.18087666666667;48.9639016666667;15.7616630096017;9.10000038146973;9125
-5.179535;48.9644266666667;15.7616630096017;9.10000038146973;9137
-5.17884;48.9646533333333;15.6861609488819;9.42519637791113;9146
-5.17696166666667;48.9653716666667;15.6861609488819;9.42519637791113;9161
-5.17631833333333;48.965635;15.6861609488819;9.42519637791113;9168
-5.17563;48.96587;15.8482642285303;9.14999961853028;9178
-5.17487;48.9661916666667;15.8482642285303;9.14999961853028;9185
-5.17297166666667;48.9669133333333;15.7616630096017;9.10000038146973;9197
-5.16899166666667;48.968395;15.7616630096017;9.10000038146973;9233
-5.168315;48.9686666666667;15.6861609488819;9.42519637791113;9239
-5.16752833333333;48.968955;16.0055399733691;8.87201568062758;9245
-5.16687;48.9692116666667;15.6750601388608;9.05000019073487;9253
-5.16551333333333;48.96969;15.6861609488819;9.42519637791113;9267
-5.16339666666667;48.9704966666667;15.5192795126532;9.69752213117134;9282
-5.16080833333333;48.9714233333333;15.7718780059355;9.47670038187357;9306
-5.156345;48.97312;15.6861609488819;9.42519637791113;9347
-5.154805;48.973705;15.5147284696916;9.32218935234342;9359
-5.15358;48.9741516666667;15.6750601388608;9.05000019073487;9379
-5.15148333333333;48.9749383333333;15.5147284696916;9.32218935234342;9395
-5.15017166666667;48.9754283333333;15.349670863936;9.59153888476917;9404
-5.14972166666667;48.9755716666667;15.5147284696916;9.32218935234342;9410
-5.14886666666667;48.9758966666667;15.6004455267452;9.37369335630586;9416
-5.14817333333333;48.9761733333333;15.7616630096017;9.10000038146973;9423
-5.14694;48.9766183333333;15.830617032864;8.7750543113989;9431
-5.14606333333333;48.9769483333333;15.429011412638;9.27068534838098;9440
-5.14560166666667;48.9771016666667;15.6750601388608;9.05000019073487;9445
-5.14419;48.9776366666667;15.3432943555844;9.21918134441854;9458
-5.14298333333333;48.978095;15.5884572681199;9;9467
-5.1422;48.9783783333333;15.349670863936;9.59153888476917;9474
-5.14155;48.978625;15.429011412638;9.27068534838098;9479
-5.13747;48.98019;15.6750601388608;9.05000019073487;9516
-5.12818666666667;48.9836133333333;15.5884572681199;9;9600
-5.12698333333333;48.9840433333333;15.429011412638;9.27068534838098;9612
-5.12564666666667;48.9845283333333;15.5884572681199;9;9623
-5.11505166666667;48.988545;15.5147284696916;9.32218935234342;9720
-5.11184666666667;48.9897266666667;15.429011412638;9.27068534838098;9750
-5.10723333333333;48.99145;15.429011412638;9.27068534838098;9793
-5.10644;48.9917333333333;15.6556924241542;8.67809201746924;9799
-5.10578833333333;48.99198;15.429011412638;9.27068534838098;9804
-5.10444666666667;48.9924483333333;15.5884572681199;9;9815
-5.10321;48.9928833333333;15.830617032864;8.7750543113989;9828
-5.09986333333333;48.9941033333333;15.349670863936;9.59153888476917;9857
-5.09779833333333;48.9949183333333;15.501854397379;8.94999980926514;9875
-5.09715833333333;48.99518;15.2575772985308;9.1676773404561;9883
-5.09648833333333;48.99538;15.501854397379;8.94999980926514;9888
-5.09605833333333;48.9955633333333;15.501854397379;8.94999980926514;9897
-5.095175;48.9958883333333;15.501854397379;8.94999980926514;9904
-5.09397666666667;48.9963;15.4152515266381;8.89999961853028;9916
-5.09266666666667;48.9968;15.3432943555844;9.21918134441854;9924
-5.090575;48.9975533333333;15.2575772985308;9.1676773404561;9946
-5.08859666666667;48.9983016666667;15.501854397379;8.94999980926514;9961
-5.08606333333333;48.9992;15.3432943555844;9.21918134441854;9986
-5.08473833333333;48.9996783333333;15.3432943555844;9.21918134441854;9995
-5.083955;48.999945;15.6556924241542;8.67809201746924;10003
-5.083405;49.0001616666667;15.501854397379;8.94999980926514;10008
-5.08274666666667;49.000395;15.3432943555844;9.21918134441854;10016
-5.08144166666667;49.00087;15.3432943555844;9.21918134441854;10028
-5.07615333333333;49.0028233333333;15.501854397379;8.94999980926514;10073
-5.07534666666667;49.0031133333333;15.429011412638;9.27068534838098;10080
-5.07615333333333;49.0028233333333;15.501854397379;8.94999980926514;10085
-5.07405;49.0036066666667;15.501854397379;8.94999980926514;10092
-5.07274833333333;49.0040766666667;15.2575772985308;9.1676773404561;10104
-5.07146;49.004575;15.2575772985308;9.1676773404561;10116
-5.07098666666667;49.0047066666667;15.501854397379;8.94999980926514;10121
-5.06812166666667;49.00575;15.501854397379;8.94999980926514;10146
-5.06492666666667;49.00691;15.4152515266381;8.89999961853028;10175
-5.062295;49.0078866666667;15.1718618763941;9.11617431885083;10200
-5.06098;49.00837;15.095255464575;9.43256249905473;10214
-5.05967;49.0088816666667;15.2575772985308;9.1676773404561;10224
-5.05891833333333;49.0091683333333;15.2575772985308;9.1676773404561;10231
-5.054995;49.0106383333333;15.4152515266381;8.89999961853028;10265
-5.05431833333333;49.010875;15.501854397379;8.94999980926514;10271
-5.053645;49.0111016666667;15.3432943555844;9.21918134441854;10279
-5.05299;49.0113383333333;15.2575772985308;9.1676773404561;10284
-5.05242166666667;49.01153;15.3432943555844;9.21918134441854;10290
-5.05178;49.0118066666667;15.3432943555844;9.21918134441854;10296
-5.05111166666667;49.0120216666667;15.1800605976953;9.48555462762621;10306
-5.04970666666667;49.01257;15.3432943555844;9.21918134441854;10314
-5.04904;49.012805;15.2575772985308;9.1676773404561;10320
-5.04524;49.014225;15.501854397379;8.94999980926514;10355
-5.04459666666667;49.0144683333333;15.501854397379;8.94999980926514;10360
-5.04524;49.014225;15.501854397379;8.94999980926514;10365
-5.04307166666667;49.0150216666667;15.501854397379;8.94999980926514;10379
-5.041835;49.01543;15.501854397379;8.94999980926514;10386
-5.04118333333333;49.0157016666667;15.501854397379;8.94999980926514;10394
-5.04073333333333;49.0158533333333;15.3432943555844;9.21918134441854;10399
-5.039825;49.0161616666667;15.5884572681199;9;10404
-5.036545;49.017395;15.501854397379;8.94999980926514;10435
-5.034675;49.01807;15.2575772985308;9.1676773404561;10454
-5.02595833333333;49.02121;15.4152515266381;8.89999961853028;10530
-5.02196;49.0226616666667;15.1800605976953;9.48555462762621;10566
-5.01885;49.0239016666667;15.429011412638;9.27068534838098;10596
-5.01697333333333;49.02462;15.5884572681199;9;10614
-5.01558166666667;49.0251566666667;15.6556924241542;8.67809201746924;10626
-5.01079;49.0268666666667;15.429011412638;9.27068534838098;10668
-5.01015333333333;49.02715;15.429011412638;9.27068534838098;10675
-5.00818;49.0279016666667;15.429011412638;9.27068534838098;10693
-5.00752666666667;49.0281616666667;15.5884572681199;9;10699
-5.00497333333333;49.0291;15.429011412638;9.27068534838098;10723
-5.00091166666667;49.030665;15.7431547285091;8.72657316443407;10759
-4.99642166666667;49.0323083333333;15.5884572681199;9;10800
-4.98968166666667;49.03494;15.7616630096017;9.10000038146973;10860
-4.98635833333333;49.0361566666667;15.9180793372189;8.82353545836372;10895
-4.98169166666667;49.0379283333333;15.6750601388608;9.05000019073487;10935
-4.97823833333333;49.0392333333333;16.0930022777239;8.92049682759241;10964
-4.97712;49.0396566666667;16.069646863668;8.54438280088159;10974
-4.97295666666667;49.0411366666667;16.1272184277015;8.21722821846943;11012
-4.96954833333333;49.0422966666667;16.0055399733691;8.87201568062758;11039
-4.962735;49.04469;16.069646863668;8.54438280088159;11099
-4.95593333333333;49.0470683333333;16.1579402756828;8.59132924080343;11159
-4.952505;49.048235;16.0055399733691;8.87201568062758;11189
-4.940075;49.0525216666667;15.8482642285303;9.14999961853028;11297
-4.9039;49.0647766666667;15.830617032864;8.7750543113989;11615
-4.90196666666667;49.0654366666667;15.830617032864;8.7750543113989;11634
-4.89171333333333;49.0689;15.6750601388608;9.05000019073487;11729
