"x";"y";"vx";"vy";"t"
-5.37126666666667;49.0727;-12.0768558584867;-7.84280189645308;0
-5.38505;49.0673;-12.2966973942682;-7.68382933138147;166
-5.40963333333333;49.0582;-12.2118922611479;-7.63083720281;449
-5.42346666666667;49.05315;-12.2118922611479;-7.63083720281;599
-5.4362;49.0484666666667;-12.0422828036689;-7.52485345103743;748
-5.44865;49.0438166666667;-11.9574784793103;-7.47186182783635;897
-5.46105;49.03905;-11.87267334619;-7.41886969926487;1029
-5.51941666666667;49.0149666666667;-11.5736539976106;-7.51601878708902;1737
-5.52925;49.0108333333333;-11.4897866208886;-7.46155467582422;1857
-5.6315;48.9664166666667;-11.4681286200459;-8.03007010891465;3120
-5.6487;48.9587;-11.4681286200459;-8.03007010891465;3316
-5.65921666666667;48.9539666666667;-11.4681286200459;-8.03007010891465;3449
-5.67003333333333;48.9491166666667;-11.5500441369565;-8.0874279713518;3587
-5.67985;48.9447333333333;-11.5500441369565;-8.0874279713518;3699
-5.76791666666667;48.90605;-11.2453359131963;-8.1702147826431;4781
-5.77991666666667;48.89955;-10.2553987333317;-9.23400249537878;4946
-5.80946666666667;48.8713166666667;-7.62494649021038;-11.7413879512359;5494
-5.81656666666667;48.8634666666667;-7.67941060147519;-11.8252553279579;5619
-5.81776666666667;48.8621166666667;-7.67941060147519;-11.8252553279579;5635
-5.82371666666667;48.8553333333333;-7.21053304874076;-12.0003422098296;5759
-5.83356666666667;48.8428;-7.2620370527032;-12.0860592668832;5980
-5.84391666666667;48.8304666666667;-7.2620370527032;-12.0860592668832;6195
-5.86373333333333;48.8071666666667;-7.2620370527032;-12.0860592668832;6608
-5.87021666666667;48.7995333333333;-7.2620370527032;-12.0860592668832;6715
-5.87786666666667;48.7906666666667;-7.31354056548705;-12.1717755064783;6894
-5.88548333333333;48.7817666666667;-7.31354056548705;-12.1717755064783;7057
-5.8919;48.7741833333333;-7.2620370527032;-12.0860592668832;7157
-5.89861666666667;48.7662833333333;-7.2620370527032;-12.0860592668832;7301
-5.90465;48.7590666666667;-7.2620370527032;-12.0860592668832;7446
-5.91051666666667;48.7518666666667;-7.2620370527032;-12.0860592668832;7571
-5.918;48.7428333333333;-7.2620370527032;-12.0860592668832;7725
-5.92563333333333;48.7333666666667;-7.52485345103743;-12.0422828036689;7893
-5.93905;48.7171333333333;-7.2620370527032;-12.0860592668832;8177
-6.05808333333333;48.5713;-7.51955609015822;-12.5146429172342;10629
-6.0703;48.5563333333333;-7.46805208619578;-12.4289258601806;10875
