"x";"y";"vx";"vy";"t"
-5.01866666666667;49.2005;-9.70827908288824;-5.38138696967453;0
-5.03233333333333;49.1955;-9.51455736477682;-5.71692282797304;198
-5.033;49.1951666666667;-9.51455736477682;-5.71692282797304;207
-5.054;49.187;-9.60027360437197;-5.76842634075689;517
-5.05733333333333;49.1856666666667;-9.68599066142555;-5.81993034471933;569
-5.05866666666667;49.1851666666667;-9.60027360437197;-5.76842634075689;588
-5.06966666666667;49.1808333333333;-9.60027360437197;-5.76842634075689;748
-5.082;49.176;-9.95929214352104;-5.75000000000001;927
-5.189;49.135;-10.1455889364579;-5.6237917797977;2437
-5.257;49.109;-10.1324970590967;-5.84999990463257;3399
-5.35716666666667;49.0705;-10.3717246654789;-6.23196090288309;4778
-5.4805;49.028;-10.8756934444398;-5.0714191408884;6417
-5.48966666666667;49.0251666666667;-10.8756934444398;-5.0714191408884;6537
-5.492;49.0243333333333;-10.78552855559;-5.26045376146893;6567
-5.514;49.017;-10.6836662104108;-5.68060608879847;6858
-5.553;49.0028333333333;-10.757822564635;-5.96315842150004;7376
-5.55383333333333;49.0025;-10.8452840348876;-6.01163910611438;7389
-5.55533333333333;49.0018333333333;-10.8452840348876;-6.01163910611438;7407
-5.55916666666667;49.0005;-10.757822564635;-5.96315842150004;7459
-5.58983333333333;48.9891666666667;-10.757822564635;-5.96315842150004;7868
-5.60883333333333;48.9823333333333;-10.6521126317298;-6.15000009536744;8117
-5.61033333333333;48.9818333333333;-10.757822564635;-5.96315842150004;8137
-5.61566666666667;48.9798333333333;-10.757822564635;-5.96315842150004;8210
-5.6195;48.9785;-10.6703602602802;-5.91467727453521;8257
-5.79533333333333;48.912;-4.98689556914829;-10.694432059897;10647
-5.8035;48.9026666666667;-4.90237199740818;-10.5131706753541;10849
-5.80533333333333;48.9003333333333;-4.90237199740818;-10.5131706753541;10898
-5.81266666666667;48.8913333333333;-4.71814521483699;-10.5971276571441;11086
-5.93716666666667;48.7318333333333;-4.4741030738338;-10.0490000340686;14458
-5.94083333333333;48.727;-4.4334292543685;-9.95764513981442;14570
-5.97883333333333;48.6756666666667;1.22464679914735e-15;-10;15746
-5.9455;48.5865;1.77121137908193;-10.0450388928873;17699
-5.945;48.585;1.77121137908193;-10.0450388928873;17730
-5.94433333333333;48.5831666666667;1.77121137908193;-10.0450388928873;17768
-5.944;48.5823333333333;1.92717092609096;-9.91443492728246;17787
-5.94316666666667;48.5805;1.92717092609096;-9.91443492728246;17827
-5.94233333333333;48.5783333333333;1.92717092609096;-9.91443492728246;17876
-5.94216666666667;48.5778333333333;1.77121137908193;-10.0450388928873;17891
-5.94166666666667;48.5768333333333;1.75384666067752;-9.94655868109765;17909
-5.94033333333333;48.5736666666667;1.92717092609096;-9.91443492728246;17976
-5.94016666666667;48.5731666666667;1.75384666067752;-9.94655868109765;17987
-5.93783333333333;48.5675;1.7364817766693;-9.84807753012208;18117
-5.93716666666667;48.5661666666667;1.7364817766693;-9.84807753012208;18146
-5.937;48.5656666666667;1.7364817766693;-9.84807753012208;18157
-5.93616666666667;48.5635;1.90808995376545;-9.81627183447664;18206
-5.936;48.563;1.90808995376545;-9.81627183447664;18217
-5.9355;48.5621666666667;1.75384666067752;-9.94655868109765;18248
-5.93516666666667;48.5611666666667;1.7364817766693;-9.84807753012208;18259
-5.935;48.5606666666667;1.75384666067752;-9.94655868109765;18269
-5.93466666666667;48.5598333333333;1.75384666067752;-9.94655868109765;18290
-5.9345;48.5593333333333;1.75384666067752;-9.94655868109765;18297
-5.93433333333333;48.559;1.7364817766693;-9.84807753012208;18307
-5.93416666666667;48.5585;1.90808995376545;-9.81627183447664;18317
-5.934;48.558;1.90808995376545;-9.81627183447664;18329
-5.9335;48.5571666666667;1.7364817766693;-9.84807753012208;18347
-5.93333333333333;48.5566666666667;1.75384666067752;-9.94655868109765;18362
-5.93316666666667;48.5563333333333;1.90808995376545;-9.81627183447664;18367
-5.93266666666667;48.5548333333333;1.75384666067752;-9.94655868109765;18397
-5.9325;48.5545;1.75384666067752;-9.94655868109765;18409
-5.93166666666667;48.5526666666667;1.7364817766693;-9.84807753012208;18447
-5.93133333333333;48.5516666666667;1.90808995376545;-9.81627183447664;18470
-5.931;48.5508333333333;1.90808995376545;-9.81627183447664;18486
-5.93066666666667;48.55;1.75384666067752;-9.94655868109765;18511
-5.93033333333333;48.5491666666667;1.7364817766693;-9.84807753012208;18530
-5.93;48.5486666666667;1.7364817766693;-9.84807753012208;18536
-5.9295;48.5473333333333;1.90808995376545;-9.81627183447664;18567
-5.92933333333333;48.5468333333333;1.90808995376545;-9.81627183447664;18579
-5.92916666666667;48.5465;1.90808995376545;-9.81627183447664;18591
-5.92883333333333;48.5455;1.90808995376545;-9.81627183447664;18606
-5.9285;48.545;1.7364817766693;-9.84807753012208;18623
-5.92683333333333;48.5411666666667;1.7364817766693;-9.84807753012208;18710
-5.92666666666667;48.5406666666667;1.75384666067752;-9.94655868109765;18716
-5.92633333333333;48.5396666666667;1.92717092609096;-9.91443492728246;18739
-5.92583333333333;48.5388333333333;1.75384666067752;-9.94655868109765;18756
-5.92433333333333;48.5353333333333;1.90808995376545;-9.81627183447664;18838
-5.92416666666667;48.5348333333333;1.90808995376545;-9.81627183447664;18848
-5.92283333333333;48.5316666666667;1.75384666067752;-9.94655868109765;18919
-5.9225;48.5311666666667;1.75384666067752;-9.94655868109765;18927
-5.92216666666667;48.5303333333333;1.75384666067752;-9.94655868109765;18948
-5.92183333333333;48.5295;1.75384666067752;-9.94655868109765;18967
-5.92166666666667;48.529;1.75384666067752;-9.94655868109765;18975
-5.92183333333333;48.5295;1.75384666067752;-9.94655868109765;18983
-5.92033333333333;48.5258333333333;1.90808995376545;-9.81627183447664;19047
-5.9185;48.5218333333333;1.90808995376545;-9.81627183447664;19138
-5.91816666666667;48.5213333333333;1.7364817766693;-9.84807753012208;19148
-5.9155;48.5153333333333;1.71911689266109;-9.74959637914652;19287
-5.91516666666667;48.5143333333333;1.90808995376545;-9.81627183447664;19308
-5.911;48.5028333333333;1.02437895996023;-9.74631476429908;19566
-5.90566666666667;48.4861666666667;1.02437895996023;-9.74631476429908;19948
-5.90266666666667;48.4773333333333;1.18790737181465e-15;-9.69999980926514;20149
-5.90233333333333;48.4746666666667;1.15116794448194e-15;-9.39999961853027;20212
-5.90233333333333;48.4741666666667;1.16341445918999e-15;-9.5;20219
-5.90216666666667;48.4738333333333;1.16341445918999e-15;-9.5;20229
-5.90166666666667;48.469;-0.16579786115419;-9.49855310398572;20338
-5.90066666666667;48.462;1.16341445918999e-15;-9.5;20496
-5.90066666666667;48.4615;1.16341445918999e-15;-9.5;20507
-5.9005;48.4611666666667;1.16341445918999e-15;-9.5;20516
-5.9005;48.4606666666667;1.16341445918999e-15;-9.5;20528
-5.9005;48.4601666666667;1.16341445918999e-15;-9.5;20540
-5.90033333333333;48.4593333333333;1.15116794448194e-15;-9.39999961853027;20557
-5.90033333333333;48.4588333333333;1.15116794448194e-15;-9.39999961853027;20567
-5.9;48.4571666666667;-0.164052613852897;-9.39856795305845;20608
-5.9;48.4563333333333;1.15116794448194e-15;-9.39999961853027;20629
-5.894;48.4245;1.15116794448194e-15;-9.39999961853027;21366
-5.865;48.3783333333333;2.13703501626672;-9.25651561545974;22496
-5.86466666666667;48.3778333333333;2.15953020751312;-9.35395299363094;22508
-5.85933333333333;48.3701666666667;2.15953020751312;-9.35395299363094;22697
-5.85733333333333;48.3673333333333;2.37083462301968;-9.50889830257399;22767
-5.8565;48.3661666666667;2.20452037547588;-9.54882682074165;22799
-5.85583333333333;48.3653333333333;2.20452037547588;-9.54882682074165;22817
-5.85466666666667;48.3638333333333;2.39502667415083;-9.60592731999392;22859
-5.81583333333333;48.2846666666667;1.20015388652269e-15;-9.80000019073486;24709
-5.81533333333333;48.2828333333333;1.20015388652269e-15;-9.80000019073486;24748
-5.80966666666667;48.2628333333333;1.21240028443931e-15;-9.89999961853027;25198
-5.80866666666667;48.2596666666667;1.21240028443931e-15;-9.89999961853027;25269
-5.79933333333333;48.2353333333333;1.2065064532215;-9.82620652262278;25824
-5.78766666666667;48.212;1.21869343405148;-9.92546151641322;26346
-5.78583333333333;48.208;1.21869343405148;-9.92546151641322;26436
-5.78266666666667;48.2015;1.39173100960066;-9.9026806874157;26586
-5.78166666666667;48.1996666666667;1.40564837278699;-10.0017078720471;26629
-5.78133333333333;48.1988333333333;1.24306727948777;-10.1239705574283;26650
-5.77316666666667;48.1846666666667;1.92717092609096;-9.91443492728246;26968
-5.7725;48.1833333333333;1.90808995376545;-9.81627183447664;27000
-5.7715;48.1816666666667;1.92717092609096;-9.91443492728246;27039
-5.77116666666667;48.1811666666667;1.92717092609096;-9.91443492728246;27046
-5.771;48.1806666666667;1.75384666067752;-9.94655868109765;27060
-5.77083333333333;48.1803333333333;1.75384666067752;-9.94655868109765;27069
-5.77033333333333;48.1793333333333;1.92717092609096;-9.91443492728246;27090
-5.76983333333333;48.1786666666667;1.92717092609096;-9.91443492728246;27106
-5.7695;48.1781666666667;1.77121137908193;-10.0450388928873;27119
-5.76933333333333;48.1776666666667;1.75384666067752;-9.94655868109765;27133
-5.76883333333333;48.1768333333333;1.94625171644683;-10.0125970839356;27150
-5.76833333333333;48.176;1.94625171644683;-10.0125970839356;27167
-5.768;48.1755;1.94625171644683;-10.0125970839356;27179
-5.76783333333333;48.175;1.77121137908193;-10.0450388928873;27187
-5.76666666666667;48.1733333333333;1.75384666067752;-9.94655868109765;27227
-5.76583333333333;48.1715;1.77121137908193;-10.0450388928873;27274
-5.72283333333333;48.0758333333333;0.897704166924523;-10.260805580354;29407
-5.54;47.666;3.04821597684169;-12.225726521216;37357
