"x";"y";"vx";"vy";"t"
-4.69908333333333;49.8689666666667;-18.6128661562564;-3.28195049166346;0
-4.89838333333333;49.8484333333333;-18.6128661562564;-3.28195049166346;1496
-4.90051666666667;49.8482;-18.6128661562564;-3.28195049166346;1511
-4.90158333333333;49.8481;-18.6128661562564;-3.28195049166346;1519
-5.01065;49.8362;-18.6128661562564;-3.28195049166346;2339
-5.01223333333333;49.8360166666667;-18.6128661562564;-3.28195049166346;2354
-5.01065;49.8362;-18.6128661562564;-3.28195049166346;2364
-5.23985;49.8105833333333;-18.6598668936042;-2.29114356303784;4055
-5.57506666666667;49.7770833333333;-18.9083096091831;-3.33404514368811;6539
-5.58035;49.7765;-18.9083096091831;-3.33404514368811;6575
-5.58171666666667;49.7763333333333;-18.9083096091831;-3.33404514368811;6589
-5.5828;49.7762166666667;-18.9083096091831;-3.33404514368811;6595
-5.58388333333333;49.7760833333333;-18.9083096091831;-3.33404514368811;6606
-5.58658333333333;49.7757666666667;-18.9083096091831;-3.33404514368811;6624
-5.58821666666667;49.7755666666667;-18.9083096091831;-3.33404514368811;6636
-5.5893;49.7754333333333;-18.9083096091831;-3.33404514368811;6642
-5.58985;49.7753666666667;-18.9083096091831;-3.33404514368811;6647
-5.59241666666667;49.7750666666667;-18.9083096091831;-3.33404514368811;6664
-5.59621666666667;49.7746;-19.0067888817869;-3.35140969648871;6693
-5.5973;49.7744666666667;-19.0067888817869;-3.35140969648871;6700
-5.59785;49.7744166666667;-19.0067888817869;-3.35140969648871;6708
-5.60646666666667;49.7734166666667;-19.1611534307725;-3.03482856210547;6768
-5.60838333333333;49.7732;-19.1052700327625;-3.36877458049693;6788
-5.62425;49.7714;-19.3022323347136;-3.40350434851336;6896
-5.65441666666667;49.7682;-19.6073070055685;-2.75562729282864;7115
-5.6627;49.7674;-19.6073070055685;-2.75562729282864;7177
-5.6641;49.7672666666667;-19.6073070055685;-2.75562729282864;7185
-5.66521666666667;49.7671666666667;-19.6073070055685;-2.75562729282864;7191
-5.58035;49.7765;-18.9083096091831;-3.33404514368811;7279
-5.5828;49.7762166666667;-18.9083096091831;-3.33404514368811;7286
-5.58388333333333;49.7760833333333;-18.9083096091831;-3.33404514368811;7298
-5.58821666666667;49.7755666666667;-18.9083096091831;-3.33404514368811;7336
-5.59241666666667;49.7750666666667;-18.9083096091831;-3.33404514368811;7360
-5.59621666666667;49.7746;-19.0067888817869;-3.35140969648871;7385
-5.60838333333333;49.7732;-19.1052700327625;-3.36877458049693;7448
-5.62425;49.7714;-19.3022323347136;-3.40350434851336;7768
-5.83156666666667;49.7514166666667;-19.8053613748314;-2.7834620192013;8366
-5.87036666666667;49.7477333333333;-19.8509230328264;-2.43738686810294;8647
-6.15393333333333;49.7209666666667;-20.0893430451991;-2.11147503775549;10641
-6.15565;49.7208333333333;-20.1231336614895;-1.76054606999725;10655
-6.15678333333333;49.72075;-20.1507945763294;-1.4090808228513;10661
-6.15836666666667;49.72065;-20.051037790763;-1.40210514886691;10673
-6.15893333333333;49.7206166666667;-20.051037790763;-1.40210514886691;10681
-6.16065;49.7205166666667;-20.051037790763;-1.40210514886691;10688
-6.1618;49.72045;-20.0235138116622;-1.75183046247521;10698
-6.16351666666667;49.7203666666667;-20.0235138116622;-1.75183046247521;10708
-6.16408333333333;49.7203333333333;-20.0235138116622;-1.75183046247521;10718
-6.16751666666667;49.7201166666667;-20.0235138116622;-1.75183046247521;10738
-6.16923333333333;49.7200166666667;-20.0235138116622;-1.75183046247521;10752
-6.17193333333333;49.71985;-20.0235138116622;-1.75183046247521;10767
-6.17365;49.7197333333333;-20.0235138116622;-1.75183046247521;10780
-6.1745;49.7196833333333;-20.0235138116622;-1.75183046247521;10786
-6.17678333333333;49.7195333333333;-20.0235138116622;-1.75183046247521;10809
-6.1785;49.7194333333333;-20.0235138116622;-1.75183046247521;10816
-6.18021666666667;49.7193166666667;-20.0235138116622;-1.75183046247521;10830
-6.18135;49.71925;-20.0235138116622;-1.75183046247521;10837
-6.1825;49.7191833333333;-20.0235138116622;-1.75183046247521;10842
-6.18306666666667;49.71915;-20.0235138116622;-1.75183046247521;10848
-6.18478333333333;49.71905;-20.0235138116622;-1.75183046247521;10861
-6.18578333333333;49.719;-20.0235138116622;-1.75183046247521;10867
-6.1875;49.7189;-20.0235138116622;-1.75183046247521;10886
-6.18978333333333;49.7187666666667;-20.0235138116622;-1.75183046247521;10899
-6.1915;49.7186666666667;-20.0235138116622;-1.75183046247521;10909
-6.19321666666667;49.7185666666667;-20.0235138116622;-1.75183046247521;10920
-6.19436666666667;49.7184833333333;-20.0235138116622;-1.75183046247521;10925
-6.19608333333333;49.7183833333333;-20.051037790763;-1.40210514886691;10937
-6.19836666666667;49.7182333333333;-20.051037790763;-1.40210514886691;10954
-6.19951666666667;49.7181666666667;-20.0724540295139;-1.05195274044776;10963
-6.2011;49.7180833333333;-20.1723173639363;-1.05718635603664;10978
-6.20225;49.7180333333333;-20.1723173639363;-1.05718635603664;10985
-6.20425;49.71795;-20.0877560043212;-0.701479897033385;10998
-6.20596666666667;49.7178833333333;-20.0877560043212;-0.701479897033385;11009
-6.20826666666667;49.7177833333333;-20.0724540295139;-1.05195274044776;11019
-6.20885;49.7177666666667;-20.0724540295139;-1.05195274044776;11030
-6.2123;49.7176333333333;-20.0724540295139;-1.05195274044776;11049
-6.21345;49.7175833333333;-20.0724540295139;-1.05195274044776;11058
-6.21676666666667;49.7174333333333;-20.1723173639363;-1.05718635603664;11079
-6.21733333333333;49.7174166666667;-20.1723173639363;-1.05718635603664;11085
-6.21848333333333;49.7173666666667;-20.1723173639363;-1.05718635603664;11090
-6.22021666666667;49.7172833333333;-20.1723173639363;-1.05718635603664;11102
-6.2208;49.71725;-20.1723173639363;-1.05718635603664;11109
-6.22195;49.7172;-20.1876954682604;-0.704969860016736;11115
-6.2208;49.71725;-20.1723173639363;-1.05718635603664;11123
-6.22541666666667;49.7170333333333;-20.2999992370605;-3.72904936325399e-15;11140
-6.22933333333333;49.7169333333333;-20.272178793624;1.0624198718026;11170
-6.2305;49.7169166666667;-20.2505494591935;1.41605636378578;11176
-6.22933333333333;49.7169333333333;-20.272178793624;1.0624198718026;11181
-6.23195;49.7169333333333;-20.2505494591935;1.41605636378578;11189
-6.2331;49.71695;-20.1231336614895;1.76054606999724;11194
-6.23368333333333;49.7169666666667;-20.1507945763294;1.4090808228513;11199
-6.23598333333333;49.71705;-20.1507945763294;1.4090808228513;11210
-6.23368333333333;49.7169666666667;-20.1507945763294;1.4090808228513;11215
-6.23656666666667;49.7170666666667;-20.1507945763294;1.4090808228513;11226
-6.24448333333333;49.7173166666667;-20.1723173639363;1.05718635603663;11270
-6.24678333333333;49.7173666666667;-20.1723173639363;1.05718635603663;11289
-6.24968333333333;49.7174333333333;-20.1723173639363;1.05718635603663;11310
-6.25371666666667;49.7175333333333;-20.1723173639363;1.05718635603663;11338
-6.25486666666667;49.7175666666667;-20.1723173639363;1.05718635603663;11343
-6.2566;49.7176166666667;-20.1723173639363;1.05718635603663;11356
-6.25718333333333;49.7176333333333;-20.1723173639363;1.05718635603663;11365
-6.25876666666667;49.7176666666667;-20.1723173639363;1.05718635603663;11376
-6.26006666666667;49.7177;-20.1723173639363;1.05718635603663;11381
-6.26411666666667;49.7178;-20.1723173639363;1.05718635603663;11410
-6.26758333333333;49.7178666666667;-20.1723173639363;1.05718635603663;11438
-6.27048333333333;49.7179333333333;-20.1723173639363;1.05718635603663;11454
-6.27163333333333;49.7179666666667;-20.1723173639363;1.05718635603663;11459
-6.27048333333333;49.7179333333333;-20.1723173639363;1.05718635603663;11465
-6.2738;49.7180333333333;-20.1723173639363;1.05718635603663;11475
-6.27555;49.7180833333333;-20.1723173639363;1.05718635603663;11488
-6.27698333333333;49.7181166666667;-20.1723173639363;1.05718635603663;11500
-6.27815;49.71815;-20.1723173639363;1.05718635603663;11507
-6.27988333333333;49.7182;-20.1723173639363;1.05718635603663;11516
-6.28103333333333;49.71825;-20.1723173639363;1.05718635603663;11524
-6.28161666666667;49.7182666666667;-20.272178793624;1.0624198718026;11535
-6.2822;49.7182833333333;-20.272178793624;1.0624198718026;11540
-6.2851;49.7183666666667;-20.272178793624;1.0624198718026;11555
-6.28841666666667;49.71845;-20.272178793624;1.0624198718026;11582
-6.29016666666667;49.7185;-20.272178793624;1.0624198718026;11595
-6.29306666666667;49.7185833333333;-20.272178793624;1.0624198718026;11607
-6.29365;49.7186;-20.272178793624;1.0624198718026;11612
-6.29655;49.7186833333333;-20.272178793624;1.0624198718026;11630
-6.30001666666667;49.7188166666667;-20.272178793624;1.0624198718026;11655
-6.3022;49.7188833333333;-20.272178793624;1.0624198718026;11672
-6.3048;49.7189666666667;-20.272178793624;1.0624198718026;11697
-6.30713333333333;49.7190333333333;-20.272178793624;1.0624198718026;11704
-6.30828333333333;49.7190666666667;-20.272178793624;1.0624198718026;11716
-6.30945;49.7191;-20.272178793624;1.0624198718026;11721
-6.31003333333333;49.7191333333333;-20.272178793624;1.0624198718026;11727
-6.31118333333333;49.7191666666667;-20.272178793624;1.0624198718026;11733
-6.31408333333333;49.7192833333333;-20.272178793624;1.0624198718026;11750
-6.31466666666667;49.7193166666667;-20.272178793624;1.0624198718026;11756
-6.31581666666667;49.71935;-20.272178793624;1.0624198718026;11767
-6.31741666666667;49.7194166666667;-20.272178793624;1.0624198718026;11775
-6.318;49.7194333333333;-20.272178793624;1.0624198718026;11782
-6.31915;49.7194833333333;-20.272178793624;1.0624198718026;11790
-6.3209;49.7195333333333;-20.287633026013;0.708459756434573;11801
-6.32263333333333;49.7195833333333;-20.272178793624;1.0624198718026;11810
-6.32321666666667;49.7196;-20.272178793624;1.0624198718026;11818
-6.32438333333333;49.7196333333333;-20.272178793624;1.0624198718026;11829
-6.32611666666667;49.7196833333333;-20.272178793624;1.0624198718026;11838
-6.3267;49.7197;-20.272178793624;1.0624198718026;11844
-6.32786666666667;49.7197333333333;-20.272178793624;1.0624198718026;11850
-6.3296;49.7198;-20.2505494591935;1.41605636378578;11861
-6.3312;49.71985;-20.2505494591935;1.41605636378578;11871
-6.33178333333333;49.7198833333333;-20.272178793624;1.0624198718026;11878
-6.33611666666667;49.7200666666667;-20.272178793624;1.0624198718026;11910
-6.33786666666667;49.7201333333333;-20.272178793624;1.0624198718026;11919
-6.33901666666667;49.7201833333333;-20.272178793624;1.0624198718026;11924
-6.34016666666667;49.7202166666667;-20.272178793624;1.0624198718026;11931
-6.34075;49.72025;-20.272178793624;1.0624198718026;11941
-6.3419;49.7202833333333;-20.272178793624;1.0624198718026;11947
-6.34421666666667;49.7203833333333;-20.1723173639363;1.05718635603663;11962
-6.3448;49.7204;-20.1723173639363;1.05718635603663;11970
-6.34696666666667;49.7204666666667;-20.1723173639363;1.05718635603663;11983
-6.35043333333333;49.7205833333333;-20.1723173639363;1.05718635603663;12008
-6.35448333333333;49.7207;-20.1723173639363;1.05718635603663;12037
-6.35563333333333;49.7207333333333;-20.1723173639363;1.05718635603663;12042
-6.35736666666667;49.7208;-20.1723173639363;1.05718635603663;12050
-6.35853333333333;49.7208333333333;-20.1723173639363;1.05718635603663;12058
-6.36011666666667;49.7208833333333;-20.1723173639363;1.05718635603663;12072
-6.36503333333333;49.7210666666667;-20.1507945763294;1.4090808228513;12106
-6.36848333333333;49.7212333333333;-20.1507945763294;1.4090808228513;12132
-6.37021666666667;49.7213166666667;-20.1723173639363;1.05718635603663;12141
-6.36848333333333;49.7212333333333;-20.1507945763294;1.4090808228513;12147
-6.37195;49.7213833333333;-20.1723173639363;1.05718635603663;12154
-6.37366666666667;49.72145;-20.1723173639363;1.05718635603663;12166
-6.37525;49.7215166666667;-20.1723173639363;1.05718635603663;12178
-6.3764;49.7215666666667;-20.1723173639363;1.05718635603663;12189
-6.37871666666667;49.72165;-20.1723173639363;1.05718635603663;12202
-6.3938;49.7222833333333;-20.0724540295139;1.05195274044776;12308
-6.39955;49.7225;-20.0724540295139;1.05195274044776;12351
-6.40128333333333;49.7225666666667;-20.0724540295139;1.05195274044776;12357
-6.40458333333333;49.7227;-20.0724540295139;1.05195274044776;12382
-6.40745;49.7228166666667;-20.0724540295139;1.05195274044776;12402
-6.40918333333333;49.7228833333333;-20.0724540295139;1.05195274044776;12411
-6.4592;49.7248666666667;-20.0724540295139;1.05195274044776;12761
-6.45976666666667;49.7248833333333;-20.0724540295139;1.05195274044776;12769
-6.46135;49.72495;-20.0724540295139;1.05195274044776;12781
-6.4665;49.7251666666667;-20.0724540295139;1.05195274044776;12814
-6.46821666666667;49.72525;-20.0724540295139;1.05195274044776;12826
-6.46936666666667;49.7253;-20.0724540295139;1.05195274044776;12831
-6.48095;49.7257666666667;-19.9725906950915;1.04671912485888;12915
-6.4838;49.7258833333333;-19.9725906950915;1.04671912485888;12933
-6.5272;49.7274666666667;-19.9725906950915;1.04671912485888;13244
-6.52891666666667;49.7275333333333;-19.8727273606691;1.04148550927;13251
-6.53786666666667;49.7278666666667;-19.8727273606691;1.04148550927;13312
-6.54355;49.7280666666667;-19.8727273606691;1.04148550927;13358
-6.54638333333333;49.7281666666667;-19.8727273606691;1.04148550927;13371
-6.5485;49.72825;-19.8727273606691;1.04148550927;13390
-6.54993333333333;49.7283;-19.8727273606691;1.04148550927;13397
-6.55106666666667;49.72835;-19.8727273606691;1.04148550927;13409
-6.5539;49.72845;-19.8727273606691;1.04148550927;13428
-6.55673333333333;49.72855;-19.8727273606691;1.04148550927;13442
-6.5573;49.7285666666667;-19.8727273606691;1.04148550927;13448
-6.55845;49.7286;-19.8727273606691;1.04148550927;13460
-6.56015;49.7286666666667;-19.8727273606691;1.04148550927;13467
-6.56681666666667;49.7289;-19.8727273606691;1.04148550927;13516
-6.5769;49.7293166666667;-19.8727273606691;1.04148550927;13592
-6.58003333333333;49.7294166666667;-19.8727273606691;1.04148550927;13611
-6.58116666666667;49.72945;-19.8727273606691;1.04148550927;13618
-6.58173333333333;49.7294833333333;-19.8727273606691;1.04148550927;13627
-6.58458333333333;49.7295666666667;-19.8727273606691;1.04148550927;13640
-6.5907;49.7298;-19.8727273606691;1.04148550927;13683
-6.60593333333333;49.7303666666667;-19.8727273606691;1.04148550927;13791
-6.60848333333333;49.7304666666667;-19.8727273606691;1.04148550927;13809
-6.61133333333333;49.7305666666667;-19.8727273606691;1.04148550927;13830
-6.65215;49.73195;-19.8727273606691;1.04148550927;14119
-6.65443333333333;49.7320333333333;-19.8727273606691;1.04148550927;14135
-6.66066666666667;49.7322333333333;-19.8727273606691;1.04148550927;14177
-6.66763333333333;49.7324833333333;-19.8727273606691;1.04148550927;14224
-6.72443333333333;49.7356166666667;-19.751668039036;2.42519988727297;14627
-6.7267;49.7358;-19.751668039036;2.42519988727297;14642
-6.76918333333333;49.7402833333333;-19.4362174833416;3.77801796287987;14942
-6.7876;49.7425666666667;-19.465136881469;4.13744256796138;15080
-6.78913333333333;49.7427666666667;-19.465136881469;4.13744256796138;15087
-6.79135;49.7430833333333;-19.465136881469;4.13744256796138;15105
-6.7933;49.74335;-19.465136881469;4.13744256796138;15119
-6.79496666666667;49.7435833333333;-19.465136881469;4.13744256796138;15129
-6.79943333333333;49.7442;-19.465136881469;4.13744256796138;15163
-6.80933333333333;49.74555;-19.465136881469;4.13744256796138;15232
-6.80988333333333;49.7456166666667;-19.465136881469;4.13744256796138;15238
-6.81268333333333;49.746;-19.465136881469;4.13744256796138;15256
-6.81491666666667;49.7463;-19.465136881469;4.13744256796138;15274
-6.81658333333333;49.7465333333333;-19.5629520146761;4.15823381635517;15287
-7.29933333333333;49.8128166666667;-18.8472426711173;3.66353285680536;18802
-7.31156666666667;49.8144666666667;-18.8472426711173;3.66353285680536;18895
-7.32191666666667;49.8158666666667;-18.8472426711173;3.66353285680536;18969
-7.3246;49.8162166666667;-18.8472426711173;3.66353285680536;18987
-7.32513333333333;49.8163;-18.8472426711173;3.66353285680536;18994
-7.32675;49.8165166666667;-18.8472426711173;3.66353285680536;19007
-7.32836666666667;49.8167333333333;-18.8472426711173;3.66353285680536;19020
-7.3293;49.8168666666667;-18.8472426711173;3.66353285680536;19026
-7.33145;49.81715;-18.8472426711173;3.66353285680536;19040
-7.33253333333333;49.8173166666667;-18.8472426711173;3.66353285680536;19048
-7.33951666666667;49.8182666666667;-18.8472426711173;3.66353285680536;19101
-7.34421666666667;49.8189166666667;-18.8472426711173;3.66353285680536;19140
-7.35255;49.8200333333333;-18.8472426711173;3.66353285680536;19199
-7.37996666666667;49.8238833333333;-18.8472426711173;3.66353285680536;19401
-7.39746666666667;49.8263;-18.8472426711173;3.66353285680536;19540
-7.39988333333333;49.8266333333333;-18.8472426711173;3.66353285680536;19555
-7.40901666666667;49.8279333333333;-18.8472426711173;3.66353285680536;19619
-7.8679;49.8924833333333;-18.6128661562564;3.28195049166345;23039
-7.99763333333333;49.9109166666667;-18.415905732677;3.24722105485464;24022
