"x";"y";"vx";"vy";"t"
-6.127905;48.131845;10.1999998092651;17.6669179068401;0
-6.01212166666667;48.2741083333333;10.6000003814697;18.359739220955;1689
-6.00182833333333;48.28635;10.3264445413666;18.6293990947872;1820
-5.97102833333333;48.3228466666667;10.2779643191027;18.5419384586371;2250
-5.960735;48.3351833333333;10.3264445413666;18.6293990947872;2399
-5.94977333333333;48.3484933333333;10.2779643191027;18.5419384586371;2550
-5.941005;48.3592266666667;10.5;18.1865334794732;2663
-5.931685;48.370505;10.1810020251731;18.3670138499273;2799
-5.92295666666667;48.3812516666667;10.1810020251731;18.3670138499273;2951
-5.91848;48.3869566666667;9.90585015387149;18.6301945461411;2999
-5.909815;48.3978283333333;10.1810020251731;18.3670138499273;3114
-5.89929166666667;48.4111566666667;9.98707836201474;18.0171663007125;3273
-5.89045333333333;48.4225016666667;10.4499998092651;18.0999306087323;3426
-5.88073;48.4349133333333;9.95279748923926;18.7184896422448;3579
-5.87138666666667;48.4469616666667;10.2779643191027;18.5419384586371;3686
-5.86274;48.4579766666667;9.9997439291611;18.8067830542596;3834
-5.85449;48.4682666666667;10.2779643191027;18.5419384586371;3943
-5.84584833333333;48.4786233333333;10.6999998092651;18.5329433106245;4052
-5.83619;48.4899566666667;10.6499996185303;18.4463404398836;4207
-5.826975;48.50086;10.2779643191027;18.5419384586371;4321
-5.79158;48.5404883333333;11.287279923871;18.0634238011225;4788
-5.78220833333333;48.5505816666667;11.6552751415583;17.9475498341046;4915
-5.772635;48.5605966666667;11.1812966774688;17.8938151524053;5030
-5.76325333333333;48.5706733333333;11.6552751415583;17.9475498341046;5147
-5.75299166666667;48.5817716666667;10.5500001907349;18.2731363502141;5279
-5.74587666666667;48.59294;5.9936199468161;19.6042474972422;5426
-5.74121166666667;48.6045833333333;5.43519994715294;20.2844423520704;5530
-5.73551833333333;48.61624;7.25082729944484;19.9214842775898;5673
-5.72876166666667;48.6277033333333;8.01658095619944;19.8417341340367;5771
-5.72206666666667;48.638695;7.6690739835629;19.9786207709074;5897
-5.714185;48.6501633333333;10.0936385998967;18.9833732464669;6022
-5.70583166666667;48.66074;9.71539652124267;19.0675392777391;6152
-5.696555;48.6723466666667;9.76079574440026;19.1566402700499;6274
-5.68771666666667;48.6833533333333;10.3749256883314;18.7168613991421;6418
-5.67928;48.6939433333333;9.80619496755784;19.2457412623608;6542
-5.66152333333333;48.7160733333333;10.0936385998967;18.9833732464669;6806
-5.65257166666667;48.7271066666667;10.0466912645289;18.8950781503633;6932
-5.64413;48.7376083333333;9.85159419071543;19.3348422546716;7059
-5.63447333333333;48.74918;10.1405859352644;19.0716683425706;7159
-5.62575166666667;48.7588066666667;11.6552751415583;17.9475498341046;7272
-5.61344;48.7699133333333;14.1052691232959;16.2262559747896;7418
-5.60000166666667;48.7787083333333;16.5465602635927;13.8842126144333;7529
-5.58526166666667;48.7864783333333;17.7414037364252;11.9667279209588;7662
-5.57018333333333;48.7929333333333;18.4463404398836;10.6499996185303;7782
-5.55474833333333;48.7991966666667;18.804323703497;10.4234068352962;7919
-5.53940166666667;48.8053533333333;18.5329433106245;10.6999998092651;8010
-5.52415166666667;48.8115166666667;18.6293990947872;10.3264445413666;8144
-5.50672833333333;48.8185216666667;18.359739220955;10.6000003814697;8291
-5.49374666666667;48.8237183333333;18.1865334794732;10.5;8370
-5.47712666666667;48.8303933333333;18.1920892412176;10.0840397312434;8534
-5.44518333333333;48.8430033333333;18.359739220955;10.6000003814697;8761
-5.42988166666667;48.8489383333333;18.1865334794732;10.5;8873
-5.41371833333333;48.8551733333333;18.0999306087323;10.4499998092651;9034
-5.3967;48.8617683333333;18.4463404398836;10.6499996185303;9142
-5.37879833333333;48.8687183333333;18.804323703497;10.4234068352962;9282
-5.363345;48.8747716666667;18.5419384586371;10.2779643191027;9409
-5.34647833333333;48.8814716666667;18.6293990947872;10.3264445413666;9549
-5.33077166666667;48.8875416666667;19.0716683425706;10.1405859352644;9680
-5.31432833333333;48.8936766666667;18.8950781503633;10.0466912645289;9767
-5.29856833333333;48.89959;18.8917860078519;10.4718879822611;9900
-5.28342333333333;48.9052483333333;19.0716683425706;10.1405859352644;10023
-5.24962666666667;48.9167916666667;19.3043551724227;9.00176865264475;10260
-5.2336;48.9222766666667;19.3240719954321;9.42497965596517;10409
-5.21757333333333;48.9276316666667;19.3949862968553;9.0440306400349;10520
-5.20148166666667;48.9329733333333;19.2137257766349;8.95950747133497;10649
-5.16853;48.9439366666667;19.0675392777391;9.71539652124267;10860
-5.14938;48.9504516666667;18.9784382854282;9.66999729808508;11032
-5.13259166666667;48.9561533333333;18.8746749722825;9.20579408257063;11130
-5.11600333333333;48.9618516666667;19.2341922479395;9.38114237406094;11271
-5.09999166666667;48.9672383333333;19.0675392777391;9.71539652124267;11381
-5.08234833333333;48.9731966666667;18.8893389925774;9.62459894084566;11528
-5.066315;48.9786316666667;19.2341922479395;9.38114237406094;11648
-5.05030833333333;48.984145;18.7184896422448;9.95279748923926;11757
-5.03358666666667;48.9902183333333;18.9833732464669;10.0936385998967;11919
-5.02046333333333;48.9953233333333;18.4290969650954;11.0733186105662;11984
-5.00395;49.0017816666667;18.6195461813654;10.75;12102
-4.98839666666667;49.007865;18.5329433106245;10.6999998092651;12250
-4.97203333333333;49.0142116666667;18.6195461813654;10.75;12352
-4.95586166666667;49.0205716666667;18.514814022149;11.1248226145286;12508
-4.93875333333333;49.0272366666667;18.4290969650954;11.0733186105662;12616
-4.92323;49.0333183333333;18.514814022149;11.1248226145286;12735
-4.906795;49.03967;18.4290969650954;11.0733186105662;12875
-4.88886;49.0465783333333;18.4290969650954;11.0733186105662;13006
-4.87017666666667;49.053735;18.4463404398836;10.6499996185303;13155
-4.85381666666667;49.06004;18.2731363502141;10.5500001907349;13276
-4.83593;49.0668783333333;18.359739220955;10.6000003814697;13405
-4.81270166666667;49.0758116666667;18.4290969650954;11.0733186105662;13588
-4.778455;49.08886;18.514814022149;11.1248226145286;13852
-4.76128166666667;49.095365;18.5329433106245;10.6999998092651;13989
-4.74160166666667;49.10278;18.4463404398836;10.6499996185303;14130
-4.726015;49.1086833333333;18.7061490521063;10.8000001907349;14270
-4.71026833333333;49.11463;18.3433799080418;11.0218146066037;14429
-4.660835;49.133225;18.359739220955;10.6000003814697;14769
-4.64286833333333;49.14;18.4290969650954;11.0733186105662;14881
-4.62588;49.1464216666667;18.359739220955;10.6000003814697;15017
-4.60948333333333;49.1525433333333;18.4463404398836;10.6499996185303;15137
-4.59307166666667;49.1587433333333;18.5329433106245;10.6999998092651;15274
-4.57508;49.16552;18.3433799080418;11.0218146066037;15429
-4.53679;49.1798716666667;18.2576628509882;10.9703106026413;15699
-4.49993833333333;49.1936583333333;18.5329433106245;10.6999998092651;15994
-4.39091833333333;49.2342883333333;18.2731363502141;10.5500001907349;16833
-4.09483666666667;49.347325;17.8938151524053;11.1812966774688;19139
-4.078895;49.3536833333333;17.5282145501319;11.3829556240508;19274
-4.04911833333333;49.3656783333333;17.7798166802979;11.5463479578452;19484
-3.95881;49.40185;17.8090100192849;11.1283045488973;20189
-3.80382666666667;49.4644566666667;17.6120819268539;11.4374197353156;21400
