"x";"y";"vx";"vy";"t"
-3.84511666666667;49.6352333333333;-14.6358289935945;-8.44999980926514;0
-4.0953;49.5448;-15.4152515266381;-8.89999961853028;2310
-4.33833333333333;49.4510166666667;-15.9348670992712;-9.19999980926515;4497
-4.34083333333333;49.4500666666667;-15.9348670992712;-9.19999980926515;4521
-4.36548333333333;49.4407666666667;-16.0214699700121;-9.25000000000001;4737
-4.36685;49.44025;-16.0214699700121;-9.25000000000001;4753
-4.37028333333333;49.43895;-16.0214699700121;-9.25000000000001;4778
-4.37096666666667;49.4386833333333;-16.0214699700121;-9.25000000000001;4785
-4.3873;49.4324166666667;-16.0214699700121;-9.25000000000001;4927
-4.3896;49.43155;-16.0214699700121;-9.25000000000001;4947
-4.39075;49.4311166666667;-16.0214699700121;-9.25000000000001;4962
-4.39143333333333;49.43085;-16.0214699700121;-9.25000000000001;4967
-4.39211666666667;49.4305833333333;-16.0214699700121;-9.25000000000001;4973
-4.3928;49.4303166666667;-16.0214699700121;-9.25000000000001;4979
-4.39418333333333;49.4297833333333;-16.0214699700121;-9.25000000000001;4991
-4.39646666666667;49.4289;-16.0214699700121;-9.25000000000001;5008
-4.40038333333333;49.4274;-16.0214699700121;-9.25000000000001;5042
-4.40106666666667;49.4271333333333;-16.0214699700121;-9.25000000000001;5049
-4.40175;49.4268666666667;-16.0214699700121;-9.25000000000001;5054
-4.40336666666667;49.42625;-16.0214699700121;-9.25000000000001;5069
-4.40451666666667;49.4258166666667;-16.108072840753;-9.30000019073487;5080
-4.40658333333333;49.4250166666667;-16.108072840753;-9.30000019073487;5095
-4.40728333333333;49.42475;-16.0214699700121;-9.25000000000001;5105
-4.40796666666667;49.4244833333333;-16.108072840753;-9.30000019073487;5115
-4.41095;49.4233333333333;-16.108072840753;-9.30000019073487;5132
-4.41165;49.4230666666667;-16.108072840753;-9.30000019073487;5139
-4.41303333333333;49.4225333333333;-16.2679268864337;-9.01745912152206;5159
-4.41418333333333;49.4221;-16.108072840753;-9.30000019073487;5172
-4.41556666666667;49.4215833333333;-16.108072840753;-9.30000019073487;5177
-4.41718333333333;49.4209666666667;-16.108072840753;-9.30000019073487;5193
-4.41833333333333;49.4205166666667;-16.108072840753;-9.30000019073487;5202
-4.41971666666667;49.42;-16.108072840753;-9.30000019073487;5212
-4.4218;49.4192;-16.1946757114939;-9.35000038146974;5232
-4.42248333333333;49.4189333333333;-16.1946757114939;-9.35000038146974;5247
-4.42825;49.41675;-16.1946757114939;-9.35000038146974;5283
-4.42893333333333;49.4164833333333;-16.1946757114939;-9.35000038146974;5290
-4.4294;49.4163;-16.1946757114939;-9.35000038146974;5299
-4.43101666666667;49.4156833333333;-16.1946757114939;-9.35000038146974;5310
-4.43215;49.4152333333333;-16.1946757114939;-9.35000038146974;5317
-4.43561666666667;49.4139166666667;-16.1946757114939;-9.35000038146974;5351
-4.43791666666667;49.4130333333333;-16.1946757114939;-9.35000038146974;5366
-4.43861666666667;49.4127666666667;-16.1946757114939;-9.35000038146974;5374
-4.43918333333333;49.41255;-16.1946757114939;-9.35000038146974;5381
-4.44403333333333;49.4107;-16.1946757114939;-9.35000038146974;5422
-4.4461;49.4099166666667;-16.1946757114939;-9.35000038146974;5437
-4.4468;49.40965;-16.1946757114939;-9.35000038146974;5443
-4.44818333333333;49.4091166666667;-16.1946757114939;-9.35000038146974;5459
-4.44956666666667;49.4085833333333;-16.1946757114939;-9.35000038146974;5472
-4.45025;49.4083333333333;-16.2812769304225;-9.39999961853028;5477
-4.45095;49.4080666666667;-16.2812769304225;-9.39999961853028;5484
-4.45233333333333;49.4075333333333;-16.2812769304225;-9.39999961853028;5498
-4.45371666666667;49.407;-16.2812769304225;-9.39999961853028;5503
-4.45441666666667;49.4067333333333;-16.2812769304225;-9.39999961853028;5512
-4.45648333333333;49.40595;-16.2812769304225;-9.39999961853028;5529
-4.45788333333333;49.4054333333333;-16.2812769304225;-9.39999961853028;5539
-4.45996666666667;49.4046333333333;-16.2812769304225;-9.39999961853028;5559
-4.46135;49.4041;-16.2812769304225;-9.39999961853028;5573
-4.46343333333333;49.4033166666667;-16.2812769304225;-9.39999961853028;5587
-4.46226666666667;49.40375;-16.2812769304225;-9.39999961853028;5593
-4.46411666666667;49.40305;-16.2812769304225;-9.39999961853028;5599
-4.46343333333333;49.4033166666667;-16.2812769304225;-9.39999961853028;5605
-4.4655;49.4025166666667;-16.1946757114939;-9.35000038146974;5612
-4.46688333333333;49.4019833333333;-16.1946757114939;-9.35000038146974;5619
-4.46758333333333;49.4017166666667;-16.1946757114939;-9.35000038146974;5625
-4.46826666666667;49.40145;-16.1946757114939;-9.35000038146974;5631
-4.46896666666667;49.4011833333333;-16.1946757114939;-9.35000038146974;5639
-4.47936666666667;49.3972333333333;-16.2812769304225;-9.39999961853028;5727
-4.48283333333333;49.3959166666667;-16.1946757114939;-9.35000038146974;5762
-4.4856;49.3948666666667;-16.1946757114939;-9.35000038146974;5780
-4.48628333333333;49.3946;-16.1946757114939;-9.35000038146974;5790
-4.48698333333333;49.3943333333333;-16.1946757114939;-9.35000038146974;5799
-4.48836666666667;49.3938;-16.1946757114939;-9.35000038146974;5804
-4.49043333333333;49.3930166666667;-16.1946757114939;-9.35000038146974;5824
-4.49113333333333;49.39275;-16.1946757114939;-9.35000038146974;5830
-4.49183333333333;49.3924833333333;-16.1946757114939;-9.35000038146974;5836
-4.49253333333333;49.3922333333333;-16.1946757114939;-9.35000038146974;5842
-4.4953;49.3911666666667;-16.2812769304225;-9.39999961853028;5864
-4.49808333333333;49.3901166666667;-16.2812769304225;-9.39999961853028;5891
-4.49876666666667;49.38985;-16.2812769304225;-9.39999961853028;5897
-4.49946666666667;49.3895833333333;-16.2812769304225;-9.39999961853028;5903
-4.50155;49.3888;-16.2812769304225;-9.39999961853028;5921
-4.50363333333333;49.388;-16.2812769304225;-9.39999961853028;5938
-4.50501666666667;49.3874666666667;-16.2812769304225;-9.39999961853028;5952
-4.5071;49.3866833333333;-16.2812769304225;-9.39999961853028;5969
-4.51058333333333;49.3853666666667;-16.2812769304225;-9.39999961853028;5995
-4.51266666666667;49.3845666666667;-16.2812769304225;-9.39999961853028;6014
-4.52033333333333;49.3816666666667;-16.3678798011634;-9.44999980926515;6081
-4.5315;49.37745;-16.3678798011634;-9.44999980926515;6181
-4.5378;49.3750666666667;-16.3678798011634;-9.44999980926515;6232
-4.5406;49.3740166666667;-16.3678798011634;-9.44999980926515;6255
-4.5448;49.3724166666667;-16.3678798011634;-9.44999980926515;6290
-4.55113333333333;49.3700333333333;-16.4544826719043;-9.50000000000001;6345
-4.55183333333333;49.3697666666667;-16.4544826719043;-9.50000000000001;6353
-4.56471666666667;49.3649;-16.4544826719043;-9.50000000000001;6463
-4.90708333333333;49.2359666666667;-17.0607011152784;-9.85000038146974;9315
-4.92098333333333;49.2308166666667;-17.0607011152784;-9.85000038146974;9428
-4.92366666666667;49.2298333333333;-17.0607011152784;-9.85000038146974;9455
-4.92463333333333;49.2294666666667;-17.0607011152784;-9.85000038146974;9464
-4.95281666666667;49.21905;-16.9740982445375;-9.80000019073487;9696
-4.95673333333333;49.2176166666667;-17.0607011152784;-9.85000038146974;9725
-4.95746666666667;49.2173333333333;-17.0607011152784;-9.85000038146974;9734
-4.95941666666667;49.2166166666667;-17.0607011152784;-9.85000038146974;9750
-4.96015;49.21635;-17.0607011152784;-9.85000038146974;9756
-4.96236666666667;49.2155333333333;-17.0607011152784;-9.85000038146974;9770
-4.96333333333333;49.2151666666667;-17.0607011152784;-9.85000038146974;9779
-4.96481666666667;49.2146166666667;-17.0607011152784;-9.85000038146974;9792
-4.96628333333333;49.2140833333333;-17.0607011152784;-9.85000038146974;9805
-4.96676666666667;49.2139;-17.0607011152784;-9.85000038146974;9811
-4.96896666666667;49.2130666666667;-17.0607011152784;-9.85000038146974;9826
-4.9697;49.2127833333333;-17.0607011152784;-9.85000038146974;9833
-4.97068333333333;49.2124333333333;-17.0607011152784;-9.85000038146974;9840
-4.97141666666667;49.21215;-17.0607011152784;-9.85000038146974;9845
-4.97361666666667;49.2113166666667;-17.0607011152784;-9.85000038146974;9863
-4.97485;49.21085;-17.0607011152784;-9.85000038146974;9872
-4.97705;49.2100333333333;-17.1473023342069;-9.89999961853028;9893
-4.97803333333333;49.2096666666667;-17.1473023342069;-9.89999961853028;9901
-4.97705;49.2100333333333;-17.1473023342069;-9.89999961853028;9908
-4.98023333333333;49.2088166666667;-17.1473023342069;-9.89999961853028;9915
-4.98096666666667;49.20855;-17.1473023342069;-9.89999961853028;9924
-4.98145;49.2083666666667;-17.1473023342069;-9.89999961853028;9931
-4.98366666666667;49.2075333333333;-17.1473023342069;-9.89999961853028;9945
-4.9844;49.2072666666667;-17.1473023342069;-9.89999961853028;9950
-4.98513333333333;49.2069833333333;-17.1473023342069;-9.89999961853028;9959
-4.9866;49.2064333333333;-17.1473023342069;-9.89999961853028;9970
-4.99173333333333;49.2045;-17.1473023342069;-9.89999961853028;10013
-4.99615;49.20285;-17.1473023342069;-9.89999961853028;10046
-5.16656666666667;49.13745;-16.6217430081706;-10.386417781119;11445
-5.39043333333333;49.0410333333333;-15.452224901177;-11.2266985430085;13374
-5.39951666666667;49.03685;-15.53312690923;-11.28547729246;13449
-5.41588333333333;49.0293666666667;-15.53312690923;-11.28547729246;13593
-5.4193;49.0278333333333;-15.53312690923;-11.28547729246;13625
-5.42271666666667;49.0262833333333;-15.53312690923;-11.28547729246;13656
-5.44926666666667;49.0142833333333;-15.452224901177;-11.2266985430085;13886
-5.45131666666667;49.0133666666667;-15.452224901177;-11.2266985430085;13905
-5.45198333333333;49.01305;-15.452224901177;-11.2266985430085;13910
-5.45675;49.0109166666667;-15.452224901177;-11.2266985430085;13955
-5.4581;49.0103166666667;-15.452224901177;-11.2266985430085;13965
-5.45946666666667;49.0097;-15.452224901177;-11.2266985430085;13977
-5.46286666666667;49.0081833333333;-15.452224901177;-11.2266985430085;14006
-5.4683;49.00575;-15.371322893124;-11.167919793557;14055
-5.48986666666667;48.9960666666667;-15.290420885071;-11.1091410441055;14249
-5.49466666666667;48.9939166666667;-15.209518877018;-11.0503622946539;14289
-5.49933333333333;48.9918333333333;-15.209518877018;-11.0503622946539;14332
-5.50111666666667;48.9910333333333;-15.209518877018;-11.0503622946539;14349
-5.50311666666667;48.99015;-15.209518877018;-11.0503622946539;14370
-5.50576666666667;48.9889666666667;-15.209518877018;-11.0503622946539;14395
-5.50841666666667;48.9877666666667;-15.209518877018;-11.0503622946539;14417
-5.5093;48.9873666666667;-15.209518877018;-11.0503622946539;14424
-5.5104;48.9868666666667;-15.209518877018;-11.0503622946539;14436
-5.51195;48.9861833333333;-15.209518877018;-11.0503622946539;14444
-5.5126;48.9858833333333;-15.1286184120425;-10.9915846663138;14452
-5.51458333333333;48.985;-15.1286184120425;-10.9915846663138;14469
-5.5223;48.98155;-15.1286184120425;-10.9915846663138;14545
-5.52361666666667;48.9809666666667;-15.1286184120425;-10.9915846663138;14556
-5.52581666666667;48.9799833333333;-15.1286184120425;-10.9915846663138;14574
-5.52691666666667;48.9794833333333;-15.1286184120425;-10.9915846663138;14587
-5.5289;48.9786;-15.1286184120425;-10.9915846663138;14604
-5.53043333333333;48.9779166666667;-15.1286184120425;-10.9915846663138;14612
-5.53086666666667;48.9777166666667;-15.1286184120425;-10.9915846663138;14622
-5.5324;48.9770333333333;-15.1286184120425;-10.9915846663138;14635
-5.53546666666667;48.97565;-15.1286184120425;-10.9915846663138;14664
-5.5381;48.9744833333333;-15.1286184120425;-10.9915846663138;14685
-5.53876666666667;48.9741833333333;-15.1286184120425;-10.9915846663138;14696
-5.54006666666667;48.9735833333333;-15.1286184120425;-10.9915846663138;14703
-5.54095;48.9732;-15.1286184120425;-10.9915846663138;14709
-5.54225;48.9726166666667;-15.1286184120425;-10.9915846663138;14724
-5.54486666666667;48.9714333333333;-15.1286184120425;-10.9915846663138;14745
-5.55665;48.96615;-15.1286184120425;-10.9915846663138;14856
-5.57735;48.9568333333333;-14.8859123878835;-10.8152484179592;15045
-5.58363333333333;48.954;-14.8859123878835;-10.8152484179592;15108
-5.58623333333333;48.9528333333333;-14.8859123878835;-10.8152484179592;15129
-5.59421666666667;48.9492333333333;-14.8859123878835;-10.8152484179592;15204
-5.59593333333333;48.94845;-14.8859123878835;-10.8152484179592;15219
-5.59745;48.9477833333333;-14.8859123878835;-10.8152484179592;15230
-5.59788333333333;48.9475833333333;-14.8859123878835;-10.8152484179592;15240
-5.59745;48.9477833333333;-14.8859123878835;-10.8152484179592;15249
-5.61035;48.9419166666667;-14.8859123878835;-10.8152484179592;15352
-5.62325;48.9361;-14.8050103798306;-10.7564696685077;15473
-5.62626666666667;48.93475;-14.8050103798306;-10.7564696685077;15500
-5.62755;48.9341666666667;-14.8050103798306;-10.7564696685077;15516
-5.64256666666667;48.9274666666667;-14.8050103798306;-10.7564696685077;15657
-5.65896666666667;48.9201333333333;-14.724109914855;-10.6976920401676;15806
-5.66801666666667;48.9160333333333;-14.5623058987491;-10.5801345412645;15893
-5.6716;48.9144333333333;-14.5623058987491;-10.5801345412645;15925
-5.71436666666667;48.8944333333333;-13.4338299521676;-11.6778502154977;16341
-5.74371666666667;48.8628166666667;-8.29024469115256;-14.9559973257246;16809
-5.74571666666667;48.8607666666667;-8.80715127743336;-14.6575611689895;16839
-5.74651666666667;48.85995;-8.55000019073487;-14.8090347350764;16854
-5.74935;48.8571;-8.8586552813958;-14.7432782260431;16894
-5.75181666666667;48.8546833333333;-8.8586552813958;-14.7432782260431;16929
-5.75911666666667;48.8475333333333;-8.8586552813958;-14.7432782260431;17038
-5.76151666666667;48.8451833333333;-8.80715127743336;-14.6575611689895;17074
-5.7623;48.8444;-8.80715127743336;-14.6575611689895;17085
-5.76428333333333;48.84245;-8.75564727347092;-14.5718441119359;17115
-5.76508333333333;48.8416666666667;-8.75564727347092;-14.5718441119359;17132
-5.76665;48.8401166666667;-8.70414326950848;-14.4861270548823;17152
-5.77283333333333;48.83395;-8.60113624394077;-14.314694575692;17246
-5.77435;48.8324166666667;-8.54963223997833;-14.2289775186384;17273
-5.77511666666667;48.83165;-8.54963223997833;-14.2289775186384;17282
-5.7755;48.8312666666667;-8.54963223997833;-14.2289775186384;17288
-5.77701666666667;48.8297333333333;-8.49812823601589;-14.1432604615849;17313
-5.77866666666667;48.8280666666667;-8.49812823601589;-14.1432604615849;17337
-5.7804;48.8262833333333;-8.44662423205345;-14.0575434045313;17375
-5.78153333333333;48.82515;-8.44662423205345;-14.0575434045313;17385
-5.7804;48.8262833333333;-8.44662423205345;-14.0575434045313;17390
-5.78228333333333;48.8243833333333;-8.44662423205345;-14.0575434045313;17398
-5.78265;48.824;-8.39512022809101;-13.9718263474777;17409
-5.7865;48.8200833333333;-8.14999961853028;-14.1162134209614;17462
-5.78898333333333;48.8175666666667;-8.58469248487423;-13.7383798047435;17505
-5.78973333333333;48.8168166666667;-8.34361720648574;-13.886110925341;17519
-5.78898333333333;48.8175666666667;-8.58469248487423;-13.7383798047435;17524
-5.79235;48.8141833333333;-8.29211320252331;-13.8003938682874;17559
-5.79271666666667;48.8138;-8.29211320252331;-13.8003938682874;17565
-5.7931;48.8134333333333;-8.29211320252331;-13.8003938682874;17576
-5.79566666666667;48.8107666666667;-8.29211320252331;-13.8003938682874;17612
-5.80256666666667;48.8036166666667;-8.47870822773128;-13.5687695385028;17728
-5.80378333333333;48.8023666666667;-8.24060919856087;-13.7146768112338;17745
-5.80633333333333;48.7997166666667;-8.47870822773128;-13.5687695385028;17789
-5.814;48.7919333333333;-8.24060919856087;-13.7146768112338;17913
-5.81698333333333;48.7889;-8.29211320252331;-13.8003938682874;17962
-5.81771666666667;48.7881333333333;-8.29211320252331;-13.8003938682874;17975
-5.8184;48.7874333333333;-8.29211320252331;-13.8003938682874;17984
-5.8199;48.7859166666667;-8.29211320252331;-13.8003938682874;18008
-5.82228333333333;48.7835333333333;-8.29211320252331;-13.8003938682874;18045
-5.82403333333333;48.7817666666667;-8.29211320252331;-13.8003938682874;18074
-5.8289;48.77685;-8.29211320252331;-13.8003938682874;18153
-5.83153333333333;48.7742;-8.29211320252331;-13.8003938682874;18195
-5.83528333333333;48.7704166666667;-8.29211320252331;-13.8003938682874;18254
-5.83603333333333;48.7696666666667;-8.29211320252331;-13.8003938682874;18269
-5.83641666666667;48.7692833333333;-8.29211320252331;-13.8003938682874;18276
-5.83716666666667;48.7685333333333;-8.29211320252331;-13.8003938682874;18284
-5.83828333333333;48.7673833333333;-8.29211320252331;-13.8003938682874;18305
-5.84213333333333;48.7634666666667;-8.29211320252331;-13.8003938682874;18363
-5.84613333333333;48.7594333333333;-8.24060919856087;-13.7146768112338;18429
-5.8469;48.7586666666667;-8.24060919856087;-13.7146768112338;18445
-5.85231666666667;48.7532333333333;-8.29211320252331;-13.8003938682874;18529
-5.85295;48.7525833333333;-8.29211320252331;-13.8003938682874;18537
-5.85608333333333;48.7494;-8.24060919856087;-13.7146768112338;18585
-5.85723333333333;48.74825;-8.24060919856087;-13.7146768112338;18603
-5.86273333333333;48.7426333333333;-8.29211320252331;-13.8003938682874;18692
-5.86311666666667;48.74225;-8.29211320252331;-13.8003938682874;18699
-5.86363333333333;48.7417333333333;-8.29211320252331;-13.8003938682874;18709
-5.86541666666667;48.73995;-8.29211320252331;-13.8003938682874;18735
-5.86745;48.7379166666667;-8.29211320252331;-13.8003938682874;18767
-5.8686;48.7367666666667;-8.29211320252331;-13.8003938682874;18784
-5.87118333333333;48.73415;-8.05000019073487;-13.9430093312919;18826
-5.87536666666667;48.7297666666667;-8.05000019073487;-13.9430093312919;18894
-5.87648333333333;48.7286166666667;-8.05000019073487;-13.9430093312919;18909
-5.87536666666667;48.7297666666667;-8.05000019073487;-13.9430093312919;18914
-5.87933333333333;48.7256666666667;-8.05000019073487;-13.9430093312919;18963
-5.88156666666667;48.72335;-8.05000019073487;-13.9430093312919;18992
-5.88451666666667;48.7202666666667;-8.05000019073487;-13.9430093312919;19047
-5.89448333333333;48.7099333333333;-8.05000019073487;-13.9430093312919;19205
-5.9183;48.6830666666667;-5.30131222154786;-14.5652356221816;19628
-5.92288333333333;48.6750833333333;-3.44175117436714;-14.9078621770604;19748
-5.92305;48.6746833333333;-2.90029669332955;-14.920733001174;19756
-5.9232;48.6742666666667;-2.63945226741658;-14.9690776579484;19761
-5.92043333333333;48.6599666666667;3.75287615398655;-14.0059244811915;19977
-5.87636666666667;48.5584166666667;1.35091401258871;-15.4410178204221;21449
-5.87611666666667;48.5571166666667;0.811207321765629;-15.4787577886959;21466
-5.87598333333333;48.5561166666667;0.270512299777893;-15.4976392749241;21477
-5.87593333333333;48.5556833333333;1.8982025386784e-15;-15.5;21485
-5.87583333333333;48.55395;-0.270512299777889;-15.4976392749241;21508
-5.87581666666667;48.5535166666667;-0.270512299777889;-15.4976392749241;21514
-5.87583333333333;48.55395;-0.270512299777889;-15.4976392749241;21519
-5.87581666666667;48.5535166666667;-0.270512299777889;-15.4976392749241;21525
-5.87576666666667;48.5522166666667;-0.270512299777889;-15.4976392749241;21533
-5.87575;48.5517833333333;1.8982025386784e-15;-15.5;21542
-5.87571666666667;48.5506166666667;1.8982025386784e-15;-15.5;21555
-5.87568333333333;48.54975;1.88595602397036e-15;-15.3999996185303;21567
-5.87563333333333;48.54845;1.88595602397036e-15;-15.3999996185303;21585
-5.87555;48.5467;1.88595602397036e-15;-15.3999996185303;21609
-5.87555;48.5462666666667;1.88595602397036e-15;-15.3999996185303;21614
-5.87551666666667;48.5452333333333;-0.268767052476596;-15.3976541239968;21628
-5.8756;48.54365;-2.40909070194454;-15.2104000683919;21650
-5.87568333333333;48.5432166666667;-2.67418186982921;-15.1660390207137;21655
-5.87658333333333;48.5406;-5.5188662862911;-14.3771382119242;21694
-5.878;48.5384166666667;-7.18291500016872;-13.5090983391505;21730
-5.90423333333333;48.5087166666667;-0.530472343221463;-15.1907403800716;22215
-5.904;48.5059333333333;2.08759651440099;-14.8540210311236;22257
-5.8834;48.4669;4.5025241411992;-14.7270928770294;22839
-5.87946666666667;48.4599166666667;4.5025241411992;-14.7270928770294;22942
-5.8781;48.45745;4.5025241411992;-14.7270928770294;22979
-5.87765;48.4566333333333;4.5025241411992;-14.7270928770294;22989
-5.8756;48.4529333333333;4.5025241411992;-14.7270928770294;23043
-5.87266666666667;48.4476166666667;4.5025241411992;-14.7270928770294;23120
-5.87221666666667;48.4468;4.5025241411992;-14.7270928770294;23133
-5.872;48.4464;4.5025241411992;-14.7270928770294;23139
-5.87131666666667;48.4451666666667;4.5025241411992;-14.7270928770294;23156
-5.87108333333333;48.44475;4.5025241411992;-14.7270928770294;23163
-5.86951666666667;48.4418833333333;4.5025241411992;-14.7270928770294;23204
-5.8693;48.4414666666667;4.47328713802335;-14.6314629486351;23214
-5.86908333333333;48.44105;4.47328713802335;-14.6314629486351;23226
-5.8682;48.4394166666667;4.47328713802335;-14.6314629486351;23240
-5.86726666666667;48.4377833333333;4.47328713802335;-14.6314629486351;23265
-5.8627;48.4296333333333;4.47328713802335;-14.6314629486351;23385
-5.86086666666667;48.4263833333333;4.47328713802335;-14.6314629486351;23433
-5.8604;48.4255666666667;4.47328713802335;-14.6314629486351;23444
-5.85993333333333;48.4247666666667;4.47328713802335;-14.6314629486351;23464
-5.8597;48.42435;4.47328713802335;-14.6314629486351;23469
-5.85925;48.4235333333333;3.95993143943439;-14.7786653264585;23476
-5.85708333333333;48.4193;3.95993143943439;-14.7786653264585;23536
-5.85666666666667;48.4184833333333;3.95993143943439;-14.7786653264585;23548
-5.85651666666667;48.4182;3.95993143943439;-14.7786653264585;23553
-5.85631666666667;48.4178;3.95993143943439;-14.7786653264585;23558
-5.85568333333333;48.41655;3.95993143943439;-14.7786653264585;23578
-5.85548333333333;48.41615;3.95993143943439;-14.7786653264585;23586
-5.85526666666667;48.4157333333333;3.95993143943439;-14.7786653264585;23594
-5.85463333333333;48.4145;3.95993143943439;-14.7786653264585;23606
-5.85401666666667;48.4132666666667;3.95993143943439;-14.7786653264585;23627
-5.85353333333333;48.4123;3.95993143943439;-14.7786653264585;23636
-5.85331666666667;48.4118833333333;3.95993143943439;-14.7786653264585;23643
-5.85318333333333;48.4116166666667;3.95993143943439;-14.7786653264585;23650
-5.8529;48.4110666666667;3.95993143943439;-14.7786653264585;23662
-5.85126666666667;48.4079166666667;3.95993143943439;-14.7786653264585;23703
-5.85075;48.40695;3.95993143943439;-14.7786653264585;23714
-5.8506;48.4066833333333;3.95993143943439;-14.7786653264585;23725
-5.84666666666667;48.3993;3.95993143943439;-14.7786653264585;23830
-5.84573333333333;48.3975166666667;3.95993143943439;-14.7786653264585;23852
-5.84448333333333;48.3951833333333;3.98581319584719;-14.8752573563802;23890
-5.84426666666667;48.3947833333333;3.98581319584719;-14.8752573563802;23896
-5.84403333333333;48.3943666666667;3.98581319584719;-14.8752573563802;23903
-5.8426;48.3917833333333;3.95993143943439;-14.7786653264585;23938
-5.84238333333333;48.3913666666667;3.95993143943439;-14.7786653264585;23944
-5.8422;48.3910333333333;3.95993143943439;-14.7786653264585;23950
-5.84196666666667;48.3906166666667;3.95993143943439;-14.7786653264585;23958
-5.84071666666667;48.3883;3.95993143943439;-14.7786653264585;23994
-5.84028333333333;48.3874833333333;3.95993143943439;-14.7786653264585;24003
-5.83875;48.3846166666667;3.95993143943439;-14.7786653264585;24044
-5.83755;48.3824333333333;3.95993143943439;-14.7786653264585;24078
-5.83675;48.3809333333333;3.95993143943439;-14.7786653264585;24098
-5.83538333333333;48.37835;3.95993143943439;-14.7786653264585;24136
-5.83415;48.3760166666667;3.95993143943439;-14.7786653264585;24171
-5.83303333333333;48.3739666666667;3.95993143943439;-14.7786653264585;24203
-5.83236666666667;48.37275;3.95993143943439;-14.7786653264585;24218
-5.83191666666667;48.3719333333333;3.95993143943439;-14.7786653264585;24231
-5.82471666666667;48.3588833333333;3.95993143943439;-14.7786653264585;24425
-5.82218333333333;48.3544333333333;3.44175117436714;-14.9078621770604;24489
-5.82098333333333;48.3519666666667;2.90029669332956;-14.920733001174;24524
-5.8125;48.3336833333333;3.16025766077393;-14.867843344587;24792
-5.80833333333333;48.3247;3.18104890916773;-14.9656584777941;24925
-5.80691666666667;48.3216333333333;3.18104890916773;-14.9656584777941;24966
-5.80633333333333;48.3203833333333;3.18104890916773;-14.9656584777941;24984
-5.80465;48.31675;3.20183995928148;-15.0634726781669;25038
-5.80326666666667;48.31375;3.20183995928148;-15.0634726781669;25078
-5.80268333333333;48.3124833333333;3.20183995928148;-15.0634726781669;25097
-5.79353333333333;48.2929666666667;3.24342245606906;-15.2591029445811;25375
-5.75993333333333;48.2137166666667;2.69154675383742;-15.2645201716892;26483
-5.74646666666667;48.1800166666667;2.6741818698292;-15.1660390207137;26955
