"x";"y";"vx";"vy";"t"
-5.81776833333333;48.5380933333333;4.13131372081351;8.10815971000616;0
-5.798555;48.5614133333333;4.2221117341696;8.28636084489783;621
-5.79706166666667;48.5632683333333;4.17671251101201;8.19725985258698;670
-5.796425;48.5640633333333;4.4602484137962;8.04650113886197;692
-5.795845;48.5647416666667;4.2221117341696;8.28636084489783;709
-5.78876;48.5735633333333;4.69999980926514;8.14063846521125;942
-5.78652333333333;48.5761516666667;4.36608562345338;8.21141278199691;1010
-5.78464;48.5784;4.3191382880856;8.12311768589324;1070
-5.78431666666667;48.5787716666667;4.17671251101201;8.19725985258698;1086
-5.78304833333333;48.5803166666667;4.36608562345338;8.21141278199691;1121
-5.78276333333333;48.5806566666667;4.36608562345338;8.21141278199691;1131
-5.781785;48.5818233333333;4.50872956076103;8.13396344321685;1160
-5.77795333333333;48.58639;4.2221117341696;8.28636084489783;1286
-5.77166;48.5943316666667;4.3191382880856;8.12311768589324;1490
-5.765195;48.6021716666667;4.17671251101201;8.19725985258698;1707
-5.764545;48.6029533333333;4.03301446684685;8.26890505452098;1720
-5.75864333333333;48.6105583333333;4.3191382880856;8.12311768589324;1919
-5.75744166666667;48.6121366666667;4.50872956076103;8.13396344321685;1962
-5.75715833333333;48.6124766666667;4.4602484137962;8.04650113886197;1969
-5.75684166666667;48.61285;4.3191382880856;8.12311768589324;1987
-5.756495;48.6132616666667;4.36608562345338;8.21141278199691;1998
-5.75148666666667;48.6197166666667;4.17671251101201;8.19725985258698;2159
-5.74941;48.622445;4.2221117341696;8.28636084489783;2234
-5.74918666666667;48.62276;4.36608562345338;8.21141278199691;2240
-5.746745;48.62581;4.36608562345338;8.21141278199691;2319
-5.745485;48.6273266666667;4.2221117341696;8.28636084489783;2359
-5.742145;48.6316083333333;4.3191382880856;8.12311768589324;2474
-5.74189;48.6319083333333;4.17671251101201;8.19725985258698;2479
-5.74094166666667;48.6330833333333;4.3191382880856;8.12311768589324;2510
-5.73857333333333;48.636095;4.36608562345338;8.21141278199691;2589
-5.73609833333333;48.6392183333333;4.07685174875108;8.35878480201361;2671
-5.735545;48.6399533333333;4.2221117341696;8.28636084489783;2689
-5.734985;48.640685;4.2221117341696;8.28636084489783;2709
-5.73434166666667;48.6415366666667;4.2221117341696;8.28636084489783;2731
-5.73351333333333;48.6426066666667;4.17671251101201;8.19725985258698;2759
-5.73116833333333;48.64568;4.3191382880856;8.12311768589324;2846
-5.72806833333333;48.64947;4.2221117341696;8.28636084489783;2945
-5.71970666666667;48.659775;4.3191382880856;8.12311768589324;3215
-5.717495;48.6624433333333;4.4602484137962;8.04650113886197;3280
-5.70928666666667;48.6722;4.41303251109818;8.29970703605614;3540
-5.70793833333333;48.6738083333333;4.12068861259201;8.44866369234945;3582
-5.70740166666667;48.6745066666667;4.2221117341696;8.28636084489783;3600
-5.70703666666667;48.6749716666667;4.07685174875108;8.35878480201361;3610
-5.70614833333333;48.6761333333333;4.07685174875108;8.35878480201361;3641
-5.70559166666667;48.676815;4.2221117341696;8.28636084489783;3661
-5.70492666666667;48.6776533333333;4.2221117341696;8.28636084489783;3680
-5.70466333333333;48.6780016666667;4.2221117341696;8.28636084489783;3692
-5.70400333333333;48.6788083333333;4.36608562345338;8.21141278199691;3715
-5.70206666666667;48.6810783333333;4.41303251109818;8.29970703605614;3771
-5.70139833333333;48.6818133333333;4.41303251109818;8.29970703605614;3794
-5.699805;48.6837033333333;4.41303251109818;8.29970703605614;3841
-5.69910666666667;48.68451;4.26751052436811;8.37546098747864;3863
-5.69881666666667;48.6848583333333;4.31290974752569;8.4645619797895;3875
-5.69716666666667;48.6868216666667;4.26751052436811;8.37546098747864;3922
-5.69622;48.6879733333333;4.26751052436811;8.37546098747864;3951
-5.69560833333333;48.68872;4.26751052436811;8.37546098747864;3971
-5.69501;48.6895;4.26751052436811;8.37546098747864;3995
-5.69469833333333;48.689885;4.41303251109818;8.29970703605614;4000
-5.69375;48.69102;4.41303251109818;8.29970703605614;4030
-5.69277166666667;48.6921633333333;4.41303251109818;8.29970703605614;4061
-5.69213166666667;48.69292;4.26751052436811;8.37546098747864;4084
-5.69147166666667;48.6937266666667;4.41303251109818;8.29970703605614;4103
-5.69086666666667;48.6944516666667;4.41303251109818;8.29970703605614;4120
-5.68763666666667;48.69827;4.26751052436811;8.37546098747864;4221
-5.686325;48.6997983333333;4.12068861259201;8.44866369234945;4261
-5.68570833333333;48.7005866666667;4.26751052436811;8.37546098747864;4281
-5.68540666666667;48.7009716666667;4.26751052436811;8.37546098747864;4297
-5.6848;48.7017433333333;4.41303251109818;8.29970703605614;4309
-5.68452833333333;48.7020983333333;4.55721024537537;8.22142491346938;4319
-5.68417;48.702525;4.55721024537537;8.22142491346938;4330
-5.68383333333333;48.702905;4.55721024537537;8.22142491346938;4342
-5.68316;48.703665;4.41303251109818;8.29970703605614;4360
-5.682825;48.7040366666667;4.26751052436811;8.37546098747864;4371
-5.68151;48.7056116666667;4.12068861259201;8.44866369234945;4414
-5.68065666666667;48.7066933333333;4.41303251109818;8.29970703605614;4446
-5.68029666666667;48.7071133333333;4.26751052436811;8.37546098747864;4458
-5.678745;48.709005;4.41303251109818;8.29970703605614;4505
-5.67807333333333;48.709815;4.26751052436811;8.37546098747864;4521
-5.67712833333333;48.7109833333333;4.50692718183374;8.47629722826348;4550
-5.67008666666667;48.7195033333333;4.45997984646596;8.38800213215981;4774
-5.668415;48.7214266666667;4.50692718183374;8.47629722826348;4821
-5.66680666666667;48.7234316666667;4.35830897068328;8.55366297210035;4871
-5.66585833333333;48.7246;4.35830897068328;8.55366297210035;4905
-5.66132166666667;48.7300016666667;4.55387406947855;8.5645914823227;5040
-5.65812166666667;48.7339433333333;4.35830897068328;8.55366297210035;5140
-5.65777833333333;48.7343783333333;4.35830897068328;8.55366297210035;5151
-5.656905;48.73548;4.31290974752569;8.4645619797895;5179
-5.655895;48.736725;4.31290974752569;8.4645619797895;5211
-5.65501833333333;48.737825;4.50692718183374;8.47629722826348;5241
-5.65432666666667;48.7386383333333;4.35830897068328;8.55366297210035;5260
-5.65370666666667;48.73938;4.65417253930503;8.39634952217914;5280
-5.65302333333333;48.7401433333333;4.50692718183374;8.47629722826348;5300
-5.65189833333333;48.741355;4.70265322391937;8.48381099243167;5331
-5.65088333333333;48.742495;4.60082140484632;8.65288657842637;5360
-5.64953333333333;48.7440183333333;4.60082140484632;8.65288657842637;5398
-5.64529833333333;48.7492083333333;4.44910698403937;8.73186410699201;5529
-5.64335666666667;48.7516083333333;4.29603732214562;8.8081818251632;5589
-5.64178166666667;48.7536383333333;4.70265322391937;8.48381099243167;5646
-5.63895166666667;48.7568166666667;4.64776829249113;8.7411808324856;5720
-5.63640333333333;48.7600283333333;4.60082140484632;8.65288657842637;5800
-5.63276833333333;48.7644;4.44910698403937;8.73186410699201;5909
-5.63244333333333;48.7647966666667;4.55387406947855;8.5645914823227;5920
-5.631755;48.76558;4.90000009536743;8.48704912226874;5943
-5.62931833333333;48.76838;4.29603732214562;8.8081818251632;6012
-5.62811833333333;48.769925;4.60082140484632;8.65288657842637;6051
-5.61941666666667;48.7798983333333;6.49498413673936;7.47162455630659;6299
-5.61850333333333;48.7806;6.68358405869335;7.16726641536252;6321
-5.61545333333333;48.7823883333333;8.12456836916578;5.4800905606709;6380
-5.61303833333333;48.783365;8.31087150408531;5.19320889055949;6425
-5.61237666666667;48.7836166666667;8.40023971037239;5.04737323235425;6431
-5.61189666666667;48.7838;8.48704912226873;4.90000009536743;6439
-5.608215;48.7851233333333;8.39567582844394;5.24620051376057;6499
-5.60699;48.7855516666667;8.38670567945424;5.44639035015027;6520
-5.60626833333333;48.78584;8.30283830273227;5.39192623888547;6536
-5.60573666666667;48.7860683333333;8.39567582844394;5.24620051376057;6551
-5.60460833333333;48.7865033333333;8.39567582844394;5.24620051376057;6560
-5.60395;48.7867616666667;8.39567582844394;5.24620051376057;6577
-5.59981;48.7883866666667;8.39567582844394;5.24620051376057;6641
-5.59619833333333;48.7897666666667;8.39567582844394;5.24620051376057;6704
-5.59314833333333;48.7909833333333;8.48595594996753;5.0988767451381;6752
-5.591335;48.7916633333333;8.39567582844394;5.24620051376057;6782
-5.58896333333333;48.7925766666667;8.57167300702112;5.15038074910054;6821
-5.58649166666667;48.7934633333333;8.48048096156426;5.29919264233205;6860
-5.58401333333333;48.794425;8.39567582844394;5.24620051376057;6899
-5.58348666666667;48.79465;8.48595594996753;5.0988767451381;6909
-5.58096833333333;48.7956316666667;8.39567582844394;5.24620051376057;6953
-5.57802833333333;48.7968483333333;8.31087150408531;5.19320889055949;7000
-5.57638166666667;48.7975433333333;8.57365116710347;4.94999980926514;7030
-5.57577333333333;48.7977733333333;8.39567582844394;5.24620051376057;7043
-5.57283666666667;48.7989316666667;8.04166429565754;5.42417105700866;7089
-5.57226666666667;48.7991766666667;8.1351043491069;5.28299853576411;7100
-5.56703;48.80137;8.22880641372365;4.94436571560796;7191
-5.566495;48.8015616666667;8.14126204660636;5.08722513878692;7204
-5.56596666666667;48.8017616666667;8.0512377722035;5.22853494390757;7209
-5.56478166666667;48.8022666666667;8.31384420669309;4.80000019073486;7234
-5.56356;48.802725;7.8758569392729;5.31233258297209;7251
-5.563065;48.8029483333333;8.05737229961648;4.84135770768308;7264
-5.56255333333333;48.803155;8.05737229961648;4.84135770768308;7269
-5.56020166666667;48.8041333333333;7.97165178036573;4.98124088164397;7314
-5.55968833333333;48.8043383333333;7.79295286576466;5.25641307930986;7324
-5.55417;48.8067716666667;8.14308935667007;4.89286171164552;7423
-5.55247333333333;48.8074783333333;8.14126204660636;5.08722513878692;7450
-5.55184833333333;48.80774;8.31384420669309;4.80000019073486;7461
-5.54555166666667;48.81028;8.05645691348605;5.03423301021545;7570
-5.542095;48.8116966666667;8.31384420669309;4.80000019073486;7630
-5.54150333333333;48.8119183333333;8.22606637096499;5.14021676198801;7642
-5.53977333333333;48.812635;8.3145226533188;4.99586922839181;7674
-5.53690333333333;48.8137833333333;8.22606637096499;5.14021676198801;7720
-5.53567;48.8142833333333;8.31087150408531;5.19320889055949;7739
-5.53450333333333;48.814765;8.21897172582887;5.33746264702892;7766
-5.53398;48.8149883333333;8.21897172582887;5.33746264702892;7772
-5.53450333333333;48.814765;8.21897172582887;5.33746264702892;7777
-5.53219666666667;48.8157483333333;8.22606637096499;5.14021676198801;7806
-5.529895;48.816715;8.3145226533188;4.99586922839181;7840
-5.52884333333333;48.8171283333333;8.3145226533188;4.99586922839181;7862
-5.52761333333333;48.817625;8.22606637096499;5.14021676198801;7879
-5.525345;48.8185416666667;8.31087150408531;5.19320889055949;7921
-5.522395;48.81974;8.48381099243167;4.70265322391937;7975
-5.52186;48.8199266666667;8.31384420669309;4.80000019073486;7982
-5.517695;48.8215083333333;8.31384420669309;4.80000019073486;8053
-5.51534666666667;48.8224016666667;8.31384420669309;4.80000019073486;8096
-5.51358;48.82308;8.40044625152782;4.84999990463257;8120
-5.51234333333333;48.8235583333333;8.40044625152782;4.84999990463257;8141
-5.51115666666667;48.82401;8.48381099243167;4.70265322391937;8163
-5.50759166666667;48.8253766666667;8.40023971037239;5.04737323235425;8222
-5.50584333333333;48.8260966666667;8.48704912226873;4.90000009536743;8252
-5.504075;48.8267966666667;8.48381099243167;4.70265322391937;8284
-5.50294333333333;48.8272316666667;8.57127329678655;4.7511343708842;8300
-5.50229166666667;48.8274816666667;8.57127329678655;4.7511343708842;8311
-5.49651166666667;48.8297783333333;8.57127329678655;4.7511343708842;8410
-5.49585166666667;48.8300283333333;8.65288657842637;4.60082140484633;8424
-5.49518833333333;48.8302716666667;8.65288657842637;4.60082140484633;8430
-5.49464166666667;48.8304683333333;8.65288657842637;4.60082140484633;8449
-5.49168333333333;48.83156;8.48704912226873;4.90000009536743;8490
-5.491025;48.8318183333333;8.57365116710347;4.94999980926514;8500
-5.48983166666667;48.83228;8.48595594996753;5.0988767451381;8521
-5.48932;48.8324983333333;8.48595594996753;5.0988767451381;8530
-5.48814333333333;48.832985;8.65288657842637;4.60082140484633;8550
-5.486275;48.83369;8.57127329678655;4.7511343708842;8578
-5.48572666666667;48.8338966666667;8.65873476703908;4.79961505549854;8590
-5.48506;48.83414;8.7411808324856;4.64776829249113;8603
-5.48088666666667;48.8355933333333;8.48381099243167;4.70265322391937;8668
-5.48022833333333;48.83583;8.48381099243167;4.70265322391937;8683
-5.477275;48.8369116666667;8.65873476703908;4.79961505549854;8728
-5.4766;48.8371483333333;8.48704912226873;4.90000009536743;8740
-5.47472833333333;48.8378583333333;8.57365116710347;4.94999980926514;8770
-5.47048;48.839445;8.65873476703908;4.79961505549854;8843
-5.46993166666667;48.8396516666667;8.7411808324856;4.64776829249113;8852
-5.47048;48.839445;8.65873476703908;4.79961505549854;8857
-5.46681666666667;48.840815;8.82947592858927;4.69471562785891;8900
-5.46626833333333;48.841025;8.91006524188368;4.53990499739547;8910
-5.46373;48.8419216666667;8.82947592858927;4.69471562785891;8952
-5.463115;48.842145;8.82947592858927;4.69471562785891;8961
-5.45702333333333;48.844415;8.82947592858927;4.69471562785891;9060
-5.45641166666667;48.84465;8.82947592858927;4.69471562785891;9073
-5.45585;48.8448483333333;8.91777102469294;4.74166296322669;9084
-5.45211333333333;48.846195;8.91777102469294;4.74166296322669;9144
-5.45071333333333;48.8466616666667;9.00606527875217;4.78860985087149;9161
-5.44950666666667;48.8470816666667;8.92112084600137;4.94505803404254;9180
-5.44831;48.8475083333333;8.83345895342004;5.09999990463257;9203
-5.44762;48.84777;8.92006182416096;5.15000009536743;9211
-5.44636333333333;48.8482416666667;9.00858315035625;4.99353918100737;9232
-5.445735;48.8484716666667;9.00858315035625;4.99353918100737;9243
-5.44516666666667;48.8486816666667;9.00858315035625;4.99353918100737;9251
-5.44385833333333;48.8491716666667;8.92112084600137;4.94505803404254;9272
-5.44069333333333;48.8502983333333;8.92112084600137;4.94505803404254;9323
-5.44007;48.8505266666667;9.00606527875217;4.78860985087149;9331
-5.43944166666667;48.8507566666667;9.08826637677534;4.63070301075156;9341
-5.43880333333333;48.8509733333333;9.1773673690862;4.67610223390915;9348
-5.43753833333333;48.8514116666667;9.00606527875217;4.78860985087149;9371
-5.43432333333333;48.8524883333333;9.00858315035625;4.99353918100737;9425
-5.43304833333333;48.8529383333333;9.09436037485584;4.83555718623927;9444
-5.43111833333333;48.8535983333333;9.09436037485584;4.83555718623927;9474
-5.429195;48.8542666666667;9.00858315035625;4.99353918100737;9501
-5.42729;48.8549566666667;9.09436037485584;4.83555718623927;9531
-5.42664333333333;48.85518;9.09436037485584;4.83555718623927;9545
-5.42535833333333;48.855625;9.00858315035625;4.99353918100737;9563
-5.42406833333333;48.8560733333333;9.00858315035625;4.99353918100737;9582
-5.42348666666667;48.8562716666667;9.09604462060878;5.04201986562171;9594
-5.421505;48.8569816666667;9.09604462060878;5.04201986562171;9622
-5.420155;48.8574633333333;9.09604462060878;5.04201986562171;9640
-5.418215;48.858155;9.27094972501873;4.92945140925185;9670
-5.41757;48.858385;9.09604462060878;5.04201986562171;9682
-5.41628;48.8588533333333;9.09604462060878;5.04201986562171;9700
-5.41368166666667;48.8597666666667;9.35556850397786;4.76690024726524;9741
-5.41107666666667;48.86066;9.00666386899569;5.19999980926514;9782
-5.41044833333333;48.8609;9.00666386899569;5.19999980926514;9790
-5.40923833333333;48.8613416666667;9.09604462060878;5.04201986562171;9817
-5.40852833333333;48.8615933333333;9.09604462060878;5.04201986562171;9827
-5.406595;48.8622783333333;9.00666386899569;5.19999980926514;9850
-5.40147333333333;48.8640316666667;9.00858315035625;4.99353918100737;9930
-5.40013;48.8645016666667;9.09436037485584;4.83555718623927;9951
-5.39947666666667;48.8647116666667;9.09436037485584;4.83555718623927;9965
-5.398185;48.8651516666667;8.92006182416096;5.15000009536743;9987
-5.39692333333333;48.8656266666667;9.09436037485584;4.83555718623927;10000
-5.396275;48.8658433333333;9.1773673690862;4.67610223390915;10014
-5.39502833333333;48.8662233333333;9.09436037485584;4.83555718623927;10028
-5.39432333333333;48.8664533333333;9.00858315035625;4.99353918100737;10042
-5.393805;48.86662;8.92112084600137;4.94505803404254;10048
-5.39316833333333;48.8668333333333;8.92112084600137;4.94505803404254;10059
-5.39176833333333;48.8672966666667;8.83345895342004;5.09999990463257;10084
-5.390575;48.8677116666667;8.83365937574884;4.8965773494282;10102
-5.38861666666667;48.8683733333333;8.83365937574884;4.8965773494282;10132
-5.386785;48.86898;8.57167300702112;5.15038074910054;10160
-5.384875;48.8696683333333;8.57167300702112;5.15038074910054;10190
-5.38372666666667;48.8701016666667;8.66025403784439;5;10210
-5.380585;48.8712033333333;8.57167300702112;5.15038074910054;10260
-5.38004333333333;48.8714033333333;8.57365116710347;4.94999980926514;10270
-5.37826333333333;48.8720583333333;8.66025403784439;5;10300
-5.37446;48.8734733333333;8.66025403784439;5;10361
-5.37327833333333;48.8739016666667;8.57167300702112;5.15038074910054;10379
-5.37149833333333;48.8745733333333;8.66025403784439;5;10414
-5.36781;48.8759783333333;8.65009041904321;5.40517639410461;10469
-5.363375;48.877665;8.65009041904321;5.40517639410461;10540
-5.35967333333333;48.8790766666667;8.83345895342004;5.09999990463257;10600
-5.35779;48.8797516666667;8.74310630366986;5.25338826584684;10634
-5.356605;48.8801816666667;8.83345895342004;5.09999990463257;10656
-5.35404166666667;48.8811233333333;8.92006182416096;5.15000009536743;10690
-5.35347333333333;48.881325;8.74310630366986;5.25338826584684;10702
-5.35215833333333;48.8818183333333;8.92006182416096;5.15000009536743;10721
-5.34968833333333;48.8827316666667;8.82882336072344;5.30489226980928;10762
-5.342145;48.8855866666667;8.73489555216353;5.45816852267609;10880
-5.34084666666667;48.8861116666667;8.92006182416096;5.15000009536743;10900
-5.34028666666667;48.88632;8.65009041904321;5.40517639410461;10917
-5.33960666666667;48.8865883333333;8.74310630366986;5.25338826584684;10924
-5.33712;48.887555;8.82882336072344;5.30489226980928;10960
-5.33656333333333;48.8877783333333;8.92006182416096;5.15000009536743;10977
-5.33530833333333;48.8882483333333;8.74310630366986;5.25338826584684;10995
-5.334685;48.88849;8.83345895342004;5.09999990463257;11001
-5.33406833333333;48.888735;8.83345895342004;5.09999990463257;11016
-5.331595;48.88971;8.92006182416096;5.15000009536743;11051
-5.33097166666667;48.8899516666667;8.92006182416096;5.15000009536743;11066
-5.32842666666667;48.8909566666667;8.92006182416096;5.15000009536743;11108
-5.32717833333333;48.8914416666667;8.82882336072344;5.30489226980928;11126
-5.324685;48.892405;8.82882336072344;5.30489226980928;11167
-5.32345166666667;48.892905;8.92006182416096;5.15000009536743;11189
-5.32219833333333;48.89338;8.82882336072344;5.30489226980928;11204
-5.31971666666667;48.8943766666667;8.92006182416096;5.15000009536743;11241
-5.31597333333333;48.8958583333333;9.00666386899569;5.19999980926514;11301
-5.31470166666667;48.896345;9.00666386899569;5.19999980926514;11324
-5.31289666666667;48.8970616666667;8.92006182416096;5.15000009536743;11354
-5.30221833333333;48.90125;9.09604462060878;5.04201986562171;11525
-5.2997;48.902225;9.09604462060878;5.04201986562171;11561
-5.29656166666667;48.9034283333333;8.92006182416096;5.15000009536743;11613
-5.28605833333333;48.9075583333333;9.1773673690862;4.67610223390915;11780
-5.28112166666667;48.9094016666667;8.92112084600137;4.94505803404254;11860
-5.27854166666667;48.9103483333333;8.92112084600137;4.94505803404254;11905
-5.27477833333333;48.911755;9.00858315035625;4.99353918100737;11962
-5.27219;48.9127;9.1773673690862;4.67610223390915;12002
-5.27162;48.9129066666667;9.25757884831278;4.51522289554016;12010
-5.26977833333333;48.91355;9.08826637677534;4.63070301075156;12040
-5.25959833333333;48.9171733333333;9.26646751166701;4.72150102410766;12200
-5.25313833333333;48.9194083333333;9.26646751166701;4.72150102410766;12301
-5.23035666666667;48.9274233333333;9.27094972501873;4.92945140925185;12650
-5.22462166666667;48.9295016666667;9.09604462060878;5.04201986562171;12740
