"x";"y";"vx";"vy";"t"
-5.90791833333333;48.4465733333333;1.02843778104601;11.7550976274917;0
-5.84370833333333;48.5321733333333;4.7994924658733;10.7798365744277;1723
-5.83240833333333;48.5467316666667;4.68877354187129;11.0460582414293;2055
-5.82402666666667;48.5576533333333;4.8808397169096;10.9625454917112;2243
-5.81921833333333;48.5638716666667;4.758818646408;10.6884816801735;2377
-5.812595;48.5724683333333;4.718145214837;10.5971276571441;2561
-5.81004666666667;48.5759516666667;5.12894233381954;10.5158901702689;2631
-5.80462666666667;48.5826633333333;4.8808397169096;10.9625454917112;2797
-5.799465;48.589455;4.84016589744431;10.871190597457;2902
-5.79447666666667;48.5958666666667;4.84016589744431;10.871190597457;3067
-5.78915666666667;48.6025083333333;4.718145214837;10.5971276571441;3191
-5.78471333333333;48.60831;5.53976453041811;10.4187817641442;3299
-5.77919333333333;48.6143833333333;5.49281719505033;10.3304866680406;3438
-5.77358833333333;48.6204216666667;5.40248677371697;10.6029772979496;3582
-5.76820833333333;48.6265216666667;5.44788599687456;10.6920782902604;3689
-5.76332333333333;48.632215;5.26628997016237;10.3356760204771;3817
-5.75758666666667;48.638735;5.31168876036088;10.4247761630579;3964
-5.75189;48.6452233333333;5.31168876036088;10.4247761630579;4108
-5.74574;48.652295;5.63365875343069;10.5953711143071;4249
-5.74083;48.6580516666667;5.40248677371697;10.6029772979496;4352
-5.73594166666667;48.6636716666667;5.26628997016237;10.3356760204771;4493
-5.73066833333333;48.6697416666667;5.31168876036088;10.4247761630579;4617
-5.71983666666667;48.6823016666667;4.98689556914829;10.694432059897;4884
-5.71519166666667;48.6880333333333;5.53976453041811;10.4187817641442;5009
-5.71028833333333;48.693755;5.12894233381954;10.5158901702689;5121
-5.70465666666667;48.700435;5.17277961572377;10.6057699177615;5259
-5.69874333333333;48.707605;4.98689556914829;10.694432059897;5411
-5.69364333333333;48.713905;5.40248677371697;10.6029772979496;5546
-5.68841333333333;48.7200766666667;5.35708798351847;10.5138771553687;5671
-5.68246333333333;48.7273;5.2166164795647;10.6956488080974;5820
-5.67765833333333;48.7330933333333;5.17277961572377;10.6057699177615;5963
-5.67113166666667;48.7412583333333;4.94463358175815;10.6038009354643;6122
-5.66727833333333;48.7458416666667;7.55184469259805;9.32575153748365;6201
-5.65736333333333;48.7502966666667;10.8253175473055;6.25;6355
-5.64566833333333;48.7543033333333;10.8253175473055;6.25;6517
-5.63178166666667;48.7591066666667;10.7387146765646;6.19999980926514;6697
-5.61176166666667;48.7661;10.7145912587764;6.43797593637568;6943
-5.60258166666667;48.7693383333333;10.3461866113561;6.46501492257102;7063
-5.59294666666667;48.77289;10.3461866113561;6.46501492257102;7183
-5.583205;48.776505;10.5431579621277;6.33496841962939;7358
-5.57254833333333;48.7804283333333;10.515796068835;6.57099867434358;7455
-5.562945;48.7840316666667;10.3461866113561;6.46501492257102;7590
-5.5533;48.7876866666667;10.3156481456924;6.69906023456649;7734
-5.53877666666667;48.7930733333333;10.4309917444764;6.5180070511425;7907
-5.53802166666667;48.7933466666667;10.3156481456924;6.69906023456649;7951
-5.52900833333333;48.796765;10.7145912587764;6.43797593637568;8037
-5.51860333333333;48.80066;10.5431579621277;6.33496841962939;8186
-5.50894666666667;48.804195;10.5431579621277;6.33496841962939;8307
-5.49996;48.8075366666667;10.5431579621277;6.33496841962939;8429
-5.49025833333333;48.8111233333333;10.3461866113561;6.46501492257102;8568
-5.48065666666667;48.8148616666667;10.0313549441687;6.7662343453112;8682
-5.47040666666667;48.8187333333333;10.0313549441687;6.7662343453112;8827
-5.46085166666667;48.8223816666667;10.4574409050741;6.28346441566695;8980
-5.45200333333333;48.8257766666667;10.2317807689705;6.64459612330168;9080
-5.44174666666667;48.829665;10.1142582270451;6.82215331568553;9220
-5.43292166666667;48.8331283333333;10.2317807689705;6.64459612330168;9336
-5.42260166666667;48.8370683333333;10.4309917444764;6.5180070511425;9478
-5.41099666666667;48.8414366666667;10.1479141920671;6.59013253144513;9643
-5.40144833333333;48.8451633333333;10.1479141920671;6.59013253144513;9790
-5.39206;48.84887;10.2613822869974;6.41202329936994;9897
-5.3817;48.8528916666667;10.2613822869974;6.41202329936994;10061
-5.37228666666667;48.8565883333333;10.1479141920671;6.59013253144513;10203
-5.36273166666667;48.8602983333333;10.2613822869974;6.41202329936994;10304
-5.353305;48.864025;10.0313549441687;6.7662343453112;10437
-5.343805;48.8677666666667;10.2613822869974;6.41202329936994;10593
-5.335795;48.8709633333333;10.5431579621277;6.33496841962939;10680
-5.32698;48.874395;10.1479141920671;6.59013253144513;10809
-5.31525166666667;48.8790316666667;10.1479141920671;6.59013253144513;10957
-5.30356333333333;48.8836983333333;10.0313549441687;6.7662343453112;11125
-5.28039666666667;48.892875;10.0640468153451;6.53566842018033;11432
-5.27521666666667;48.8948566666667;10.0640468153451;6.53566842018033;11509
-5.26145;48.9002533333333;10.0640468153451;6.53566842018033;11695
-5.25211166666667;48.903895;9.86554679715226;6.65439533798672;11857
-5.243555;48.907355;9.98017943862311;6.48120430891552;11952
-5.234085;48.9111966666667;10.1479141920671;6.59013253144513;12100
-5.22392166666667;48.91523;10.3156481456924;6.69906023456649;12219
-5.21521166666667;48.918675;10.1142582270451;6.82215331568553;12351
-5.20572666666667;48.9224283333333;10.0640468153451;6.53566842018033;12486
-5.19634833333333;48.9261633333333;10.2613822869974;6.41202329936994;12617
-5.18701833333333;48.92982;10.0640468153451;6.53566842018033;12740
-5.17757333333333;48.93364;10.0640468153451;6.53566842018033;12877
-5.16393;48.9391666666667;10.2613822869974;6.41202329936994;13070
-5.15305833333333;48.943435;10.0640468153451;6.53566842018033;13217
-5.14455166666667;48.9469466666667;10.0640468153451;6.53566842018033;13333
-5.131815;48.952085;10.0917720207568;6.30603904222698;13509
-5.11797;48.9575866666667;9.89631286171972;6.42674071705897;13717
-5.10676833333333;48.9620033333333;9.7479090145573;6.8255593737754;13873
-5.09398166666667;48.9671933333333;9.7479090145573;6.8255593737754;14050
-5.07967833333333;48.973025;9.9484508706605;6.71031484164896;14249
-5.06835333333333;48.9776833333333;9.98017943862311;6.48120430891552;14405
-5.05921833333333;48.9814583333333;10.1145743117766;6.07744938217436;14513
-5.04418166666667;48.987515;10.0917720207568;6.30603904222698;14738
-5.03216333333333;48.9924;10.1765771538771;6.35903117079846;14892
-5.02362833333333;48.99595;9.98017943862311;6.48120430891552;15029
-5.0173;48.9985516666667;10.1765771538771;6.35903117079846;15117
-4.99384833333333;49.008115;9.89631286171972;6.42674071705897;15447
