"x";"y";"vx";"vy";"t"
-4.80833333333333;49.2483333333333;-10.4187817641442;-5.5397645304181;0
-4.81436333333333;49.24611;-9.3592448211224;-4.97639874461963;91
-4.821065;49.2436316666667;-9.88901287161109;-5.25808141365738;192
-4.82183333333333;49.2433333333333;-9.88901287161109;-5.25808141365738;203
-5.834555;48.5102483333333;7.02973949357189;-12.6819857535212;19291
-5.63453333333333;48.3656666666667;11.3463313337294;-9.1880779493943;22308
-5.6335;48.365;11.0321505504941;-8.61926065455922;22321
-5.63316666666667;48.3646666666667;10.7246222036657;-8.99902653561155;22326
-5.63152666666667;48.3636316666667;10.8012269402004;-9.06330554178422;22357
-5.63087666666667;48.3631533333333;10.8800434603976;-8.81048547469772;22367
-5.630035;48.3626216666667;10.7246222036657;-8.99902653561155;22372
-5.6295;48.3621666666667;10.5714134611533;-8.87046913627625;22384
-5.62870166666667;48.3616766666667;11.0354725044602;-8.93634943287435;22392
-5.62801166666667;48.3612266666667;10.4149923510237;-9.05361472520233;22402
-5.6271;48.3605566666667;10.9544356827128;-9.19186294111952;22418
-5.62614166666667;48.3599133333333;10.7168758952139;-9.31603808653188;22430
-5.6255;48.3593333333333;10.5714134611533;-8.87046913627625;22441
-5.62481166666667;48.35898;10.8778309461781;-9.12758393494685;22449
-5.62373666666667;48.3582266666667;10.6414053690399;-9.25043255903281;22468
-5.62296;48.3576533333333;10.5659341231188;-9.1848264058671;22478
-5.62216;48.3570766666667;10.5526563800354;-9.50165448266925;22490
-5.62183333333333;48.3568333333333;10.6269711460704;-9.56856779855821;22500
-5.621;48.3561966666667;10.3297127906485;-9.30091517313506;22508
-5.62059333333333;48.35591;10.4783423227185;-9.43474180491297;22517
-5.62033333333333;48.3556666666667;10.3120874718196;-9.61617713704296;22522
-5.61944166666667;48.3550266666667;10.1426914591813;-9.794683288463;22532
-5.618695;48.354435;10.019545572688;-9.34337740277536;22543
-5.61832166666667;48.354135;10.4583580726488;-9.75257667897459;22550
-5.61717833333333;48.35325;10.3852224234976;-9.68437658280661;22569
-5.61604833333333;48.352365;10.3120874718196;-9.61617713704296;22586
-5.615535;48.3519833333333;10.1658161735172;-9.479776944707;22598
-5.61453166666667;48.3512033333333;10.1658161735172;-9.479776944707;22610
-5.612235;48.3494733333333;10.0707572047411;-9.72521718642596;22648
-5.61109166666667;48.34861;9.78302155901202;-9.4473541032335;22663
-5.61073;48.3483033333333;10.4040275566835;-9.36782848902402;22670
-5.61046833333333;48.348115;10.3120874718196;-9.61617713704296;22678
-5.60921333333333;48.3471516666667;10.3120874718196;-9.61617713704296;22695
-5.60818833333333;48.3463816666667;9.71108730457179;-9.37788800119646;22710
-5.60796333333333;48.3461683333333;10.0707572047411;-9.72521718642596;22717
-5.60504833333333;48.3439183333333;10.1658161735172;-9.479776944707;22761
-5.60393333333333;48.34303;10.1658161735172;-9.479776944707;22778
-5.60291666666667;48.3422566666667;10.1658161735172;-9.479776944707;22795
-5.60283333333333;48.3421666666667;9.9988229503009;-9.65575108438892;22800
-5.602395;48.341865;10.2146250276057;-9.86414872802219;22807
-5.60163166666667;48.3412866666667;10.1426914591813;-9.794683288463;22822
-5.60037333333333;48.34031;10.3852224234976;-9.68437658280661;22834
-5.60012;48.3401183333333;10.019545572688;-9.34337740277536;22839
-5.599745;48.3398316666667;10.1810839672967;-9.16708917948982;22848
-5.59885833333333;48.3391533333333;10.2553987333317;-9.23400249537878;22860
-5.59780666666667;48.3383983333333;9.92688938187657;-9.58628564482973;22876
-5.596675;48.3375233333333;10.2553987333317;-9.23400249537878;22892
-5.59629166666667;48.3372316666667;10.3120874718196;-9.61617713704296;22899
-5.59602833333333;48.337045;10.0926812218392;-9.41157749894334;22904
-5.59552666666667;48.3366516666667;10.2389518226684;-9.54797704087498;22910
-5.593365;48.3350266666667;10.0926812218392;-9.41157749894334;22946
-5.59249333333333;48.334345;10.2389518226684;-9.54797704087498;22958
-5.59209166666667;48.3340716666667;10.2553987333317;-9.23400249537878;22965
-5.59043666666667;48.3328333333333;10.4783423227185;-9.43474180491297;22990
-5.58900333333333;48.3317966666667;10.1426914591813;-9.794683288463;23012
-5.58874;48.331615;9.94641062101002;-9.27517795701171;23018
-5.58824833333333;48.3312233333333;10.2389518226684;-9.54797704087498;23025
-5.587735;48.330835;10.4583580726488;-9.75257667897459;23033
-5.58720333333333;48.33047;10.0707572047411;-9.72521718642596;23045
-5.58558166666667;48.329195;10.2389518226684;-9.54797704087498;23068
-5.583545;48.32765;10.1658161735172;-9.479776944707;23098
-5.58176;48.3262783333333;10.2389518226684;-9.54797704087498;23128
-5.58099166666667;48.3256933333333;10.2146250276057;-9.86414872802219;23138
-5.57970333333333;48.3247233333333;10.2389518226684;-9.54797704087498;23158
-5.57897166666667;48.32421;10.0707572047411;-9.72521718642596;23170
-5.57766;48.32317;10.4583580726488;-9.75257667897459;23190
-5.5774;48.3229816666667;10.1810839672967;-9.16708917948982;23196
-5.57675333333333;48.3224983333333;10.2389518226684;-9.54797704087498;23205
-5.57482;48.32105;9.9988229503009;-9.65575108438892;23232
-5.5747;48.3209466666667;10.4583580726488;-9.75257667897459;23240
-5.57405666666667;48.320465;10.4583580726488;-9.75257667897459;23248
-5.57356666666667;48.3200616666667;10.3297127906485;-9.30091517313506;23258
-5.57283333333333;48.3195;10.1810839672967;-9.16708917948982;23266
-5.57145333333333;48.318565;9.85495512743635;-9.51681954279269;23286
-5.571;48.3181666666667;10.3852224234976;-9.68437658280661;23295
-5.57055833333333;48.3178916666667;9.94641062101002;-9.27517795701171;23300
-5.57017166666667;48.3175983333333;10.2146250276057;-9.86414872802219;23306
-5.56990166666667;48.3174133333333;10.3852224234976;-9.68437658280661;23311
-5.56941;48.317025;9.6538687218784;-9.00237822274411;23318
-5.56966833333333;48.3172083333333;10.4583580726488;-9.75257667897459;23326
-5.56837;48.3162633333333;10.0926812218392;-9.41157749894334;23334
-5.56783833333333;48.315885;10.1426914591813;-9.794683288463;23347
-5.56707833333333;48.3153033333333;9.8732749718588;-9.20697786084373;23352
-5.56668666666667;48.3150133333333;10.3852224234976;-9.68437658280661;23362
-5.566;48.3145;10.3297127906485;-9.30091517313506;23376
-5.56526833333333;48.3139483333333;10.0926812218392;-9.41157749894334;23386
-5.56474833333333;48.3135633333333;10.3120874718196;-9.61617713704296;23391
-5.56526833333333;48.3139483333333;10.0926812218392;-9.41157749894334;23396
-5.56396166666667;48.3129866666667;10.3120874718196;-9.61617713704296;23402
-5.56356166666667;48.3126933333333;10.0707572047411;-9.72521718642596;23408
-5.56317;48.312405;10.2389518226684;-9.54797704087498;23414
-5.56238333333333;48.311825;10.3852224234976;-9.68437658280661;23426
-5.56160333333333;48.3112416666667;10.3852224234976;-9.68437658280661;23438
-5.56317;48.312405;10.2389518226684;-9.54797704087498;23445
-5.56068833333333;48.310565;10.3852224234976;-9.68437658280661;23451
-5.55974333333333;48.309905;10.3120874718196;-9.61617713704296;23468
-5.55949833333333;48.3097;10.604628673478;-9.88897622090623;23474
-5.558825;48.309225;10.2146250276057;-9.86414872802219;23480
-5.55855;48.3090366666667;10.2865592820459;-9.93361483005923;23488
-5.55816666666667;48.3086666666667;10.2389518226684;-9.54797704087498;23495
-5.55755833333333;48.30831;10.2865592820459;-9.93361483005923;23504
-5.55685666666667;48.30777;10.3120874718196;-9.61617713704296;23510
-5.55633333333333;48.3075;10.3852224234976;-9.68437658280661;23518
-5.55606666666667;48.3071816666667;10.2389518226684;-9.54797704087498;23523
-5.555255;48.30662;9.89949493661167;-9.89949493661166;23535
-5.554865;48.3063283333333;10.1823373793465;-10.1823373793465;23548
-5.55372666666667;48.305445;10.1658161735172;-9.479776944707;23558
-5.55294333333333;48.3048733333333;10.2146250276057;-9.86414872802219;23571
-5.5525;48.3045;9.85495512743635;-9.51681954279269;23577
-5.552175;48.3042933333333;9.9988229503009;-9.65575108438892;23582
-5.55177666666667;48.304005;10.4583580726488;-9.75257667897459;23588
-5.550205;48.30285;10.1658161735172;-9.479776944707;23618
-5.54933333333333;48.3021666666667;10.3297127906485;-9.30091517313506;23628
-5.54888666666667;48.3018983333333;9.9988229503009;-9.65575108438892;23634
-5.54822333333333;48.30143;9.68736276738579;-9.68736276738579;23641
-5.54808833333333;48.3013366666667;9.82878398875318;-9.82878398875318;23649
-5.54747666666667;48.30084;9.9988229503009;-9.65575108438892;23658
-5.54669166666667;48.3002766666667;10.019545572688;-9.34337740277536;23665
-5.54631166666667;48.29998;10.0707572047411;-9.72521718642596;23671
-5.54545;48.2993066666667;11.140468114812;-7.80063975317627;23690
-5.54466666666667;48.2988333333333;10.7349834296651;-6.971379752074;23697
-5.54435;48.2986566666667;10.8603925167238;-7.32542724878195;23703
-5.54391333333333;48.2984316666667;10.8128068283738;-7.57120885043278;23708
-5.54435;48.2986566666667;10.8603925167238;-7.32542724878195;23713
-5.54309166666667;48.29795;10.9027173832905;-7.08030745519535;23720
-5.54264833333333;48.2977266666667;11.0704513369159;-7.18923515831671;23728
-5.54163666666667;48.2971933333333;11.4003252628298;-6.85000649453944;23739
-5.54127;48.2969983333333;11.6574756165321;-7.00451801524817;23744
-5.54088666666667;48.29683;11.1942347075125;-6.99493418680423;23750
-5.54033333333333;48.2965;11.4486492981118;-7.15391006714826;23756
-5.539995;48.29638;11.1543187136379;-7.24369926958151;23761
-5.53983333333333;48.2963116666667;11.4407186593859;-7.71686217455389;23769
-5.53907166666667;48.2959483333333;10.6381451736907;-8.31142991689639;23779
-5.538245;48.2954416666667;10.7599261794945;-7.81754396760103;23789
-5.53753833333333;48.29503;10.7815793856385;-8.12450281255265;23795
-5.53709833333333;48.2947966666667;10.4805431732705;-8.18829773925936;23807
-5.53605666666667;48.294155;10.3415999821062;-8.67763273076828;23818
-5.535715;48.2939333333333;10.648017467131;-8.93474752943888;23831
-5.53489333333333;48.2934033333333;10.3415999821062;-8.67763273076828;23836
-5.53419333333333;48.2929633333333;10.4040275566835;-9.36782848902402;23844
-5.53381666666667;48.2926766666667;10.1885793330074;-8.85679689137185;23850
-5.533265;48.29232;10.5659341231188;-9.1848264058671;23859
-5.5325;48.2918333333333;10.1067699099798;-9.10017650173354;23868
-5.53218833333333;48.2915866666667;10.4783423227185;-9.43474180491297;23874
-5.53193666666667;48.2913883333333;11.6673736182515;-10.5053503922075;23879
-5.531655;48.2912133333333;10.3120874718196;-9.61617713704296;23884
-5.53139333333333;48.291025;10.1810839672967;-9.16708917948982;23890
-5.53086;48.2906483333333;10.2389518226684;-9.54797704087498;23899
-5.53023;48.290165;10.3395211051025;-8.98800857203662;23908
-5.52968666666667;48.289795;10.7755999694222;-9.70239379220344;23916
-5.528485;48.288955;10.6269711460704;-9.56856779855821;23929
-5.528025;48.2886333333333;10.1067699099798;-9.10017650173354;23940
-5.52768333333333;48.2884133333333;10.2389518226684;-9.54797704087498;23945
-5.527285;48.28812;10.9242287927741;-9.83621978584868;23950
-5.526495;48.2875616666667;10.2640505789286;-8.92240304453756;23961
-5.52605333333333;48.2872983333333;10.604628673478;-9.88897622090623;23966
-5.52554833333333;48.2869133333333;10.2553987333317;-9.23400249537878;23974
-5.52527166666667;48.2867316666667;10.2553987333317;-9.23400249537878;23980
-5.52487333333333;48.2864466666667;10.5714134611533;-8.87046913627625;23987
-5.524185;48.2859916666667;10.4040275566835;-9.36782848902402;23994
-5.52365;48.2856133333333;10.6414053690399;-9.25043255903281;24007
-5.52284166666667;48.2850616666667;10.6414053690399;-9.25043255903281;24014
-5.52242;48.2847883333333;10.3120874718196;-9.61617713704296;24028
-5.52152;48.2841166666667;10.5659341231188;-9.1848264058671;24034
-5.52083;48.2836666666667;10.4149923510237;-9.05361472520233;24043
-5.5205;48.2835;10.1810839672967;-9.16708917948982;24050
-5.519975;48.283055;10.7755999694222;-9.70239379220344;24060
-5.51948666666667;48.2827416666667;10.4040275566835;-9.36782848902402;24068
-5.518825;48.2822783333333;10.3297127906485;-9.30091517313506;24074
-5.518425;48.2819966666667;10.4040275566835;-9.36782848902402;24080
-5.51829333333333;48.281905;10.5526563800354;-9.50165448266925;24085
-5.518035;48.281725;9.88382632059297;-8.89943719219935;24090
-5.51733333333333;48.2811666666667;10.2389518226684;-9.54797704087498;24098
-5.51682833333333;48.2808933333333;10.1658161735172;-9.479776944707;24108
-5.515985;48.28028;10.1067699099798;-9.10017650173354;24118
-5.51551833333333;48.2799566666667;10.0324551439448;-9.03326318584459;24124
-5.514975;48.2795916666667;10.0926812218392;-9.41157749894334;24134
-5.51446333333333;48.2792183333333;10.3297127906485;-9.30091517313506;24140
-5.514045;48.2789483333333;10.4040275566835;-9.36782848902402;24148
-5.51333333333333;48.2785;10.1426914591813;-9.794683288463;24158
-5.51296;48.278215;10.3852224234976;-9.68437658280661;24163
-5.51271333333333;48.2780183333333;10.4783423227185;-9.43474180491297;24168
-5.511895;48.2774783333333;10.4040275566835;-9.36782848902402;24178
-5.51121833333333;48.2770233333333;10.1810839672967;-9.16708917948982;24188
-5.51083166666667;48.276735;10.2553987333317;-9.23400249537878;24193
-5.510435;48.27645;10.648017467131;-8.93474752943888;24200
-5.51002;48.2761833333333;10.4040275566835;-9.36782848902402;24206
-5.50946166666667;48.2758316666667;9.9988229503009;-9.65575108438892;24214
-5.50909;48.2755366666667;10.4040275566835;-9.36782848902402;24220
-5.50895666666667;48.2754466666667;10.019545572688;-9.34337740277536;24226
-5.50844166666667;48.2750733333333;10.2553987333317;-9.23400249537878;24234
-5.50726;48.2742383333333;10.1067699099798;-9.10017650173354;24248
-5.50701166666667;48.274045;10.5526563800354;-9.50165448266925;24254
-5.506475;48.273685;10.1658161735172;-9.479776944707;24260
-5.50609333333333;48.2734;10.1810839672967;-9.16708917948982;24268
-5.50568666666667;48.273135;9.95814037790983;-8.96634986995563;24275
-5.50491666666667;48.2725683333333;10.3395211051025;-8.98800857203662;24284
-5.50421666666667;48.2721233333333;10.3120874718196;-9.61617713704296;24301
-5.50331333333333;48.27147;10.4040275566835;-9.36782848902402;24307
-5.50292333333333;48.271195;10.0324551439448;-9.03326318584459;24314
-5.50210666666667;48.2706566666667;10.1426914591813;-9.794683288463;24326
-5.50159666666667;48.2702816666667;10.4040275566835;-9.36782848902402;24334
-5.50131833333333;48.2701066666667;10.1810839672967;-9.16708917948982;24342
-5.500655;48.2696533333333;10.0324551439448;-9.03326318584459;24348
-5.50040166666667;48.2694583333333;10.4040275566835;-9.36782848902402;24353
-5.49986166666667;48.2690983333333;10.4783423227185;-9.43474180491297;24360
-5.49945;48.26884;10.2640505789286;-8.92240304453756;24368
-5.49891666666667;48.2684816666667;9.9988229503009;-9.65575108438892;24378
-5.49813833333333;48.26793;10.019545572688;-9.34337740277536;24388
-5.49656666666667;48.2668316666667;9.94641062101002;-9.27517795701171;24410
-5.49574833333333;48.2662933333333;9.92688938187657;-9.58628564482973;24428
-5.49509666666667;48.265835;9.78302155901202;-9.4473541032335;24438
-5.49445;48.2653716666667;9.94641062101002;-9.27517795701171;24444
-5.494205;48.26518;10.2640505789286;-8.92240304453756;24449
-5.49350166666667;48.264745;9.97020588447015;-9.97020588447015;24458
-5.49233333333333;48.26392;10.1810839672967;-9.16708917948982;24474
-5.49209333333333;48.2637233333333;10.6414053690399;-9.25043255903281;24482
-5.4915;48.2633333333333;10.3297127906485;-9.30091517313506;24488
-5.49102;48.2630166666667;10.2389518226684;-9.54797704087498;24493
-5.49063166666667;48.2627516666667;9.80951155455798;-8.83252387631039;24501
-5.490495;48.26266;10.019545572688;-9.34337740277536;24507
-5.48982166666667;48.2622133333333;10.0926812218392;-9.41157749894334;24514
-5.48944166666667;48.26193;10.3297127906485;-9.30091517313506;24519
-5.489015;48.2616783333333;9.80013932270759;-9.13877776467575;24528
-5.48833333333333;48.2611666666667;9.72700437102962;-9.07057831891209;24536
-5.48783833333333;48.2608533333333;10.1810839672967;-9.16708917948982;24541
-5.48758;48.260665;10.2553987333317;-9.23400249537878;24548
-5.48704666666667;48.2603083333333;10.1658161735172;-9.479776944707;24560
-5.48626166666667;48.259755;10.1885793330074;-8.85679689137185;24568
-5.48586;48.259485;10.2553987333317;-9.23400249537878;24575
-5.485465;48.2592066666667;10.4149923510237;-9.05361472520233;24580
-5.485055;48.2589416666667;10.2553987333317;-9.23400249537878;24588
-5.48426833333333;48.258385;10.4040275566835;-9.36782848902402;24596
-5.48385833333333;48.2581183333333;10.2640505789286;-8.92240304453756;24608
-5.48305;48.2575816666667;10.4040275566835;-9.36782848902402;24618
-5.48250666666667;48.25722;10.6414053690399;-9.25043255903281;24624
-5.48183;48.2567833333333;10.3395211051025;-8.98800857203662;24635
-5.48100333333333;48.2562533333333;10.2640505789286;-8.92240304453756;24644
-5.48058666666667;48.2559916666667;10.3395211051025;-8.98800857203662;24651
-5.47977166666667;48.2554483333333;10.6414053690399;-9.25043255903281;24668
-5.47907;48.2550066666667;10.4783423227185;-9.43474180491297;24678
-5.47811666666667;48.25438;9.92688938187657;-9.58628564482973;24685
-5.47784666666667;48.254195;9.92688938187657;-9.58628564482973;24690
-5.47649;48.2532;10.2389518226684;-9.54797704087498;24714
-5.47574;48.2527066666667;10.1116271058375;-10.1116271058375;24722
-5.47459833333333;48.2518416666667;9.75807371524427;-9.75807371524427;24740
-5.4742;48.2515666666667;9.85495512743635;-9.51681954279269;24750
-5.47354833333333;48.2510966666667;9.75807371524427;-9.75807371524427;24756
-5.47259333333333;48.2503833333333;9.72521718642596;-10.0707572047411;24774
-5.47203833333333;48.24994;9.92688938187657;-9.58628564482973;24779
-5.47190333333333;48.2498516666667;10.1426914591813;-9.794683288463;24788
-5.47259333333333;48.2503833333333;9.72521718642596;-10.0707572047411;24798
-5.47032;48.2487466666667;9.41157749894334;-10.0926812218392;24806
-5.46997333333333;48.248445;9.92688938187657;-9.58628564482973;24812
-5.46966666666667;48.2481666666667;9.30842189915942;-9.63915305013157;24819
-5.46932;48.247995;9.4473541032335;-9.78302155901201;24824
-5.46883;48.2476083333333;9.37788800119646;-9.71108730457179;24831
-5.46845666666667;48.2473283333333;9.23895645960023;-9.56721948170724;24838
-5.46784166666667;48.24684;9.82878398875318;-9.82878398875318;24849
-5.46745666666667;48.2465683333333;9.37788800119646;-9.71108730457179;24855
-5.46696166666667;48.2461816666667;9.72521718642596;-10.0707572047411;24863
-5.46658166666667;48.2459;9.68736276738579;-9.68736276738579;24868
-5.46696166666667;48.2461816666667;9.72521718642596;-10.0707572047411;24876
-5.46544;48.2450416666667;9.479776944707;-10.1658161735172;24885
-5.464975;48.2446483333333;9.4473541032335;-9.78302155901201;24891
-5.464725;48.2444566666667;9.37788800119646;-9.71108730457179;24898
-5.46410166666667;48.2439683333333;9.68736276738579;-9.68736276738579;24909
-5.46322666666667;48.2432883333333;10.0707572047411;-9.72521718642596;24921
-5.46284;48.24301;9.54594154601839;-9.54594154601839;24931
-5.46216666666667;48.2425;9.68736276738579;-9.68736276738579;24938
-5.46057;48.241275;9.4473541032335;-9.78302155901201;24961
-5.46017333333333;48.2409983333333;9.58628564482973;-9.92688938187657;24968
-5.459795;48.240705;9.479776944707;-10.1658161735172;24980
-5.45943;48.2404116666667;9.41157749894334;-10.0926812218392;24985
-5.45893833333333;48.2400166666667;9.20697786084373;-9.8732749718588;24995
-5.45818;48.2394433333333;9.41157749894334;-10.0926812218392;25007
-5.45734;48.2387433333333;8.98800857203662;-10.3395211051025;25018
-5.45687333333333;48.2383416666667;9.51681954279269;-9.85495512743634;25023
-5.45663833333333;48.2381483333333;9.37788800119646;-9.71108730457179;25028
-5.45575666666667;48.2374766666667;9.61617713704296;-10.3120874718196;25039
-5.455515;48.2372766666667;9.05361472520233;-10.4149923510237;25051
-5.45467666666667;48.2365933333333;9.10017650173354;-10.1067699099798;25058
-5.45525333333333;48.2370916666667;9.43474180491297;-10.4783423227185;25066
-5.45372;48.2358116666667;9.03326318584459;-10.0324551439448;25074
-5.45324166666667;48.2354083333333;9.25043255903281;-10.6414053690399;25084
-5.45277166666667;48.2350116666667;9.10017650173354;-10.1067699099798;25090
-5.45252;48.234815;9.31603808653187;-10.7168758952139;25098
-5.45183333333333;48.2343333333333;9.10017650173354;-10.1067699099798;25106
-5.45111666666667;48.2336033333333;9.00237822274412;-9.6538687218784;25118
-5.45060833333333;48.2332183333333;9.03326318584459;-10.0324551439448;25126
-5.44968333333333;48.2324066666667;9.27517795701171;-9.94641062101002;25147
-5.448965;48.2318133333333;9.25043255903281;-10.6414053690399;25155
-5.44839;48.231315;8.89943719219935;-9.88382632059297;25169
-5.44757166666667;48.23062;8.72957913888085;-9.36132752022003;25178
-5.44695166666667;48.2301316666667;9.34337740277537;-10.019545572688;25188
-5.446735;48.2299316666667;9.13877776467575;-9.80013932270759;25194
-5.44625166666667;48.2295433333333;9.23400249537878;-10.2553987333317;25200
-5.44539833333333;48.2288733333333;8.98800857203662;-10.3395211051025;25215
-5.44504666666667;48.2285683333333;9.1848264058671;-10.5659341231188;25220
-5.44483333333333;48.2283333333333;8.85679689137185;-10.1885793330074;25228
-5.44434666666667;48.2279733333333;9.16708917948982;-10.1810839672967;25238
-5.44333333333333;48.2271666666667;9.05361472520233;-10.4149923510237;25249
-5.44236333333333;48.2263;8.96634986995563;-9.95814037790983;25268
-5.44152166666667;48.2256283333333;9.16708917948982;-10.1810839672967;25279
-5.44118333333333;48.225325;9.34337740277537;-10.019545572688;25288
-5.44152166666667;48.2256283333333;9.16708917948982;-10.1810839672967;25297
-5.43973666666667;48.2241766666667;9.03326318584459;-10.0324551439448;25318
-5.43866666666667;48.2233333333333;8.98800857203662;-10.3395211051025;25328
-5.43840666666667;48.223105;8.85679689137185;-10.1885793330074;25337
-5.43684833333333;48.221835;9.30091517313506;-10.3297127906485;25358
-5.43612166666667;48.221255;8.92240304453756;-10.2640505789286;25370
-5.43578;48.2209483333333;9.16708917948982;-10.1810839672967;25377
-5.43518166666667;48.2204633333333;8.56487188901992;-9.51225390785427;25390
-5.43446666666667;48.2198716666667;9.10017650173354;-10.1067699099798;25399
-5.43425333333333;48.2196633333333;9.36782848902402;-10.4040275566835;25408
-5.433275;48.2188933333333;9.03326318584459;-10.0324551439448;25418
-5.43256333333333;48.2183033333333;9.03326318584459;-10.0324551439448;25430
-5.43219833333333;48.218015;9.37788800119646;-9.71108730457179;25438
-5.43183333333333;48.2178333333333;8.96634986995563;-9.95814037790983;25450
-5.43116666666667;48.2171666666667;8.85679689137185;-10.1885793330074;25455
-5.43076;48.2168466666667;8.98800857203662;-10.3395211051025;25463
-5.43051;48.2166566666667;8.89943719219935;-9.88382632059297;25468
-5.43116666666667;48.2171666666667;8.85679689137185;-10.1885793330074;25475
-5.42968666666667;48.215965;8.85679689137185;-10.1885793330074;25481
-5.4292;48.215575;9.38164423969758;-10.7923471411351;25487
-5.42861833333333;48.215085;9.03326318584459;-10.0324551439448;25496
-5.42833333333333;48.2148333333333;9.06330554178422;-10.8012269402004;25509
-5.427205;48.2138833333333;9.11922025270139;-10.4904628771977;25520
-5.4265;48.2133333333333;8.98800857203662;-10.3395211051025;25533
-5.42613166666667;48.2129916666667;9.1848264058671;-10.5659341231188;25539
-5.42579166666667;48.2126883333333;8.80619013010358;-10.4948087246186;25546
-5.42483333333333;48.2118333333333;8.92240304453756;-10.2640505789286;25564
-5.42447833333333;48.2115966666667;9.11922025270139;-10.4904628771977;25570
-5.42483333333333;48.2118333333333;8.92240304453756;-10.2640505789286;25578
-5.423675;48.2108983333333;9.16708917948982;-10.1810839672967;25584
-5.422615;48.2100166666667;8.92240304453756;-10.2640505789286;25598
-5.42157666666667;48.20913;8.85679689137185;-10.1885793330074;25618
-5.42066666666667;48.2083333333333;8.61335372459562;-10.2649952455715;25640
-5.419035;48.2069333333333;8.99902653561155;-10.7246222036657;25659
-5.41783333333333;48.2058333333333;8.49582527917281;-10.4914704796691;25681
-5.41763333333333;48.2057483333333;8.43456209453341;-10.795747174111;25687
-5.417085;48.2052316666667;8.49612847692219;-10.8745485500739;25694
-5.41621666666667;48.2044116666667;9.12758393494685;-10.8778309461781;25714
-5.41516666666667;48.2035;8.79119073820614;-10.1131080870863;25729
-5.4145;48.2028333333333;8.85679689137185;-10.1885793330074;25748
-5.41516666666667;48.2035;8.79119073820614;-10.1131080870863;25767
-5.41209666666667;48.2008;8.87046913627625;-10.5714134611533;25782
-5.411;48.1998333333333;8.49582527917281;-10.4914704796691;25801
-5.41031;48.1991783333333;8.87046913627625;-10.5714134611533;25814
-5.409625;48.1985666666667;8.49582527917281;-10.4914704796691;25828
-5.40883833333333;48.1978533333333;8.49582527917281;-10.4914704796691;25842
-5.40794333333333;48.1970316666667;8.74191173694095;-10.4182047186409;25859
-5.40766666666667;48.1968333333333;8.62168923734944;-10.6468995237317;25869
-5.40691666666667;48.1961116666667;8.74755319552607;-10.8023285677942;25876
-5.4059;48.19519;8.87046913627625;-10.5714134611533;25892
-5.405595;48.1948733333333;8.85679689137185;-10.1885793330074;25898
-5.40522;48.194585;8.80619013010358;-10.4948087246186;25904
-5.405;48.1943333333333;8.74755319552607;-10.8023285677942;25914
-5.40455833333333;48.1939733333333;8.43289300000115;-10.4137555870657;25919
-5.403875;48.1933633333333;8.81048547469773;-10.8800434603976;25928
-5.40354;48.1930666666667;8.54907533143298;-10.1883912395938;25936
-5.40216666666667;48.1918333333333;8.99928171204602;-11.1131873970635;25958
-5.40184833333333;48.191535;8.80619013010358;-10.4948087246186;25968
-5.40149166666667;48.1912316666667;8.61926065455922;-11.0321505504941;25975
-5.40061;48.190395;8.49582527917281;-10.4914704796691;25988
-5.40015166666667;48.1899833333333;8.6846215165211;-10.724614416335;25996
-5.40061;48.190395;8.49582527917281;-10.4914704796691;26003
-5.39983833333333;48.1896583333333;8.74755319552607;-10.8023285677942;26008
-5.39883333333333;48.1888333333333;8.6846215165211;-10.724614416335;26018
-5.39849666666667;48.1884166666667;8.62168923734944;-10.6468995237317;26028
-5.39817166666667;48.1880983333333;8.62168923734944;-10.6468995237317;26036
-5.396795;48.18685;8.74239283219624;-11.1897525509143;26054
-5.39612666666667;48.1862166666667;8.87341775386939;-10.9577583530009;26068
-5.39579833333333;48.1858983333333;8.55769427217044;-10.9533491745312;26073
-5.39555666666667;48.1856983333333;8.61926065455922;-11.0321505504941;26079
-5.39534666666667;48.1854783333333;8.36522859223926;-11.1010332850021;26087
-5.39492833333333;48.1850466666667;8.6846215165211;-10.724614416335;26096
-5.39416666666667;48.1843333333333;8.81048547469773;-10.8800434603976;26103
-5.393465;48.18369;8.87046913627625;-10.5714134611533;26116
-5.393015;48.183275;8.93634943287436;-11.0354725044602;26121
-5.39291333333333;48.1831683333333;8.6846215165211;-10.724614416335;26128
-5.39216666666667;48.1825;8.49612847692219;-10.8745485500739;26138
-5.39088666666667;48.1812933333333;8.81048547469773;-10.8800434603976;26160
-5.39056833333333;48.18097;8.99928171204602;-11.1131873970635;26165
-5.39033333333333;48.1807616666667;8.74755319552607;-10.8023285677942;26170
-5.38978;48.1802383333333;8.6846215165211;-10.724614416335;26179
-5.38954333333333;48.1800333333333;8.55769427217044;-10.9533491745312;26184
-5.38911333333333;48.1796066666667;8.81048547469773;-10.8800434603976;26194
-5.38843166666667;48.1789783333333;9.06330554178422;-10.8012269402004;26204
-5.38738833333333;48.1780483333333;8.87046913627625;-10.5714134611533;26221
-5.38716666666667;48.1778333333333;8.93474752943889;-10.648017467131;26227
-5.38647;48.177215;9.25614133428216;-11.0310396886905;26238
-5.38615333333333;48.1768866666667;9.12758393494685;-10.8778309461781;26249
-5.38577166666667;48.1765966666667;8.93474752943889;-10.648017467131;26258
-5.38463;48.1755683333333;8.36996132099618;-10.3360414356065;26278
-5.38383333333333;48.1748416666667;8.55769427217044;-10.9533491745312;26288
-5.382935;48.1740033333333;8.61926065455922;-11.0321505504941;26302
-5.382615;48.1736933333333;8.74191173694095;-10.4182047186409;26309
-5.38212166666667;48.17329;8.86552500983327;-11.3473545513345;26318
-5.3817;48.17287;8.55875755834447;-10.5691853722725;26323
-5.38145166666667;48.1726666666667;8.61926065455922;-11.0321505504941;26328
-5.38090833333333;48.1721316666667;8.67763273076828;-10.3415999821062;26338
-5.38055833333333;48.1718283333333;8.55875755834447;-10.5691853722725;26343
-5.37987166666667;48.1712033333333;8.81048547469773;-10.8800434603976;26358
-5.37942333333333;48.1707883333333;8.55769427217044;-10.9533491745312;26363
-5.37907833333333;48.170475;9.32042034045482;-11.1076444252252;26370
-5.3785;48.17;8.62168923734944;-10.6468995237317;26378
-5.37783666666667;48.1693333333333;8.62168923734944;-10.6468995237317;26389
-5.37760666666667;48.169135;8.74191173694095;-10.4182047186409;26397
-5.37737166666667;48.1689283333333;9.06221339105099;-11.1909015485227;26409
-5.37620333333333;48.1679066666667;8.680827036948;-11.110951926457;26417
-5.37608666666667;48.1678033333333;8.43456209453341;-10.795747174111;26423
-5.37577666666667;48.1674783333333;8.6846215165211;-10.724614416335;26428
-5.37516666666667;48.167;8.61926065455922;-11.0321505504941;26438
-5.37437;48.16626;8.81048547469773;-10.8800434603976;26450
-5.37416666666667;48.166;8.93474752943889;-10.648017467131;26457
-5.37323833333333;48.1652316666667;8.99902653561155;-10.7246222036657;26470
-5.37276166666667;48.16483;8.62168923734944;-10.6468995237317;26478
-5.37232166666667;48.1644116666667;8.55875755834447;-10.5691853722725;26488
-5.371745;48.1639;8.74755319552607;-10.8023285677942;26498
-5.37142166666667;48.1635883333333;8.74191173694095;-10.4182047186409;26509
-5.37074;48.1629683333333;8.81048547469773;-10.8800434603976;26518
-5.37026833333333;48.16256;8.87341775386939;-10.9577583530009;26524
-5.36961;48.161935;8.87046913627625;-10.5714134611533;26533
-5.36935333333333;48.16174;8.87046913627625;-10.5714134611533;26538
-5.36888666666667;48.1613433333333;8.87046913627625;-10.5714134611533;26548
-5.36827;48.1608516666667;8.37299629928517;-10.7169465496537;26556
-5.36783333333333;48.1605;8.31142991689639;-10.6381451736907;26568
-5.36739;48.1600233333333;8.62168923734944;-10.6468995237317;26578
-5.3665;48.1593333333333;8.43289300000115;-10.4137555870657;26587
-5.365685;48.15851;8.12673135687058;-10.4017417973076;26602
-5.36546;48.1583016666667;8.87341775386939;-10.9577583530009;26608
-5.364445;48.1573833333333;8.67763273076828;-10.3415999821062;26623
-5.36412166666667;48.1570733333333;8.30702904182452;-10.2583265430032;26629
-5.36383333333333;48.1568333333333;8.81048547469773;-10.8800434603976;26638
-5.36343666666667;48.1564633333333;8.62168923734944;-10.6468995237317;26648
-5.36234;48.155505;8.49582527917281;-10.4914704796691;26659
-5.36206;48.1552466666667;8.6846215165211;-10.724614416335;26667
-5.36171;48.1549383333333;8.87341775386939;-10.9577583530009;26672
-5.3615;48.1546666666667;8.81048547469773;-10.8800434603976;26678
-5.361035;48.1543183333333;8.74755319552607;-10.8023285677942;26684
-5.36067833333333;48.1540133333333;8.74191173694095;-10.4182047186409;26689
-5.359975;48.153405;8.74755319552607;-10.8023285677942;26705
-5.35966666666667;48.1531666666667;8.81048547469773;-10.8800434603976;26712
-5.35923333333333;48.15274;8.62168923734944;-10.6468995237317;26718
-5.358605;48.15217;8.74755319552607;-10.8023285677942;26728
-5.35756;48.1512483333333;8.74755319552607;-10.8023285677942;26745
-5.35710666666667;48.1508366666667;8.99928171204602;-11.1131873970635;26756
-5.35650166666667;48.15034;8.99928171204602;-11.1131873970635;26762
-5.35616666666667;48.1501666666667;8.74239283219624;-11.1897525509143;26768
-5.35576333333333;48.14967;8.87046913627625;-10.5714134611533;26778
-5.35512333333333;48.149115;8.80619013010358;-10.4948087246186;26788
-5.35406833333333;48.1482166666667;8.74191173694095;-10.4182047186409;26808
-5.353125;48.1474216666667;8.24986353450761;-10.5593437977278;26820
-5.35290166666667;48.1472133333333;8.74755319552607;-10.8023285677942;26828
-5.35243333333333;48.14682;8.55769427217044;-10.9533491745312;26834
-5.352;48.1463333333333;8.36996132099618;-10.3360414356065;26839
-5.35085333333333;48.1454216666667;8.54907533143298;-10.1883912395938;26859
-5.35060833333333;48.145225;8.81048547469773;-10.8800434603976;26865
-5.35016666666667;48.1448333333333;8.74755319552607;-10.8023285677942;26870
-5.350145;48.14483;8.74755319552607;-10.8023285677942;26875
-5.34956666666667;48.14434;8.48479632526031;-10.1117865030591;26882
-5.34935833333333;48.14413;9.11922025270139;-10.4904628771977;26889
-5.3485;48.1435;8.49582527917281;-10.4914704796691;26899
-5.34725166666667;48.1423866666667;8.74755319552607;-10.8023285677942;26927
-5.34683333333333;48.142;8.30702904182452;-10.2583265430032;26938
-5.34614333333333;48.1413833333333;8.67763273076828;-10.3415999821062;26943
-5.34541166666667;48.14074;8.49582527917281;-10.4914704796691;26954
-5.345115;48.1405016666667;8.55875755834447;-10.5691853722725;26962
-5.34478833333333;48.1402;8.61926065455922;-11.0321505504941;26968
-5.34445166666667;48.1399016666667;8.43289300000115;-10.4137555870657;26978
-5.34376166666667;48.139315;8.36996132099618;-10.3360414356065;26988
-5.34288166666667;48.13851;8.62168923734944;-10.6468995237317;26999
-5.34251833333333;48.138225;8.37299629928517;-10.7169465496537;27006
-5.34230166666667;48.138025;8.49582527917281;-10.4914704796691;27011
-5.34183166666667;48.13764;8.18829773925936;-10.4805431732705;27019
-5.34161166666667;48.1374366666667;8.49612847692219;-10.8745485500739;27028
-5.34093666666667;48.136845;8.18829773925936;-10.4805431732705;27034
-5.34037;48.136355;8.30702904182452;-10.2583265430032;27046
-5.33980333333333;48.1358666666667;8.62168923734944;-10.6468995237317;27057
-5.33936333333333;48.1354633333333;8.55875755834447;-10.5691853722725;27062
-5.33867;48.1348816666667;8.36996132099618;-10.3360414356065;27076
-5.33832666666667;48.1345866666667;8.93474752943889;-10.648017467131;27088
-5.33717666666667;48.1336066666667;8.30702904182452;-10.2583265430032;27101
-5.336835;48.13331;8.80619013010358;-10.4948087246186;27108
-5.33567;48.132335;8.74755319552607;-10.8023285677942;27130
-5.33533333333333;48.132;8.55875755834447;-10.5691853722725;27138
-5.33453;48.1313433333333;8.62168923734944;-10.6468995237317;27148
-5.33394;48.130855;8.87341775386939;-10.9577583530009;27158
-5.33346166666667;48.130475;8.43456209453341;-10.795747174111;27168
-5.333075;48.13012;8.18829773925936;-10.4805431732705;27177
-5.3325;48.1296666666667;8.55875755834447;-10.5691853722725;27182
-5.33212833333333;48.129275;8.49582527917281;-10.4914704796691;27188
-5.33143833333333;48.1286833333333;8.30504743428537;-11.0211701909803;27200
-5.33112833333333;48.1283783333333;8.49582527917281;-10.4914704796691;27208
-5.33056166666667;48.1278866666667;8.74191173694095;-10.4182047186409;27220
-5.32984333333333;48.1273233333333;8.24986353450761;-10.5593437977278;27227
-5.32952833333333;48.1270166666667;8.48479632526031;-10.1117865030591;27238
-5.32916666666667;48.1266666666667;8.18116508364789;-10.1028974989406;27249
-5.3285;48.1261666666667;8.24409736281955;-10.180612391544;27258
-5.32769166666667;48.1254733333333;8.48479632526031;-10.1117865030591;27265
-5.327325;48.125195;8.18116508364789;-10.1028974989406;27275
-5.32596;48.1240166666667;8.55875755834447;-10.5691853722725;27296
-5.32566666666667;48.1238333333333;8.30702904182452;-10.2583265430032;27305
-5.325;48.1231666666667;8.6846215165211;-10.724614416335;27318
-5.32456833333333;48.1228633333333;8.37299629928517;-10.7169465496537;27328
-5.32388833333333;48.12228;8.30702904182452;-10.2583265430032;27336
-5.32282;48.1214166666667;8.43456209453341;-10.795747174111;27350
-5.322495;48.121115;9.05361472520233;-10.4149923510237;27357
-5.322;48.1206666666667;8.6846215165211;-10.724614416335;27364
-5.32142833333333;48.1202633333333;8.54907533143298;-10.1883912395938;27374
-5.321065;48.1199933333333;8.00359917923356;-10.2441397968874;27380
-5.32000166666667;48.1191366666667;8.49582527917281;-10.4914704796691;27398
-5.31941833333333;48.11866;7.9923688462996;-9.8697535622747;27408
-5.32000166666667;48.1191366666667;8.49582527917281;-10.4914704796691;27415
-5.31871333333333;48.1180883333333;8.62168923734944;-10.6468995237317;27420
-5.31941833333333;48.11866;7.9923688462996;-9.8697535622747;27427
-5.31766666666667;48.1173333333333;8.55875755834447;-10.5691853722725;27438
-5.31740833333333;48.117045;8.61335372459562;-10.2649952455715;27448
-5.31670333333333;48.1164683333333;8.93474752943889;-10.648017467131;27454
-5.31648;48.11627;8.36996132099618;-10.3360414356065;27460
-5.31506833333333;48.1151183333333;8.36996132099618;-10.3360414356065;27482
-5.31457;48.1147416666667;8.12450281255265;-10.7815793856385;27493
-5.31420666666667;48.11446;8.24986353450761;-10.5593437977278;27500
-5.313645;48.113975;8.62168923734944;-10.6468995237317;27508
-5.31307;48.1135;8.35623892592501;-9.95857776054671;27516
-5.31257833333333;48.1131283333333;8.49612847692219;-10.8745485500739;27524
-5.31179333333333;48.11245;8.49582527917281;-10.4914704796691;27537
-5.31084666666667;48.1116983333333;8.43289300000115;-10.4137555870657;27556
-5.310255;48.1112266666667;8.24986353450761;-10.5593437977278;27569
-5.30970166666667;48.1107383333333;8.48479632526031;-10.1117865030591;27574
-5.30898833333333;48.1101666666667;8.18829773925936;-10.4805431732705;27587
-5.30795666666667;48.1092966666667;8.49582527917281;-10.4914704796691;27610
-5.30689;48.108435;8.49582527917281;-10.4914704796691;27621
-5.30654333333333;48.1081433333333;8.55875755834447;-10.5691853722725;27628
-5.30594333333333;48.107665;8.43289300000115;-10.4137555870657;27638
-5.30477333333333;48.1067016666667;8.67763273076828;-10.3415999821062;27657
-5.30466166666667;48.1066016666667;8.48479632526031;-10.1117865030591;27662
-5.30427166666667;48.1063383333333;8.55875755834447;-10.5691853722725;27672
-5.30365833333333;48.1058766666667;8.06432108066323;-10.7017155299785;27678
-5.30299333333333;48.1052916666667;8.31142991689639;-10.6381451736907;27688
-5.30183333333333;48.10435;8.24986353450761;-10.5593437977278;27708
-5.30151666666667;48.1040533333333;8.30702904182452;-10.2583265430032;27718
-5.301285;48.10386;8.30702904182452;-10.2583265430032;27724
-5.30045833333333;48.1032;7.94395819081993;-10.5419885802966;27732
-5.30033666666667;48.1031083333333;8.00413992270935;-10.6218524359566;27738
-5.29967333333333;48.102525;8.42051793209768;-10.0351824970814;27747
-5.299195;48.1021533333333;8.36996132099618;-10.3360414356065;27754
-5.29848;48.101595;8.18829773925936;-10.4805431732705;27768
-5.297795;48.10102;8.42051793209768;-10.0351824970814;27781
-5.29709;48.1004533333333;8.48479632526031;-10.1117865030591;27791
-5.29626833333333;48.0997883333333;8.61335372459562;-10.2649952455715;27804
-5.29530333333333;48.099045;8.55875755834447;-10.5691853722725;27824
-5.29494166666667;48.0987666666667;8.12450281255265;-10.7815793856385;27830
-5.294265;48.09819;8.22768152658971;-9.8053690180343;27838
-5.293;48.0971666666667;8.22768152658971;-9.8053690180343;27859
-5.29176833333333;48.0962366666667;8.24409736281955;-10.180612391544;27879
-5.29116666666667;48.0956666666667;8.36996132099618;-10.3360414356065;27890
-5.29057833333333;48.0952983333333;8.55875755834447;-10.5691853722725;27901
-5.29;48.094815;8.00359917923356;-10.2441397968874;27909
-5.2895;48.0943333333333;8.55875755834447;-10.5691853722725;27920
-5.2885;48.0935;8.30702904182452;-10.2583265430032;27938
-5.288;48.0931666666667;8.54907533143298;-10.1883912395938;27948
-5.28647666666667;48.0919466666667;8.30702904182452;-10.2583265430032;27970
-5.28527;48.0909966666667;8.43289300000115;-10.4137555870657;27990
-5.28294833333333;48.0890766666667;8.48479632526031;-10.1117865030591;28030
-5.28178666666667;48.0881183333333;8.24409736281955;-10.180612391544;28050
-5.28001833333333;48.086695;8.55875755834447;-10.5691853722725;28081
-5.27737166666667;48.084495;8.36996132099618;-10.3360414356065;28128
-5.27604833333333;48.08339;8.49582527917281;-10.4914704796691;28149
-5.275785;48.08314;8.35623892592501;-9.95857776054671;28154
-5.275535;48.0829633333333;8.24409736281955;-10.180612391544;28162
-5.27483666666667;48.082395;8.48479632526031;-10.1117865030591;28169
-5.27412333333333;48.0818433333333;8.43289300000115;-10.4137555870657;28181
-5.27390666666667;48.0816516666667;8.42051793209768;-10.0351824970814;28188
-5.273315;48.081195;8.12673135687058;-10.4017417973076;28199
-5.27250666666667;48.0805383333333;8.05530112547126;-9.94746845487805;28210
-5.27187333333333;48.0800166666667;8.24986353450761;-10.5593437977278;28220
-5.271485;48.0796833333333;8.18116508364789;-10.1028974989406;28227
-5.27116666666667;48.0795;8.36996132099618;-10.3360414356065;28235
-5.26966666666667;48.0781666666667;8.12673135687058;-10.4017417973076;28263
-5.26919;48.0778083333333;8.61335372459562;-10.2649952455715;28268
-5.26916666666667;48.0778333333333;8.24409736281955;-10.180612391544;28274
-5.26766666666667;48.0765;8.16340252041704;-9.72876428149964;28295
-5.26011833333333;48.0707166666667;8.16340252041704;-9.72876428149964;28426
-5.25976;48.07044;8.30702904182452;-10.2583265430032;28432
-5.25916666666667;48.07;8.30702904182452;-10.2583265430032;28438
-5.25883333333333;48.0696666666667;8.30702904182452;-10.2583265430032;28448
-5.25816666666667;48.0691666666667;7.9923688462996;-9.8697535622747;28456
-5.25733333333333;48.0685;7.75733482395951;-9.92893579604694;28470
-5.257;48.0683333333333;8.31142991689639;-10.6381451736907;28476
-5.25661833333333;48.0679416666667;8.35623892592501;-9.95857776054671;28481
-5.25567166666667;48.06721;8.06516556162234;-10.3229411728503;28497
-5.2555;48.0671666666667;7.94203279684478;-10.1653384209245;28506
-5.25519166666667;48.0668516666667;8.12673135687058;-10.4017417973076;28512
-5.25433333333333;48.0661666666667;8.06516556162234;-10.3229411728503;28522
-5.25311833333333;48.0651866666667;8.24409736281955;-10.180612391544;28541
-5.2525;48.0646666666667;8.11823280447623;-10.0251826063373;28555
-5.252;48.0643333333333;8.18116508364789;-10.1028974989406;28560
-5.25083333333333;48.0633333333333;8.11823280447623;-10.0251826063373;28582
-5.24766666666667;48.0608333333333;8.36996132099618;-10.3360414356065;28634
-5.24733333333333;48.0606666666667;7.9923688462996;-9.8697535622747;28640
-5.24672166666667;48.0601166666667;8.12673135687058;-10.4017417973076;28652
-5.24615333333333;48.0596566666667;7.94203279684478;-10.1653384209245;28660
-5.24444;48.0582633333333;8.22768152658971;-9.8053690180343;28691
-5.24328833333333;48.0573466666667;8.18116508364789;-10.1028974989406;28711
-5.24268833333333;48.0568966666667;8.43289300000115;-10.4137555870657;28722
-5.237895;48.0532116666667;8.42051793209768;-10.0351824970814;28806
-5.23683333333333;48.0523333333333;8.05530112547126;-9.94746845487805;28820
-5.233;48.0495;8.00359917923356;-10.2441397968874;28884
-5.23202333333333;48.048735;8.06516556162234;-10.3229411728503;28902
-5.22973;48.0468616666667;8.22768152658971;-9.8053690180343;28943
-5.229325;48.04654;7.94203279684478;-10.1653384209245;28948
-5.22914666666667;48.0464066666667;8.24409736281955;-10.180612391544;28955
-5.2285;48.0458333333333;7.82359530097663;-10.3822616306148;28968
-5.22733333333333;48.0448333333333;7.88046700159653;-10.0865377964672;28986
-5.226295;48.0441133333333;7.69576844157073;-9.85013442008402;29002
-5.22573833333333;48.0436516666667;7.81890061920775;-10.0077364205042;29014
-5.22516666666667;48.0431666666667;7.9923688462996;-9.8697535622747;29028
-5.22466666666667;48.0428333333333;7.94203279684478;-10.1653384209245;29034
-5.22396833333333;48.04222;7.87632215649686;-10.8408274160088;29042
-5.2235;48.0416666666667;7.75733482395951;-9.92893579604694;29052
-5.22183333333333;48.0403333333333;7.94203279684478;-10.1653384209245;29086
-5.22133333333333;48.04;7.82359530097663;-10.3822616306148;29094
-5.22033333333333;48.0391666666667;7.88377703286604;-10.4621254862748;29108
-5.22;48.039;8.12450281255265;-10.7815793856385;29113
-5.2175;48.0368333333333;7.88377703286604;-10.4621254862748;29162
-5.2173;48.036695;7.63420205918195;-9.77133304412111;29170
-5.21407666666667;48.0339366666667;7.88046700159653;-10.0865377964672;29222
-5.2125;48.0326666666667;7.69998702925368;-10.5981229349273;29250
-5.21216666666667;48.0325;7.64120827980215;-10.5172209268743;29258
-5.21116666666667;48.0315;7.28442063225727;-10.4032308062293;29274
-5.20066666666667;48.0215;7.04583079704658;-10.4458737304463;29482
-5.19858;48.019805;7.11234759195093;-10.1574850367018;29528
-5.18526333333333;48.008535;7.34214316766788;-9.74335307024934;29775
-5.18183333333333;48.0056666666667;7.5236513414548;-10.3554176823071;29835
-5.17944;48.003665;7.46487259200327;-10.2745156742541;29878
