"x";"y";"vx";"vy";"t"
-5.05872;48.98365;-3.13777799621686;-1.96070130293138;0
-5.05989166666667;48.9829666666667;-3.103081141389;-2.01516445552601;58
-5.07072;48.976795;-3.13777799621686;-1.96070130293138;615
-5.12018666666667;48.951445;-3.29672418198346;-1.67976487068428;3073
-5.17929;48.928535;-1.23609142890199;-2.05720160343091;6109
-5.199265;48.9070666666667;-1.40663202529836;-3.3138173846426;7255
-5.207295;48.9008933333333;-1.69574167081478;-2.71375394813865;7797
-5.21707166666667;48.893785;-1.17219338546782;-2.76151456035732;8448
-5.221525;48.890285;-1.31011657109215;-2.80955405338137;8769
-5.22292333333333;48.88921;-1.21126646105372;-2.85356495791638;8869
-5.223185;48.889005;-1.21126646105372;-2.85356495791638;8889
-5.22481;48.8877283333333;-1.12381978024774;-2.78155156370036;9008
-5.22565333333333;48.8871016666667;-1.26088355474555;-2.83199083156958;9071
-5.227255;48.8858916666667;-1.09404714113845;-2.57741354577374;9188
-5.22752666666667;48.8856733333333;-1.22559299935205;-2.62829266883853;9210
-5.23065333333333;48.88324;-1.13976493984527;-2.33686443466215;9446
-5.23234166666667;48.8819433333333;-1.17219338546782;-2.76151456035732;9568
-5.23311166666667;48.8813383333333;-1.22559299935205;-2.62829266883853;9627
-5.236845;48.878645;-1.22743919010625;-2.51662328677983;9895
-5.23712333333333;48.8784366666667;-1.31452035341435;-2.47225321790277;9918
-5.23765333333333;48.8780583333333;-1.31657249254059;-2.58391900511927;9955
-5.238065;48.8777433333333;-1.36146757685138;-2.56054810349533;9989
-5.240525;48.876055;-1.35000002384186;-2.33826863151329;10171
-5.24069;48.87597;-1.39999997615814;-2.42487108930112;10181
-5.24202;48.8750483333333;-1.35746691357222;-2.44893513828519;10281
-5.242565;48.8746866666667;-1.35746691357222;-2.44893513828519;10317
-5.24339;48.8741416666667;-1.39999997615814;-2.42487108930112;10378
-5.24435;48.87351;-1.39999997615814;-2.42487108930112;10445
-5.24515;48.8729683333333;-1.48377391458445;-2.37453462879991;10505
-5.24530166666667;48.872875;-1.43078203869817;-2.28972990006043;10520
-5.24615666666667;48.8723583333333;-1.48377391458445;-2.37453462879991;10579
-5.24726333333333;48.8716916666667;-1.43078203869817;-2.28972990006043;10658
-5.24739666666667;48.871605;-1.50982086603541;-2.23840148543021;10670
-5.24827;48.8710983333333;-1.5657401030537;-2.32130516362253;10730
-5.24854333333333;48.8709416666667;-1.52498927207166;-2.34827755025626;10748
-5.248825;48.8707666666667;-1.52498927207166;-2.34827755025626;10766
-5.24896666666667;48.8706716666667;-1.50982086603541;-2.23840148543021;10776
-5.24911166666667;48.870585;-1.50982086603541;-2.23840148543021;10789
-5.25012166666667;48.8700083333333;-1.60601399443267;-2.29362568494896;10857
-5.25110833333333;48.86944;-1.52498927207166;-2.34827755025626;10928
-5.25155166666667;48.8691833333333;-1.50982086603541;-2.23840148543021;10957
-5.251835;48.8690233333333;-1.47052542051099;-2.26441057344357;10976
-5.25306166666667;48.868325;-1.46946313073118;-2.02254248593737;11068
-5.25349833333333;48.8680866666667;-1.52824159990486;-2.10344410822099;11101
-5.25392;48.8678716666667;-1.49129867981221;-2.12979523703095;11126
-5.25554333333333;48.8669666666667;-1.52824159990486;-2.10344410822099;11248
-5.25714333333333;48.866155;-1.56471900280177;-2.07645224995914;11358
-5.25727;48.8660866666667;-1.50453755788012;-1.99658877511823;11367
-5.25789333333333;48.8657383333333;-1.92580810278333;-2.55563367023325;11408
-5.25847833333333;48.8654616666667;-1.43219649109081;-1.53584270365293;11448
-5.25857666666667;48.8654366666667;-1.2503850337023;-1.29481160630878;11472
-5.25915666666667;48.8651383333333;-2.60100688917088;-2.341957122256;11486
-5.26009166666667;48.8647716666667;-1.96224483660449;-1.70575341280866;11546
-5.260415;48.86465;-2.03771590258884;-1.7713594095577;11565
-5.26057666666667;48.8645866666667;-2.06832003294909;-1.73552657680416;11575
-5.260755;48.8645116666667;-2.03771590258884;-1.7713594095577;11586
-5.26104833333333;48.864395;-1.99171547905365;-1.671247723884;11606
-5.261355;48.8642733333333;-1.99171547905365;-1.671247723884;11625
-5.26198833333333;48.8640383333333;-2.02057942567371;-1.63623295671291;11668
-5.26228166666667;48.8639116666667;-1.97002688401681;-1.53915368831415;11688
-5.26243666666667;48.86386;-1.97002688401681;-1.53915368831415;11698
-5.26399833333333;48.8633;-1.97002688401681;-1.53915368831415;11800
-5.266335;48.8625366666667;-2.12979523703095;-1.49129867981221;11950
-5.26667166666667;48.8624233333333;-2.04788011072248;-1.43394109087762;11968
-5.267305;48.86223;-1.99658877511823;-1.50453755788012;12008
-5.26807333333333;48.8619633333333;-1.99658877511823;-1.50453755788012;12062
-5.268215;48.8619083333333;-1.94286490364243;-1.57330097762459;12068
-5.26854666666667;48.8617983333333;-1.99658877511823;-1.50453755788012;12088
-5.26869;48.8617583333333;-1.97002688401681;-1.53915368831415;12099
-5.268975;48.8616633333333;-2.02254248593737;-1.46946313073118;12117
-5.26977;48.86141;-1.97002688401681;-1.53915368831415;12172
-5.27022;48.86126;-2.07645224995914;-1.56471900280177;12197
-5.27070833333333;48.86111;-1.99658877511823;-1.50453755788012;12232
-5.271035;48.861005;-2.02254248593737;-1.46946313073118;12251
-5.27117833333333;48.8609616666667;-1.91672530027732;-1.44435611295847;12261
-5.27134333333333;48.8609016666667;-1.91672530027732;-1.44435611295847;12268
-5.27148333333333;48.8608583333333;-2.02254248593737;-1.46946313073118;12278
-5.27165333333333;48.8607983333333;-2.04788011072248;-1.43394109087762;12287
-5.27227666666667;48.8606216666667;-2.02254248593737;-1.46946313073118;12328
-5.272725;48.860475;-2.0725939313876;-1.39798225867687;12355
-5.27352;48.8602416666667;-1.86073904848544;-1.3519060522449;12409
-5.273815;48.8601533333333;-1.96596498441401;-1.37658350194302;12428
-5.27442;48.859965;-1.96596498441401;-1.37658350194302;12471
-5.27473166666667;48.85989;-1.98969025319528;-1.34206302165858;12492
-5.27485666666667;48.85985;-1.92894226628355;-1.25266975456415;12499
-5.275445;48.8597166666667;-1.86570585198222;-1.16582240658157;12540
-5.27580666666667;48.859655;-1.44168180390401;-0.900862774464968;12567
-5.27589666666667;48.8596383333333;-1.37146770155984;-0.824060932135552;12578
-5.27602833333333;48.859595;-1.49226759106748;-1.00654719958295;12587
-5.27660333333333;48.8594233333333;-2.54414428846928;-1.58975779269961;12619
-5.27692666666667;48.8593483333333;-2.14291825175528;-1.28759518727514;12637
-5.27922;48.8588033333333;-1.92894226628355;-1.25266975456415;12785
-5.27954;48.8587183333333;-1.9505105807217;-1.21881428246785;12810
-5.28201333333333;48.8581783333333;-2.09908738054479;-1.16354313482626;12971
-5.28371;48.85783;-1.96021439570091;-0.998779121074957;13081
-5.28385333333333;48.8578083333333;-2.03077942147331;-1.0797845720214;13092
-5.28435333333333;48.857725;-2.09908738054479;-1.16354313482626;13119
-5.28551833333333;48.857535;-1.8541898607993;-0.985890237078073;13197
-5.28623;48.8574216666667;-1.97734694471601;-0.964416543839136;13252
-5.28672333333333;48.85735;-2.06722626363024;-1.00825361671171;13277
-5.28702833333333;48.8572966666667;-2.13841574302509;-1.08957724267082;13297
-5.290205;48.856715;-1.96021439570091;-0.998779121074957;13507
-5.29037333333333;48.8566816666667;-1.92416339741179;-1.06658118765947;13520
-5.29048833333333;48.856655;-1.92416339741179;-1.06658118765947;13526
-5.291115;48.8565416666667;-1.94248474639186;-1.03283746051511;13567
-5.29125333333333;48.8565116666667;-1.94248474639186;-1.03283746051511;13577
-5.29152833333333;48.8564516666667;-1.92416339741179;-1.06658118765947;13595
-5.29271;48.85621;-1.96021439570091;-0.998779121074957;13677
-5.29388666666667;48.8559933333333;-1.97734694471601;-0.964416543839136;13758
-5.29491;48.8557933333333;-1.96021439570091;-0.998779121074957;13827
-5.29504833333333;48.8557733333333;-1.97734694471601;-0.964416543839136;13841
-5.29521333333333;48.8557533333333;-2.04931496314674;-1.044178127753;13850
-5.29596666666667;48.8556533333333;-1.97734694471601;-0.964416543839136;13899
-5.29610833333333;48.8556316666667;-1.90324626634472;-0.887498309351452;13907
-5.29639833333333;48.8555916666667;-1.87111361582257;-0.953380006157141;13927
-5.296555;48.8555666666667;-1.87111361582257;-0.953380006157141;13938
-5.296675;48.855535;-1.87111361582257;-0.953380006157141;13949
-5.29710833333333;48.8554916666667;-1.88746741151257;-0.920579366450733;13981
-5.297935;48.8553483333333;-1.79758809259833;-0.876742293578155;14036
-5.29807;48.85533;-1.76589518571785;-0.938943125571782;14046
-5.29822666666667;48.8553116666667;-1.79758809259833;-0.876742293578155;14058
-5.29834666666667;48.8552866666667;-1.79758809259833;-0.876742293578155;14069
-5.29848333333333;48.8552616666667;-1.79758809259833;-0.876742293578155;14075
-5.29863166666667;48.8552366666667;-1.90324626634472;-0.887498309351452;14085
-5.29931666666667;48.85515;-1.7077086665395;-0.832905168447665;14135
-5.29957;48.8551166666667;-1.60381170105256;-0.817182877883231;14158
-5.29967166666667;48.8550966666667;-1.52794992156642;-0.745230970444597;14167
-5.29999666666667;48.8550583333333;-1.23637342583379;-0.401722077952353;14201
-5.29999666666667;48.8550616666667;-0.66573955006913;-0.216311892378694;14212
-5.29932666666667;48.855385;-1.78248247651517;-0.250511575091826;14282
-5.299115;48.85545;-1.77265390846268;-0.312566711520284;14305
-5.29902333333333;48.85548;-1.73027100685244;-0.496147227327185;14310
-5.29896;48.8555033333333;-1.71190168398137;-0.556230575139827;14315
-5.29900666666667;48.8554916666667;-1.7213485151333;-0.526269054559558;14322
-5.29886333333333;48.855525;-1.56503618449494;-0.332658710265417;14329
-5.298755;48.8555516666667;-1.59391154069793;-0.139449190474208;14339
-5.298685;48.855575;-1.47721162951831;-0.260472266500396;14352
-5.2986;48.8556116666667;-1.14126786490409;-0.370820407985016;14361
-5.29856666666667;48.8556466666667;-0.56731116790251;-0.195340900436444;14376
-5.29855833333333;48.855655;-0.3804226121868;-0.123606799591864;14392
-5.29859833333333;48.8556983333333;-0.281907797437781;-0.102606047074899;14478
-5.29885833333333;48.85575;-0.933580426497202;-0.358367949545301;14527
-5.298955;48.855735;-1.21243554465056;-0.699999988079072;14533
-5.29904333333333;48.855725;-1.41841931891682;-1.10819062622916;14541
-5.299335;48.8555733333333;-1.13976493984527;-2.33686443466215;14555
-5.29952333333333;48.8553716666667;-0.701573520310506;-2.813857698735;14571
-5.29065333333333;48.853485;4.07960904851701;-1.64826904675528;14968
-5.262265;48.85056;3.19805069411577;0.111678391112141;16387
