"x";"y";"vx";"vy";"t"
-6.95368333333333;47.09115;10.0375876361433;14.3351607750574;0
-6.60488333333333;47.50095;6.9551967517539;15.6216276741784;5874
-6.59845;47.5096833333333;6.83317529335801;15.3475629914158;5994
-6.38495;47.76145;2.45154874188946;4.81143531559019;10944
-6.37621666666667;47.7770333333333;1.75384666067752;9.94655868109765;11337
-6.36323333333333;47.8232166666667;3.9340494361925;14.6820723753581;12015
-5.94645;48.3683333333333;8.75564727347092;14.5718441119359;19928
-5.93963333333333;48.3766166666667;8.75564727347092;14.5718441119359;20048
-5.93306666666667;48.3849833333333;8.55000019073486;14.8090347350764;20169
-5.92566666666667;48.3944666666667;8.8586552813958;14.7432782260431;20307
-5.91875;48.4030333333333;8.80715127743336;14.6575611689895;20451
-5.91195;48.41165;8.75564727347092;14.5718441119359;20576
-5.90533333333333;48.4200333333333;8.80715127743336;14.6575611689895;20706
-5.89851666666667;48.4283666666667;9.11461174910744;14.5864279008999;20798
-5.89156666666667;48.43665;8.8586552813958;14.7432782260431;20941
-5.88458333333333;48.445;9.16760286693813;14.6712314164968;21058
-5.87731666666667;48.4532666666667;8.64999961853027;14.9822388247458;21162
-5.86911666666667;48.4631;9.01316631092595;15.000427762287;21301
-5.86193333333333;48.4715333333333;8.96166230696351;14.9147107052334;21424
-5.85468333333333;48.4797666666667;8.96166230696351;14.9147107052334;21533
-5.84755;48.48815;9.01316631092595;15.000427762287;21658
-5.83201666666667;48.50585;8.69999980926513;15.0688416954868;21928
-5.82493333333333;48.5145666666667;8.43568720734607;15.2183825705845;22036
-5.82406666666667;48.5157166666667;8.43568720734607;15.2183825705845;22046
-5.81716666666667;48.5242833333333;8.4841683543109;15.3058448749394;22175
-5.81013333333333;48.5330833333333;7.3535575930721;15.7697551487087;22297
-5.78661666666667;48.56995;7.56486672394245;16.2229090422271;22792
-5.74813333333333;48.6258166666667;7.84684336029916;16.0884130858924;23558
-5.7423;48.6342833333333;8.21722821846943;16.1272184277015;23645
-5.72918333333333;48.6535166666667;8.54438280088159;16.069646863668;23904
-5.6944;48.7033666666667;8.24137722518401;16.8973273846989;24538
-5.68778333333333;48.7130833333333;8.82606502219637;16.5994140721123;24666
-5.68071666666667;48.7230666666667;8.5804202718938;16.8400229672681;24814
-5.66756666666667;48.7422166666667;8.82606502219637;16.5994140721123;25031
-5.6609;48.7516;8.53502104873622;16.7509219749573;25149
-5.65443333333333;48.7610333333333;10.568745662282;15.6688098050376;25286
-5.64526666666667;48.7692166666667;15.0143469795786;11.3141219761101;25417
-5.62078333333333;48.7823;15.0477164039895;10.9328059168623;25658
-5.56008333333333;48.81395;15.1543128193463;10.6111640724944;26241
-5.4493;48.8664;15.8585000451345;9.90949064545724;27313
-5.39551666666667;48.8904833333333;16.0281086938518;10.0154738918594;27801
-5.36866666666667;48.9024333333333;16.102475544407;10.4570698878151;28078
-5.34508333333333;48.9128;17.0576289569887;10.2492574942386;28260
-5.33015;48.9193;17.4862126073397;10.5067765316937;28422
-5.31536666666667;48.92565;17.7242048861646;11.0753124203258;28519
-5.28266666666667;48.9397;18.6005310792026;11.176326618491;28783
-4.92435;49.0761333333333;20.301294083892;9.46664890177559;31484
-4.65805;49.1608166666667;20.3127457892239;9.90718808465847;33358
-4.60591666666667;49.177;20.4925035698956;9.99486181234032;33740
-4.53681666666667;49.19845;20.5823833173882;10.0386990942446;34227
-4.2861;49.2833333333333;20.3077946357553;10.7978459440755;36015
-4.13661666666667;49.3377;19.8005649732022;11.8973797268937;37090
-4.08323333333333;49.35765;19.8319814163012;11.4499998092651;37468
-4.0499;49.36995;19.0810821635196;11.9231834452471;37705
-4.0321;49.3765;19.1391617539986;11.0500001907349;37859
-4.01205;49.38375;18.3178392004835;11.4462563095854;38003
-3.99548333333333;49.3899;18.359739220955;10.6000003814697;38150
-3.97745;49.3963833333333;17.9147962576908;10.7642955691487;38307
-3.96258333333333;49.4018333333333;17.7433637785005;10.661288543581;38421
-3.93185;49.4131;17.6576467214469;10.6097845396186;38667
-3.91555;49.4191333333333;17.6576467214469;10.6097845396186;38788
-3.83361666666667;49.4526166666667;16.2921641003095;12.2770262427276;39490
-3.4675;49.6099666666667;17.44434717341;11.328491512786;42539
-3.3771;49.6442333333333;18.4536043539338;9.81195548313593;43264
