"x";"y";"vx";"vy";"t"
-5.152;48.036;-6.80158956455294;6.3425848786621;0
-5.15816666666667;48.0418333333333;-7.00035686400699;7.00035686400699;282
-5.17266666666667;48.056;-6.76179384877697;6.52978841732343;578
-5.18;48.063;-6.50538225204632;6.50538225204632;810
-5.18983333333333;48.0723333333333;-6.54599245748809;6.32139143616801;1057
-5.19666666666667;48.0788333333333;-6.11299379253475;6.33019038018331;1251
-5.2015;48.0835;-6.25825612574309;6.0435276904977;1381
-5.20616666666667;48.088;-6.22253980931153;6.22253980931153;1555
-5.21283333333333;48.0943333333333;-6.33019038018331;6.11299379253474;1691
-5.2185;48.0996666666667;-6.33019038018331;6.11299379253474;1891
-5.2255;48.1061666666667;-6.01040764008566;6.01040764008565;2051
-5.2315;48.112;-6.11438830287854;5.90459614890147;2271
-5.236;48.1161666666667;-5.93969669222717;5.93969669222717;2359
-5.24016666666667;48.12;-6.18632255731876;5.97406225093851;2528
-5.2475;48.1265;-6.04352769049771;6.25825612574308;2725
-5.2535;48.132;-6.08111858794414;6.08111858794414;2852
-5.2605;48.138;-6.58218331457254;6.13798524056248;3077
-5.2655;48.1423333333333;-6.29325008282044;6.29325008282044;3211
-5.2715;48.1478333333333;-6.15182886145305;6.15182886145305;3341
-5.278;48.1536666666667;-6.15182886145305;6.15182886145305;3541
-5.28316666666667;48.1583333333333;-6.11299379253475;6.33019038018331;3698
-5.28833333333333;48.1633333333333;-6.40212394860764;6.18245923209393;3848
-5.29366666666667;48.1681666666667;-6.46535983990971;5.82143614769553;4011
-5.29866666666667;48.1728333333333;-6.11299379253475;6.33019038018331;4101
-5.30183333333333;48.1758333333333;-6.36396103067893;6.36396103067893;4251
-5.3065;48.1801666666667;-6.47405820304787;6.25192533413097;4318
-5.31183333333333;48.1851666666667;-6.33019038018331;6.11299379253474;4520
-5.31616666666667;48.1891666666667;-6.40212394860764;6.18245923209393;4601
-5.32133333333333;48.1941666666667;-6.11438830287854;5.90459614890147;4789
-5.32616666666667;48.1986666666667;-6.15182886145305;6.15182886145305;4891
-5.33083333333333;48.203;-6.28964211291417;5.86518615669921;5031
-5.33566666666667;48.2076666666667;-6.04245404843832;5.83513004686443;5201
-5.34;48.2115;-6.15182886145305;6.15182886145305;5286
-5.34533333333333;48.2163333333333;-6.11299379253475;6.33019038018331;5442
-5.35016666666667;48.2208333333333;-6.11438830287854;5.90459614890147;5591
-5.35516666666667;48.2253333333333;-6.01040764008566;6.01040764008565;5712
-5.3595;48.2293333333333;-5.62673306570902;5.82665265714943;5889
-5.3635;48.233;-5.62673306570902;5.82665265714943;5982
-5.36766666666667;48.237;-5.79827547085978;5.79827547085977;6103
-5.37316666666667;48.2425;-5.55378416040506;6.168102193206;6321
-5.377;48.2463333333333;-5.55378416040506;6.168102193206;6418
-5.38116666666667;48.2505;-5.59238642243162;5.99710021378255;6519
-5.38533333333333;48.2546666666667;-5.59238642243162;5.99710021378255;6651
-5.38966666666667;48.259;-5.62069683816134;6.24241625052286;6779
-5.394;48.2635;-5.69619850526821;5.89858622557376;6946
-5.39783333333333;48.2676666666667;-5.65685424949238;5.65685424949238;7048
-5.4015;48.2715;-5.55726696367198;5.75471840270921;7201
-5.40566666666667;48.2758333333333;-5.58614363880868;5.58614363880868;7333
-5.40916666666667;48.2795;-5.72756519735087;5.72756519735086;7463
-5.41316666666667;48.2836666666667;-5.69619850526821;5.89858622557376;7590
-5.41833333333333;48.2888333333333;-5.55378416040506;6.168102193206;7734
-5.41916666666667;48.2896666666667;-5.65685424949238;5.65685424949238;7764
-5.42416666666667;48.2948333333333;-5.41995816675982;6.01947336985415;7920
-5.4285;48.2991666666667;-5.45598688049999;5.85082961295337;8061
-5.43283333333333;48.3035;-5.55378416040506;6.168102193206;8258
-5.43783333333333;48.3086666666667;-5.52418697666796;5.92396526210458;8366
-5.4415;48.3125;-5.83513004686444;6.04245404843831;8488
-5.4455;48.3168333333333;-5.41833542207575;5.61085057984466;8633
-5.45;48.3216666666667;-5.31958733856835;5.70455901212418;8822
-5.45466666666667;48.3266666666667;-5.41833542207575;5.61085057984466;8981
-5.45933333333333;48.3313333333333;-5.79827547085978;5.79827547085977;9111
-5.46466666666667;48.3365;-5.45598688049999;5.85082961295337;9291
-5.46833333333333;48.3401666666667;-5.72756519735087;5.72756519735086;9427
-5.47333333333333;48.3451666666667;-5.62673306570902;5.82665265714943;9539
-5.477;48.3488333333333;-5.52418697666796;5.92396526210458;9691
-5.481;48.3528333333333;-5.55726696367198;5.75471840270921;9817
-5.48466666666667;48.3565;-5.51543302812499;5.51543302812498;9921
-5.48816666666667;48.36;-5.2794035492406;5.46698241397216;10031
-5.49183333333333;48.3636666666667;-5.28613185404825;5.87084419214323;10153
-5.4965;48.3681666666667;-5.45598688049999;5.85082961295337;10342
-5.50083333333333;48.3723333333333;-5.41833542207575;5.61085057984466;10467
-5.505;48.3761666666667;-5.45598688049999;5.85082961295337;10608
-5.509;48.3801666666667;-5.35304485087087;5.94515860381915;10711
-5.51283333333333;48.384;-5.31958733856835;5.70455901212418;10833
-5.51716666666667;48.3883333333333;-5.07802217782467;6.05175117369562;10989
-5.52083333333333;48.3921666666667;-5.31958733856835;5.70455901212418;11131
-5.52466666666667;48.396;-5.08539254451405;5.64790060275638;11261
-5.528;48.3995;-4.69234967331375;5.59212458087992;11353
-5.52883333333333;48.4003333333333;-4.91038806236912;5.26574651216338;11471
-5.53416666666667;48.4056666666667;-5.25138724240037;5.63142336297297;11613
-5.53816666666667;48.4096666666667;-5.38778710953417;5.77769431253877;11722
-5.54316666666667;48.4146666666667;-4.85483687709642;5.58485096562323;11874
-5.54683333333333;48.4183333333333;-4.85483687709642;5.58485096562323;12001
-5.55183333333333;48.4233333333333;-4.98604855776119;5.73579273771835;12231
-5.55566666666667;48.4273333333333;-4.68391424451201;5.20201377834176;12311
-5.55916666666667;48.4306666666667;-4.7566283729814;5.66872895213613;12461
-5.56316666666667;48.4346666666667;-4.72362488359832;5.43390883365453;12581
-5.567;48.4385;-5.15230554133667;5.72221501443231;12771
-5.57166666666667;48.443;-5.08539254451405;5.64790060275638;12851
-5.57533333333333;48.4465;-4.78923103676403;5.50938007957566;13011
-5.579;48.45;-4.81774023815724;5.35064260169361;13135
-5.5825;48.4533333333333;-4.49951326780578;5.36231110183284;13267
-5.58716666666667;48.4578333333333;-4.94946447198435;5.89854206590475;13411
-5.59083333333333;48.4611666666667;-4.8851857723167;5.82193769464854;13511
-5.59483333333333;48.4651666666667;-4.81774023815724;5.35064260169361;13682
-5.599;48.469;-4.59241320293355;5.2829670615594;13793
-5.6035;48.4731666666667;-4.65801904326594;5.35843794760697;13991
-5.60716666666667;48.4765;-4.15252371714269;5.51058509549014;14083
-5.61133333333333;48.4805;-4.24239816263016;5.05589325152956;14222
-5.61466666666667;48.4836666666667;-4.34231075826055;5.36230720816751;14372
-5.618;48.4866666666667;-4.62807066714108;5.51551984434526;14491
-5.62166666666667;48.4901666666667;-4.46817471643718;5.51773625223008;14636
-5.62633333333333;48.4943333333333;-4.39559536910307;5.05655404354314;14773
-5.63683333333333;48.504;-4.59241320293355;5.2829670615594;15132
-5.64133333333333;48.508;-4.59403897469716;5.67316566686471;15332
-5.64783333333333;48.5136666666667;-4.56379196747343;5.43891547308905;15551
-5.65233333333333;48.5176666666667;-4.52680736260117;5.20749617551184;15704
-5.6575;48.522;-4.46120152226878;5.13202528946428;15874
-5.6615;48.5255;-4.56938888233787;4.9000696613538;15997
-5.66566666666667;48.529;-4.09199016037499;4.38812220971502;16173
-5.67033333333333;48.5326666666667;-4.27937877917224;5.28459268613623;16312
-5.6775;48.5391666666667;-4.18649814964259;5.35847327482683;16548
-5.68166666666667;48.5431666666667;-3.93816107824843;5.4204137080044;16751
-5.68816666666667;48.5491666666667;-3.59461757915835;5.53522566845794;16982
-5.69483333333333;48.556;-3.97197909540997;5.27099429014832;17209
-5.7035;48.5648333333333;-3.60345109785988;5.76672721561603;17559
-5.71433333333333;48.5761666666667;-1.90189778142413;6.63270579364746;18027
-5.70666666666667;48.6001666666667;3.2538931446064;7.30836366114081;18681
-5.53383333333333;48.7938333333333;6.25732145861711;3.75977804507911;25301
-5.52416666666667;48.7975;6.38472402893806;3.53911032026836;25463
-5.513;48.8015;6.50434779652109;3.31413073469051;25713
-5.509;48.8028333333333;6.65107602832952;3.2439465280455;25851
-5.46266666666667;48.8221666666667;6.1487802842789;3.54999995231629;26899
-5.4565;48.8246666666667;6.19075126369425;3.86841072997647;27051
-5.43083333333333;48.8353333333333;6.23704566931857;3.17793349817683;27711
-5.40233333333333;48.8466666666667;6.26892782509394;3.33324805100753;28351
-5.3935;48.85;6.29155832409417;3.06859802752354;28561
-5.385;48.853;6.30346374485643;2.80648287601245;28745
-5.3735;48.8573333333333;6.20167900517993;3.02476095465097;29042
-5.36733333333333;48.8596666666667;6.39481820349821;2.8471565015306;29189
-5.25933333333333;48.9018333333333;5.91445445659042;3.55376276599723;31761
-5.254;48.9041666666667;5.88616668607761;3.97026956131351;31922
-5.21016666666667;48.921;6.05197443777817;4.08210830199403;32924
-5.20583333333333;48.9226666666667;5.62916512459885;3.25;33063
