"x";"y";"vx";"vy";"t"
-2.90787666666667;50.0032283333333;-15.1096153266166;-4.61947299038472;0
-2.93520666666667;49.9977583333333;-15.013984486219;-4.5902357083815;253
-2.94727166666667;49.99526;-14.9315871244343;-4.85156675274636;367
-2.94802;49.9951083333333;-15.013984486219;-4.5902357083815;375
-2.9492;49.99487;-15.013984486219;-4.5902357083815;384
-2.96280666666667;49.9921366666667;-14.9183545578247;-4.56099870520565;508
-2.98308666666667;49.987865;-14.8364820170037;-4.82066523012981;699
-3.49453833333333;49.8706533333333;-12.4242632975024;-5.01972820887215;5929
-3.506165;49.867715;-12.6033357577122;-4.83796731886156;6058
-3.51156333333333;49.8664066666667;-12.5099773589298;-4.80213038720051;6119
-3.62448166666667;49.839775;-12.0533901093682;-4.86988571440686;7388
-3.63759;49.8364883333333;-12.0533901093682;-4.86988571440686;7542
-3.63836333333333;49.836295;-12.0533901093682;-4.86988571440686;7547
-3.640155;49.835865;-12.0533901093682;-4.86988571440686;7571
-3.644265;49.8347933333333;-11.9665630948817;-5.07950467036056;7620
-3.64614666666667;49.8342916666667;-11.9665630948817;-5.07950467036056;7642
-3.656365;49.8315783333333;-12.0533901093682;-4.86988571440686;7758
-3.66833166666667;49.8285033333333;-11.8745122583917;-5.04043140845954;7897
-3.66919166666667;49.8282783333333;-11.8745122583917;-5.04043140845954;7908
-3.67091166666667;49.8278216666667;-11.960671370219;-4.83242491216419;7926
-3.67185;49.8275733333333;-11.960671370219;-4.83242491216419;7938
-3.69224166666667;49.82233;-11.7752347761519;-4.75750366493155;8178
-3.69393666666667;49.8219033333333;-11.6904114632736;-4.96228525728773;8198
-3.69635166666667;49.82127;-11.6904114632736;-4.96228525728773;8227
-3.69727333333333;49.8210266666667;-11.6904114632736;-4.96228525728773;8240
-3.70232;49.81967;-11.6904114632736;-4.96228525728773;8298
-3.70642;49.8185966666667;-11.7752347761519;-4.75750366493155;8349
-3.70903833333333;49.8179133333333;-11.7752347761519;-4.75750366493155;8378
-3.72084;49.8148883333333;-11.5983615046455;-4.92321236801695;8520
-3.72935333333333;49.8126783333333;-11.6825169212341;-4.72004321994157;8619
-3.73002833333333;49.81251;-11.7752347761519;-4.75750366493155;8627
-3.73689333333333;49.8106966666667;-11.5983615046455;-4.92321236801695;8709
-3.73848666666667;49.8102783333333;-11.5983615046455;-4.92321236801695;8730
-3.74193333333333;49.8093683333333;-11.7752347761519;-4.75750366493155;8769
-3.74437166666667;49.808735;-11.9340961047489;-4.34365575500084;8799
-3.74514;49.80855;-11.9340961047489;-4.34365575500084;8809
-3.747805;49.80794;-12.008085729768;-4.13471549950869;8836
-3.748665;49.807755;-12.008085729768;-4.13471549950869;8848
-3.749525;49.807575;-12.008085729768;-4.13471549950869;8859
-3.75047166666667;49.8073783333333;-12.008085729768;-4.13471549950869;8870
-3.75116166666667;49.8072366666667;-12.0784175755488;-3.92451576962152;8879
-3.75297666666667;49.8068666666667;-12.0784175755488;-3.92451576962152;8897
-3.75384166666667;49.80669;-12.0784175755488;-3.92451576962152;8908
-3.754705;49.8065133333333;-12.0784175755488;-3.92451576962152;8919
-3.756355;49.8061866666667;-12.0784175755488;-3.92451576962152;8940
-3.75905;49.805655;-12.0784175755488;-3.92451576962152;8970
-3.75991666666667;49.805485;-12.0784175755488;-3.92451576962152;8977
-3.76339833333333;49.8047966666667;-12.0784175755488;-3.92451576962152;9020
-3.76513333333333;49.804455;-12.008085729768;-4.13471549950869;9040
-3.76339833333333;49.8047966666667;-12.0784175755488;-3.92451576962152;9056
-3.77289833333333;49.8028233333333;-12.008085729768;-4.13471549950869;9127
-3.81985833333333;49.7930333333333;-11.4970794429356;-4.64512161545624;9679
-3.823175;49.7922316666667;-11.5763969324326;-4.4437624376552;9718
-3.838045;49.78863;-11.4970794429356;-4.64512161545624;9900
-3.83894666666667;49.78841;-11.4043615880178;-4.60766117046626;9910
-3.839685;49.7882316666667;-11.4970794429356;-4.64512161545624;9918
-3.84298666666667;49.7874333333333;-11.4970794429356;-4.64512161545624;9958
-3.84546166666667;49.7868016666667;-11.4043615880178;-4.60766117046626;9987
-3.84958;49.7857466666667;-11.4970794429356;-4.64512161545624;10038
-3.85198166666667;49.7851483333333;-11.4830394239819;-4.40792584776046;10069
-3.85288666666667;49.7849233333333;-11.4970794429356;-4.64512161545624;10077
-3.85370833333333;49.7847166666667;-11.4970794429356;-4.64512161545624;10091
-3.86185;49.78265;-11.4830394239819;-4.40792584776046;10188
-3.86357166666667;49.782205;-11.4830394239819;-4.40792584776046;10209
-3.86678333333333;49.7814166666667;-11.4830394239819;-4.40792584776046;10249
-3.867775;49.7811816666667;-11.5582194148988;-4.2068478281409;10257
-3.871005;49.7804433333333;-11.4830394239819;-4.40792584776046;10300
-3.87675166666667;49.7790833333333;-11.4043615880178;-4.60766117046626;10369
-3.87830166666667;49.7787066666667;-11.4043615880178;-4.60766117046626;10386
-3.879125;49.7785016666667;-11.4043615880178;-4.60766117046626;10398
-3.88323166666667;49.777465;-11.4043615880178;-4.60766117046626;10447
-3.88406166666667;49.7772616666667;-11.4043615880178;-4.60766117046626;10458
-3.88659166666667;49.7766166666667;-11.4043615880178;-4.60766117046626;10488
-3.888135;49.776215;-11.4043615880178;-4.60766117046626;10509
-3.88895166666667;49.7760033333333;-11.4043615880178;-4.60766117046626;10518
-3.89148;49.77534;-11.4830394239819;-4.40792584776046;10549
-3.89303333333333;49.774945;-11.4830394239819;-4.40792584776046;10566
-3.894755;49.7745216666667;-11.4830394239819;-4.40792584776046;10587
-3.89558;49.77432;-11.4830394239819;-4.40792584776046;10600
-3.896405;49.77412;-11.5582194148988;-4.2068478281409;10607
-3.897985;49.7737416666667;-11.5582194148988;-4.2068478281409;10626
-3.89881666666667;49.7735483333333;-11.5582194148988;-4.2068478281409;10637
-3.89974166666667;49.7733416666667;-11.5582194148988;-4.2068478281409;10649
-3.90058;49.7731516666667;-11.5582194148988;-4.2068478281409;10658
-3.901415;49.7729683333333;-11.629878660215;-4.00448836192022;10671
-3.90476833333333;49.7722516666667;-11.7244299767448;-4.03704499107435;10710
-3.90644833333333;49.7718916666667;-11.5582194148988;-4.2068478281409;10727
-3.91060333333333;49.7709566666667;-11.4830394239819;-4.40792584776046;10779
-3.912975;49.7703816666667;-11.4830394239819;-4.40792584776046;10807
-3.91808333333333;49.7691483333333;-11.4830394239819;-4.40792584776046;10869
-3.91957;49.768785;-11.4830394239819;-4.40792584776046;10886
-3.92305166666667;49.76795;-11.5582194148988;-4.2068478281409;10928
-3.96959333333333;49.7574033333333;-11.4830394239819;-4.40792584776046;11490
-3.97699333333333;49.75562;-11.4830394239819;-4.40792584776046;11578
-3.97791;49.7553983333333;-11.5582194148988;-4.2068478281409;11591
-3.97948166666667;49.75504;-11.5582194148988;-4.2068478281409;11609
-3.98194833333333;49.7544983333333;-11.5582194148988;-4.2068478281409;11639
-3.98443;49.7539316666667;-11.5582194148988;-4.2068478281409;11670
-4.02046666666667;49.7455266666667;-11.2963235167488;-4.33625232620466;12110
-4.02533666666667;49.7443566666667;-11.3702810699738;-4.13844386471093;12171
-4.02780666666667;49.7438016666667;-11.4407751254384;-3.93937479312599;12200
-4.02854333333333;49.7436416666667;-11.3702810699738;-4.13844386471093;12214
-4.03518166666667;49.7421716666667;-11.3702810699738;-4.13844386471093;12287
-4.03755333333333;49.741615;-11.3702810699738;-4.13844386471093;12319
-4.03836833333333;49.7414266666667;-11.3702810699738;-4.13844386471093;12330
-4.03927;49.7412183333333;-11.4642497943559;-4.172645683338;12344
-4.04009166666667;49.7410233333333;-11.4642497943559;-4.172645683338;12349
-4.04248833333333;49.7404766666667;-11.4642497943559;-4.172645683338;12379
-4.04423166666667;49.7400866666667;-11.4642497943559;-4.172645683338;12401
-4.04580333333333;49.7397333333333;-11.4642497943559;-4.172645683338;12419
-4.04679666666667;49.7395116666667;-11.4642497943559;-4.172645683338;12429
-4.05169833333333;49.7383833333333;-11.3896810251995;-4.37208891609941;12490
-4.05234333333333;49.7382133333333;-11.2963235167488;-4.33625232620466;12496
-4.053235;49.7379866666667;-11.3896810251995;-4.37208891609941;12511
-4.05405166666667;49.7377866666667;-11.3896810251995;-4.37208891609941;12517
-4.056515;49.73722;-11.2963235167488;-4.33625232620466;12548
-4.05902166666667;49.7366066666667;-11.3896810251995;-4.37208891609941;12582
-4.06138;49.7360166666667;-11.3116428488685;-4.57020036822359;12609
-4.06389833333333;49.73536;-11.3896810251995;-4.37208891609941;12639
-4.06625833333333;49.7347733333333;-11.3896810251995;-4.37208891609941;12668
-4.067895;49.73439;-11.3896810251995;-4.37208891609941;12687
-4.06952833333333;49.73402;-11.3896810251995;-4.37208891609941;12709
-4.07034;49.7338333333333;-11.2963235167488;-4.33625232620466;12718
-4.07115333333333;49.73365;-11.2189249939507;-4.53273992323361;12732
-4.07188666666667;49.7334783333333;-11.2189249939507;-4.53273992323361;12737
-4.07367666666667;49.7330416666667;-11.2189249939507;-4.53273992323361;12760
-4.07522333333333;49.7326566666667;-11.2189249939507;-4.53273992323361;12779
-4.076845;49.7322433333333;-11.2189249939507;-4.53273992323361;12799
-4.07774166666667;49.732015;-11.2189249939507;-4.53273992323361;12810
-4.08426166666667;49.7304033333333;-11.4830394239819;-4.40792584776046;12892
-4.08491666666667;49.7302466666667;-11.4830394239819;-4.40792584776046;12898
-4.087555;49.72963;-11.4830394239819;-4.40792584776046;12929
-4.08921666666667;49.7292416666667;-11.4830394239819;-4.40792584776046;12948
-4.09252333333333;49.728455;-11.4830394239819;-4.40792584776046;12990
-4.09419;49.7280633333333;-11.4830394239819;-4.40792584776046;13012
-4.09747333333333;49.7272783333333;-11.4830394239819;-4.40792584776046;13051
-4.09904166666667;49.726915;-11.4043615880178;-4.60766117046626;13069
-4.09747333333333;49.7272783333333;-11.4830394239819;-4.40792584776046;13076
-4.103965;49.72572;-11.4043615880178;-4.60766117046626;13128
-4.106425;49.7251016666667;-11.4043615880178;-4.60766117046626;13158
-4.10797833333333;49.7247033333333;-11.4043615880178;-4.60766117046626;13178
-4.108875;49.7244733333333;-11.4043615880178;-4.60766117046626;13187
-4.11133333333333;49.7238383333333;-11.4970794429356;-4.64512161545624;13217
-4.11381833333333;49.7231966666667;-11.4970794429356;-4.64512161545624;13251
-4.11546833333333;49.7227666666667;-11.4970794429356;-4.64512161545624;13270
-4.11629333333333;49.722565;-11.4970794429356;-4.64512161545624;13280
-4.11794333333333;49.7221566666667;-11.4970794429356;-4.64512161545624;13297
-4.11877333333333;49.7219633333333;-11.4970794429356;-4.64512161545624;13312
-4.12043;49.72155;-11.4970794429356;-4.64512161545624;13327
-4.12374666666667;49.7207033333333;-11.669755331215;-4.47959936931626;13371
-4.12623666666667;49.7200783333333;-11.5763969324326;-4.4437624376552;13399
-4.12790166666667;49.719675;-11.5763969324326;-4.4437624376552;13417
-4.128655;49.7194933333333;-11.5763969324326;-4.4437624376552;13427
-4.12948666666667;49.71929;-11.5763969324326;-4.4437624376552;13440
-4.13122833333333;49.7188666666667;-11.5763969324326;-4.4437624376552;13458
-4.13289333333333;49.7184583333333;-11.5763969324326;-4.4437624376552;13480
-4.13364333333333;49.7182766666667;-11.5763969324326;-4.4437624376552;13489
-4.13547833333333;49.7178416666667;-11.5763969324326;-4.4437624376552;13510
-4.13623166666667;49.7176633333333;-11.5763969324326;-4.4437624376552;13519
-4.13789333333333;49.7172666666667;-11.652188139281;-4.24104964676797;13537
-4.13864;49.7170966666667;-11.5763969324326;-4.4437624376552;13549
-4.13946833333333;49.7169083333333;-11.5763969324326;-4.4437624376552;13558
-4.14045333333333;49.7166816666667;-11.5763969324326;-4.4437624376552;13571
-4.14119666666667;49.7165083333333;-11.5763969324326;-4.4437624376552;13579
-4.14540166666667;49.7154716666667;-11.4043615880178;-4.60766117046626;13629
-4.14614;49.715285;-11.4043615880178;-4.60766117046626;13637
-4.14786166666667;49.714845;-11.4043615880178;-4.60766117046626;13659
-4.14852166666667;49.7146766666667;-11.4043615880178;-4.60766117046626;13669
-4.14942833333333;49.7144483333333;-11.4043615880178;-4.60766117046626;13677
-4.15033166666667;49.7142183333333;-11.4043615880178;-4.60766117046626;13691
-4.15106833333333;49.7140333333333;-11.4043615880178;-4.60766117046626;13701
-4.15189;49.7138283333333;-11.4043615880178;-4.60766117046626;13710
-4.15278833333333;49.713605;-11.4043615880178;-4.60766117046626;13719
-4.15343833333333;49.71344;-11.4043615880178;-4.60766117046626;13730
-4.15523333333333;49.7129983333333;-11.4830394239819;-4.40792584776046;13750
-4.15597;49.71282;-11.4830394239819;-4.40792584776046;13760
-4.15679166666667;49.7126233333333;-11.4830394239819;-4.40792584776046;13769
-4.1577;49.7124066666667;-11.4830394239819;-4.40792584776046;13780
-4.16091166666667;49.7116483333333;-11.4830394239819;-4.40792584776046;13817
-4.161735;49.71145;-11.4830394239819;-4.40792584776046;13829
-4.162635;49.7112333333333;-11.4830394239819;-4.40792584776046;13840
-4.16581833333333;49.710475;-11.3896810251995;-4.37208891609941;13881
-4.16992;49.70951;-11.3116428488685;-4.57020036822359;13931
-4.17073666666667;49.7093116666667;-11.3116428488685;-4.57020036822359;13939
-4.171555;49.7091133333333;-11.2301590365474;-4.76691969304309;13948
-4.17244333333333;49.7088883333333;-11.2301590365474;-4.76691969304309;13958
-4.17325333333333;49.70868;-11.2301590365474;-4.76691969304309;13976
-4.17479166666667;49.7082716666667;-11.3116428488685;-4.57020036822359;13987
-4.177305;49.707615;-11.3116428488685;-4.57020036822359;14022
-4.178115;49.7074066666667;-11.3116428488685;-4.57020036822359;14029
-4.181395;49.7065866666667;-11.4830394239819;-4.40792584776046;14070
-4.18221333333333;49.7063916666667;-11.4830394239819;-4.40792584776046;14081
-4.18295;49.7062066666667;-11.4830394239819;-4.40792584776046;14088
-4.18450666666667;49.7058333333333;-11.3896810251995;-4.37208891609941;14108
-4.18630833333333;49.7054;-11.4830394239819;-4.40792584776046;14128
-4.18704166666667;49.7052233333333;-11.4830394239819;-4.40792584776046;14139
-4.18941166666667;49.704655;-11.4043615880178;-4.60766117046626;14170
-4.19122333333333;49.7042133333333;-11.4043615880178;-4.60766117046626;14188
-4.19433333333333;49.7034533333333;-11.4043615880178;-4.60766117046626;14226
-4.196845;49.7028183333333;-11.4043615880178;-4.60766117046626;14256
-4.19921333333333;49.7022183333333;-11.4830394239819;-4.40792584776046;14289
-4.20012;49.7019966666667;-11.4830394239819;-4.40792584776046;14299
-4.20102666666667;49.70178;-11.4830394239819;-4.40792584776046;14310
-4.20176666666667;49.701605;-11.4830394239819;-4.40792584776046;14318
-4.20259166666667;49.7014183333333;-11.4830394239819;-4.40792584776046;14330
-4.20508166666667;49.7008433333333;-11.652188139281;-4.24104964676797;14356
-4.207575;49.7002733333333;-11.4830394239819;-4.40792584776046;14390
-4.20915166666667;49.6999166666667;-11.4830394239819;-4.40792584776046;14411
-4.21006166666667;49.6997083333333;-11.5763969324326;-4.4437624376552;14419
-4.211725;49.6993233333333;-11.5763969324326;-4.4437624376552;14438
-4.21515666666667;49.6985333333333;-11.652188139281;-4.24104964676797;14480
-4.21758833333333;49.6980033333333;-11.652188139281;-4.24104964676797;14509
-4.21918666666667;49.6976516666667;-11.652188139281;-4.24104964676797;14530
-4.22019666666667;49.69743;-11.652188139281;-4.24104964676797;14541
-4.22095;49.6972633333333;-11.5763969324326;-4.4437624376552;14547
-4.22019666666667;49.69743;-11.652188139281;-4.24104964676797;14556
-4.22262166666667;49.69689;-11.5763969324326;-4.4437624376552;14568
-4.22519833333333;49.6963;-11.5763969324326;-4.4437624376552;14601
-4.22686;49.6959216666667;-11.5763969324326;-4.4437624376552;14618
-4.23096333333333;49.6950083333333;-11.652188139281;-4.24104964676797;14667
-4.23189;49.6948083333333;-11.652188139281;-4.24104964676797;14679
-4.23273666666667;49.6946266666667;-11.652188139281;-4.24104964676797;14688
-4.23695166666667;49.6937316666667;-11.5763969324326;-4.4437624376552;14740
-4.237795;49.6935483333333;-11.5763969324326;-4.4437624376552;14748
-4.239385;49.69319;-11.5763969324326;-4.4437624376552;14767
-4.2403;49.6929816666667;-11.5763969324326;-4.4437624376552;14782
-4.24104666666667;49.69281;-11.5763969324326;-4.4437624376552;14790
-4.24195;49.6926;-11.5763969324326;-4.4437624376552;14800
-4.242775;49.692405;-11.5763969324326;-4.4437624376552;14808
-4.24435166666667;49.6920283333333;-11.5763969324326;-4.4437624376552;14828
-4.24602166666667;49.6916366666667;-11.5763969324326;-4.4437624376552;14850
-4.24779666666667;49.69123;-11.652188139281;-4.24104964676797;14870
-4.24855666666667;49.6910633333333;-11.7461577598239;-4.27525179157087;14880
-4.25032833333333;49.6906733333333;-11.7461577598239;-4.27525179157087;14898
-4.25286833333333;49.690125;-11.7461577598239;-4.27525179157087;14928
-4.25446833333333;49.6897883333333;-11.7461577598239;-4.27525179157087;14948
-4.25522166666667;49.6896316666667;-11.652188139281;-4.24104964676797;14956
-4.25606333333333;49.6894533333333;-11.7461577598239;-4.27525179157087;14970
-4.25707;49.6892316666667;-11.5763969324326;-4.4437624376552;14978
-4.25783;49.689065;-11.5763969324326;-4.4437624376552;14989
-4.25942833333333;49.68871;-11.5763969324326;-4.4437624376552;15010
-4.26026666666667;49.6885233333333;-11.5763969324326;-4.4437624376552;15017
-4.26111166666667;49.6883316666667;-11.5763969324326;-4.4437624376552;15028
-4.26212833333333;49.6880933333333;-11.5763969324326;-4.4437624376552;15041
-4.26289166666667;49.687915;-11.669755331215;-4.47959936931626;15049
-4.26448333333333;49.6875383333333;-11.5763969324326;-4.4437624376552;15068
-4.26615166666667;49.6871483333333;-11.5763969324326;-4.4437624376552;15089
-4.267895;49.6867383333333;-11.5763969324326;-4.4437624376552;15108
-4.26872666666667;49.6865416666667;-11.5763969324326;-4.4437624376552;15119
-4.27112833333333;49.6859766666667;-11.5763969324326;-4.4437624376552;15148
-4.27212333333333;49.685745;-11.652188139281;-4.24104964676797;15160
-4.27456166666667;49.6852;-11.8189821949915;-4.06960193071446;15187
-4.27616833333333;49.6848483333333;-11.8189821949915;-4.06960193071446;15208
-4.27718833333333;49.6846266666667;-11.8189821949915;-4.06960193071446;15220
-4.27972666666667;49.6840866666667;-11.7461577598239;-4.27525179157087;15249
-4.28125166666667;49.683755;-11.7461577598239;-4.27525179157087;15269
-4.28302;49.6833633333333;-11.5763969324326;-4.4437624376552;15290
-4.28478;49.6829533333333;-11.669755331215;-4.47959936931626;15308
-4.28628;49.6826016666667;-11.669755331215;-4.47959936931626;15328
-4.28980166666667;49.6817833333333;-11.7461577598239;-4.27525179157087;15373
-4.29056166666667;49.681605;-11.7461577598239;-4.27525179157087;15380
-4.29132333333333;49.68143;-11.7461577598239;-4.27525179157087;15387
-4.29234;49.6812016666667;-11.7461577598239;-4.27525179157087;15398
-4.2931;49.6810366666667;-11.8189821949915;-4.06960193071446;15408
-4.29488166666667;49.6806583333333;-11.9135344132381;-4.10215887035457;15430
-4.29564333333333;49.6805;-11.8189821949915;-4.06960193071446;15438
-4.29743166666667;49.68013;-11.7461577598239;-4.27525179157087;15462
-4.29997166666667;49.679585;-11.8401273803667;-4.30945393637376;15488
-4.30074;49.6794116666667;-11.669755331215;-4.47959936931626;15497
-4.30762;49.6778333333333;-11.669755331215;-4.47959936931626;15579
-4.308375;49.6776533333333;-11.669755331215;-4.47959936931626;15588
-4.31013666666667;49.6772366666667;-11.5897981820848;-4.6825824176989;15607
-4.31172333333333;49.6768483333333;-11.6825169212341;-4.72004321994157;15627
-4.31264;49.6766233333333;-11.6825169212341;-4.72004321994157;15641
-4.31339833333333;49.6764366666667;-11.6825169212341;-4.72004321994157;15647
-4.31515833333333;49.6760116666667;-11.6825169212341;-4.72004321994157;15667
-4.31675666666667;49.675615;-11.7631137299974;-4.51543630097731;15688
-4.31759666666667;49.6754066666667;-11.7631137299974;-4.51543630097731;15700
-4.32523;49.6735433333333;-11.8564712384481;-4.55127289087206;15789
-4.327775;49.6729233333333;-11.8564712384481;-4.55127289087206;15819
-4.32862;49.6727166666667;-11.8564712384481;-4.55127289087206;15827
-4.33202833333333;49.67192;-11.8564712384481;-4.55127289087206;15869
-4.33374333333333;49.671525;-11.8564712384481;-4.55127289087206;15889
-4.335455;49.6711316666667;-11.8564712384481;-4.55127289087206;15910
-4.33716333333333;49.67074;-11.8564712384481;-4.55127289087206;15928
-4.33810166666667;49.67052;-11.8564712384481;-4.55127289087206;15940
-4.33887;49.6703366666667;-11.8564712384481;-4.55127289087206;15948
-4.339815;49.6701083333333;-11.7752347761519;-4.75750366493155;15959
-4.34319;49.6692583333333;-11.6904114632736;-4.96228525728773;15998
-4.34487166666667;49.66881;-11.6904114632736;-4.96228525728773;16020
-4.34655;49.6683633333333;-11.7752347761519;-4.75750366493155;16041
-4.348985;49.667735;-11.7752347761519;-4.75750366493155;16067
-4.352355;49.6668916666667;-11.7752347761519;-4.75750366493155;16107
-4.35327;49.6666583333333;-11.7752347761519;-4.75750366493155;16121
-4.354025;49.6664716666667;-11.7752347761519;-4.75750366493155;16128
-4.35494833333333;49.6662366666667;-11.7752347761519;-4.75750366493155;16138
-4.35663666666667;49.6658033333333;-11.7752347761519;-4.75750366493155;16158
-4.35739666666667;49.665605;-11.7752347761519;-4.75750366493155;16169
-4.36002;49.664925;-11.7752347761519;-4.75750366493155;16200
-4.36086833333333;49.6647066666667;-11.7752347761519;-4.75750366493155;16209
-4.36171666666667;49.6644866666667;-11.8564712384481;-4.55127289087206;16221
-4.37870833333333;49.6603416666667;-11.8679535153012;-4.79496446717422;16420
-4.37955833333333;49.66012;-11.7824622997636;-5.00135851918875;16428
-4.38049166666667;49.6598716666667;-11.8679535153012;-4.79496446717422;16439
-4.38133666666667;49.6596466666667;-11.8679535153012;-4.79496446717422;16450
-4.382945;49.6592283333333;-11.8679535153012;-4.79496446717422;16468
-4.38558;49.6585433333333;-11.960671370219;-4.83242491216419;16498
-4.38643666666667;49.6583216666667;-11.960671370219;-4.83242491216419;16509
-4.38806666666667;49.6579;-12.0431871456812;-4.62294641242786;16530
-4.39406333333333;49.6563983333333;-12.0431871456812;-4.62294641242786;16600
-4.397495;49.6555333333333;-11.960671370219;-4.83242491216419;16638
-4.39835;49.6553116666667;-11.960671370219;-4.83242491216419;16651
-4.40006666666667;49.65487;-12.0431871456812;-4.62294641242786;16666
-4.40100833333333;49.6546333333333;-12.0431871456812;-4.62294641242786;16679
-4.404455;49.6537866666667;-12.0431871456812;-4.62294641242786;16719
-4.40523166666667;49.6535983333333;-12.0431871456812;-4.62294641242786;16729
-4.404455;49.6537866666667;-12.0431871456812;-4.62294641242786;16738
-4.40782166666667;49.6529716666667;-12.1365455444636;-4.65878334408891;16759
-4.40963333333333;49.6525333333333;-12.0431871456812;-4.62294641242786;16780
-4.41640833333333;49.6508766666667;-11.960671370219;-4.83242491216419;16860
-4.41734166666667;49.650635;-11.960671370219;-4.83242491216419;16869
-4.41810666666667;49.6504366666667;-11.8745122583917;-5.04043140845954;16878
-4.41896;49.65021;-11.8745122583917;-5.04043140845954;16888
-4.42065333333333;49.6497533333333;-11.960671370219;-4.83242491216419;16907
-4.42149666666667;49.64953;-11.960671370219;-4.83242491216419;16918
-4.42243166666667;49.6492783333333;-11.960671370219;-4.83242491216419;16928
-4.42319666666667;49.6490733333333;-11.960671370219;-4.83242491216419;16940
-4.42575333333333;49.6484016666667;-12.0431871456812;-4.62294641242786;16968
-4.42660333333333;49.648185;-12.0431871456812;-4.62294641242786;16978
-4.42831666666667;49.6477583333333;-12.0431871456812;-4.62294641242786;16998
-4.43178;49.6469033333333;-12.0431871456812;-4.62294641242786;17040
-4.433505;49.6464933333333;-12.0431871456812;-4.62294641242786;17059
-4.435305;49.646065;-12.0431871456812;-4.62294641242786;17078
-4.43789666666667;49.6454216666667;-11.960671370219;-4.83242491216419;17109
-4.44468;49.6436783333333;-11.960671370219;-4.83242491216419;17187
-4.44630833333333;49.6432533333333;-11.960671370219;-4.83242491216419;17206
-4.44818833333333;49.6427616666667;-11.960671370219;-4.83242491216419;17230
-4.45065666666667;49.6421333333333;-11.960671370219;-4.83242491216419;17259
-4.45142833333333;49.6419316666667;-11.960671370219;-4.83242491216419;17266
-4.45245666666667;49.6416666666667;-12.0431871456812;-4.62294641242786;17279
-4.45331166666667;49.6414466666667;-12.0431871456812;-4.62294641242786;17288
-4.455795;49.64081;-12.1365455444636;-4.65878334408891;17320
-4.45759833333333;49.6403533333333;-12.1365455444636;-4.65878334408891;17338
-4.46017833333333;49.6397133333333;-12.1365455444636;-4.65878334408891;17368
-4.46095333333333;49.63952;-12.1365455444636;-4.65878334408891;17380
-4.462765;49.6390783333333;-12.1365455444636;-4.65878334408891;17399
-4.467955;49.6378283333333;-12.1365455444636;-4.65878334408891;17457
-4.46864166666667;49.6376616666667;-12.0431871456812;-4.62294641242786;17468
-4.46958666666667;49.63743;-12.1365455444636;-4.65878334408891;17479
-4.47053333333333;49.6372;-12.1365455444636;-4.65878334408891;17489
-4.47382166666667;49.6364133333333;-12.1365455444636;-4.65878334408891;17528
-4.47477666666667;49.6361816666667;-12.1365455444636;-4.65878334408891;17538
-4.47739;49.6355466666667;-12.1365455444636;-4.65878334408891;17569
-4.47904;49.6351316666667;-12.0533901093682;-4.86988571440686;17589
-4.48093;49.63465;-12.0533901093682;-4.86988571440686;17610
-4.48351;49.6339716666667;-12.0533901093682;-4.86988571440686;17640
-4.4842;49.6337883333333;-12.0533901093682;-4.86988571440686;17646
-4.486085;49.633285;-12.0533901093682;-4.86988571440686;17669
-4.48855333333333;49.6326233333333;-12.0533901093682;-4.86988571440686;17698
-4.491985;49.631705;-12.1461088485175;-4.90734651664953;17736
-4.492855;49.631475;-12.0533901093682;-4.86988571440686;17748
-4.49450166666667;49.6310416666667;-12.1461088485175;-4.90734651664953;17767
-4.496395;49.630545;-12.229903943246;-4.69462027574996;17790
-4.49796666666667;49.6301333333333;-12.229903943246;-4.69462027574996;17809
-4.49893333333333;49.6298866666667;-12.3099736907597;-4.4804640080366;17819
-4.49990333333333;49.6296533333333;-12.3099736907597;-4.4804640080366;17828
-4.50166166666667;49.6292366666667;-12.3099736907597;-4.4804640080366;17848
-4.50324666666667;49.6288666666667;-12.229903943246;-4.69462027574996;17868
-4.50422;49.628635;-12.229903943246;-4.69462027574996;17877
-4.50519333333333;49.6284;-12.1461088485175;-4.90734651664953;17889
-4.50607;49.628185;-12.1461088485175;-4.90734651664953;17900
-4.51303166666667;49.6263783333333;-12.229903943246;-4.69462027574996;17978
-4.532975;49.6213;-12.229903943246;-4.69462027574996;18210
-4.538205;49.620035;-12.229903943246;-4.69462027574996;18269
-4.53918;49.6197983333333;-12.4039424151418;-4.51466582666367;18278
-4.538205;49.620035;-12.229903943246;-4.69462027574996;18285
-4.53918;49.6197983333333;-12.4039424151418;-4.51466582666367;18291
-4.544455;49.61853;-12.3232614516967;-4.73045686564471;18338
-4.54966;49.6173116666667;-12.4808450175676;-4.29749957673727;18397
-4.55143833333333;49.6169116666667;-12.4808450175676;-4.29749957673727;18416
-4.55675666666667;49.6156916666667;-12.4039424151418;-4.51466582666367;18479
-4.56118833333333;49.61463;-12.4039424151418;-4.51466582666367;18527
-4.56560666666667;49.613635;-12.4808450175676;-4.29749957673727;18577
-4.570955;49.61239;-12.4808450175676;-4.29749957673727;18638
-4.57184666666667;49.6121833333333;-12.4808450175676;-4.29749957673727;18647
-4.57541666666667;49.61139;-12.4039424151418;-4.51466582666367;18690
-4.5763;49.6111966666667;-12.4039424151418;-4.51466582666367;18697
-4.57541666666667;49.61139;-12.4039424151418;-4.51466582666367;18707
-4.5763;49.6111966666667;-12.4039424151418;-4.51466582666367;18714
-4.58163166666667;49.609975;-12.4808450175676;-4.29749957673727;18758
-4.58333333333333;49.6096033333333;-12.4808450175676;-4.29749957673727;18777
-4.58610833333333;49.6089866666667;-12.4808450175676;-4.29749957673727;18809
-4.5879;49.6085766666667;-12.5753972358143;-4.33005651637738;18828
-4.599395;49.605965;-12.5753972358143;-4.33005651637738;18958
-4.676265;49.5885283333333;-12.8590529888374;-4.42772702481173;19810
-4.68718166666667;49.58607;-12.7798200011526;-4.65147407969943;19928
-4.69265333333333;49.584845;-12.7798200011526;-4.65147407969943;19986
-4.69465333333333;49.5843833333333;-12.7798200011526;-4.65147407969943;20010
-4.6964;49.58398;-12.9536043053673;-4.46028365396585;20028
-4.69815166666667;49.58359;-12.9536043053673;-4.46028365396585;20048
-4.69916333333333;49.5833683333333;-12.8590529888374;-4.42772702481173;20057
-4.70018;49.58315;-12.8590529888374;-4.42772702481173;20071
-4.70110166666667;49.5829516666667;-12.9536043053673;-4.46028365396585;20081
-4.70285666666667;49.5825716666667;-12.9536043053673;-4.46028365396585;20099
-4.70469833333333;49.5821766666667;-12.8590529888374;-4.42772702481173;20119
-4.70663833333333;49.5817566666667;-12.9536043053673;-4.46028365396585;20138
-4.70738166666667;49.5815933333333;-12.9536043053673;-4.46028365396585;20148
-4.7084;49.5813733333333;-12.9536043053673;-4.46028365396585;20158
-4.70923;49.5811966666667;-12.9536043053673;-4.46028365396585;20168
-4.710245;49.5809833333333;-12.9536043053673;-4.46028365396585;20177
-4.711265;49.5807666666667;-12.9536043053673;-4.46028365396585;20189
-4.77411166666667;49.5660916666667;-13.0617270704598;-4.75407986175647;20869
-4.77773;49.56523;-13.1556966910027;-4.78828200655937;20906
-4.778565;49.5650333333333;-13.1556966910027;-4.78828200655937;20916
-4.78861666666667;49.5625766666667;-13.0701259709608;-5.01715129363421;21024
-4.789175;49.56244;-12.9767675721784;-4.98131436197316;21030
-4.79085;49.562025;-13.0701259709608;-5.01715129363421;21048
-4.79140833333333;49.5618866666667;-13.0701259709608;-5.01715129363421;21053
-4.79252166666667;49.5616116666667;-13.0701259709608;-5.01715129363421;21067
-4.79308166666667;49.5614766666667;-13.0701259709608;-5.01715129363421;21073
-4.79252166666667;49.5616116666667;-13.0701259709608;-5.01715129363421;21081
-4.796435;49.5606616666667;-13.1556966910027;-4.78828200655937;21108
-4.79867833333333;49.5601283333333;-13.1556966910027;-4.78828200655937;21132
-4.79980833333333;49.5598633333333;-13.1556966910027;-4.78828200655937;21145
-4.800375;49.5597333333333;-13.1556966910027;-4.78828200655937;21150
-4.80094;49.5595983333333;-13.1556966910027;-4.78828200655937;21156
-4.80262;49.559195;-13.0701259709608;-5.01715129363421;21175
-4.80317833333333;49.5590583333333;-13.0701259709608;-5.01715129363421;21181
-4.80494333333333;49.5586316666667;-13.0701259709608;-5.01715129363421;21200
-4.80596166666667;49.55838;-13.0701259709608;-5.01715129363421;21211
-4.80763666666667;49.55797;-13.1556966910027;-4.78828200655937;21229
-4.80820166666667;49.5578366666667;-13.1556966910027;-4.78828200655937;21237
-4.80932666666667;49.5575633333333;-13.1556966910027;-4.78828200655937;21247
-4.812145;49.5568883333333;-13.1556966910027;-4.78828200655937;21280
-4.81439666666667;49.5563383333333;-13.1556966910027;-4.78828200655937;21301
-4.81495666666667;49.556205;-13.1556966910027;-4.78828200655937;21307
-4.816645;49.555805;-13.1556966910027;-4.78828200655937;21325
-4.8189;49.5552783333333;-13.1556966910027;-4.78828200655937;21349
-4.820035;49.555015;-13.1556966910027;-4.78828200655937;21361
-4.82341833333333;49.5542;-13.0701259709608;-5.01715129363421;21398
-4.82453833333333;49.5539183333333;-13.0701259709608;-5.01715129363421;21408
-4.825665;49.55364;-13.0701259709608;-5.01715129363421;21421
-4.82622833333333;49.5535016666667;-13.0701259709608;-5.01715129363421;21426
-4.82848833333333;49.5529533333333;-13.1634843697432;-5.05298822529526;21450
-4.82905166666667;49.5528166666667;-13.1634843697432;-5.05298822529526;21457
-4.83130333333333;49.55227;-13.1634843697432;-5.05298822529526;21481
-4.831865;49.552135;-13.1634843697432;-5.05298822529526;21487
-4.83242666666667;49.5519966666667;-13.1634843697432;-5.05298822529526;21494
-4.83308666666667;49.55183;-13.1634843697432;-5.05298822529526;21502
-4.833555;49.5517133333333;-13.1634843697432;-5.05298822529526;21510
-4.83467666666667;49.55143;-13.1634843697432;-5.05298822529526;21517
-4.83580166666667;49.5511416666667;-13.1634843697432;-5.05298822529526;21529
-4.83691666666667;49.5508533333333;-13.1634843697432;-5.05298822529526;21540
-4.838675;49.5503966666667;-13.1634843697432;-5.05298822529526;21560
-4.8397;49.550135;-13.1634843697432;-5.05298822529526;21570
-4.84026333333333;49.5499916666667;-13.1634843697432;-5.05298822529526;21577
-4.84194333333333;49.5495666666667;-13.1634843697432;-5.05298822529526;21593
-4.84363166666667;49.5491416666667;-13.2496663115456;-4.82248415136227;21611
-4.84419666666667;49.549;-13.2496663115456;-4.82248415136227;21620
-4.84532666666667;49.54872;-13.2496663115456;-4.82248415136227;21631
-4.84701333333333;49.5483116666667;-13.2496663115456;-4.82248415136227;21648
-4.84927666666667;49.5477716666667;-13.2496663115456;-4.82248415136227;21671
-4.850975;49.5473716666667;-13.1634843697432;-5.05298822529526;21690
-4.85153833333333;49.5472366666667;-13.1634843697432;-5.05298822529526;21696
-4.85324166666667;49.5468233333333;-13.1634843697432;-5.05298822529526;21715
-4.85549833333333;49.5462633333333;-13.1634843697432;-5.05298822529526;21737
-4.85324166666667;49.5468233333333;-13.1634843697432;-5.05298822529526;21744
-4.85549833333333;49.5462633333333;-13.1634843697432;-5.05298822529526;21756
-4.85718833333333;49.5458366666667;-13.1634843697432;-5.05298822529526;21767
-4.86112666666667;49.5448616666667;-13.1634843697432;-5.05298822529526;21798
-4.86226166666667;49.5445833333333;-13.1634843697432;-5.05298822529526;21810
-4.86283166666667;49.544445;-13.1634843697432;-5.05298822529526;21818
-4.86622;49.5435933333333;-13.3436350359278;-4.85668596998934;21852
-4.86678666666667;49.5434583333333;-13.4263635931669;-4.62306773119443;21860
-4.86791833333333;49.543185;-13.4263635931669;-4.62306773119443;21871
-4.87077333333333;49.5425283333333;-13.4263635931669;-4.62306773119443;21902
-4.873645;49.54189;-13.4263635931669;-4.62306773119443;21931
-4.87479;49.54163;-13.4263635931669;-4.62306773119443;21944
-4.87708;49.54111;-13.5209158114136;-4.65562467083454;21965
-4.877655;49.5409833333333;-13.4263635931669;-4.62306773119443;21971
-4.87880833333333;49.540725;-13.6001083644203;-4.41894307850206;21985
-4.879385;49.540595;-13.5050023499915;-4.38804126118394;21992
-4.88111333333333;49.540215;-13.4263635931669;-4.62306773119443;22008
-4.88341166666667;49.5397133333333;-13.4263635931669;-4.62306773119443;22030
-4.883985;49.5395866666667;-13.4263635931669;-4.62306773119443;22039
-4.88341166666667;49.5397133333333;-13.4263635931669;-4.62306773119443;22047
-4.883985;49.5395866666667;-13.4263635931669;-4.62306773119443;22056
-4.89084666666667;49.5380333333333;-13.3436350359278;-4.85668596998934;22110
-4.89198;49.5377683333333;-13.3436350359278;-4.85668596998934;22121
-4.89311166666667;49.5374933333333;-13.3436350359278;-4.85668596998934;22136
-4.89367833333333;49.5373583333333;-13.3436350359278;-4.85668596998934;22141
-4.89481833333333;49.537085;-13.3436350359278;-4.85668596998934;22153
-4.89539333333333;49.5369483333333;-13.4376046564706;-4.89088811479224;22161
-4.89596666666667;49.53681;-13.4376046564706;-4.89088811479224;22167
-4.90056;49.5357083333333;-13.4376046564706;-4.89088811479224;22210
-4.90112833333333;49.53557;-13.4376046564706;-4.89088811479224;22218
-4.90169833333333;49.5354316666667;-13.4376046564706;-4.89088811479224;22226
-4.90283833333333;49.5351616666667;-13.4376046564706;-4.89088811479224;22237
-4.90570166666667;49.5344883333333;-13.5209158114136;-4.65562467083454;22268
-4.90685833333333;49.5342216666667;-13.5209158114136;-4.65562467083454;22282
-4.90801333333333;49.5339583333333;-13.5209158114136;-4.65562467083454;22292
-4.90973;49.5335766666667;-13.5209158114136;-4.65562467083454;22310
-4.91030166666667;49.53345;-13.5209158114136;-4.65562467083454;22317
-4.910875;49.533325;-13.5209158114136;-4.65562467083454;22322
-4.91144833333333;49.5332;-13.5209158114136;-4.65562467083454;22330
-4.91549833333333;49.53231;-13.5209158114136;-4.65562467083454;22368
-4.916655;49.5320533333333;-13.5209158114136;-4.65562467083454;22380
-4.917335;49.5319033333333;-13.4376046564706;-4.89088811479224;22389
-4.91840333333333;49.5316566666667;-13.4376046564706;-4.89088811479224;22398
-4.921285;49.5309816666667;-13.4376046564706;-4.89088811479224;22429
-4.92185666666667;49.530845;-13.4376046564706;-4.89088811479224;22438
-4.922435;49.5307083333333;-13.4376046564706;-4.89088811479224;22443
-4.92475833333333;49.530155;-13.5315733808528;-4.92508993341931;22466
-4.92534;49.5300133333333;-13.5315733808528;-4.92508993341931;22474
-4.92708;49.529605;-13.5315733808528;-4.92508993341931;22487
-4.92765666666667;49.52947;-13.5315733808528;-4.92508993341931;22496
-4.928235;49.5293383333333;-13.5315733808528;-4.92508993341931;22501
-4.92891333333333;49.5291783333333;-13.5315733808528;-4.92508993341931;22510
-4.92997333333333;49.52893;-13.5315733808528;-4.92508993341931;22517
-4.93054833333333;49.5287966666667;-13.5315733808528;-4.92508993341931;22524
-4.93112333333333;49.528665;-13.6154671279435;-4.68818129998866;22533
-4.93285666666667;49.5282733333333;-13.6154671279435;-4.68818129998866;22550
-4.94275666666667;49.52609;-13.6154671279435;-4.68818129998866;22653
-4.944515;49.5256983333333;-13.6154671279435;-4.68818129998866;22668
-4.94568833333333;49.5254366666667;-13.7100193461901;-4.72073823962877;22680
-4.946375;49.5252866666667;-13.7100193461901;-4.72073823962877;22689
-4.94803;49.5249283333333;-13.7100193461901;-4.72073823962877;22707
-4.948615;49.524805;-13.7100193461901;-4.72073823962877;22712
-4.9492;49.524675;-13.7100193461901;-4.72073823962877;22719
-4.95037333333333;49.524425;-13.7100193461901;-4.72073823962877;22730
-4.95155;49.524175;-13.7100193461901;-4.72073823962877;22741
-4.95272333333333;49.52392;-13.7100193461901;-4.72073823962877;22753
-4.95447333333333;49.5235283333333;-13.6255430013957;-4.95929207822221;22772
-4.95563833333333;49.5232633333333;-13.6255430013957;-4.95929207822221;22784
-4.95738833333333;49.5228566666667;-13.6255430013957;-4.95929207822221;22801
-4.95807;49.5226983333333;-13.6255430013957;-4.95929207822221;22809
-4.95738833333333;49.5228566666667;-13.6255430013957;-4.95929207822221;22821
-4.960905;49.5220316666667;-13.5369161842094;-5.19633526840686;22836
-4.96206833333333;49.5217466666667;-13.6255430013957;-4.95929207822221;22849
-4.96274666666667;49.5215833333333;-13.6255430013957;-4.95929207822221;22857
-4.96439166666667;49.5211883333333;-13.6255430013957;-4.95929207822221;22873
-4.96614833333333;49.5207783333333;-13.6255430013957;-4.95929207822221;22892
-4.96908666666667;49.5201016666667;-13.8045715644367;-4.75329517926888;22921
-4.97085666666667;49.5197066666667;-13.8045715644367;-4.75329517926888;22937
-4.97144666666667;49.5195783333333;-13.8045715644367;-4.75329517926888;22946
-4.97330833333333;49.519165;-13.8045715644367;-4.75329517926888;22964
-5.00805333333333;49.5114016666667;-13.6302745829918;-5.23217220006791;23317
-5.019275;49.5087833333333;-13.8991228809666;-4.78585180842301;23431
-5.05787166666667;49.5000233333333;-13.8991228809666;-4.78585180842301;23822
-5.05907333333333;49.49976;-13.8991228809666;-4.78585180842301;23831
-5.21954666666667;49.464075;-13.9074509668636;-5.06189818645507;25440
-5.22322333333333;49.4632016666667;-13.9074509668636;-5.06189818645507;25481
-5.22552333333333;49.4626733333333;-14.0014196912457;-5.09610000508214;25500
-5.22679666666667;49.4623716666667;-13.9936750992132;-4.81840874806312;25513
-5.22789833333333;49.4621266666667;-14.0882264157431;-4.85096537721724;25525
-5.22919;49.46183;-14.0882264157431;-4.85096537721724;25536
-5.22969166666667;49.4617183333333;-14.0882264157431;-4.85096537721724;25543
-5.21954666666667;49.464075;-13.9074509668636;-5.06189818645507;25575
-5.22552333333333;49.4626733333333;-14.0014196912457;-5.09610000508214;25675
-5.22679666666667;49.4623716666667;-13.9936750992132;-4.81840874806312;25686
-5.22919;49.46183;-14.0882264157431;-4.85096537721724;25692
-5.22969166666667;49.4617183333333;-14.0882264157431;-4.85096537721724;25699
-5.26418;49.453945;-14.003706397458;-5.37551924317951;25886
-5.27193;49.4521533333333;-14.0953893117886;-5.13030214988504;25964
-5.27436333333333;49.451605;-14.0953893117886;-5.13030214988504;25988
-5.27497166666667;49.4514666666667;-14.0953893117886;-5.13030214988504;25993
-5.27628833333333;49.4511716666667;-14.0953893117886;-5.13030214988504;26006
-5.27436333333333;49.451605;-14.0953893117886;-5.13030214988504;26019
-5.27801666666667;49.4507833333333;-14.003706397458;-5.37551924317951;26026
-5.278625;49.450645;-14.003706397458;-5.37551924317951;26031
-5.27628833333333;49.4511716666667;-14.0953893117886;-5.13030214988504;26055
-5.27801666666667;49.4507833333333;-14.003706397458;-5.37551924317951;26063
-5.279245;49.4505066666667;-14.003706397458;-5.37551924317951;26072
-5.28227;49.4498183333333;-14.003706397458;-5.37551924317951;26081
-5.2865;49.4488683333333;-14.0953893117886;-5.13030214988504;26106
-5.28710333333333;49.4487366666667;-14.003706397458;-5.37551924317951;26112
-5.28891;49.4483383333333;-14.0953893117886;-5.13030214988504;26132
-5.29012;49.44807;-14.0953893117886;-5.13030214988504;26141
-5.29133;49.4477933333333;-14.0953893117886;-5.13030214988504;26155
-5.29193166666667;49.4476566666667;-14.003706397458;-5.37551924317951;26161
-5.29133;49.4477933333333;-14.0953893117886;-5.13030214988504;26173
-5.29314166666667;49.4473816666667;-14.003706397458;-5.37551924317951;26182
-5.29495;49.446975;-14.003706397458;-5.37551924317951;26191
-5.29434833333333;49.4471083333333;-14.003706397458;-5.37551924317951;26213
-5.29495;49.446975;-14.003706397458;-5.37551924317951;26219
-5.29856166666667;49.4461333333333;-14.003706397458;-5.37551924317951;26229
-5.29916333333333;49.4459933333333;-14.003706397458;-5.37551924317951;26236
-5.30036666666667;49.4457166666667;-14.003706397458;-5.37551924317951;26245
-5.301565;49.445445;-14.003706397458;-5.37551924317951;26256
-5.30036666666667;49.4457166666667;-14.003706397458;-5.37551924317951;26277
-5.30456666666667;49.4447416666667;-14.003706397458;-5.37551924317951;26289
-5.30396833333333;49.444885;-14.003706397458;-5.37551924317951;26295
-5.30696666666667;49.444195;-14.0953893117886;-5.13030214988504;26311
-5.308785;49.44379;-14.0953893117886;-5.13030214988504;26328
-5.309995;49.4435216666667;-14.0953893117886;-5.13030214988504;26341
-5.311205;49.4432466666667;-14.003706397458;-5.37551924317951;26354
-5.312405;49.4429816666667;-14.003706397458;-5.37551924317951;26363
-5.31360166666667;49.4427083333333;-14.003706397458;-5.37551924317951;26376
-5.308785;49.44379;-14.0953893117886;-5.13030214988504;26386
-5.311205;49.4432466666667;-14.003706397458;-5.37551924317951;26391
-5.31360166666667;49.4427083333333;-14.003706397458;-5.37551924317951;26396
-5.31539166666667;49.4422966666667;-14.003706397458;-5.37551924317951;26402
-5.31719333333333;49.4418616666667;-14.003706397458;-5.37551924317951;26414
-5.31840166666667;49.4415766666667;-14.003706397458;-5.37551924317951;26424
-5.32079666666667;49.4410316666667;-13.9103479986756;-5.33968231151846;26449
-5.31840166666667;49.4415766666667;-14.003706397458;-5.37551924317951;26461
-5.32317666666667;49.4404733333333;-13.9103479986756;-5.33968231151846;26472
-5.32495333333333;49.4400516666667;-13.9103479986756;-5.33968231151846;26492
-5.32079666666667;49.4410316666667;-13.9103479986756;-5.33968231151846;26501
-5.32674;49.4396166666667;-14.0014196912457;-5.09610000508214;26508
-5.32199;49.440755;-13.9103479986756;-5.33968231151846;26517
-5.32974;49.4389366666667;-14.0014196912457;-5.09610000508214;26537
-5.32317666666667;49.4404733333333;-13.9103479986756;-5.33968231151846;26544
-5.33093833333333;49.4386716666667;-13.9074509668636;-5.06189818645507;26551
-5.326145;49.4397583333333;-13.9103479986756;-5.33968231151846;26565
-5.32674;49.4396166666667;-14.0014196912457;-5.09610000508214;26601
-5.32974;49.4389366666667;-14.0014196912457;-5.09610000508214;26622
-5.33093833333333;49.4386716666667;-13.9074509668636;-5.06189818645507;26627
-5.35652333333333;49.43271;-13.8169904902249;-5.30384572162371;26810
-5.39446833333333;49.4236666666667;-13.8169904902249;-5.30384572162371;27195
-5.398615;49.4226333333333;-13.8169904902249;-5.30384572162371;27233
-5.40465;49.4211466666667;-13.9103479986756;-5.33968231151846;27297
-5.41344166666667;49.4190033333333;-13.9103479986756;-5.33968231151846;27383
-5.414035;49.4188566666667;-13.9103479986756;-5.33968231151846;27393
-5.415805;49.4184133333333;-13.9103479986756;-5.33968231151846;27410
-5.416985;49.418115;-13.9103479986756;-5.33968231151846;27420
-5.418165;49.4178133333333;-13.9103479986756;-5.33968231151846;27434
-5.41994166666667;49.41736;-14.003706397458;-5.37551924317951;27449
-5.42172166666667;49.4169166666667;-14.003706397458;-5.37551924317951;27469
-5.42241666666667;49.416745;-14.0953893117886;-5.13030214988504;27476
-5.42411;49.416335;-14.0953893117886;-5.13030214988504;27494
-5.42531333333333;49.4160533333333;-14.0953893117886;-5.13030214988504;27504
-5.42842;49.4153416666667;-14.1827786339898;-4.88352231685735;27538
-5.43192;49.4145466666667;-14.0953893117886;-5.13030214988504;27569
-5.434925;49.413855;-14.003706397458;-5.37551924317951;27604
-5.436115;49.4135766666667;-13.9103479986756;-5.33968231151846;27615
-5.43730666666667;49.413295;-14.003706397458;-5.37551924317951;27627
-5.43969166666667;49.4127283333333;-14.003706397458;-5.37551924317951;27650
-5.44038666666667;49.41256;-14.003706397458;-5.37551924317951;27656
-5.44207166666667;49.4121566666667;-14.0953893117886;-5.13030214988504;27674
-5.44326166666667;49.411865;-14.0953893117886;-5.13030214988504;27684
-5.44385833333333;49.4117183333333;-14.0953893117886;-5.13030214988504;27690
-5.445655;49.4112816666667;-14.0953893117886;-5.13030214988504;27707
-5.44685666666667;49.410995;-14.0953893117886;-5.13030214988504;27724
-5.448055;49.410715;-14.0953893117886;-5.13030214988504;27735
-5.44865333333333;49.4105766666667;-14.0953893117886;-5.13030214988504;27740
-5.44985166666667;49.4103016666667;-14.0953893117886;-5.13030214988504;27749
-5.45045166666667;49.4101666666667;-14.0953893117886;-5.13030214988504;27760
-5.451155;49.410005;-14.0953893117886;-5.13030214988504;27765
-5.452865;49.4096133333333;-14.0953893117886;-5.13030214988504;27783
-5.45407;49.4093416666667;-14.1827786339898;-4.88352231685735;27791
-5.456475;49.4088066666667;-14.0953893117886;-5.13030214988504;27815
-5.457685;49.408535;-14.0953893117886;-5.13030214988504;27830
-5.45828833333333;49.4083966666667;-14.0953893117886;-5.13030214988504;27840
-5.46009666666667;49.4079716666667;-14.003706397458;-5.37551924317951;27854
-5.460695;49.4078283333333;-14.003706397458;-5.37551924317951;27860
-5.46250166666667;49.4073883333333;-13.9077578185018;-5.61909890123868;27875
-5.463705;49.40709;-13.9077578185018;-5.61909890123868;27888
-5.46430666666667;49.406935;-13.9077578185018;-5.61909890123868;27897
-5.464905;49.4067866666667;-13.9077578185018;-5.61909890123868;27902
-5.46610166666667;49.406485;-14.003706397458;-5.37551924317951;27913
-5.46669666666667;49.4063366666667;-14.003706397458;-5.37551924317951;27920
-5.46610166666667;49.406485;-14.003706397458;-5.37551924317951;27925
-5.46728666666667;49.40619;-14.003706397458;-5.37551924317951;27930
-5.468475;49.405895;-14.003706397458;-5.37551924317951;27936
-5.470255;49.4054516666667;-14.003706397458;-5.37551924317951;27956
-5.47085166666667;49.4053016666667;-14.003706397458;-5.37551924317951;27962
-5.47203833333333;49.405;-14.003706397458;-5.37551924317951;27972
-5.47332666666667;49.4046733333333;-14.003706397458;-5.37551924317951;27985
-5.47442166666667;49.404405;-14.0953893117886;-5.13030214988504;27995
-5.47332666666667;49.4046733333333;-14.003706397458;-5.37551924317951;28004
-5.47562166666667;49.40411;-14.0953893117886;-5.13030214988504;28010
-5.47442166666667;49.404405;-14.0953893117886;-5.13030214988504;28017
-5.47681833333333;49.4038266666667;-14.0953893117886;-5.13030214988504;28022
-5.47872666666667;49.4033766666667;-14.2773308522364;-4.91607925649746;28041
-5.47933;49.4032416666667;-14.1827786339898;-4.88352231685735;28047
-5.479835;49.4031283333333;-14.2773308522364;-4.91607925649746;28052
-5.48044333333333;49.402995;-14.2773308522364;-4.91607925649746;28057
-5.481655;49.4027283333333;-14.2773308522364;-4.91607925649746;28071
-5.482865;49.4024633333333;-14.0953893117886;-5.13030214988504;28081
-5.48477833333333;49.40203;-14.0953893117886;-5.13030214988504;28099
-5.48407333333333;49.4021916666667;-14.0953893117886;-5.13030214988504;28106
-5.48538;49.401895;-14.0953893117886;-5.13030214988504;28114
-5.48709333333333;49.401505;-14.0953893117886;-5.13030214988504;28121
-5.48769833333333;49.4013633333333;-14.0953893117886;-5.13030214988504;28131
-5.48830666666667;49.4012233333333;-14.1893589323315;-5.16450429468794;28137
-5.48769833333333;49.4013633333333;-14.0953893117886;-5.13030214988504;28142
-5.48961;49.4009183333333;-14.003706397458;-5.37551924317951;28147
-5.49011;49.4007983333333;-14.003706397458;-5.37551924317951;28152
-5.49081166666667;49.400635;-14.003706397458;-5.37551924317951;28158
-5.48890833333333;49.4010833333333;-14.0953893117886;-5.13030214988504;28163
-5.49011;49.4007983333333;-14.003706397458;-5.37551924317951;28173
-5.492515;49.4002316666667;-14.003706397458;-5.37551924317951;28178
-5.49312;49.40009;-14.003706397458;-5.37551924317951;28183
-5.49432166666667;49.399805;-14.003706397458;-5.37551924317951;28198
-5.49610333333333;49.3993716666667;-13.9077578185018;-5.61909890123868;28213
-5.49738;49.3990516666667;-13.9077578185018;-5.61909890123868;28224
-5.49787;49.3989266666667;-13.9077578185018;-5.61909890123868;28230
-5.49905666666667;49.3986216666667;-14.003706397458;-5.37551924317951;28243
-5.49965166666667;49.3984683333333;-14.0953893117886;-5.13030214988504;28248
-5.50084833333333;49.3981733333333;-14.1827786339898;-4.88352231685735;28262
-5.50145;49.3980316666667;-14.2658477444273;-4.63525491562421;28267
-5.50205;49.3978933333333;-14.2658477444273;-4.63525491562421;28278
-5.50447333333333;49.3973716666667;-14.3445713394455;-4.38557557084106;28300
-5.50629833333333;49.3970016666667;-14.4189254390748;-4.13456033725498;28313
-5.50752333333333;49.3967616666667;-14.4189254390748;-4.13456033725498;28328
-5.50813166666667;49.39665;-14.488887394336;-3.88228567653781;28334
-5.50946;49.3964016666667;-14.488887394336;-3.88228567653781;28347
-5.51058833333333;49.3961933333333;-14.488887394336;-3.88228567653781;28357
-5.51120166666667;49.3960833333333;-14.488887394336;-3.88228567653781;28363
-5.51366166666667;49.3956383333333;-14.488887394336;-3.88228567653781;28390
-5.516735;49.3950933333333;-14.488887394336;-3.88228567653781;28415
-5.51735333333333;49.3949866666667;-14.4189254390748;-4.13456033725498;28422
-5.51796333333333;49.3948766666667;-14.4189254390748;-4.13456033725498;28427
-5.516735;49.3950933333333;-14.488887394336;-3.88228567653781;28437
-5.51735333333333;49.3949866666667;-14.4189254390748;-4.13456033725498;28446
-5.521035;49.394315;-14.4189254390748;-4.13456033725498;28457
-5.526675;49.3932383333333;-14.4189254390748;-4.13456033725498;28514
-5.527805;49.393025;-14.4189254390748;-4.13456033725498;28525
-5.531485;49.39234;-14.5150519753609;-4.16212417798399;28561
-5.532095;49.3922266666667;-14.4189254390748;-4.13456033725498;28567
-5.53638833333333;49.3914366666667;-14.5854803454364;-3.90816767977969;28610
-5.53762;49.3912116666667;-14.5854803454364;-3.90816767977969;28621
-5.56492;49.3865116666667;-14.4402021798431;-4.41481285284428;28888
-5.565535;49.3863966666667;-14.4402021798431;-4.41481285284428;28893
-5.56860833333333;49.38582;-14.5150519753609;-4.16212417798399;28920
-5.56615166666667;49.38628;-14.4402021798431;-4.41481285284428;28928
-5.56993333333333;49.38558;-14.5150519753609;-4.16212417798399;28935
-5.570445;49.3854883333333;-14.5150519753609;-4.16212417798399;28940
-5.57105666666667;49.38538;-14.5150519753609;-4.16212417798399;28945
-5.57167;49.38527;-14.5150519753609;-4.16212417798399;28951
-5.57228;49.38516;-14.5150519753609;-4.16212417798399;28957
-5.56860833333333;49.38582;-14.5150519753609;-4.16212417798399;28969
-5.57412166666667;49.384825;-14.5150519753609;-4.16212417798399;28976
-5.56922;49.3857083333333;-14.5150519753609;-4.16212417798399;28982
-5.575355;49.3845983333333;-14.5150519753609;-4.16212417798399;28987
-5.57597166666667;49.3844866666667;-14.5150519753609;-4.16212417798399;28993
-5.576695;49.3843533333333;-14.5854803454364;-3.90816767977969;28998
-5.57105666666667;49.38538;-14.5150519753609;-4.16212417798399;29009
-5.57228;49.38516;-14.5150519753609;-4.16212417798399;29015
-5.57908833333333;49.383945;-14.5854803454364;-3.90816767977969;29023
-5.580335;49.3837333333333;-14.5854803454364;-3.90816767977969;29033
-5.58157833333333;49.383525;-14.5854803454364;-3.90816767977969;29045
-5.57412166666667;49.384825;-14.5150519753609;-4.16212417798399;29055
-5.57597166666667;49.3844866666667;-14.5150519753609;-4.16212417798399;29063
-5.57783833333333;49.3841533333333;-14.5854803454364;-3.90816767977969;29071
-5.57908833333333;49.383945;-14.5854803454364;-3.90816767977969;29076
-5.58593;49.382785;-14.5150519753609;-4.16212417798399;29088
-5.58655166666667;49.382675;-14.5150519753609;-4.16212417798399;29093
-5.58292333333333;49.3833;-14.5854803454364;-3.90816767977969;29099
-5.58778833333333;49.3824533333333;-14.5150519753609;-4.16212417798399;29105
-5.58912;49.3822166666667;-14.5150519753609;-4.16212417798399;29121
-5.590245;49.3820116666667;-14.5150519753609;-4.16212417798399;29133
-5.59085666666667;49.3818966666667;-14.5150519753609;-4.16212417798399;29138
-5.59271333333333;49.3815566666667;-14.5150519753609;-4.16212417798399;29153
-5.59333166666667;49.3814483333333;-14.5150519753609;-4.16212417798399;29161
-5.59395;49.38134;-14.5854803454364;-3.90816767977969;29166
-5.59456833333333;49.3812316666667;-14.5854803454364;-3.90816767977969;29173
-5.59581166666667;49.3810183333333;-14.5854803454364;-3.90816767977969;29186
-5.59831;49.3806083333333;-14.488887394336;-3.88228567653781;29211
-5.60018;49.38031;-14.5544358941399;-3.62882843399502;29225
-5.59333166666667;49.3814483333333;-14.5150519753609;-4.16212417798399;29235
-5.59395;49.38134;-14.5854803454364;-3.90816767977969;29241
-5.59456833333333;49.3812316666667;-14.5854803454364;-3.90816767977969;29248
-5.60339;49.3798;-14.488887394336;-3.88228567653781;29259
-5.59581166666667;49.3810183333333;-14.5854803454364;-3.90816767977969;29266
-5.60514166666667;49.3795133333333;-14.4189254390748;-4.13456033725498;29274
-5.59831;49.3806083333333;-14.488887394336;-3.88228567653781;29279
-5.598935;49.3805083333333;-14.651465836906;-3.65302071584086;29285
-5.60018;49.38031;-14.5544358941399;-3.62882843399502;29294
-5.60152833333333;49.3800966666667;-14.488887394336;-3.88228567653781;29299
-5.60339;49.3798;-14.488887394336;-3.88228567653781;29311
-5.60952666666667;49.37873;-14.4189254390748;-4.13456033725498;29317
-5.61003666666667;49.378635;-14.4189254390748;-4.13456033725498;29322
-5.61064833333333;49.3785216666667;-14.4189254390748;-4.13456033725498;29328
-5.61126166666667;49.3784083333333;-14.4189254390748;-4.13456033725498;29334
-5.61187333333333;49.3782966666667;-14.4189254390748;-4.13456033725498;29343
-5.61310166666667;49.37808;-14.4189254390748;-4.13456033725498;29355
-5.612485;49.3781883333333;-14.4189254390748;-4.13456033725498;29362
-5.61493833333333;49.377755;-14.4189254390748;-4.13456033725498;29370
-5.61565166666667;49.37763;-14.4189254390748;-4.13456033725498;29376
-5.61677666666667;49.3774333333333;-14.488887394336;-3.88228567653781;29392
-5.61801;49.3772183333333;-14.488887394336;-3.88228567653781;29404
-5.61924333333333;49.3770016666667;-14.488887394336;-3.88228567653781;29414
-5.61995666666667;49.3768766666667;-14.488887394336;-3.88228567653781;29420
-5.62046833333333;49.3767916666667;-14.488887394336;-3.88228567653781;29425
-5.62180166666667;49.3765583333333;-14.3922944432357;-3.85640367329593;29437
-5.622315;49.37647;-14.3922944432357;-3.85640367329593;29444
-5.62293166666667;49.376365;-14.3922944432357;-3.85640367329593;29451
-5.62416833333333;49.37616;-14.488887394336;-3.88228567653781;29460
-5.62722833333333;49.3756683333333;-14.3922944432357;-3.85640367329593;29489
-5.62906666666667;49.37537;-14.3922944432357;-3.85640367329593;29508
-5.62968166666667;49.3752683333333;-14.3922944432357;-3.85640367329593;29514
-5.63029833333333;49.375165;-14.3922944432357;-3.85640367329593;29520
-5.63152833333333;49.3749633333333;-14.3922944432357;-3.85640367329593;29534
-5.63285833333333;49.3747466666667;-14.3922944432357;-3.85640367329593;29544
-5.63337;49.3746633333333;-14.3922944432357;-3.85640367329593;29551
-5.63459166666667;49.3744633333333;-14.2266732832332;-4.07943291866524;29565
-5.63520166666667;49.3743566666667;-14.2266732832332;-4.07943291866524;29572
-5.63825833333333;49.3738183333333;-14.2266732832332;-4.07943291866524;29599
-5.63896833333333;49.3736916666667;-14.2266732832332;-4.07943291866524;29604
-5.639475;49.3736;-14.2266732832332;-4.07943291866524;29610
-5.640085;49.3734916666667;-14.2266732832332;-4.07943291866524;29617
-5.64130166666667;49.3732666666667;-14.2266732832332;-4.07943291866524;29628
-5.64322;49.3729166666667;-14.2266732832332;-4.07943291866524;29646
-5.64382333333333;49.3728066666667;-14.2266732832332;-4.07943291866524;29654
-5.64503333333333;49.372585;-14.2266732832332;-4.07943291866524;29666
-5.64553833333333;49.3724916666667;-14.2266732832332;-4.07943291866524;29671
-5.64614666666667;49.37238;-14.2266732832332;-4.07943291866524;29676
-5.646755;49.37227;-14.2957024133139;-3.83052191688312;29681
-5.64736333333333;49.3721583333333;-14.2957024133139;-3.83052191688312;29688
-5.64858666666667;49.3719416666667;-14.2957024133139;-3.83052191688312;29700
-5.64991166666667;49.3717183333333;-14.2957024133139;-3.83052191688312;29713
-5.65041833333333;49.3716316666667;-14.360376933954;-3.58044410101802;29723
-5.65163833333333;49.37143;-14.360376933954;-3.58044410101802;29732
-5.652965;49.3712216666667;-14.360376933954;-3.58044410101802;29742
-5.65542166666667;49.3708366666667;-14.2957024133139;-3.83052191688312;29766
-5.65654166666667;49.370655;-14.2957024133139;-3.83052191688312;29778
-5.657255;49.3705366666667;-14.2266732832332;-4.07943291866524;29784
-5.658375;49.3703433333333;-14.2266732832332;-4.07943291866524;29796
-5.660205;49.3700233333333;-14.2266732832332;-4.07943291866524;29815
-5.66142333333333;49.3698;-14.1533105706536;-4.32710128566199;29831
-5.662115;49.3696633333333;-14.1533105706536;-4.32710128566199;29837
-5.663225;49.3694566666667;-14.1533105706536;-4.32710128566199;29843
-5.66383333333333;49.369345;-14.1533105706536;-4.32710128566199;29849
-5.66565;49.3690016666667;-14.1533105706536;-4.32710128566199;29871
-5.66625666666667;49.368885;-14.1533105706536;-4.32710128566199;29876
-5.66696166666667;49.3687533333333;-14.1533105706536;-4.32710128566199;29882
-5.667565;49.3686366666667;-14.1533105706536;-4.32710128566199;29890
-5.66928;49.3683166666667;-14.2266732832332;-4.07943291866524;29905
-5.66988833333333;49.368205;-14.2266732832332;-4.07943291866524;29915
-5.67170666666667;49.36788;-14.2266732832332;-4.07943291866524;29933
-5.67301833333333;49.367645;-14.2266732832332;-4.07943291866524;29941
-5.67362166666667;49.3675333333333;-14.1533105706536;-4.32710128566199;29951
-5.67422833333333;49.3674233333333;-14.1533105706536;-4.32710128566199;29957
-5.67533666666667;49.3672216666667;-14.1533105706536;-4.32710128566199;29964
-5.67653833333333;49.3670016666667;-14.1533105706536;-4.32710128566199;29978
-5.67774166666667;49.3667783333333;-14.1533105706536;-4.32710128566199;29988
-5.679055;49.3665366666667;-14.1533105706536;-4.32710128566199;30001
-5.67966;49.366425;-14.1533105706536;-4.32710128566199;30006
-5.68026333333333;49.366315;-14.1533105706536;-4.32710128566199;30014
-5.68137333333333;49.36611;-14.2266732832332;-4.07943291866524;30023
-5.68197833333333;49.365995;-14.1305467469472;-4.05186907793623;30034
-5.683195;49.3657683333333;-14.057679730256;-4.29786400365876;30043
-5.6838;49.3656583333333;-14.1533105706536;-4.32710128566199;30048
-5.68511166666667;49.3654166666667;-14.1533105706536;-4.32710128566199;30063
-5.68621666666667;49.3652083333333;-14.1533105706536;-4.32710128566199;30072
-5.68682;49.365095;-14.0756366225679;-4.57345157568954;30078
-5.68742166666667;49.36498;-14.0756366225679;-4.57345157568954;30084
-5.68801833333333;49.3648633333333;-14.0756366225679;-4.57345157568954;30090
-5.68861333333333;49.364745;-14.0756366225679;-4.57345157568954;30096
-5.68921;49.364625;-14.0756366225679;-4.57345157568954;30102
-5.68980666666667;49.3645083333333;-13.9805306081391;-4.54254975837141;30110
-5.69110666666667;49.3642483333333;-14.0756366225679;-4.57345157568954;30123
-5.69170833333333;49.3641283333333;-14.0756366225679;-4.57345157568954;30130
-5.69220833333333;49.3640283333333;-14.0756366225679;-4.57345157568954;30135
-5.69341;49.3637916666667;-14.057679730256;-4.29786400365876;30144
-5.695225;49.3634433333333;-14.1533105706536;-4.32710128566199;30162
-5.69582833333333;49.3633283333333;-13.9805306081391;-4.54254975837141;30171
-5.69703166666667;49.3630966666667;-13.9805306081391;-4.54254975837141;30183
-5.69773166666667;49.36296;-13.9805306081391;-4.54254975837141;30193
-5.699465;49.3626;-13.8991228809666;-4.78585180842301;30205
-5.70015833333333;49.3624616666667;-13.8991228809666;-4.78585180842301;30211
-5.70122833333333;49.36225;-13.8991228809666;-4.78585180842301;30225
-5.70240833333333;49.362005;-13.9936750992132;-4.81840874806312;30233
-5.70372333333333;49.3617083333333;-13.8991228809666;-4.78585180842301;30249
-5.70541833333333;49.361335;-13.8991228809666;-4.78585180842301;30265
-5.70661166666667;49.3610833333333;-13.8991228809666;-4.78585180842301;30275
-5.70779833333333;49.3608383333333;-13.8991228809666;-4.78585180842301;30288
-5.70839666666667;49.360715;-13.9936750992132;-4.81840874806312;30294
-5.71319166666667;49.359705;-13.8134813463207;-5.02769604165217;30342
-5.71378833333333;49.3595766666667;-13.8134813463207;-5.02769604165217;30349
-5.71496833333333;49.3593183333333;-13.8169904902249;-5.30384572162371;30362
-5.71555833333333;49.35918;-13.7236320914425;-5.26800878996266;30368
-5.716155;49.3590466666667;-13.7236320914425;-5.26800878996266;30374
-5.71675;49.3589083333333;-13.7236320914425;-5.26800878996266;30379
-5.71970166666667;49.3582116666667;-13.8169904902249;-5.30384572162371;30408
-5.72028833333333;49.3580766666667;-13.6296024852855;-5.50671685176337;30417
-5.72088833333333;49.3579333333333;-13.6296024852855;-5.50671685176337;30422
-5.72204666666667;49.3576566666667;-13.5314211701785;-5.74374751426628;30433
-5.723905;49.3571933333333;-13.5314211701785;-5.74374751426628;30450
-5.72439333333333;49.3570683333333;-13.4291180531013;-5.9790285756354;30461
-5.72507833333333;49.356885;-13.4291180531013;-5.9790285756354;30466
-5.72614666666667;49.3565966666667;-13.5204729473555;-6.0197023951007;30473
-5.72731333333333;49.3562833333333;-13.4291180531013;-5.9790285756354;30486
-5.72789666666667;49.3561266666667;-13.3227242965743;-6.21248836698025;30492
-5.72972666666667;49.3556183333333;-13.3227242965743;-6.21248836698025;30515
-5.73307;49.3546483333333;-13.3227242965743;-6.21248836698025;30548
-5.73421166666667;49.3543166666667;-13.3227242965743;-6.21248836698025;30557
-5.73544666666667;49.3539583333333;-13.4291180531013;-5.9790285756354;30570
-5.73707166666667;49.3535016666667;-13.5204729473555;-6.0197023951007;30588
-5.73765;49.3533416666667;-13.4291180531013;-5.9790285756354;30597
-5.73822833333333;49.3531816666667;-13.6234720066685;-5.7828207761673;30604
-5.739975;49.3527033333333;-13.6234720066685;-5.7828207761673;30618
-5.74173333333333;49.35222;-13.6234720066685;-5.7828207761673;30640
-5.74241833333333;49.3520383333333;-13.6234720066685;-5.7828207761673;30645
-5.74406833333333;49.351595;-13.5204729473555;-6.0197023951007;30663
-5.74464666666667;49.3514366666667;-13.5204729473555;-6.0197023951007;30669
-5.745225;49.35128;-13.5204729473555;-6.0197023951007;30674
-5.74646833333333;49.3509366666667;-13.5204729473555;-6.0197023951007;30685
-5.74752666666667;49.350645;-13.5204729473555;-6.0197023951007;30701
-5.74926833333333;49.35016;-13.5204729473555;-6.0197023951007;30715
-5.74984666666667;49.3499983333333;-13.5204729473555;-6.0197023951007;30723
-5.751005;49.34968;-13.6234720066685;-5.7828207761673;30734
-5.75227;49.3493466666667;-13.6234720066685;-5.7828207761673;30748
-5.75566666666667;49.3484333333333;-13.5204729473555;-6.0197023951007;30781
-5.75681666666667;49.348115;-13.5204729473555;-6.0197023951007;30793
-5.75806833333333;49.347765;-13.5204729473555;-6.0197023951007;30807
-5.75855;49.3476333333333;-13.5204729473555;-6.0197023951007;30813
-5.75912833333333;49.3474716666667;-13.4291180531013;-5.9790285756354;30820
-5.76085666666667;49.3469883333333;-13.4291180531013;-5.9790285756354;30838
-5.76258333333333;49.346505;-13.3227242965743;-6.21248836698025;30851
-5.76316166666667;49.3463483333333;-13.3227242965743;-6.21248836698025;30860
-5.76613666666667;49.3454966666667;-13.4133554210069;-6.2547503543704;30888
-5.76661166666667;49.3453566666667;-13.3227242965743;-6.21248836698025;30899
-5.76833666666667;49.3448516666667;-13.4133554210069;-6.2547503543704;30911
-5.76891333333333;49.34468;-13.3227242965743;-6.21248836698025;30918
-5.76958666666667;49.3444816666667;-13.3227242965743;-6.21248836698025;30924
-5.77006333333333;49.3443383333333;-13.3227242965743;-6.21248836698025;30931
-5.77120666666667;49.344;-13.3227242965743;-6.21248836698025;30942
-5.771875;49.3438033333333;-13.3227242965743;-6.21248836698025;30949
-5.77235;49.3436633333333;-13.3227242965743;-6.21248836698025;30954
-5.77292333333333;49.3435;-13.3227242965743;-6.21248836698025;30960
-5.774635;49.342995;-13.3227242965743;-6.21248836698025;30980
-5.77577166666667;49.34267;-13.3227242965743;-6.21248836698025;30990
-5.77644166666667;49.3424783333333;-13.4133554210069;-6.2547503543704;31001
-5.77807;49.342015;-13.4133554210069;-6.2547503543704;31019
-5.78036;49.341345;-13.4133554210069;-6.2547503543704;31043
-5.78379333333333;49.34034;-13.5204729473555;-6.0197023951007;31075
-5.78436833333333;49.3401766666667;-13.5204729473555;-6.0197023951007;31080
-5.787935;49.3391583333333;-13.5204729473555;-6.0197023951007;31117
-5.79190333333333;49.33807;-13.6234720066685;-5.7828207761673;31158
-5.79248666666667;49.337915;-13.6234720066685;-5.7828207761673;31165
-5.79432166666667;49.3374316666667;-13.5204729473555;-6.0197023951007;31184
-5.79596;49.336995;-13.4133554210069;-6.2547503543704;31199
-5.79882;49.3361783333333;-13.2122723091664;-6.44405577418678;31230
-5.80109666666667;49.3354866666667;-13.2122723091664;-6.44405577418678;31254
-5.80166333333333;49.3353133333333;-13.2122723091664;-6.44405577418678;31263
-5.80393166666667;49.3346216666667;-13.2122723091664;-6.44405577418678;31283
-5.80507;49.3342816666667;-13.2122723091664;-6.44405577418678;31300
-5.80621;49.3339416666667;-13.097795735623;-6.67366025957952;31309
-5.80734166666667;49.3336016666667;-13.097795735623;-6.67366025957952;31321
-5.807905;49.33343;-13.097795735623;-6.67366025957952;31327
-5.80847166666667;49.3332583333333;-13.097795735623;-6.67366025957952;31334
-5.80903333333333;49.3330833333333;-13.097795735623;-6.67366025957952;31341
-5.81015833333333;49.33273;-13.097795735623;-6.67366025957952;31350
-5.81072;49.3325533333333;-13.097795735623;-6.67366025957952;31361
-5.811375;49.3323466666667;-13.097795735623;-6.67366025957952;31366
-5.8124;49.3320183333333;-13.097795735623;-6.67366025957952;31375
-5.81520333333333;49.3311266666667;-13.097795735623;-6.67366025957952;31407
-5.815765;49.33095;-13.097795735623;-6.67366025957952;31412
-5.81632666666667;49.3307733333333;-13.097795735623;-6.67366025957952;31418
-5.817455;49.3304216666667;-13.097795735623;-6.67366025957952;31428
-5.815765;49.33095;-13.097795735623;-6.67366025957952;31433
-5.81802333333333;49.3302466666667;-13.2122723091664;-6.44405577418678;31443
-5.81916166666667;49.329895;-13.2122723091664;-6.44405577418678;31449
-5.820865;49.3293783333333;-13.2122723091664;-6.44405577418678;31464
-5.82143666666667;49.3292083333333;-13.3227242965743;-6.21248836698025;31473
-5.82200833333333;49.3290433333333;-13.4133554210069;-6.2547503543704;31478
-5.82268166666667;49.3288483333333;-13.4133554210069;-6.2547503543704;31486
-5.82315833333333;49.3287116666667;-13.4133554210069;-6.2547503543704;31492
-5.823735;49.32855;-13.4133554210069;-6.2547503543704;31499
-5.82660666666667;49.3277133333333;-13.302152056659;-6.48789305609101;31523
-5.82718;49.3275383333333;-13.302152056659;-6.48789305609101;31530
-5.82660666666667;49.3277133333333;-13.302152056659;-6.48789305609101;31543
-5.830135;49.3266483333333;-13.2122723091664;-6.44405577418678;31563
-5.83061166666667;49.3265033333333;-13.2122723091664;-6.44405577418678;31571
-5.83231666666667;49.3259916666667;-13.2122723091664;-6.44405577418678;31587
-5.833545;49.3256233333333;-13.2122723091664;-6.44405577418678;31598
-5.83855;49.3241216666667;-13.097795735623;-6.67366025957952;31651
-5.83978333333333;49.3237516666667;-13.097795735623;-6.67366025957952;31664
-5.84025833333333;49.32361;-13.097795735623;-6.67366025957952;31669
-5.841485;49.323235;-13.097795735623;-6.67366025957952;31684
-5.841955;49.32309;-13.097795735623;-6.67366025957952;31691
-5.843655;49.32256;-13.097795735623;-6.67366025957952;31703
-5.84422;49.3223816666667;-13.097795735623;-6.67366025957952;31709
-5.84487666666667;49.3221733333333;-12.9793294466173;-6.901231883408;31721
-5.84591166666667;49.3218483333333;-12.9793294466173;-6.901231883408;31732
-5.84656833333333;49.3216366666667;-12.9793294466173;-6.901231883408;31737
-5.8476;49.3213066666667;-12.9793294466173;-6.901231883408;31748
-5.84927666666667;49.3207633333333;-12.9793294466173;-6.901231883408;31766
-5.85049;49.3203733333333;-13.097795735623;-6.67366025957952;31778
-5.85151833333333;49.3200366666667;-13.097795735623;-6.67366025957952;31789
-5.85320333333333;49.3195;-13.2122723091664;-6.44405577418678;31806
-5.85433833333333;49.319145;-13.2122723091664;-6.44405577418678;31818
-5.85490666666667;49.31897;-13.2122723091664;-6.44405577418678;31823
-5.85546833333333;49.318795;-13.2122723091664;-6.44405577418678;31831
-5.85613;49.3185916666667;-13.2122723091664;-6.44405577418678;31837
-5.85660166666667;49.3184466666667;-13.2122723091664;-6.44405577418678;31842
-5.85717166666667;49.318275;-13.2122723091664;-6.44405577418678;31848
-5.85783666666667;49.3180733333333;-13.3227242965743;-6.21248836698025;31854
-5.86059666666667;49.31726;-13.2122723091664;-6.44405577418678;31883
-5.86117;49.317095;-13.2122723091664;-6.44405577418678;31890
-5.86174166666667;49.316925;-13.2122723091664;-6.44405577418678;31897
-5.86288833333333;49.316585;-13.2122723091664;-6.44405577418678;31910
-5.86355333333333;49.3163883333333;-13.2122723091664;-6.44405577418678;31916
-5.865155;49.3159;-13.2122723091664;-6.44405577418678;31933
-5.86628166666667;49.315555;-13.097795735623;-6.67366025957952;31943
-5.86740833333333;49.3151983333333;-13.097795735623;-6.67366025957952;31955
-5.867975;49.31502;-13.097795735623;-6.67366025957952;31960
-5.86854;49.3148433333333;-13.097795735623;-6.67366025957952;31968
-5.87645166666667;49.3123783333333;-13.2122723091664;-6.44405577418678;32053
-5.88097833333333;49.311005;-13.2122723091664;-6.44405577418678;32103
-5.88438833333333;49.3099716666667;-13.2122723091664;-6.44405577418678;32136
-5.88495833333333;49.3098;-13.097795735623;-6.67366025957952;32143
-5.89399333333333;49.3070183333333;-13.097795735623;-6.67366025957952;32239
-5.89512;49.3066716666667;-13.097795735623;-6.67366025957952;32251
-5.92516833333333;49.2975683333333;-13.3227242965743;-6.21248836698025;32567
-6.28062666666667;49.2186216666667;-13.4576637431365;-3.85892298143798;36289
-6.28120166666667;49.2185183333333;-13.522961568047;-3.62346663143529;36294
-6.28819166666667;49.2174833333333;-13.863752962382;-1.94842341344091;36366
-6.28877666666667;49.217425;-13.863752962382;-1.94842341344091;36375
-6.29114;49.2172183333333;-14.0463456231117;-1.22889600598926;36397
-6.294125;49.2170733333333;-14.0914110422066;-0.492082916818375;36427
-6.29711;49.2170316666667;-14.0978528831167;-0.246078937423262;36458
-6.30070166666667;49.2170616666667;-14.0914110422066;-0.492082916818375;36496
-6.30437333333333;49.2170733333333;-13.980813486564;-0.73270338740122;36530
-6.31032666666667;49.2169916666667;-13.9658967036375;-0.976590632417758;36588
-6.316185;49.2168783333333;-13.980813486564;-0.73270338740122;36647
-6.31678333333333;49.2168716666667;-13.980813486564;-0.73270338740122;36654
-6.32034;49.2168;-13.980813486564;-0.73270338740122;36691
-6.32103166666667;49.216785;-13.980813486564;-0.73270338740122;36699
-6.32211666666667;49.2167633333333;-13.980813486564;-0.73270338740122;36708
-6.32330333333333;49.2167416666667;-13.980813486564;-0.73270338740122;36721
-6.33217666666667;49.21661;-13.8809501521416;-0.727469771812343;36810
-6.36902333333333;49.2161533333333;-14.0806768209864;-0.737937002990098;37186
-6.37022;49.216155;-13.980813486564;-0.73270338740122;37199
-6.38208833333333;49.2161033333333;-13.9467257732844;-1.22018039846722;37314
-6.46117;49.215755;-13.8661399180711;-0.969614958433363;38113
-6.52422833333333;49.21564;-13.7474870236751;-1.20274926654132;38758
-6.57403;49.21504;-13.7474870236751;-1.20274926654132;39268
-6.57586666666667;49.2150283333333;-13.7244023457722;-1.44249281303084;39285
-6.69074666666667;49.2125166666667;-13.4486284242386;-1.17660252709339;40476
-6.692745;49.2124883333333;-13.4486284242386;-1.17660252709339;40498
-6.69454166666667;49.21247;-13.4486284242386;-1.17660252709339;40519
-6.69739333333333;49.2124433333333;-13.4486284242386;-1.17660252709339;40545
-6.69844;49.2124366666667;-13.3490085744113;-1.16788691957134;40557
-6.70120333333333;49.212425;-13.3490085744113;-1.16788691957134;40589
-6.72766833333333;49.211995;-13.2493896746293;-1.15917139516749;40866
-6.75953166666667;49.2116766666667;-13.1678452731594;-0.920785440117466;41208
-6.77426833333333;49.2114966666667;-13.0023549651276;-1.59648844509689;41367
-6.78350166666667;49.2112883333333;-13.05015092502;-1.1417402632416;41465
-6.81579333333333;49.210935;-13.05015092502;-1.1417402632416;41815
-6.81938166666667;49.2109066666667;-13.05015092502;-1.1417402632416;41857
-6.82317;49.21085;-12.9505310751927;-1.13302465571956;41897
-6.824915;49.2108166666667;-13.0282372087044;-1.3693229086807;41919
-6.828705;49.210765;-13.0282372087044;-1.3693229086807;41961
-6.83046666666667;49.21074;-13.0282372087044;-1.3693229086807;41978
-6.831485;49.21072;-13.0282372087044;-1.3693229086807;41986
-6.83241166666667;49.2107033333333;-13.0282372087044;-1.3693229086807;41998
-6.83703666666667;49.2105566666667;-13.0023549651276;-1.59648844509689;42047
-6.87114833333333;49.209465;-12.8734848936404;-1.80925031248084;42417
-6.87188333333333;49.209435;-12.8734848936404;-1.80925031248084;42429
-6.87298833333333;49.20939;-12.8734848936404;-1.80925031248084;42438
-6.87654833333333;49.2092416666667;-12.8734848936404;-1.80925031248084;42476
-6.878475;49.2091666666667;-12.8734848936404;-1.80925031248084;42499
-6.879305;49.2091333333333;-12.8734848936404;-1.80925031248084;42513
-6.88114833333333;49.2090666666667;-12.9030999713372;-1.58430146426691;42528
-6.88400666666667;49.20899;-12.9287846397876;-1.35887002247949;42558
-6.88758;49.2089266666667;-12.9030999713372;-1.58430146426691;42596
-6.89124166666667;49.20883;-12.8734848936404;-1.80925031248084;42642
-6.92429666666667;49.2078616666667;-12.8734848936404;-1.80925031248084;42999
-6.92502666666667;49.2078383333333;-12.8734848936404;-1.80925031248084;43007
-6.92594166666667;49.2078083333333;-12.8734848936404;-1.80925031248084;43017
-6.92704166666667;49.2077716666667;-12.8734848936404;-1.80925031248084;43027
-6.92795666666667;49.2077366666667;-12.8734848936404;-1.80925031248084;43039
-6.92887166666667;49.207705;-12.8734848936404;-1.80925031248084;43047
-6.92978833333333;49.2076733333333;-12.8734848936404;-1.80925031248084;43057
-6.93526833333333;49.2074933333333;-12.9030999713372;-1.58430146426691;43117
-6.99730166666667;49.205715;-12.9030999713372;-1.58430146426691;43796
-7.00742333333333;49.2054533333333;-12.9030999713372;-1.58430146426691;43909
-7.02295333333333;49.2050133333333;-12.9030999713372;-1.58430146426691;44077
-7.02663333333333;49.2049283333333;-12.9287846397876;-1.35887002247949;44119
-7.03307;49.20482;-12.8734848936404;-1.80925031248084;44188
-7.033985;49.2048;-12.9030999713372;-1.58430146426691;44196
-7.03946833333333;49.2046816666667;-12.8734848936404;-1.80925031248084;44256
-7.044955;49.2044766666667;-12.8734848936404;-1.80925031248084;44317
-7.04776833333333;49.2043983333333;-12.774457709009;-1.79533294929451;44352
