"x";"y";"vx";"vy";"t"
-6.00605666666667;48.2955716666667;5.82189366543808;13.7155219652966;0
-5.997365;48.3063183333333;5.93911307851091;13.9916735969047;139
-5.98013833333333;48.32776;6.46605948524074;13.8665093145252;506
-5.97187;48.338075;5.90004018924013;13.8996236382766;670
-5.958515;48.3544033333333;5.82189366543808;13.7155219652966;924
-5.94986666666667;48.3651166666667;6.70707862948554;13.7515490798086;1102
-5.94325166666667;48.3732566666667;6.66324134758132;13.661669332316;1270
-5.934055;48.38458;6.101049646137;13.703181864639;1431
-5.92556666666667;48.395195;6.40021891034585;13.1223934188306;1597
-5.91740333333333;48.40535;5.86096692733911;13.8075728017866;1805
-5.909785;48.414815;6.1417234656023;13.7945367588932;1956
-5.90379666666667;48.4220816666667;6.1417234656023;13.7945367588932;2036
-5.89620333333333;48.4314633333333;6.21248836698025;13.3227242965743;2200
-5.890055;48.439;6.17022678263028;13.2320940364641;2320
-5.88364833333333;48.4468533333333;5.9383551440644;13.3377640300719;2504
-5.87605166666667;48.4559083333333;5.8976813245991;13.2464091358177;2610
-5.85767666666667;48.4780266666667;5.58745521192266;13.1632195799423;3013
-5.84974833333333;48.4873533333333;5.7349868225265;12.8809913012506;3141
-5.84338833333333;48.494825;6.26870748269647;12.8527550335094;3280
-5.83663166666667;48.5027783333333;5.7349868225265;12.8809913012506;3412
-5.83058833333333;48.5098766666667;5.6943130030612;12.7896364069964;3550
-5.82444166666667;48.5171033333333;5.95891765175993;12.7789401429457;3697
-5.81826666666667;48.524305;5.85700750513381;13.1550542415635;3812
-5.81179333333333;48.5319566666667;6.04344122350004;12.9602015274886;3940
-5.805835;48.53885;6.31254434653739;12.9426339238453;4052
-5.79962333333333;48.5461466666667;5.6943130030612;12.7896364069964;4171
-5.793;48.5540433333333;6.04344122350004;12.9602015274886;4324
-5.78724166666667;48.5609383333333;5.39433480228806;13.3514471520692;4453
-5.78130666666667;48.5680366666667;5.95891765175993;12.7789401429457;4555
-5.77509;48.575615;5.8163340735628;13.0637002185342;4696
-5.76916666666667;48.58334;5.58745521192266;13.1632195799423;4841
-5.76269666666667;48.591875;5.43116253694881;12.7950171118442;4980
-5.75602833333333;48.6005816666667;5.31941355505541;13.1660105580021;5110
-5.75043666666667;48.60795;5.58745521192266;13.1632195799423;5260
-5.74590833333333;48.6140733333333;5.43179560453072;13.4441658912184;5340
-5.73972;48.6223216666667;5.43179560453072;13.4441658912184;5494
-5.73378833333333;48.6301083333333;5.58745521192266;13.1632195799423;5611
-5.727865;48.6379233333333;5.85700750513381;13.1550542415635;5751
-5.721975;48.6448516666667;6.04344122350004;12.9602015274886;5865
-5.71489666666667;48.6530866666667;6.18103333695131;12.672996395681;6014
-5.70576333333333;48.6636683333333;6.40126621951124;12.563192330948;6191
-5.69838166666667;48.6721716666667;6.13719605504708;12.5831166481883;6383
-5.68999833333333;48.6816366666667;5.83213209262969;12.5070476339703;6520
-5.68322333333333;48.6897666666667;6.49206423286733;12.7413934658397;6663
-5.67751666666667;48.6967266666667;6.18103333695131;12.672996395681;6775
-5.67183833333333;48.7035983333333;6.13719605504708;12.5831166481883;6917
-5.66343333333333;48.7137;6.26870748269647;12.8527550335094;7084
-5.65768333333333;48.72069;6.35638162844162;13.0325136713379;7207
-5.65118333333333;48.7286333333333;6.04344122350004;12.9602015274886;7337
-5.64416166666667;48.735745;8.0874279713518;11.5500441369565;7508
-5.62993333333333;48.7478883333333;7.66094267089165;11.3578145858777;7701
-5.62273166666667;48.7540433333333;7.66094267089165;11.3578145858777;7826
-5.61378;48.762275;6.69999980926514;11.604740080349;7990
-5.60709666666667;48.7699216666667;6.08347252332629;11.9394870842321;8136
-5.596155;48.7800516666667;9.13877776467575;9.80013932270759;8320
-5.586395;48.7849733333333;11.2381852905412;7.29816286143806;8480
-5.57641166666667;48.78881;11.4059200439852;7.40709108396767;8571
-5.56502333333333;48.793335;11.164434676682;8.11143659374727;8710
-5.55397666666667;48.7977266666667;11.1808971406621;8.42541032412868;8873
-5.54619333333333;48.8009416666667;11.3262379212493;8.22899353209462;8937
-5.535685;48.8052;11.164434676682;8.11143659374727;9070
-5.52577333333333;48.809245;11.4681286200459;8.03007010891465;9205
-5.51465333333333;48.8137366666667;11.4071399293023;8.28777228154615;9317
-5.50348166666667;48.818295;11.7138743895734;8.20214314922098;9456
-5.49258666666667;48.8221016666667;11.87267334619;7.41886969926487;9579
-5.48178333333333;48.8261516666667;11.4681286200459;8.03007010891465;9713
-5.470805;48.8303316666667;11.5736539976106;7.51601878708903;9866
-5.45869333333333;48.8349266666667;11.7413879512359;7.62494649021038;9995
-5.44598333333333;48.8398383333333;11.3862131031353;7.97271224647749;10135
-5.43344166666667;48.844765;11.6065260157706;7.82870064859046;10308
-5.42351333333333;48.84872;11.4407186593859;7.71686217455389;10398
-5.413145;48.8528683333333;11.3578145858777;7.66094267089165;10532
-5.39749333333333;48.8589866666667;10.9766370809908;7.68592402830197;10747
-5.38691166666667;48.8632166666667;11.4059200439852;7.40709108396767;10840
-5.37128166666667;48.8693433333333;11.4897866208886;7.46155467582422;11056
-5.35808166666667;48.8744483333333;11.2749113030013;7.60502370051732;11235
-5.34572833333333;48.8792233333333;11.2223828505183;7.85799706860831;11360
-5.33383333333333;48.88389;11.703063888711;7.31288594749231;11490
-5.32000166666667;48.8890316666667;11.8289089131808;7.10752553199447;11647
-5.30877166666667;48.893065;11.5334544312321;7.20690219571974;11786
-5.29614333333333;48.8976133333333;11.4486492981118;7.15391006714827;11932
-5.2848;48.9017916666667;11.2381852905412;7.29816286143806;12073
-5.273355;48.9062283333333;11.3638441649914;7.10091793857679;12220
-5.25723333333333;48.912495;11.1094303831539;6.94194256360314;12420
-5.21683166666667;48.92767;11.0574578520739;6.64399096986827;12907
-5.20479333333333;48.9321483333333;11.1094303831539;6.94194256360314;13068
-5.17995833333333;48.9409933333333;10.7702106594343;6.72997455468762;13380
-5.16632666666667;48.9458833333333;10.7145912587764;6.43797593637568;13576
-5.15676833333333;48.9493616666667;11.0851253336221;6.40000009536743;13670
-5.14748666666667;48.9528566666667;10.6116810868309;7.15766927108314;13800
