"x";"y";"vx";"vy";"t"
-4.83516666666667;49.2665833333333;-10.2412781663786;-4.77558643827795;0
-4.84833333333333;49.2621166666667;-10.3319084264888;-4.81784802262791;195
-4.93168333333333;49.23355;-9.62287063118038;-4.90309748377892;1476
-4.93893333333333;49.2308833333333;-9.80107176607205;-4.99389549713502;1581
-4.94168333333333;49.2298833333333;-9.8901727583829;-5.0392947202926;1621
-4.94533333333333;49.2284333333333;-9.1773673690862;-4.67610223390915;1681
-4.95088333333333;49.2262333333333;-9.00858315035625;-4.99353918100737;1771
-4.9543;49.2247666666667;-8.19725985258698;-4.17671251101202;1831
-4.97186666666667;49.21785;-8.99916623419453;-4.58530422055306;2132
-4.97426666666667;49.2169;-9.1773673690862;-4.67610223390915;2170
-4.9749;49.2166666666667;-9.1773673690862;-4.67610223390915;2181
-4.97736666666667;49.2157333333333;-8.91777102469294;-4.74166296322668;2222
-5.01611666666667;49.20045;-9.44466949628871;-4.81229947042283;2852
-5.02241666666667;49.1980333333333;-9.53376963886953;-4.85769826062134;2950
-5.03435;49.1933833333333;-9.62287063118038;-4.90309748377892;3142
-5.03498333333333;49.1931333333333;-9.44466949628871;-4.81229947042283;3152
-5.0388;49.1915833333333;-9.53376963886953;-4.85769826062134;3211
-5.04418333333333;49.1893666666667;-9.08826637677534;-4.63070301075156;3301
-5.04725;49.1880833333333;-8.99916623419453;-4.58530422055306;3350
-5.0491;49.1873166666667;-9.1773673690862;-4.67610223390915;3381
-5.09008333333333;49.1710833333333;-9.44466949628871;-4.81229947042283;4063
-5.09258333333333;49.17015;-9.62287063118038;-4.90309748377892;4102
-5.094;49.1696166666667;-9.62287063118038;-4.90309748377892;4121
-5.1027;49.1662833333333;-9.35556850397786;-4.76690024726524;4262
-5.11575;49.1614;-9.8901727583829;-5.0392947202926;4460
-5.11708333333333;49.1609;-9.71197077376119;-4.94849627397743;4483
-5.1211;49.1594;-9.8901727583829;-5.0392947202926;4543
-5.13306666666667;49.1547;-8.99916623419453;-4.58530422055306;4731
-5.142;49.1512333333333;-9.26646751166701;-4.72150102410766;4881
-5.14263333333333;49.1510166666667;-9.44466949628871;-4.81229947042283;4892
-5.15918333333333;49.1447833333333;-9.35556850397786;-4.76690024726524;5152
-5.1629;49.1434;-9.52721723363389;-4.64673432318955;5210
-5.1734;49.1394;-9.1773673690862;-4.67610223390915;5382
-5.17951666666667;49.1370833333333;-9.35556850397786;-4.76690024726524;5481
-5.18313333333333;49.1356333333333;-8.91006524188368;-4.53990499739547;5542
-5.18796666666667;49.1337333333333;-8.91006524188368;-4.53990499739547;5622
-5.18915;49.13325;-9.08826637677534;-4.63070301075156;5640
-5.19395;49.1314;-8.91006524188368;-4.53990499739547;5727
-5.19761666666667;49.1299833333333;-8.99916623419453;-4.58530422055306;5781
-5.20063333333333;49.1288166666667;-8.99916623419453;-4.58530422055306;5831
-5.20743333333333;49.1261666666667;-9.08826637677534;-4.63070301075156;5942
-5.20913333333333;49.12545;-8.99916623419453;-4.58530422055306;5970
-5.20973333333333;49.1252;-8.91006524188368;-4.53990499739547;5981
-5.21031666666667;49.1249666666667;-8.82096424957283;-4.49450577423788;5991
-5.2121;49.12425;-9.1773673690862;-4.67610223390915;6032
-5.21451666666667;49.1232166666667;-9.25757884831278;-4.51522289554016;6062
-5.21575;49.12275;-9.08826637677534;-4.63070301075156;6082
-5.21623333333333;49.12255;-9.1773673690862;-4.67610223390915;6091
-5.21815;49.1217833333333;-8.99916623419453;-4.58530422055306;6121
-5.21863333333333;49.1215833333333;-8.99916623419453;-4.58530422055306;6131
-5.22043333333333;49.1208833333333;-8.91006524188368;-4.53990499739547;6160
-5.22103333333333;49.12065;-8.91006524188368;-4.53990499739547;6171
-5.2217;49.1203833333333;-9.08826637677534;-4.63070301075156;6182
-5.2223;49.12015;-9.1773673690862;-4.67610223390915;6190
-5.22351666666667;49.1196833333333;-9.1773673690862;-4.67610223390915;6211
-5.22661666666667;49.1184833333333;-9.35556850397786;-4.76690024726524;6261
-5.22845;49.1178;-9.53376963886953;-4.85769826062134;6293
-5.22973333333333;49.1173166666667;-9.62287063118038;-4.90309748377892;6311
-5.23231666666667;49.1163333333333;-9.44753907518163;-5.02334563226444;6350
-5.23426666666667;49.1155333333333;-9.35556850397786;-4.76690024726524;6385
-5.2349;49.1153;-9.44466949628871;-4.81229947042283;6391
-5.23796666666667;49.11405;-8.37546098747864;-4.26751052436811;6441
-5.2416;49.1126166666667;-8.99916623419453;-4.58530422055306;6502
-5.244;49.1116666666667;-9.08826637677534;-4.63070301075156;6542
-5.24581666666667;49.11095;-9.08826637677534;-4.63070301075156;6574
-5.24691666666667;49.1105333333333;-9.16769910082014;-4.47138561363593;6596
-5.24811666666667;49.1100833333333;-8.46456197978949;-4.3129097475257;6615
-5.24873333333333;49.10985;-8.82096424957283;-4.49450577423788;6629
-5.25356666666667;49.1080333333333;-9.1773673690862;-4.67610223390915;6702
-5.25431666666667;49.1077666666667;-9.26646751166701;-4.72150102410766;6715
-5.25356666666667;49.1080333333333;-9.1773673690862;-4.67610223390915;6741
-5.2568;49.1068333333333;-9.35556850397786;-4.76690024726524;6751
-5.26178333333333;49.1049666666667;-9.53376963886953;-4.85769826062134;6830
-5.26306666666667;49.1045;-9.62287063118038;-4.90309748377892;6851
-5.26556666666667;49.1035666666667;-9.62287063118038;-4.90309748377892;6896
-5.26621666666667;49.1033333333333;-9.62287063118038;-4.90309748377892;6902
-5.26698333333333;49.10305;-9.62287063118038;-4.90309748377892;6911
-5.26751666666667;49.10285;-9.71197077376119;-4.94849627397743;6921
-5.2683;49.1025666666667;-9.71197077376119;-4.94849627397743;6932
-5.26881666666667;49.1023833333333;-9.62287063118038;-4.90309748377892;6942
-5.26945;49.1021333333333;-9.62287063118038;-4.90309748377892;6951
-5.27205;49.10115;-9.53376963886953;-4.85769826062134;6991
-5.2733;49.1006666666667;-9.34745773864862;-4.55905975938109;7016
-5.27451666666667;49.1002;-8.91006524188368;-4.53990499739547;7031
-5.27628333333333;49.0994666666667;-9.08826637677534;-4.63070301075156;7061
-5.27688333333333;49.0992166666667;-9.26646751166701;-4.72150102410766;7073
-5.27755;49.09895;-9.26646751166701;-4.72150102410766;7082
-5.27688333333333;49.0992166666667;-9.26646751166701;-4.72150102410766;7090
-5.27986666666667;49.09805;-9.0778202104843;-4.42754874979501;7120
-5.28288333333333;49.0968833333333;-9.1773673690862;-4.67610223390915;7173
-5.2835;49.09665;-9.1773673690862;-4.67610223390915;7180
-5.28418333333333;49.0964;-9.1773673690862;-4.67610223390915;7191
-5.28656666666667;49.0955166666667;-9.34745773864862;-4.55905975938109;7231
-5.28968333333333;49.0943166666667;-9.35556850397786;-4.76690024726524;7282
-5.2903;49.0940833333333;-9.53376963886953;-4.85769826062134;7291
-5.29551666666667;49.09215;-9.44466949628871;-4.81229947042283;7371
-5.30191666666667;49.0896833333333;-9.26646751166701;-4.72150102410766;7475
-5.3024;49.0895;-8.91006524188368;-4.53990499739547;7482
-5.30426666666667;49.0887833333333;-9.61709612396973;-4.69057118703047;7511
-5.30501666666667;49.0885;-9.35556850397786;-4.76690024726524;7522
-5.30616666666667;49.0880833333333;-9.53376963886953;-4.85769826062134;7541
-5.30815;49.08735;-9.53376963886953;-4.85769826062134;7571
-5.3088;49.0871166666667;-9.62287063118038;-4.90309748377892;7582
-5.30945;49.0868833333333;-9.62287063118038;-4.90309748377892;7592
-5.31011666666667;49.08665;-9.71197077376119;-4.94849627397743;7601
-5.31076666666667;49.0864166666667;-9.71197077376119;-4.94849627397743;7611
-5.31143333333333;49.0861833333333;-9.71197077376119;-4.94849627397743;7621
-5.31208333333333;49.08595;-9.71197077376119;-4.94849627397743;7630
-5.31076666666667;49.0864166666667;-9.71197077376119;-4.94849627397743;7649
-5.31733333333333;49.0839666666667;-9.62287063118038;-4.90309748377892;7712
-5.31798333333333;49.0837333333333;-9.62287063118038;-4.90309748377892;7721
-5.31863333333333;49.0834833333333;-9.62287063118038;-4.90309748377892;7732
-5.3193;49.08325;-9.62287063118038;-4.90309748377892;7742
-5.31863333333333;49.0834833333333;-9.62287063118038;-4.90309748377892;7749
-5.32175;49.0823333333333;-9.44466949628871;-4.81229947042283;7781
-5.32303333333333;49.0818666666667;-9.53376963886953;-4.85769826062134;7802
-5.32495;49.08115;-9.26646751166701;-4.72150102410766;7832
-5.32618333333333;49.08065;-9.09436037485584;-4.83555718623927;7851
-5.328;49.0799;-9.44466949628871;-4.81229947042283;7882
-5.32991666666667;49.0791833333333;-9.08826637677534;-4.63070301075156;7911
-5.33306666666667;49.078;-9.35556850397786;-4.76690024726524;7964
-5.33366666666667;49.0777666666667;-9.1773673690862;-4.67610223390915;7975
-5.33475;49.0773166666667;-9.26646751166701;-4.72150102410766;7990
-5.33536666666667;49.0770666666667;-9.26646751166701;-4.72150102410766;8002
-5.33771666666667;49.0761666666667;-9.52721723363389;-4.64673432318955;8041
-5.33855;49.0758833333333;-9.43733748614125;-4.60289704128532;8056
-5.33916666666667;49.07565;-9.26646751166701;-4.72150102410766;8062
-5.33976666666667;49.0754166666667;-9.26646751166701;-4.72150102410766;8071
-5.34038333333333;49.0751666666667;-9.26646751166701;-4.72150102410766;8082
-5.34101666666667;49.0749333333333;-9.25757884831278;-4.51522289554016;8095
-5.34271666666667;49.0742666666667;-9.1773673690862;-4.67610223390915;8119
-5.34456666666667;49.0735833333333;-9.26646751166701;-4.72150102410766;8152
-5.34586666666667;49.0731;-9.1773673690862;-4.67610223390915;8171
-5.35093333333333;49.07125;-9.3592448211224;-4.97639874461963;8252
-5.35153333333333;49.07105;-9.3592448211224;-4.97639874461963;8262
-5.35271666666667;49.0706;-9.18350692496366;-5.09050101258654;8282
-5.35326666666667;49.0703666666667;-9.18265462891506;-4.88250407388407;8291
-5.35393333333333;49.0700833333333;-9.00606527875217;-4.78860985087149;8299
-5.35468333333333;49.0698;-9.18265462891506;-4.88250407388407;8311
-5.35593333333333;49.0692833333333;-9.1773673690862;-4.67610223390915;8334
-5.3576;49.0686333333333;-9.43733748614125;-4.60289704128532;8361
-5.36065;49.0675;-9.35556850397786;-4.76690024726524;8411
-5.36256666666667;49.0667166666667;-9.0778202104843;-4.42754874979501;8443
-5.36315;49.0664833333333;-8.89806071549903;-4.33987418598655;8451
-5.36368333333333;49.0662666666667;-8.89806071549903;-4.33987418598655;8461
-5.3642;49.06605;-8.89806071549903;-4.33987418598655;8473
-5.3667;49.0650833333333;-9.24433925490933;-4.3107061891471;8511
-5.36731666666667;49.0648666666667;-9.33497037934198;-4.35296817653725;8521
-5.36975;49.0640333333333;-9.25757884831278;-4.51522289554016;8569
-5.37288333333333;49.0628666666667;-9.42560063945217;-4.39522976088721;8611
-5.37345;49.0626666666667;-9.42560063945217;-4.39522976088721;8623
-5.37406666666667;49.06245;-9.24433925490933;-4.3107061891471;8632
-5.37476666666667;49.0622166666667;-9.42560063945217;-4.39522976088721;8641
-5.37723333333333;49.0613666666667;-8.98794046299167;-4.38371146789078;8683
-5.37793333333333;49.0611333333333;-9.16769910082014;-4.47138561363593;8691
-5.37723333333333;49.0613666666667;-8.98794046299167;-4.38371146789078;8701
-5.38221666666667;49.0596166666667;-9.34745773864862;-4.55905975938109;8761
-5.38601666666667;49.0582833333333;-8.35878480201361;-4.07685174875108;8819
-5.38668333333333;49.0580333333333;-9.16769910082014;-4.47138561363593;8832
-5.38853333333333;49.05735;-9.25757884831278;-4.51522289554016;8861
-5.38915;49.0571333333333;-9.43733748614125;-4.60289704128532;8871
-5.38966666666667;49.0569666666667;-9.43733748614125;-4.60289704128532;8879
-5.39406666666667;49.0554;-8.80818182516319;-4.29603732214562;8951
-5.39528333333333;49.05495;-9.16769910082014;-4.47138561363593;8972
-5.39831666666667;49.05385;-9.43733748614125;-4.60289704128532;9021
-5.39901666666667;49.0536166666667;-9.61709612396973;-4.69057118703047;9031
-5.39971666666667;49.0533833333333;-9.52721723363389;-4.64673432318955;9043
-5.40155;49.0527166666667;-9.3592448211224;-4.97639874461963;9072
-5.40205;49.0525666666667;-8.82947592858927;-4.69471562785891;9081
-5.40318333333333;49.0520833333333;-8.73186410699201;-4.44910698403938;9101
-5.40383333333333;49.0518166666667;-8.91006524188368;-4.53990499739547;9111
-5.40443333333333;49.0515833333333;-9.25757884831278;-4.51522289554016;9121
-5.40555;49.05115;-8.98794046299167;-4.38371146789078;9141
-5.40621666666667;49.0509;-8.98794046299167;-4.38371146789078;9151
-5.4068;49.0506666666667;-9.25757884831278;-4.51522289554016;9160
-5.4074;49.0504333333333;-9.0778202104843;-4.42754874979501;9172
-5.40923333333333;49.04975;-9.25757884831278;-4.51522289554016;9202
-5.40985;49.0495333333333;-9.25757884831278;-4.51522289554016;9210
-5.41055;49.0493;-9.25757884831278;-4.51522289554016;9222
-5.4129;49.0483666666667;-8.91006524188368;-4.53990499739547;9261
-5.41406666666667;49.0479;-8.89806071549903;-4.33987418598655;9282
-5.4146;49.0477;-8.89806071549903;-4.33987418598655;9295
-5.41576666666667;49.04725;-8.80818182516319;-4.29603732214562;9309
-5.4163;49.04705;-8.80818182516319;-4.29603732214562;9325
-5.41691666666667;49.0468;-8.80818182516319;-4.29603732214562;9331
-5.41763333333333;49.0465166666667;-8.89806071549903;-4.33987418598655;9342
-5.4181;49.04635;-8.53854343984209;-4.16452589449624;9353
-5.41691666666667;49.0468;-8.80818182516319;-4.29603732214562;9362
-5.41913333333333;49.0459666666667;-8.71830207767056;-4.25220004024139;9373
-5.42045;49.0454333333333;-8.71830207767056;-4.25220004024139;9392
-5.42271666666667;49.0446166666667;-9.0630778703665;-4.226182617407;9429
-5.42338333333333;49.0443833333333;-9.24433925490933;-4.3107061891471;9441
-5.42393333333333;49.0441666666667;-9.15370899479915;-4.26844460479714;9452
-5.42466666666667;49.0439166666667;-8.79118536139101;-4.09939705827675;9462
-5.42513333333333;49.0437166666667;-8.97244674593385;-4.18392063001686;9471
-5.42573333333333;49.0435;-9.0778202104843;-4.42754874979501;9480
-5.42393333333333;49.0441666666667;-9.15370899479915;-4.26844460479714;9490
-5.4276;49.04285;-9.16769910082014;-4.47138561363593;9512
-5.42833333333333;49.0426;-9.25757884831278;-4.51522289554016;9524
-5.42888333333333;49.0424;-9.16769910082014;-4.47138561363593;9530
-5.42948333333333;49.0421833333333;-9.0630778703665;-4.226182617407;9541
-5.43006666666667;49.04195;-8.98794046299167;-4.38371146789078;9553
-5.43253333333333;49.0410333333333;-9.25757884831278;-4.51522289554016;9590
-5.43308333333333;49.0408333333333;-9.16769910082014;-4.47138561363593;9601
-5.43426666666667;49.0404166666667;-9.16769910082014;-4.47138561363593;9621
-5.43481666666667;49.0402166666667;-9.25757884831278;-4.51522289554016;9631
-5.4355;49.0399666666667;-9.25757884831278;-4.51522289554016;9642
-5.4361;49.03975;-9.0778202104843;-4.42754874979501;9652
-5.43728333333333;49.0392833333333;-9.0778202104843;-4.42754874979501;9673
-5.43788333333333;49.03905;-9.0778202104843;-4.42754874979501;9681
-5.43855;49.0387833333333;-8.71830207767056;-4.25220004024139;9690
-5.43913333333333;49.03855;-8.89806071549903;-4.33987418598655;9701
-5.4409;49.0378833333333;-9.0778202104843;-4.42754874979501;9734
-5.44151666666667;49.0376666666667;-9.16769910082014;-4.47138561363593;9741
-5.44211666666667;49.03745;-9.16769910082014;-4.47138561363593;9750
-5.4409;49.0378833333333;-9.0778202104843;-4.42754874979501;9762
-5.44321666666667;49.03705;-9.16769910082014;-4.47138561363593;9771
-5.44401666666667;49.03675;-9.0778202104843;-4.42754874979501;9785
-5.4458;49.0360666666667;-9.16769910082014;-4.47138561363593;9811
-5.4464;49.0358333333333;-8.99916623419453;-4.58530422055306;9823
-5.447;49.0356;-9.1773673690862;-4.67610223390915;9831
-5.44758333333333;49.0353666666667;-9.08826637677534;-4.63070301075156;9841
-5.44806666666667;49.0352;-9.08826637677534;-4.63070301075156;9853
-5.44923333333333;49.0347333333333;-8.91006524188368;-4.53990499739547;9871
-5.45038333333333;49.03425;-8.46456197978949;-4.3129097475257;9890
-5.451;49.0339833333333;-8.55366297210035;-4.35830897068328;9901
-5.45156666666667;49.03375;-8.82096424957283;-4.49450577423788;9913
-5.45208333333333;49.0335166666667;-8.71830207767056;-4.25220004024139;9923
-5.4533;49.0330333333333;-9.0778202104843;-4.42754874979501;9945
-5.45395;49.0327666666667;-9.0778202104843;-4.42754874979501;9951
-5.45448333333333;49.0325833333333;-8.98794046299167;-4.38371146789078;9961
-5.45496666666667;49.0324166666667;-8.98794046299167;-4.38371146789078;9970
-5.45571666666667;49.0320833333333;-8.28636084489783;-4.2221117341696;9990
-5.45686666666667;49.0316333333333;-8.82096424957283;-4.49450577423788;10003
-5.45731666666667;49.03145;-8.71830207767056;-4.25220004024139;10012
-5.4579;49.0312166666667;-8.80818182516319;-4.29603732214562;10020
-5.45848333333333;49.031;-8.98794046299167;-4.38371146789078;10030
-5.46031666666667;49.0302333333333;-8.71830207767056;-4.25220004024139;10062
-5.46071666666667;49.0300833333333;-8.35878480201361;-4.07685174875108;10075
-5.46178333333333;49.0296166666667;-8.53854343984209;-4.16452589449624;10090
-5.46248333333333;49.0293166666667;-8.44866369234945;-4.12068861259201;10104
-5.46346666666667;49.0289;-8.60992397684817;-4.01487348653665;10122
-5.46403333333333;49.0286833333333;-8.70055510128082;-4.05713547392679;10134
-5.46455;49.0284833333333;-8.79118536139101;-4.09939705827675;10142
-5.46761666666667;49.0273833333333;-8.97244674593385;-4.18392063001686;10191
-5.46805;49.02725;-8.51929285241552;-3.97261149914651;10201
-5.47043333333333;49.0263333333333;-8.97244674593385;-4.18392063001686;10241
-5.47115;49.0260833333333;-9.0630778703665;-4.226182617407;10251
-5.47168333333333;49.0258833333333;-9.0630778703665;-4.226182617407;10261
-5.47223333333333;49.0256833333333;-9.15370899479915;-4.26844460479714;10269
-5.47303333333333;49.0254;-9.0630778703665;-4.226182617407;10285
-5.47351666666667;49.0252333333333;-9.16769910082014;-4.47138561363593;10292
-5.47471666666667;49.0248;-8.89806071549903;-4.33987418598655;10311
-5.47708333333333;49.02385;-8.51929285241552;-3.97261149914651;10352
-5.4782;49.0234333333333;-8.97244674593385;-4.18392063001686;10371
-5.47873333333333;49.0232333333333;-8.88181648582366;-4.1416590456669;10381
-5.47926666666667;49.0230333333333;-8.62842318733472;-4.20836317640047;10390
-5.4811;49.02235;-8.70055510128082;-4.05713547392679;10420
-5.4818;49.0220833333333;-8.80818182516319;-4.29603732214562;10431
-5.48406666666667;49.0211833333333;-9.0630778703665;-4.226182617407;10472
-5.4859;49.0205333333333;-9.33497037934198;-4.35296817653725;10500
-5.48766666666667;49.0198833333333;-8.89806071549903;-4.33987418598655;10532
-5.48838333333333;49.0196166666667;-9.0778202104843;-4.42754874979501;10542
-5.48898333333333;49.0193833333333;-8.97244674593385;-4.18392063001686;10550
-5.49005;49.0189666666667;-9.0630778703665;-4.226182617407;10570
-5.49366666666667;49.0176166666667;-9.15370899479915;-4.26844460479714;10631
-5.49426666666667;49.0174;-9.0630778703665;-4.226182617407;10641
-5.49491666666667;49.0171666666667;-9.24433925490933;-4.3107061891471;10661
-5.4961;49.0167666666667;-9.0778202104843;-4.42754874979501;10670
-5.49733333333333;49.0163166666667;-8.89806071549903;-4.33987418598655;10691
-5.49791666666667;49.0160833333333;-8.80818182516319;-4.29603732214562;10701
-5.4985;49.0158666666667;-8.98794046299167;-4.38371146789078;10712
-5.49896666666667;49.0156833333333;-9.0630778703665;-4.226182617407;10721
-5.50026666666667;49.0152333333333;-9.15370899479915;-4.26844460479714;10740
-5.5045;49.0136666666667;-8.98794046299167;-4.38371146789078;10811
-5.5051;49.0134333333333;-9.16769910082014;-4.47138561363593;10824
-5.50583333333333;49.0131666666667;-9.0778202104843;-4.42754874979501;10832
-5.50636666666667;49.01295;-8.98794046299167;-4.38371146789078;10840
-5.50808333333333;49.0122833333333;-9.16769910082014;-4.47138561363593;10873
-5.51168333333333;49.0109166666667;-9.16769910082014;-4.47138561363593;10930
-5.51228333333333;49.0106833333333;-9.16769910082014;-4.47138561363593;10942
-5.51295;49.0104333333333;-9.16769910082014;-4.47138561363593;10953
-5.51361666666667;49.0101833333333;-9.25757884831278;-4.51522289554016;10961
-5.51405;49.0100166666667;-9.0778202104843;-4.42754874979501;10971
-5.51473333333333;49.0097666666667;-8.53854343984209;-4.16452589449624;10981
-5.51531666666667;49.0095333333333;-8.80818182516319;-4.29603732214562;10992
-5.51665;49.0089833333333;-8.82096424957283;-4.49450577423788;11018
-5.51723333333333;49.00875;-8.82096424957283;-4.49450577423788;11032
-5.51888333333333;49.0080833333333;-9.16769910082014;-4.47138561363593;11052
-5.52066666666667;49.0073666666667;-9.16769910082014;-4.47138561363593;11083
-5.52186666666667;49.0069;-9.25757884831278;-4.51522289554016;11101
-5.52253333333333;49.0066333333333;-9.16769910082014;-4.47138561363593;11110
-5.52901666666667;49.00415;-8.97244674593385;-4.18392063001686;11222
-5.53258333333333;49.0028166666667;-8.97244674593385;-4.18392063001686;11282
-5.53383333333333;49.00235;-9.0630778703665;-4.226182617407;11304
-5.53798333333333;49.0007666666667;-8.80818182516319;-4.29603732214562;11371
-5.5385;49.00055;-8.80818182516319;-4.29603732214562;11383
-5.53901666666667;49.00035;-8.89806071549903;-4.33987418598655;11391
-5.5402;48.9999;-8.80818182516319;-4.29603732214562;11409
-5.54353333333333;48.99855;-8.44866369234945;-4.12068861259201;11470
-5.54421666666667;48.99825;-8.80818182516319;-4.29603732214562;11485
-5.54486666666667;48.998;-8.97244674593385;-4.18392063001686;11491
-5.55086666666667;48.9958166666667;-9.25757884831278;-4.51522289554016;11590
-5.55286666666667;48.9950833333333;-9.0778202104843;-4.42754874979501;11623
-5.55328333333333;48.9949166666667;-9.0778202104843;-4.42754874979501;11634
-5.55461666666667;48.9944166666667;-9.16769910082014;-4.47138561363593;11650
-5.55688333333333;48.99355;-9.33497037934198;-4.35296817653725;11692
-5.55755;48.9933;-9.42560063945217;-4.39522976088721;11700
-5.56696666666667;48.9897833333333;-9.34745773864862;-4.55905975938109;11853
-5.57926666666667;48.9849166666667;-8.65873476703908;-4.79961505549854;12062
-5.58095;48.9841833333333;-8.57365116710347;-4.94999980926514;12092
-5.58261666666667;48.9834333333333;-8.65873476703908;-4.79961505549854;12122
-5.58316666666667;48.9831833333333;-8.57365116710347;-4.94999980926514;12133
-5.58415;48.9827166666667;-8.39634952217914;-4.65417253930503;12151
-5.5848;48.9824166666667;-8.39634952217914;-4.65417253930503;12161
-5.58633333333333;48.9817;-8.04650113886197;-4.4602484137962;12191
-5.58695;48.9814333333333;-8.39634952217914;-4.65417253930503;12205
-5.5909;48.97965;-8.65288657842637;-4.60082140484632;12272
-5.63998333333333;48.9605333333333;-9.34745773864862;-4.55905975938109;13071
-5.6418;48.9598166666667;-8.71830207767056;-4.25220004024139;13101
-5.63998333333333;48.9605333333333;-9.34745773864862;-4.55905975938109;13112
-5.64303333333333;48.9593333333333;-9.51623176388482;-4.43749174827735;13124
-5.64435;48.95885;-9.51623176388482;-4.43749174827735;13143
-5.64561666666667;48.9584;-9.33497037934198;-4.35296817653725;13161
-5.64683333333333;48.9579166666667;-9.24433925490933;-4.3107061891471;13184
-5.64746666666667;48.9576833333333;-9.34745773864862;-4.55905975938109;13192
-5.64811666666667;48.9574333333333;-9.0778202104843;-4.42754874979501;13203
-5.65168333333333;48.9560833333333;-9.42560063945217;-4.39522976088721;13261
-5.6523;48.9558666666667;-9.33497037934198;-4.35296817653725;13273
-5.65291666666667;48.9556333333333;-9.42560063945217;-4.39522976088721;13281
-5.65425;48.9551333333333;-9.42560063945217;-4.39522976088721;13302
-5.65541666666667;48.9547;-9.42560063945217;-4.39522976088721;13322
-5.65925;48.9532666666667;-9.24433925490933;-4.3107061891471;13383
-5.65995;48.9530166666667;-9.33497037934198;-4.35296817653725;13391
-5.65925;48.9532666666667;-9.24433925490933;-4.3107061891471;13423
-5.66478333333333;48.9512333333333;-9.33497037934198;-4.35296817653725;13473
-5.66541666666667;48.951;-9.33497037934198;-4.35296817653725;13483
-5.66728333333333;48.9503333333333;-9.43733748614125;-4.60289704128532;13512
-5.66861666666667;48.94985;-9.33497037934198;-4.35296817653725;13532
-5.67058333333333;48.9491333333333;-9.52721723363389;-4.64673432318955;13562
-5.67251666666667;48.9484666666667;-9.69749314842766;-4.52201532001745;13591
-5.67296666666667;48.9483;-9.69749314842766;-4.52201532001745;13600
-5.6738;48.948;-9.70697587146236;-4.7344084689347;13612
-5.67445;48.9477666666667;-9.7968547617982;-4.77824533277563;13623
-5.67508333333333;48.9475166666667;-9.43733748614125;-4.60289704128532;13631
-5.67686666666667;48.94685;-9.43733748614125;-4.60289704128532;13660
-5.68123333333333;48.9451833333333;-9.16769910082014;-4.47138561363593;13732
-5.68253333333333;48.9447;-9.25757884831278;-4.51522289554016;13752
-5.68305;48.9444833333333;-8.62842318733472;-4.20836317640047;13764
-5.68366666666667;48.94425;-8.89806071549903;-4.33987418598655;13773
-5.68421666666667;48.94405;-9.52721723363389;-4.64673432318955;13782
-5.68613333333333;48.9433333333333;-9.24433925490933;-4.3107061891471;13812
-5.68735;48.9428833333333;-9.25757884831278;-4.51522289554016;13834
-5.68858333333333;48.9424333333333;-9.16769910082014;-4.47138561363593;13852
-5.68988333333333;48.9419666666667;-9.0778202104843;-4.42754874979501;13872
-5.69041666666667;48.9417333333333;-9.16769910082014;-4.47138561363593;13882
-5.69095;48.9415;-9.15370899479915;-4.26844460479714;13891
-5.69156666666667;48.9412833333333;-8.98794046299167;-4.38371146789078;13900
-5.69278333333333;48.9408333333333;-9.25757884831278;-4.51522289554016;13922
-5.69526666666667;48.9399666666667;-9.0778202104843;-4.42754874979501;13963
-5.6958;48.93975;-9.0778202104843;-4.42754874979501;13970
-5.69633333333333;48.93955;-9.0778202104843;-4.42754874979501;13981
-5.69888333333333;48.9385333333333;-8.82096424957283;-4.49450577423788;14022
-5.70051666666667;48.9379166666667;-8.98794046299167;-4.38371146789078;14050
-5.70175;48.93745;-8.80818182516319;-4.29603732214562;14070
-5.70233333333333;48.9372333333333;-8.89806071549903;-4.33987418598655;14082
-5.70293333333333;48.9370166666667;-8.98794046299167;-4.38371146789078;14094
-5.70353333333333;48.9368;-8.98794046299167;-4.38371146789078;14100
-5.70413333333333;48.9365833333333;-8.98794046299167;-4.38371146789078;14111
-5.70535;48.93615;-9.0778202104843;-4.42754874979501;14131
-5.70661666666667;48.9357;-8.62842318733472;-4.20836317640047;14151
-5.70883333333333;48.9348666666667;-8.89806071549903;-4.33987418598655;14189
-5.70951666666667;48.9346;-9.0778202104843;-4.42754874979501;14202
-5.71;48.9344333333333;-8.89806071549903;-4.33987418598655;14212
-5.71065;48.9341833333333;-8.80818182516319;-4.29603732214562;14219
-5.71243333333333;48.9335166666667;-9.0778202104843;-4.42754874979501;14251
-5.71363333333333;48.93305;-9.24433925490933;-4.3107061891471;14271
-5.7153;48.9324666666667;-9.25757884831278;-4.51522289554016;14299
-5.71598333333333;48.9322166666667;-9.25757884831278;-4.51522289554016;14309
-5.71675;48.9319666666667;-9.34745773864862;-4.55905975938109;14321
-5.71785;48.93155;-9.08826637677534;-4.63070301075156;14340
-5.71908333333333;48.93105;-8.99916623419453;-4.58530422055306;14361
-5.71958333333333;48.9308166666667;-8.99916623419453;-4.58530422055306;14372
-5.72078333333333;48.9303333333333;-10.0664931471193;-4.90975676042501;14391
-5.72136666666667;48.9301;-8.01905871769531;-4.08591449765592;14400
-5.72201666666667;48.92985;-8.55366297210035;-4.35830897068328;14412
-5.7241;48.9289333333333;-8.62842318733472;-4.20836317640047;14451
-5.72473333333333;48.9287;-8.71830207767056;-4.25220004024139;14460
-5.7241;48.9289333333333;-8.62842318733472;-4.20836317640047;14490
-5.72706666666667;48.9278;-8.88181648582366;-4.1416590456669;14501
-5.7281;48.9274;-8.71830207767056;-4.25220004024139;14520
-5.72926666666667;48.9269666666667;-8.89806071549903;-4.33987418598655;14540
-5.73166666666667;48.9260666666667;-8.82096424957283;-4.49450577423788;14581
-5.7334;48.9254166666667;-8.80818182516319;-4.29603732214562;14611
-5.7346;48.92495;-8.62842318733472;-4.20836317640047;14634
-5.73628333333333;48.9242833333333;-8.44866369234945;-4.12068861259201;14662
-5.73851666666667;48.9233666666667;-8.70055510128082;-4.05713547392679;14702
-5.7391;48.92315;-8.79118536139101;-4.09939705827675;14712
-5.7426;48.9217833333333;-8.44866369234945;-4.12068861259201;14772
-5.74363333333333;48.9213833333333;-8.80818182516319;-4.29603732214562;14790
-5.74421666666667;48.9211666666667;-8.89806071549903;-4.33987418598655;14804
-5.7454;48.9207166666667;-8.97244674593385;-4.18392063001686;14833
-5.74718333333333;48.9200333333333;-9.15370899479915;-4.26844460479714;14851
-5.74796666666667;48.9197333333333;-9.16769910082014;-4.47138561363593;14862
-5.74841666666667;48.91955;-9.34745773864862;-4.55905975938109;14872
-5.74901666666667;48.9193333333333;-8.99916623419453;-4.58530422055306;14891
-5.7501;48.9188833333333;-8.82096424957283;-4.49450577423788;14900
-5.75073333333333;48.9186166666667;-8.80818182516319;-4.29603732214562;14913
-5.75195;48.9181166666667;-8.97244674593385;-4.18392063001686;14934
-5.75248333333333;48.9179166666667;-9.15370899479915;-4.26844460479714;14941
-5.75495;48.917;-9.16769910082014;-4.47138561363593;14983
-5.75545;48.9168333333333;-9.0778202104843;-4.42754874979501;14993
-5.75731666666667;48.9161333333333;-9.42560063945217;-4.39522976088721;15022
-5.75788333333333;48.9159333333333;-9.34745773864862;-4.55905975938109;15032
-5.75855;48.9156833333333;-9.34745773864862;-4.55905975938109;15042
-5.7609;48.9148166666667;-9.34745773864862;-4.55905975938109;15080
-5.7617;48.9145;-9.34745773864862;-4.55905975938109;15092
-5.76225;48.9143166666667;-9.34745773864862;-4.55905975938109;15103
-5.76533333333333;48.9131;-9.34745773864862;-4.55905975938109;15153
-5.77028333333333;48.9112833333333;-9.52721723363389;-4.64673432318955;15230
-5.77341666666667;48.9101;-8.71830207767056;-4.25220004024139;15284
-5.77511666666667;48.9094166666667;-9.52721723363389;-4.64673432318955;15312
-5.77635;48.9089333333333;-9.43733748614125;-4.60289704128532;15332
-5.77701666666667;48.90865;-9.34745773864862;-4.55905975938109;15343
-5.78285;48.9060833333333;-9.24433925490933;-4.3107061891471;15441
-5.78343333333333;48.90585;-9.24433925490933;-4.3107061891471;15449
-5.78285;48.9060833333333;-9.24433925490933;-4.3107061891471;15463
-5.78461666666667;48.9053833333333;-9.15370899479915;-4.26844460479714;15470
-5.7858;48.9049166666667;-9.15370899479915;-4.26844460479714;15492
-5.78695;48.9044666666667;-9.24433925490933;-4.3107061891471;15509
-5.78755;48.9042333333333;-9.33497037934198;-4.35296817653725;15520
-5.78881666666667;48.9037666666667;-9.24433925490933;-4.3107061891471;15541
-5.78936666666667;48.90355;-9.40951838796376;-4.1893875012596;15552
-5.79118333333333;48.9028666666667;-9.24433925490933;-4.3107061891471;15581
-5.79555;48.9013;-9.35843069957107;-5.18746284416571;15655
-5.7962;48.9010333333333;-8.74310630366986;-5.25338826584684;15662
-5.79785;48.90035;-8.19152044288992;-5.73576436351046;15689
-5.80241666666667;48.8976333333333;-6.55748006994335;-7.28281943142209;15782
-5.80286666666667;48.8973;-6.62619644307078;-7.62256704814885;15791
-5.80365;48.8966666666667;-6.13851312136378;-8.14608205015475;15811
-5.80543333333333;48.89505;-5.35639578259313;-8.91453960031859;15852
-5.80575;48.8946833333333;-4.99353918100737;-9.00858315035625;15863
-5.80605;48.8943;-4.88250407388408;-9.18265462891506;15869
-5.80638333333333;48.8938833333333;-4.81229947042282;-9.44466949628872;15881
-5.80675;48.8933666666667;-4.81229947042282;-9.44466949628872;15891
-5.80775;48.8916666666667;-4.77824533277562;-9.7968547617982;15932
-5.80821666666667;48.8906833333333;-5.1754915238472;-10.1574740358554;15952
-5.80775;48.8916666666667;-4.77824533277562;-9.7968547617982;15957
-5.80843333333333;48.8902;-4.94849627397742;-9.7119707737612;15962
-5.80875;48.8896333333333;-4.94849627397742;-9.7119707737612;15971
-5.80893333333333;48.88925;-4.90309748377892;-9.62287063118038;15983
-5.80913333333333;48.8888833333333;-5.0392947202926;-9.8901727583829;15992
-5.81068333333333;48.8860166666667;-5.22089074700478;-10.2465750281662;16054
-5.81146666666667;48.88455;-5.13009273364869;-10.0683738932746;16082
-5.81203333333333;48.8835333333333;-5.35197563666997;-10.065602221774;16112
-5.81315;48.8816166666667;-5.4783488012537;-9.88320285749564;16142
-5.8137;48.8806666666667;-5.69999980926514;-9.87268927278013;16160
-5.8158;48.8773;-5.81993034471933;-9.68599066142556;16231
-5.81838333333333;48.8735;-6.20888479140801;-9.5608441546504;16316
-5.8205;48.8706833333333;-6.31887991587702;-9.36812472799834;16373
-5.82186666666667;48.8688833333333;-6.20888479140801;-9.5608441546504;16412
-5.82363333333333;48.86655;-6.20888479140801;-9.5608441546504;16460
-5.82431666666667;48.8656333333333;-6.43071838991359;-9.53393208438298;16484
-5.82455;48.86525;-6.37479888625135;-9.45102801087474;16491
-5.8249;48.8647833333333;-6.15112193817821;-9.11941329810546;16503
-5.82431666666667;48.8656333333333;-6.43071838991359;-9.53393208438298;16512
-5.82658333333333;48.8624833333333;-6.36669866229866;-9.09258800408952;16551
-5.82698333333333;48.862;-6.42405597773069;-9.17450273979586;16560
-5.82765;48.8610833333333;-6.36669866229866;-9.09258800408952;16582
-5.828;48.8606333333333;-6.42405597773069;-9.17450273979586;16593
-5.82873333333333;48.8596833333333;-6.58319471356456;-9.06099018269167;16614
-5.83023333333333;48.8579;-6.52441652466873;-8.98008894617741;16655
-5.8306;48.8574666666667;-6.58319471356456;-9.06099018269167;16663
-5.83091666666667;48.8571166666667;-6.70075165191191;-9.22279342725891;16673
-5.83171666666667;48.8562333333333;-6.70075165191191;-9.22279342725891;16690
-5.83298333333333;48.85475;-6.81830915081497;-9.38459744336488;16723
-5.83325;48.8543666666667;-6.70075165191191;-9.22279342725891;16731
-5.8349;48.8526166666667;-6.75953040136344;-9.3036954353119;16773
-5.8357;48.8517333333333;-6.75953040136344;-9.3036954353119;16794
-5.83643333333333;48.8508833333333;-6.64197346301609;-9.14189219074465;16810
-5.83678333333333;48.8504833333333;-6.70075165191191;-9.22279342725891;16820
-5.83725;48.84995;-6.4656377752172;-8.89918693812442;16831
-5.8377;48.8494666666667;-6.70075165191191;-9.22279342725891;16843
-5.83796666666667;48.8490833333333;-6.70075165191191;-9.22279342725891;16854
-5.8387;48.8482;-6.48141384016784;-9.25641825670646;16872
-5.84021666666667;48.8464;-6.70075165191191;-9.22279342725891;16910
-5.84171666666667;48.8445333333333;-6.70075165191191;-9.22279342725891;16952
-5.8421;48.8441;-6.64197346301609;-9.14189219074465;16962
-5.8425;48.84365;-6.64197346301609;-9.14189219074465;16971
-5.84171666666667;48.8445333333333;-6.70075165191191;-9.22279342725891;16982
-5.84466666666667;48.8409333333333;-6.75953040136344;-9.3036954353119;17031
-5.84618333333333;48.83915;-6.58319471356456;-9.06099018269167;17071
-5.84738333333333;48.8377833333333;-6.86069103435914;-9.10444450988387;17102
-5.85076666666667;48.8337666666667;-6.64197346301609;-9.14189219074465;17191
-5.85191666666667;48.8324;-6.58319471356456;-9.06099018269167;17222
-5.85263333333333;48.83155;-6.64197346301609;-9.14189219074465;17243
-5.85301666666667;48.83105;-6.58319471356456;-9.06099018269167;17252
-5.85376666666667;48.8302333333333;-6.61996525467253;-8.78499061052022;17270
-5.85481666666667;48.8288833333333;-6.52441652466873;-8.98008894617741;17303
-5.85665;48.8266333333333;-6.61996525467253;-8.78499061052022;17352
-5.85973333333333;48.8232;-6.74032814451583;-8.94471756020205;17431
-5.86095;48.8219;-6.64197346301609;-9.14189219074465;17462
-5.86166666666667;48.82105;-6.70075165191191;-9.22279342725891;17481
-5.86205;48.8205333333333;-6.75953040136344;-9.3036954353119;17492
-5.86166666666667;48.82105;-6.70075165191191;-9.22279342725891;17499
-5.86401666666667;48.8183166666667;-6.92087276624855;-9.18430836554387;17543
-5.86471666666667;48.8174666666667;-6.64197346301609;-9.14189219074465;17561
-5.86513333333333;48.8170333333333;-6.70075165191191;-9.22279342725891;17572
-5.86593333333333;48.8161333333333;-6.98105449813797;-9.26417222120387;17593
-5.86625;48.8157166666667;-6.92087276624855;-9.18430836554387;17603
-5.86665;48.8152833333333;-6.64197346301609;-9.14189219074465;17612
-5.86705;48.81485;-6.75953040136344;-9.3036954353119;17621
-5.86898333333333;48.8125333333333;-6.59612901803703;-9.42024850932341;17671
-5.86938333333333;48.8121;-6.81830915081497;-9.38459744336488;17681
-5.86978333333333;48.8117166666667;-6.75953040136344;-9.3036954353119;17692
-5.87098333333333;48.8103333333333;-6.48141384016784;-9.25641825670646;17724
-5.87356666666667;48.8070833333333;-6.70075165191191;-9.22279342725891;17792
-5.87776666666667;48.8021333333333;-6.81830915081497;-9.38459744336488;17904
-5.88416666666667;48.7949166666667;-6.71084419590621;-9.58407876194035;18064
-5.88566666666667;48.79305;-6.59612901803703;-9.42024850932341;18101
-5.886;48.7927;-6.76820205834336;-9.66599427885096;18110
-5.88648333333333;48.79215;-6.53877115559988;-9.3383329924128;18121
-5.88761666666667;48.7907666666667;-6.71084419590621;-9.58407876194035;18154
-5.89346666666667;48.7838166666667;-6.8255593737754;-9.7479090145573;18304
-5.89506666666667;48.7819;-6.76820205834336;-9.66599427885096;18344
-5.89585;48.7809666666667;-6.8255593737754;-9.7479090145573;18361
-5.89848333333333;48.7777166666667;-6.8255593737754;-9.7479090145573;18429
-5.90165;48.7739833333333;-6.88291723621255;-9.8298245314679;18510
-5.95638333333333;48.70685;-6.7662343453112;-10.0313549441687;19914
-5.95763333333333;48.7054166666667;-6.87807281934777;-10.1971623005534;19944
-5.96268333333333;48.69905;-6.53566842018033;-10.0640468153451;20073
-5.96418333333333;48.6970333333333;-6.69906023456648;-10.3156481456924;20114
-5.96836666666667;48.6919;-6.7662343453112;-10.0313549441687;20224
-5.96873333333333;48.6912833333333;-6.59847636761239;-9.78264351427586;20233
-5.96911666666667;48.6908166666667;-7.16970545438807;-10.2394005536124;20244
-5.97186666666667;48.6875;-6.76820205834336;-9.66599427885096;20314
-5.97218333333333;48.6871166666667;-6.54255686395015;-9.69973944076762;20322
-5.97265;48.6865666666667;-6.65439533798672;-9.86554679715226;20332
-5.97298333333333;48.6861833333333;-6.53566842018033;-10.0640468153451;20343
-5.97265;48.6865666666667;-6.65439533798672;-9.86554679715226;20364
-5.97838333333333;48.6794666666667;-6.59013253144513;-10.1479141920671;20483
-5.98265;48.6741;-6.64459612330168;-10.2317807689705;20594
-5.98468333333333;48.6716;-6.87807281934777;-10.1971623005534;20640
-5.9879;48.6677166666667;-6.75352382642303;-10.3995147225958;20723
-5.98835;48.6671833333333;-6.80798793768784;-10.4833820993178;20734
-5.98911666666667;48.6661833333333;-6.75352382642303;-10.3995147225958;20753
-5.98951666666667;48.6656833333333;-6.86245204895264;-10.5672494760398;20763
-5.99073333333333;48.6643166666667;-6.80798793768784;-10.4833820993178;20792
-5.99198333333333;48.66285;-6.80798793768784;-10.4833820993178;20822
-5.99248333333333;48.6621833333333;-6.86245204895264;-10.5672494760398;20831
-5.99573333333333;48.65835;-6.80798793768784;-10.4833820993178;20913
-5.99661666666667;48.6573166666667;-6.86245204895264;-10.5672494760398;20935
-5.99701666666667;48.6568166666667;-6.80798793768784;-10.4833820993178;20944
-5.99745;48.6563333333333;-6.80798793768784;-10.4833820993178;20954
-5.99785;48.6558333333333;-6.62399080291506;-10.6006012019553;20960
-5.99896666666667;48.6543333333333;-6.62399080291506;-10.6006012019553;20993
-5.9994;48.6537833333333;-6.62399080291506;-10.6006012019553;21002
-6.00013333333333;48.6528333333333;-6.62399080291506;-10.6006012019553;21020
-6.00058333333333;48.6522833333333;-6.80798793768784;-10.4833820993178;21032
-6.00278333333333;48.6493833333333;-6.69906023456648;-10.3156481456924;21094
-6.00413333333333;48.6478333333333;-6.80798793768784;-10.4833820993178;21123
-6.00518333333333;48.64645;-6.5180070511425;-10.4309917444764;21153
-6.00611666666667;48.64535;-6.5180070511425;-10.4309917444764;21172
-6.00653333333333;48.6448666666667;-6.5180070511425;-10.4309917444764;21183
-6.00518333333333;48.64645;-6.5180070511425;-10.4309917444764;21190
-6.00888333333333;48.6420166666667;-6.46501492257102;-10.3461866113561;21241
-6.01001666666667;48.6406666666667;-6.5180070511425;-10.4309917444764;21273
-6.01045;48.6400666666667;-6.46501492257102;-10.3461866113561;21283
-6.01166666666667;48.6385333333333;-6.75352382642303;-10.3995147225958;21313
-6.01266666666667;48.6371333333333;-6.69906023456648;-10.3156481456924;21343
-6.0131;48.6365833333333;-6.59013253144513;-10.1479141920671;21352
-6.01388333333333;48.6356666666667;-6.46501492257102;-10.3461866113561;21375
-6.0154;48.6336833333333;-6.75352382642303;-10.3995147225958;21414
-6.01621666666667;48.6327;-6.80798793768784;-10.4833820993178;21433
-6.01743333333333;48.6313;-6.75352382642303;-10.3995147225958;21463
-6.01788333333333;48.6307;-6.75352382642303;-10.3995147225958;21474
-6.0186;48.6298166666667;-6.75352382642303;-10.3995147225958;21492
-6.01908333333333;48.6292166666667;-6.80798793768784;-10.4833820993178;21502
-6.02223333333333;48.6254166666667;-6.62399080291506;-10.6006012019553;21581
-6.0227;48.62475;-6.62399080291506;-10.6006012019553;21592
-6.0231;48.62425;-6.62399080291506;-10.6006012019553;21602
-6.02635;48.6202166666667;-6.80798793768784;-10.4833820993178;21683
-6.0275;48.6187333333333;-6.57099867434358;-10.515796068835;21713
-6.02781666666667;48.6184;-6.62399080291506;-10.6006012019553;21724
-6.02898333333333;48.6168333333333;-6.57099867434358;-10.515796068835;21750
-6.0305;48.6148666666667;-6.5180070511425;-10.4309917444764;21792
-6.0312;48.6139833333333;-6.46501492257102;-10.3461866113561;21813
-6.03261666666667;48.6119333333333;-6.64459612330168;-10.2317807689705;21850
-6.03338333333333;48.6109666666667;-6.64459612330168;-10.2317807689705;21875
-6.03431666666667;48.6099166666667;-6.59013253144513;-10.1479141920671;21893
-6.03501666666667;48.6090333333333;-6.64459612330168;-10.2317807689705;21910
-6.03808333333333;48.60515;-6.69906023456648;-10.3156481456924;21991
-6.04203333333333;48.6001833333333;-6.69906023456648;-10.3156481456924;22090
-6.04241666666667;48.5996833333333;-6.69906023456648;-10.3156481456924;22103
-6.04281666666667;48.5991833333333;-6.75352382642303;-10.3995147225958;22113
-6.04483333333333;48.5966666666667;-6.69906023456648;-10.3156481456924;22163
-6.04963333333333;48.5907666666667;-6.91691564080919;-10.6511160529432;22282
-6.05038333333333;48.58975;-6.80798793768784;-10.4833820993178;22304
-6.05118333333333;48.58875;-6.80798793768784;-10.4833820993178;22323
-6.05236666666667;48.58725;-6.80798793768784;-10.4833820993178;22353
-6.05491666666667;48.58425;-6.86245204895264;-10.5672494760398;22411
-6.05765;48.5808;-6.57099867434358;-10.515796068835;22485
-6.05801666666667;48.5803;-6.80798793768784;-10.4833820993178;22494
-6.05986666666667;48.5779;-6.75352382642303;-10.3995147225958;22541
-6.06106666666667;48.5763666666667;-6.62399080291506;-10.6006012019553;22573
-6.06195;48.5752666666667;-6.69906023456648;-10.3156481456924;22592
-6.0658;48.57035;-6.80798793768784;-10.4833820993178;22694
-6.06893333333333;48.5663166666667;-6.75352382642303;-10.3995147225958;22773
-6.0701;48.56495;-6.80798793768784;-10.4833820993178;22801
-6.07171666666667;48.5629833333333;-6.75352382642303;-10.3995147225958;22840
-6.07373333333333;48.5604666666667;-6.93399178972209;-10.2800655834298;22895
-6.07453333333333;48.5594833333333;-6.75352382642303;-10.3995147225958;22914
-6.07688333333333;48.5564333333333;-6.80798793768784;-10.4833820993178;22973
-6.0773;48.55595;-6.69906023456648;-10.3156481456924;22982
-6.07688333333333;48.5564333333333;-6.80798793768784;-10.4833820993178;22992
-6.07968333333333;48.5530333333333;-6.80798793768784;-10.4833820993178;23044
-6.08365;48.5479833333333;-6.93399178972209;-10.2800655834298;23141
-6.32636666666667;48.2457;-6.99493418680423;-11.1942347075125;29085
-6.5699;47.9406;-6.25404391623755;-11.2825938884573;35063
-6.59435;47.91;-6.25404391623755;-11.2825938884573;35663
-6.63063333333333;47.864;-6.30252506320238;-11.3700561928121;36583
-6.651;47.8379833333333;-6.15708208465838;-11.1076701138499;37102
-6.65133333333333;47.83765;-5.96228875783622;-11.2134342608995;37111
-6.65258333333333;47.8361166666667;-5.96228875783622;-11.2134342608995;37145
-6.65485;47.8331;-6.20556323162321;-11.1951324182047;37203
-6.65725;47.8301166666667;-5.96315842150004;-10.757822564635;37262
-6.68148333333333;47.7990333333333;-6.40000009536743;-11.0851253336221;37891
-6.68185;47.7985333333333;-6.30000019073487;-10.9119204180464;37902
-6.68225;47.79805;-6.19999980926514;-10.7387146765646;37912
-6.6833;47.79665;-6.15000009536743;-10.6521126317298;37940
-6.68375;47.7961166666667;-6.09999990463257;-10.5655097609889;37953
-6.68418333333333;47.7955833333333;-6.01163910611438;-10.8452840348876;37962
-6.68456666666667;47.79515;-6.25;-10.8253175473055;37974
-6.68535;47.7941666666667;-6.19999980926514;-10.7387146765646;37992
-6.68571666666667;47.7936666666667;-6.25;-10.8253175473055;38001
-6.68613333333333;47.7931833333333;-6.25;-10.8253175473055;38012
-6.68653333333333;47.7926833333333;-6.25;-10.8253175473055;38022
-6.68698333333333;47.79215;-6.25;-10.8253175473055;38033
-6.68738333333333;47.7917166666667;-6.25;-10.8253175473055;38040
-6.68811666666667;47.7907666666667;-6.25;-10.8253175473055;38064
-6.68861666666667;47.7902;-6.34999990463257;-10.9985224628811;38072
-6.689;47.7897;-6.34999990463257;-10.9985224628811;38083
-6.69048333333333;47.7878333333333;-6.01163910611438;-10.8452840348876;38124
-6.6913;47.7868;-6.06012025307921;-10.9327463392424;38143
-6.69245;47.7853;-6.06012025307921;-10.9327463392424;38172
-6.69323333333333;47.7843333333333;-6.30000019073487;-10.9119204180464;38191
-6.69355;47.7839333333333;-6.19999980926514;-10.7387146765646;38199
-6.69483333333333;47.7823333333333;-5.96315842150004;-10.757822564635;38232
-6.69516666666667;47.7818833333333;-5.91467727453521;-10.6703602602802;38246
-6.69583333333333;47.7809333333333;-6.25;-10.8253175473055;38263
-6.69635;47.7803666666667;-6.15000009536743;-10.6521126317298;38275
-6.69673333333333;47.7798833333333;-6.15000009536743;-10.6521126317298;38280
-6.69858333333333;47.7774833333333;-6.19999980926514;-10.7387146765646;38331
-6.6989;47.7770833333333;-6.01163910611438;-10.8452840348876;38340
-6.69936666666667;47.7765;-5.96315842150004;-10.757822564635;38352
-6.69976666666667;47.7760166666667;-6.15708208465838;-11.1076701138499;38362
-6.70015;47.7755333333333;-6.30000019073487;-10.9119204180464;38372
-6.70043333333333;47.7751333333333;-6.19999980926514;-10.7387146765646;38383
-6.7009;47.7745333333333;-6.25;-10.8253175473055;38394
-6.70123333333333;47.7740833333333;-6.25;-10.8253175473055;38404
-6.70205;47.77305;-6.25;-10.8253175473055;38421
-6.70278333333333;47.7721833333333;-5.96315842150004;-10.757822564635;38442
-6.70331666666667;47.77155;-5.91467727453521;-10.6703602602802;38454
-6.70405;47.77055;-6.40000009536743;-11.0851253336221;38472
-6.70441666666667;47.77005;-6.43797593637568;-10.7145912587764;38485
-6.70471666666667;47.76965;-6.19999980926514;-10.7387146765646;38492
-6.70563333333333;47.7685166666667;-6.19999980926514;-10.7387146765646;38514
-6.70595;47.7681333333333;-6.25;-10.8253175473055;38519
-6.70675;47.76715;-6.25;-10.8253175473055;38543
-6.70563333333333;47.7685166666667;-6.19999980926514;-10.7387146765646;38566
-6.70795;47.7656833333333;-6.19999980926514;-10.7387146765646;38576
-6.7099;47.7632833333333;-6.25;-10.8253175473055;38623
-6.71066666666667;47.7622833333333;-6.30000019073487;-10.9119204180464;38639
-6.71106666666667;47.7617833333333;-6.34999990463257;-10.9985224628811;38651
-6.71066666666667;47.7622833333333;-6.30000019073487;-10.9119204180464;38660
-6.71235;47.7602;-6.34999990463257;-10.9985224628811;38681
-6.71313333333333;47.7593333333333;-6.25;-10.8253175473055;38700
-6.71358333333333;47.7588;-6.25;-10.8253175473055;38711
-6.7149;47.7572333333333;-6.06012025307921;-10.9327463392424;38743
-6.71521666666667;47.7568333333333;-6.10860140004404;-11.0202086435973;38754
-6.71641666666667;47.7553333333333;-6.06012025307921;-10.9327463392424;38784
-6.71681666666667;47.75485;-6.10860140004404;-11.0202086435973;38791
-6.71641666666667;47.7553333333333;-6.06012025307921;-10.9327463392424;38801
-6.71765;47.7538;-6.10860140004404;-11.0202086435973;38814
-6.71795;47.7534166666667;-6.10860140004404;-11.0202086435973;38823
-6.71835;47.7529166666667;-6.10860140004404;-11.0202086435973;38834
-6.71883333333333;47.7523333333333;-6.06012025307921;-10.9327463392424;38845
-6.71921666666667;47.7518333333333;-6.01163910611438;-10.8452840348876;38851
-6.71965;47.7512833333333;-6.01163910611438;-10.8452840348876;38862
-6.7207;47.7499666666667;-6.01163910611438;-10.8452840348876;38892
-6.72115;47.7493666666667;-6.01163910611438;-10.8452840348876;38905
-6.72151666666667;47.7489333333333;-6.01163910611438;-10.8452840348876;38914
-6.7219;47.7485;-6.01163910611438;-10.8452840348876;38922
-6.72231666666667;47.74795;-6.01163910611438;-10.8452840348876;38930
-6.7227;47.7474666666667;-6.19999980926514;-10.7387146765646;38942
-6.7231;47.7469833333333;-6.15000009536743;-10.6521126317298;38953
-6.72698333333333;47.7421333333333;-6.01163910611438;-10.8452840348876;39050
-6.72743333333333;47.7415333333333;-6.19999980926514;-10.7387146765646;39064
-6.72858333333333;47.7401166666667;-5.91467727453521;-10.6703602602802;39094
-6.73156666666667;47.7362833333333;-6.06012025307921;-10.9327463392424;39170
-6.7325;47.7351666666667;-5.96315842150004;-10.757822564635;39194
-6.7329;47.7346833333333;-6.01163910611438;-10.8452840348876;39202
-6.7333;47.7342;-6.01163910611438;-10.8452840348876;39212
-6.7337;47.7337;-5.96315842150004;-10.757822564635;39226
-6.7341;47.7332166666667;-5.96315842150004;-10.757822564635;39234
-6.73516666666667;47.7318333333333;-6.01163910611438;-10.8452840348876;39262
-6.73565;47.73125;-6.01163910611438;-10.8452840348876;39271
-6.73611666666667;47.7307166666667;-6.06012025307921;-10.9327463392424;39283
-6.73678333333333;47.7298166666667;-6.30000019073487;-10.9119204180464;39304
-6.7372;47.7293333333333;-5.81771544295604;-10.4954364856727;39313
-6.73761666666667;47.72885;-5.96315842150004;-10.757822564635;39324
-6.738;47.72835;-6.10860140004404;-11.0202086435973;39332
-6.73841666666667;47.72785;-6.06012025307921;-10.9327463392424;39344
-6.73995;47.7258666666667;-6.25;-10.8253175473055;39382
-6.74038333333333;47.7253333333333;-6.15000009536743;-10.6521126317298;39393
-6.74158333333333;47.7239833333333;-6.10860140004404;-11.0202086435973;39424
-6.75941666666667;47.7016;-5.96315842150004;-10.757822564635;39884
-6.75981666666667;47.7011166666667;-5.91467727453521;-10.6703602602802;39890
-6.76098333333333;47.6996833333333;-6.01163910611438;-10.8452840348876;39924
-6.76343333333333;47.6967666666667;-5.68060608879847;-10.6836662104108;39983
-6.76423333333333;47.6958166666667;-5.44788599687455;-10.6920782902604;40003
-6.76451666666667;47.6954166666667;-5.68060608879847;-10.6836662104108;40012
-6.765;47.69485;-5.68060608879847;-10.6836662104108;40023
-6.76656666666667;47.6928666666667;-5.68060608879847;-10.6836662104108;40064
-6.76686666666667;47.6924833333333;-5.72755297644327;-10.77196046447;40070
-6.76883333333333;47.6900333333333;-5.72755297644327;-10.77196046447;40123
-6.77016666666667;47.68825;-5.68060608879847;-10.6836662104108;40163
-6.78141666666667;47.6742333333333;-5.77450031181105;-10.8602555605737;40452
-6.78176666666667;47.6738;-5.68060608879847;-10.6836662104108;40463
-6.78258333333333;47.6728;-5.58408323338823;-10.9593804174629;40482
-6.783;47.6722833333333;-5.58408323338823;-10.9593804174629;40491
-6.7833;47.67195;-5.58408323338823;-10.9593804174629;40502
-6.7842;47.67085;-5.77450031181105;-10.8602555605737;40524
-6.78498333333333;47.6699;-5.49328522003214;-10.7811792825713;40542
-6.8098;47.63865;-5.08510546997862;-10.4260112799331;41215
-6.81016666666667;47.6382;-4.99743090617016;-10.2462517849478;41221
-6.81043333333333;47.6378166666667;-5.04126818807439;-10.3361315324404;41230
-6.81198333333333;47.6359;-5.08510546997862;-10.4260112799331;41271
-6.81233333333333;47.63545;-5.04126818807439;-10.3361315324404;41281
-6.81265;47.6350333333333;-5.04126818807439;-10.3361315324404;41293
-6.81378333333333;47.6335666666667;-5.04126818807439;-10.3361315324404;41323
-6.82738333333333;47.6160166666667;-5.17277961572377;-10.6057699177615;41701
-6.84013333333333;47.5993166666667;-5.31168876036087;-10.4247761630579;42061
-6.84158333333333;47.59745;-5.12894233381954;-10.5158901702689;42102
-6.8426;47.59615;-5.31168876036087;-10.4247761630579;42130
-6.84343333333333;47.5950666666667;-5.17277961572377;-10.6057699177615;42151
-6.84483333333333;47.5933666666667;-5.35708798351846;-10.5138771553688;42189
-6.8456;47.5923166666667;-5.40248677371697;-10.6029772979496;42215
-6.84598333333333;47.5917833333333;-5.40248677371697;-10.6029772979496;42226
-6.84633333333333;47.5913166666667;-5.35708798351846;-10.5138771553688;42235
-6.8467;47.59085;-5.2166164795647;-10.6956488080974;42241
-6.84813333333333;47.5889666666667;-5.2166164795647;-10.6956488080974;42283
-6.8488;47.5880166666667;-5.35708798351846;-10.5138771553688;42303
-6.85025;47.5861833333333;-5.22089074700478;-10.2465750281662;42344
-6.8506;47.5856666666667;-5.26628997016237;-10.3356760204771;42354
-6.85093333333333;47.5852;-5.26628997016237;-10.3356760204771;42361
-6.8513;47.58485;-5.35708798351846;-10.5138771553688;42371
-6.85203333333333;47.5838833333333;-5.31168876036087;-10.4247761630579;42391
-6.85316666666667;47.5825;-5.26628997016237;-10.3356760204771;42423
-6.85383333333333;47.5816333333333;-5.31168876036087;-10.4247761630579;42441
-6.85705;47.5775666666667;-5.26628997016237;-10.3356760204771;42534
-6.85741666666667;47.57705;-5.22089074700478;-10.2465750281662;42543
-6.85775;47.5765833333333;-5.22089074700478;-10.2465750281662;42554
-6.8581;47.5761333333333;-5.04126818807439;-10.3361315324404;42563
-6.85843333333333;47.5756666666667;-4.99743090617016;-10.2462517849478;42573
-6.85913333333333;47.5747666666667;-4.95359404232923;-10.1563728946119;42594
-6.85953333333333;47.5742833333333;-4.99743090617016;-10.2462517849478;42602
-6.85981666666667;47.5738666666667;-5.1754915238472;-10.1574740358554;42617
-6.8602;47.5733666666667;-5.1754915238472;-10.1574740358554;42623
-6.86056666666667;47.5729166666667;-5.13009273364869;-10.0683738932746;42636
-6.8609;47.5724666666667;-4.909756760425;-10.0664931471193;42641
-6.86115;47.5721;-5.13009273364869;-10.0683738932746;42652
-6.86151666666667;47.5716666666667;-5.0846935104911;-9.97927290096372;42662
-6.8619;47.5712166666667;-5.04126818807439;-10.3361315324404;42673
-6.86223333333333;47.57065;-5.44587030740552;-10.2421924139813;42682
-6.86288333333333;47.56985;-5.35197563666997;-10.065602221774;42703
-6.86325;47.56935;-5.52682948586805;-9.97066432774817;42715
-6.86568333333333;47.5663333333333;-4.99389549713501;-9.80107176607205;42781
-6.86608333333333;47.56585;-4.94849627397742;-9.7119707737612;42792
-6.86568333333333;47.5663333333333;-4.99389549713501;-9.80107176607205;42810
-6.86706666666667;47.5645833333333;-5.21113452601258;-9.80071861755187;42823
-6.86778333333333;47.5637166666667;-4.94849627397742;-9.7119707737612;42846
-6.86815;47.5633;-5.11723985527702;-9.62412842534453;42854
-6.86856666666667;47.5628333333333;-4.99389549713501;-9.80107176607205;42862
-6.86893333333333;47.56235;-4.94849627397742;-9.7119707737612;42875
-6.86925;47.5620166666667;-5.0392947202926;-9.8901727583829;42881
-6.8696;47.5615833333333;-5.0392947202926;-9.8901727583829;42894
-6.87033333333333;47.5606666666667;-5.1641871906448;-9.7124235214482;42910
-6.89135;47.5482666666667;-9.00666386899569;-5.19999980926514;43322
-6.89375;47.5473666666667;-9.0932667397366;-5.25;43362
-6.89573333333333;47.5466666666667;-9.0932667397366;-5.25;43393
-6.89745;47.546;-9.17986961047752;-5.30000019073487;43423
-6.91081666666667;47.5410333333333;-9.07411446712142;-5.67013602622121;43634
-6.91643333333333;47.5386;-7.62256704814885;-6.62619644307079;43734
-6.9216;47.5356166666667;-6.75740812373555;-7.77350882024398;43830
-6.92208333333333;47.5352833333333;-6.62071250237336;-7.89025791023686;43842
-6.9216;47.5356166666667;-6.75740812373555;-7.77350882024398;43854
-6.92361666666667;47.5342333333333;-6.6078641060233;-8.16003259529819;43871
-6.92445;47.5336;-6.46444549091941;-8.27411291287058;43891
-6.9356;47.5221666666667;-5.11723985527702;-9.62412842534453;44171
-6.93595;47.5216833333333;-5.23594399113054;-9.44589300392595;44184
-6.93628333333333;47.5212166666667;-5.28442467574488;-9.53335447417847;44191
-6.9429;47.51265;-5.38138696967453;-9.70827908288823;44381
-6.9686;47.4749666666667;-4.94463358175815;-10.6038009354643;45171
-6.96953333333333;47.47355;-4.758818646408;-10.6884816801735;45199
-6.96988333333333;47.4729333333333;-4.758818646408;-10.6884816801735;45211
-6.9722;47.4689666666667;-4.94463358175815;-10.6038009354643;45295
-6.98258333333333;47.45195;-4.758818646408;-10.6884816801735;45631
-6.98321666666667;47.4509666666667;-4.71814521483699;-10.5971276571441;45653
-6.98386666666667;47.4499333333333;-4.6774713953717;-10.5057727628899;45674
-7.0069;47.4130666666667;-4.8401658974443;-10.871190597457;46412
-7.00915;47.4095;-4.8401658974443;-10.871190597457;46483
-7.00948333333333;47.4089833333333;-4.7994924658733;-10.7798365744277;46494
-7.0098;47.4084833333333;-4.7994924658733;-10.7798365744277;46503
-7.01265;47.4041;-4.8401658974443;-10.871190597457;46590
-7.01335;47.4029833333333;-4.8808397169096;-10.9625454917112;46612
-7.01453333333333;47.4009666666667;-5.07141914088839;-10.8756934444398;46651
-7.01495;47.4003666666667;-5.07141914088839;-10.8756934444398;46664
-7.0153;47.3998666666667;-4.8808397169096;-10.9625454917112;46673
-7.02086666666667;47.3911166666667;-4.92151353637489;-11.0539003859654;46844
-7.02121666666667;47.3906;-4.92151353637489;-11.0539003859654;46852
-7.02086666666667;47.3911166666667;-4.92151353637489;-11.0539003859654;46878
-7.02763333333333;47.3804333333333;-4.92151353637489;-11.0539003859654;47054
-7.02955;47.3772666666667;-4.92151353637489;-11.0539003859654;47114
-7.02985;47.37675;-4.92151353637489;-11.0539003859654;47121
-7.04258333333333;47.35615;-4.92151353637489;-11.0539003859654;47522
-7.05623333333333;47.3331166666667;-5.0435342189822;-11.3279633262783;47961
-7.05993333333333;47.3267166666667;-5.0028607874112;-11.236609303249;48082
-7.10311666666667;47.2535833333333;-5.0028607874112;-11.236609303249;49452
-7.10345;47.2530666666667;-4.9621869679459;-11.1452544089948;49465
-7.10373333333333;47.2526;-5.0028607874112;-11.236609303249;49471
-7.10311666666667;47.2535833333333;-5.0028607874112;-11.236609303249;49481
-7.10508333333333;47.2504;-5.0435342189822;-11.3279633262783;49512
-7.20253333333333;47.1094666666667;-6;-10.3923048454133;52282
-7.20473333333333;47.1066;-6;-10.3923048454133;52344
-7.62166666666667;46.60055;-6.30000019073487;-10.9119204180464;62642
-7.62281666666667;46.5989833333333;-6.48947994033812;-10.80030831583;62673
-7.83458333333333;46.3163833333333;-6.57099867434358;-10.515796068835;68122
-7.83701666666667;46.3133666666667;-6.62399080291506;-10.6006012019553;68181
-7.83876666666667;46.3111833333333;-6.62399080291506;-10.6006012019553;68224
-7.83911666666667;46.3108;-6.62399080291506;-10.6006012019553;68236
-7.83998333333333;46.3096666666667;-6.62399080291506;-10.6006012019553;68252
-7.8407;46.30875;-6.62399080291506;-10.6006012019553;68275
-7.85046666666667;46.2960833333333;-6.75352382642303;-10.3995147225958;68523
-7.85253333333333;46.2934666666667;-6.57099867434358;-10.515796068835;68572
-7.85491666666667;46.2904833333333;-6.62399080291506;-10.6006012019553;68633
-7.8553;46.2899833333333;-6.62399080291506;-10.6006012019553;68642
-7.85621666666667;46.2888666666667;-6.62399080291506;-10.6006012019553;68664
-7.8577;46.2869333333333;-6.62399080291506;-10.6006012019553;68705
-7.85903333333333;46.2852833333333;-6.80798793768784;-10.4833820993178;68736
-7.8737;46.2665833333333;-6.62399080291506;-10.6006012019553;69103
-7.87443333333333;46.2656666666667;-6.67698293148654;-10.6854063350756;69123
-7.87521666666667;46.2646333333333;-6.72997455468762;-10.7702106594343;69141
-7.87598333333333;46.2635833333333;-6.91691564080919;-10.6511160529432;69161
-7.87728333333333;46.2620166666667;-6.67698293148654;-10.6854063350756;69193
-7.88016666666667;46.2584833333333;-6.67698293148654;-10.6854063350756;69267
-7.88101666666667;46.2574666666667;-6.43797593637568;-10.7145912587764;69287
-7.88271666666667;46.2554166666667;-6.57099867434358;-10.515796068835;69324
-7.8831;46.2549166666667;-6.62399080291506;-10.6006012019553;69333
-7.88335;46.2544833333333;-6.62399080291506;-10.6006012019553;69341
-7.88388333333333;46.2538833333333;-6.62399080291506;-10.6006012019553;69354
-7.88468333333333;46.2528666666667;-6.57099867434358;-10.515796068835;69375
-7.88758333333333;46.2493;-6.57099867434358;-10.515796068835;69443
-7.88956666666667;46.2469;-6.62399080291506;-10.6006012019553;69493
-7.89168333333333;46.2443333333333;-6.80798793768784;-10.4833820993178;69542
-7.99485;46.1170833333333;-6.5180070511425;-10.4309917444764;72075
-7.99675;46.1145833333333;-6.5180070511425;-10.4309917444764;72124
-8.00213333333333;46.1075166666667;-6.5180070511425;-10.4309917444764;72266
-8.00258333333333;46.1069;-6.57099867434358;-10.515796068835;72275
-8.0033;46.106;-6.57099867434358;-10.515796068835;72298
-8.00523333333333;46.1034833333333;-6.57099867434358;-10.515796068835;72350
-8.00561666666667;46.1029666666667;-6.57099867434358;-10.515796068835;72355
-8.00523333333333;46.1034833333333;-6.57099867434358;-10.515796068835;72360
-8.00636666666667;46.10195;-6.57099867434358;-10.515796068835;72375
-8.00711666666667;46.1009333333333;-6.80798793768784;-10.4833820993178;72396
-8.00785;46.0999833333333;-6.64459612330168;-10.2317807689705;72417
-8.00875;46.0989;-6.5180070511425;-10.4309917444764;72435
-8.00955;46.0979166666667;-6.5180070511425;-10.4309917444764;72456
-8.01065;46.0965;-6.5180070511425;-10.4309917444764;72487
-8.0114;46.0955;-6.5180070511425;-10.4309917444764;72503
-8.0157;46.0898833333333;-6.57099867434358;-10.515796068835;72614
-8.01681666666667;46.0884;-6.62399080291506;-10.6006012019553;72644
-8.01836666666667;46.0863666666667;-6.57099867434358;-10.515796068835;72684
-8.01876666666667;46.0858666666667;-6.57099867434358;-10.515796068835;72694
-8.01916666666667;46.0853666666667;-6.57099867434358;-10.515796068835;72704
-8.01991666666667;46.08435;-6.57099867434358;-10.515796068835;72726
-8.02943333333333;46.07155;-6.5180070511425;-10.4309917444764;72974
-8.03173333333333;46.0686;-6.57099867434358;-10.515796068835;73038
-8.03278333333333;46.0670333333333;-6.57099867434358;-10.515796068835;73068
-8.03391666666667;46.0655;-6.5180070511425;-10.4309917444764;73097
-8.0343;46.065;-6.5180070511425;-10.4309917444764;73106
-8.03468333333333;46.0645;-6.38647193241324;-10.6288742017228;73118
-8.03503333333333;46.0639833333333;-6.57099867434358;-10.515796068835;73123
-8.03536666666667;46.06345;-7.68382933138147;-12.2966973942682;73138
-8.03556666666667;46.0631333333333;-7.68382933138147;-12.2966973942682;73144
-8.03581666666667;46.0627833333333;-7.68382933138147;-12.2966973942682;73149
-8.0361;46.0623666666667;-7.68382933138147;-12.2966973942682;73155
-8.03626666666667;46.0621666666667;-7.68382933138147;-12.2966973942682;73160
-8.0364;46.0619666666667;-7.68382933138147;-12.2966973942682;73165
-8.03676666666667;46.06145;-6.33496841962938;-10.5431579621277;73177
-8.03708333333333;46.0609166666667;-6.57099867434358;-10.515796068835;73187
-8.03733333333333;46.0606166666667;-6.5180070511425;-10.4309917444764;73192
-8.03771666666667;46.0599833333333;-7.68382933138147;-12.2966973942682;73206
-8.03835;46.0591833333333;-7.89726600771789;-12.1607232352086;73221
-8.03878333333333;46.0585666666667;-7.36587757069339;-11.7878682130696;73230
-8.03896666666667;46.05825;-7.36587757069339;-11.7878682130696;73238
-8.03916666666667;46.0579333333333;-7.36587757069339;-11.7878682130696;73243
-8.03941666666667;46.0576333333333;-7.36587757069339;-11.7878682130696;73248
-8.03958333333333;46.0573;-7.36587757069339;-11.7878682130696;73256
-8.03985;46.057;-7.36587757069339;-11.7878682130696;73261
-8.0405;46.0560166666667;-6.57099867434358;-10.515796068835;73279
-8.04075;46.0557166666667;-6.57099867434358;-10.515796068835;73288
-8.04095;46.0554;-6.57099867434358;-10.515796068835;73293
-8.04118333333333;46.0551;-6.57099867434358;-10.515796068835;73298
-8.04161666666667;46.0544833333333;-6.57099867434358;-10.515796068835;73310
-8.04185;46.0541833333333;-6.75352382642303;-10.3995147225958;73315
-8.04206666666667;46.0538666666667;-6.57099867434358;-10.515796068835;73325
-8.04275;46.05295;-6.57099867434358;-10.515796068835;73341
-8.04296666666667;46.0526333333333;-6.80798793768784;-10.4833820993178;73351
-8.04365;46.0517166666667;-6.57099867434358;-10.515796068835;73365
-8.04388333333333;46.0514166666667;-6.62399080291506;-10.6006012019553;73370
-8.04411666666667;46.0511;-6.62399080291506;-10.6006012019553;73378
-8.04526666666667;46.0495;-6.62399080291506;-10.6006012019553;73405
-8.04551666666667;46.0492166666667;-6.62399080291506;-10.6006012019553;73412
-8.04615;46.0482666666667;-6.62399080291506;-10.6006012019553;73430
-8.04661666666667;46.0476666666667;-6.80798793768784;-10.4833820993178;73442
-8.0469;46.0472333333333;-6.75352382642303;-10.3995147225958;73453
-8.04728333333333;46.0467333333333;-6.57099867434358;-10.515796068835;73463
-8.04813333333333;46.0456166666667;-6.57099867434358;-10.515796068835;73484
-8.04843333333333;46.0452166666667;-6.57099867434358;-10.515796068835;73490
-8.0488;46.0447;-6.57099867434358;-10.515796068835;73504
-8.04921666666667;46.0441333333333;-6.57099867434358;-10.515796068835;73514
-8.05043333333333;46.0425166666667;-6.57099867434358;-10.515796068835;73541
-8.05145;46.0410833333333;-6.5180070511425;-10.4309917444764;73572
-8.05266666666667;46.0394666666667;-6.57099867434358;-10.515796068835;73600
-8.05531666666667;46.0359833333333;-6.75352382642303;-10.3995147225958;73669
-8.05571666666667;46.0354666666667;-6.57099867434358;-10.515796068835;73683
-8.05648333333333;46.0344666666667;-6.57099867434358;-10.515796068835;73704
-8.05725;46.03345;-6.57099867434358;-10.515796068835;73723
-8.05755;46.0330333333333;-6.62399080291506;-10.6006012019553;73733
-8.05831666666667;46.0320166666667;-6.57099867434358;-10.515796068835;73753
-8.0599;46.0299333333333;-6.57099867434358;-10.515796068835;73793
-8.06028333333333;46.0294166666667;-6.62399080291506;-10.6006012019553;73804
-8.06066666666667;46.0289166666667;-6.57099867434358;-10.515796068835;73811
-8.0619;46.0272666666667;-6.62399080291506;-10.6006012019553;73842
-8.06223333333333;46.0268666666667;-6.62399080291506;-10.6006012019553;73853
-8.06261666666667;46.02635;-6.62399080291506;-10.6006012019553;73861
-8.06305;46.0257833333333;-6.67698293148654;-10.6854063350756;73872
-8.07233333333333;46.01345;-6.67698293148654;-10.6854063350756;74115
-8.07311666666667;46.0124166666667;-6.67698293148654;-10.6854063350756;74131
-8.07473333333333;46.0103;-6.67698293148654;-10.6854063350756;74173
-8.07506666666667;46.0099;-6.72997455468762;-10.7702106594343;74182
-8.07555;46.0092833333333;-6.67698293148654;-10.6854063350756;74193
-8.08273333333333;45.9999833333333;-6.72997455468762;-10.7702106594343;74370
-8.0875;45.9936833333333;-6.72997455468762;-10.7702106594343;74493
-8.08833333333333;45.9926666666667;-6.72997455468762;-10.7702106594343;74513
-8.08865;45.99225;-6.72997455468762;-10.7702106594343;74527
-8.08905;45.9917333333333;-6.72997455468762;-10.7702106594343;74533
-8.08986666666667;45.9907;-6.72997455468762;-10.7702106594343;74551
-8.09145;45.9886166666667;-6.72997455468762;-10.7702106594343;74594
-8.09186666666667;45.9881166666667;-6.72997455468762;-10.7702106594343;74600
-8.0931;45.9865;-6.72997455468762;-10.7702106594343;74632
-8.0935;45.9859833333333;-6.7829666832591;-10.8550157925546;74646
-8.0939;45.9854666666667;-6.7829666832591;-10.8550157925546;74651
-8.0951;45.9839;-6.72997455468762;-10.7702106594343;74683
-8.10003333333333;45.97775;-6.7829666832591;-10.8550157925546;74801
-8.10051666666667;45.9771333333333;-6.83595830646018;-10.9398201169132;74814
-8.10083333333333;45.9767;-6.7829666832591;-10.8550157925546;74820
-8.10125;45.9761833333333;-6.72997455468762;-10.7702106594343;74832
-8.10166666666667;45.9756666666667;-6.72997455468762;-10.7702106594343;74842
-8.10295;45.9740833333333;-6.7829666832591;-10.8550157925546;74870
-8.10335;45.9735666666667;-6.72997455468762;-10.7702106594343;74883
-8.10375;45.97305;-6.72997455468762;-10.7702106594343;74893
-8.10418333333333;45.9725333333333;-6.67698293148654;-10.6854063350756;74903
-8.10623333333333;45.97;-6.67698293148654;-10.6854063350756;74957
-8.10825;45.9673833333333;-6.62399080291506;-10.6006012019553;75001
-8.109;45.96635;-6.86245204895264;-10.5672494760398;75022
-8.10941666666667;45.96585;-6.62399080291506;-10.6006012019553;75035
-8.10973333333333;45.9654333333333;-6.62399080291506;-10.6006012019553;75041
-8.11133333333333;45.9634;-6.62399080291506;-10.6006012019553;75086
-8.11173333333333;45.9629;-6.67698293148654;-10.6854063350756;75091
-8.11251666666667;45.9618833333333;-6.62399080291506;-10.6006012019553;75112
-8.11295;45.9613166666667;-6.62399080291506;-10.6006012019553;75123
-8.11376666666667;45.9603;-6.62399080291506;-10.6006012019553;75140
-8.11415;45.9598;-6.62399080291506;-10.6006012019553;75152
-8.11455;45.9592833333333;-6.62399080291506;-10.6006012019553;75163
-8.11495;45.9587833333333;-6.62399080291506;-10.6006012019553;75172
-8.11533333333333;45.9582666666667;-6.67698293148654;-10.6854063350756;75183
-8.11611666666667;45.9572333333333;-6.62399080291506;-10.6006012019553;75202
-8.11651666666667;45.9567333333333;-6.57099867434358;-10.515796068835;75213
-8.11691666666667;45.9562333333333;-6.62399080291506;-10.6006012019553;75223
-8.11725;45.9558333333333;-6.62399080291506;-10.6006012019553;75233
-8.11886666666667;45.9537333333333;-6.57099867434358;-10.515796068835;75271
-8.11928333333333;45.9532333333333;-6.62399080291506;-10.6006012019553;75284
-8.11968333333333;45.9527333333333;-6.57099867434358;-10.515796068835;75291
-8.12006666666667;45.9522166666667;-6.62399080291506;-10.6006012019553;75302
-8.12043333333333;45.9517;-6.62399080291506;-10.6006012019553;75312
-8.12083333333333;45.9512;-6.62399080291506;-10.6006012019553;75324
-8.12123333333333;45.9507;-6.62399080291506;-10.6006012019553;75334
-8.12161666666667;45.9501833333333;-6.57099867434358;-10.515796068835;75343
-8.122;45.9496833333333;-6.57099867434358;-10.515796068835;75353
-8.12323333333333;45.9481833333333;-6.57099867434358;-10.515796068835;75382
-8.12361666666667;45.9476833333333;-6.5180070511425;-10.4309917444764;75391
-8.12441666666667;45.94675;-6.5180070511425;-10.4309917444764;75411
-8.12481666666667;45.94625;-6.5180070511425;-10.4309917444764;75420
-8.12526666666667;45.94565;-6.5180070511425;-10.4309917444764;75431
-8.12718333333333;45.94325;-6.5180070511425;-10.4309917444764;75483
-8.12763333333333;45.9427166666667;-6.57099867434358;-10.515796068835;75491
-8.12838333333333;45.94175;-6.57099867434358;-10.515796068835;75512
-8.1289;45.9411;-6.57099867434358;-10.515796068835;75523
-8.12961666666667;45.9402;-6.57099867434358;-10.515796068835;75546
-8.13003333333333;45.9397;-6.57099867434358;-10.515796068835;75553
-8.13051666666667;45.9391;-6.57099867434358;-10.515796068835;75561
-8.1308;45.9386833333333;-6.57099867434358;-10.515796068835;75572
-8.13121666666667;45.9381833333333;-6.57099867434358;-10.515796068835;75581
-8.13163333333333;45.9376833333333;-6.57099867434358;-10.515796068835;75592
-8.13243333333333;45.9366833333333;-6.57099867434358;-10.515796068835;75610
-8.13321666666667;45.9356666666667;-6.57099867434358;-10.515796068835;75634
-8.13406666666667;45.9346166666667;-6.57099867434358;-10.515796068835;75653
-8.13488333333333;45.9336;-6.62399080291506;-10.6006012019553;75671
-8.13516666666667;45.9331833333333;-6.57099867434358;-10.515796068835;75683
-8.13565;45.9325833333333;-6.62399080291506;-10.6006012019553;75695
-8.13638333333333;45.9316666666667;-6.62399080291506;-10.6006012019553;75713
-8.13678333333333;45.9311666666667;-6.62399080291506;-10.6006012019553;75722
-8.13803333333333;45.9296;-6.67698293148654;-10.6854063350756;75752
-8.1401;45.9271;-6.62399080291506;-10.6006012019553;75801
-8.1421;45.9245666666667;-6.62399080291506;-10.6006012019553;75852
-8.14246666666667;45.9241166666667;-6.62399080291506;-10.6006012019553;75862
-8.14363333333333;45.9225833333333;-6.57099867434358;-10.515796068835;75891
-8.14401666666667;45.9220833333333;-6.57099867434358;-10.515796068835;75903
-8.1445;45.9214833333333;-6.5180070511425;-10.4309917444764;75911
-8.1679;45.8923333333333;-6.62399080291506;-10.6006012019553;76492
-8.16916666666667;45.8907666666667;-6.62399080291506;-10.6006012019553;76523
-8.1695;45.8903666666667;-6.62399080291506;-10.6006012019553;76531
-8.17071666666667;45.88885;-6.62399080291506;-10.6006012019553;76562
-8.17153333333333;45.8878333333333;-6.62399080291506;-10.6006012019553;76582
-8.17315;45.8858;-6.67698293148654;-10.6854063350756;76622
-8.17358333333333;45.8852333333333;-6.80798793768784;-10.4833820993178;76633
-8.17393333333333;45.8848333333333;-6.62399080291506;-10.6006012019553;76645
-8.17443333333333;45.8842333333333;-6.67698293148654;-10.6854063350756;76651
-8.17603333333333;45.8823166666667;-6.72997455468762;-10.7702106594343;76695
-8.1778;45.8801833333333;-6.67698293148654;-10.6854063350756;76734
-8.17818333333333;45.8797166666667;-6.72997455468762;-10.7702106594343;76746
-8.1802;45.87715;-6.72997455468762;-10.7702106594343;76792
-8.1806;45.8766333333333;-6.72997455468762;-10.7702106594343;76801
-8.18111666666667;45.8760166666667;-6.91691564080919;-10.6511160529432;76816
-8.18183333333333;45.8751;-6.72997455468762;-10.7702106594343;76836
-8.1831;45.8735166666667;-6.72997455468762;-10.7702106594343;76860
-8.18478333333333;45.8714833333333;-6.67698293148654;-10.6854063350756;76904
-8.18633333333333;45.8695333333333;-6.67698293148654;-10.6854063350756;76940
-8.19141666666667;45.8632833333333;-6.88895043503166;-11.0246252500335;77064
-8.19185;45.8627666666667;-6.88895043503166;-11.0246252500335;77069
-8.19226666666667;45.8622333333333;-6.88895043503166;-11.0246252500335;77082
-8.194;45.86015;-6.88895043503166;-11.0246252500335;77120
-8.19441666666667;45.8596166666667;-6.94194256360314;-11.1094303831539;77131
-8.19696666666667;45.8565166666667;-6.99493418680423;-11.1942347075125;77191
-8.19741666666667;45.8559833333333;-6.94194256360314;-11.1094303831539;77202
-8.19788333333333;45.8554666666667;-6.94194256360314;-11.1094303831539;77211
-8.19843333333333;45.8547833333333;-6.94194256360314;-11.1094303831539;77221
-8.19886666666667;45.85425;-6.99493418680423;-11.1942347075125;77232
-8.19965;45.8533;-6.99493418680423;-11.1942347075125;77250
-8.20008333333333;45.8527666666667;-6.94194256360314;-11.1094303831539;77265
-8.20055;45.85225;-6.94194256360314;-11.1094303831539;77271
-8.201;45.8517333333333;-6.94194256360314;-11.1094303831539;77285
-8.20143333333333;45.8512;-6.94194256360314;-11.1094303831539;77290
-8.20188333333333;45.8506833333333;-7.18923515831671;-11.0704513369159;77304
-8.20276666666667;45.8496;-7.0479263153757;-11.2790398406328;77320
-8.20371666666667;45.8484833333333;-7.10091793857679;-11.3638441649914;77347
-8.20418333333333;45.84795;-7.15391006714826;-11.4486492981118;77354
-8.20453333333333;45.8475166666667;-7.15391006714826;-11.4486492981118;77361
-8.20511666666667;45.8468833333333;-7.15391006714826;-11.4486492981118;77373
-8.20603333333333;45.8458;-7.20690219571974;-11.5334544312321;77390
-8.20695;45.8447;-7.25989381892083;-11.6182587555907;77418
-8.2073;45.8442666666667;-7.25989381892083;-11.6182587555907;77424
-8.21171666666667;45.8393166666667;-7.36587757069339;-11.7878682130696;77512
-8.21268333333333;45.8382;-7.41886969926487;-11.87267334619;77535
-8.21318333333333;45.83765;-7.41886969926487;-11.87267334619;77540
-8.21368333333333;45.8371166666667;-7.41886969926487;-11.87267334619;77556
-8.21463333333333;45.836;-7.47186182783634;-11.9574784793103;77576
-8.21576666666667;45.8347166666667;-7.47186182783634;-11.9574784793103;77596
-8.21648333333333;45.83395;-7.52485345103743;-12.0422828036689;77609
